1.176295
1.176295
1.392340
1.392340
1.345130
1.345130
1.365288
1.365288
1.353479
1.353479
1.306286
1.306286
1.197888
1.197888
1.377438
1.377438
1.153313
1.153313
1.305188
1.305188
1.115137
1.115137
1.393668
1.393668
1.356517
1.356517
1.278551
1.278551
1.222148
1.222148
1.210818
1.210818
1.084837
1.084837
1.251570
1.251570
1.070819
1.070819
1.399582
1.399582
1.391125
1.391125
1.176303
1.176303
1.091975
1.091975
1.320924
1.320924
1.280755
1.280755
1.336597
1.336597
1.198372
1.198372
1.379973
1.379973
1.250085
1.250085
1.370503
1.370503
1.237669
1.237669
1.136279
1.136279
1.310962
1.310962
1.242118
1.242118
1.281455
1.281455
1.155446
1.155446
1.261019
1.261019
1.205255
1.205255
1.269060
1.269060
1.353229
1.353229
1.389539
1.389539
1.372064
1.372064
1.324791
1.324791
1.272749
1.272749
1.357107
1.357107
1.379840
1.379840
1.337506
1.337506
1.164367
1.164367
1.386330
1.386330
1.394077
1.394077
1.197102
1.197102
1.332402
1.332402
1.352567
1.352567
1.333347
1.333347
1.188215
1.188215
1.174005
1.174005
1.382187
1.382187
1.128321
1.128321
