1.352914
1.352914
1.156006
1.156006
1.127351
1.127351
1.135976
1.135976
1.303189
1.303189
1.330857
1.330857
1.334789
1.334789
1.258317
1.258317
1.259879
1.259879
1.222359
1.222359
1.278167
1.278167
1.164300
1.164300
1.304056
1.304056
1.313647
1.313647
1.327596
1.327596
1.388076
1.388076
1.254692
1.254692
1.320857
1.320857
1.194861
1.194861
1.277661
1.277661
1.369519
1.369519
1.337613
1.337613
1.249865
1.249865
1.187707
1.187707
1.300606
1.300606
1.368577
1.368577
1.234851
1.234851
1.339836
1.339836
1.186700
1.186700
1.290485
1.290485
1.295822
1.295822
1.215341
1.215341
1.139642
1.139642
1.378860
1.378860
1.346464
1.346464
1.312943
1.312943
1.254652
1.254652
1.177877
1.177877
1.263595
1.263595
1.354599
1.354599
