1.120757
1.120757
1.372833
1.372833
1.392050
1.392050
1.332569
1.332569
1.267801
1.267801
1.189212
1.189212
1.347877
1.347877
1.354718
1.354718
1.068850
1.068850
1.347219
1.347219
1.359165
1.359165
1.126251
1.126251
1.095471
1.095471
1.280879
1.280879
1.120439
1.120439
1.124325
1.124325
1.390448
1.390448
1.272917
1.272917
1.345020
1.345020
1.362989
1.362989
1.337951
1.337951
1.345980
1.345980
1.267460
1.267460
1.399073
1.399073
1.337630
1.337630
1.311229
1.311229
1.140053
1.140053
1.331319
1.331319
1.268359
1.268359
1.362629
1.362629
1.258957
1.258957
1.372728
1.372728
1.241759
1.241759
1.349128
1.349128
1.228564
1.228564
1.131565
1.131565
1.225103
1.225103
1.230571
1.230571
1.374239
1.374239
1.377335
1.377335
