1.349491
1.349491
1.371412
1.371412
1.300817
1.300817
1.313551
1.313551
1.374298
1.374298
1.202192
1.202192
1.324838
1.324838
1.368504
1.368504
1.088660
1.088660
1.200396
1.200396
1.330895
1.330895
1.149078
1.149078
1.337041
1.337041
1.149579
1.149579
1.378957
1.378957
1.370029
1.370029
1.379611
1.379611
1.384628
1.384628
1.382772
1.382772
1.313402
1.313402
1.394416
1.394416
1.197653
1.197653
1.255646
1.255646
1.239652
1.239652
1.085978
1.085978
1.377264
1.377264
1.391894
1.391894
1.387332
1.387332
1.166835
1.166835
1.376093
1.376093
1.335186
1.335186
1.101543
1.101543
1.355352
1.355352
