1.382002
1.382002
1.258639
1.258639
1.304901
1.304901
1.259829
1.259829
1.179130
1.179130
1.138538
1.138538
1.397436
1.397436
1.299966
1.299966
1.293009
1.293009
1.222296
1.222296
1.204875
1.204875
1.388233
1.388233
1.281562
1.281562
1.090142
1.090142
1.155510
1.155510
1.206916
1.206916
1.377595
1.377595
1.274378
1.274378
1.243902
1.243902
1.291320
1.291320
1.382769
1.382769
1.280466
1.280466
1.221673
1.221673
1.323220
1.323220
1.155767
1.155767
1.289106
1.289106
1.117073
1.117073
1.245008
1.245008
1.288012
1.288012
