1.246305
1.246305
1.327157
1.327157
1.355067
1.355067
1.287905
1.287905
1.336401
1.336401
1.283555
1.283555
1.390973
1.390973
1.356064
1.356064
1.121076
1.121076
1.308356
1.308356
1.383494
1.383494
1.295006
1.295006
1.123209
1.123209
1.339716
1.339716
1.393564
1.393564
1.266846
1.266846
1.231731
1.231731
1.288347
1.288347
1.366428
1.366428
1.138949
1.138949
1.262412
1.262412
1.158420
1.158420
1.209892
1.209892
1.252142
1.252142
1.292895
1.292895
1.325655
1.325655
1.337600
1.337600
1.207828
1.207828
1.216226
1.216226
1.280650
1.280650
1.331604
1.331604
1.367341
1.367341
1.312408
1.312408
1.337571
1.337571
1.056788
1.056788
1.369838
1.369838
1.051315
1.051315
