1.104270
1.142383
1.104270
1.142383
1.370715
1.370715
1.333827
1.333827
1.235627
1.235627
1.383656
1.383656
1.296684
1.296684
1.154982
1.154982
1.328563
1.328563
1.394398
1.394398
1.050559
1.050559
1.073048
1.073048
1.318961
1.318961
1.258299
1.258299
1.252408
1.252408
1.318913
1.318913
1.303790
1.303790
1.352074
1.352074
1.308586
1.308586
1.162407
1.162407
1.268011
1.268011
1.152304
1.152304
1.277291
1.277291
1.315479
1.315479
1.306444
1.306444
1.251379
1.251379
1.197387
1.197387
1.289688
1.289688
1.238850
1.238850
1.122848
1.122848
1.080228
1.080228
1.284655
1.284655
1.375345
1.375345
1.377534
1.377534
1.263829
1.263829
1.349179
1.349179
1.309065
1.309065
1.169982
1.169982
1.120109
1.120109
1.072279
1.072279
1.330477
1.330477
