1.395636
1.395636
1.302841
1.302841
1.276525
1.276525
1.364882
1.364882
1.303342
1.303342
1.266881
1.266881
1.314540
1.314540
1.219425
1.219425
1.383084
1.383084
1.367084
1.367084
1.277960
1.277960
1.341610
1.341610
1.341533
1.341533
1.220723
1.220723
1.368981
1.368981
1.305841
1.305841
1.175092
1.175092
1.328346
1.328346
1.119849
1.119849
1.108504
1.108504
1.320775
1.320775
1.372647
1.372647
1.089417
1.089417
1.386656
1.386656
1.294530
1.294530
1.110470
1.110470
1.270563
1.270563
1.233489
1.233489
1.292107
1.292107
1.335633
1.335633
1.059116
1.059116
1.323953
1.323953
1.224304
1.224304
1.224251
1.224251
1.198016
1.198016
1.245145
1.245145
1.002818
1.002818
1.273024
1.273024
1.089076
1.089076
1.370259
1.370259
1.125239
1.125239
1.349493
1.349493
1.127562
1.127562
1.332855
1.332855
1.265761
1.265761
1.307333
1.307333
