1.233901
1.233901
1.361168
1.361168
1.305161
1.305161
1.368590
1.368590
1.102754
1.102754
1.305407
1.305407
1.166604
1.166604
1.279747
1.279747
1.292331
1.292331
1.332437
1.332437
1.245327
1.245327
1.317815
1.317815
1.386079
1.386079
1.302716
1.302716
1.314914
1.314914
1.251157
1.251157
1.149135
1.149135
1.224835
1.224835
1.352289
1.352289
1.376080
1.376080
1.301299
1.301299
1.334694
1.334694
1.374290
1.374290
1.089172
1.089172
1.183367
1.183367
1.350788
1.350788
1.377943
1.377943
1.183922
1.183922
1.159929
1.159929
1.381447
1.381447
1.331472
1.331472
1.236433
1.236433
1.315499
1.315499
1.342053
1.342053
1.107202
1.107202
1.216847
1.216847
