1.342686
1.342686
1.396823
1.396823
1.327779
1.327779
1.181850
1.181850
1.182596
1.182596
1.344096
1.344096
1.203747
1.203747
1.246827
1.246827
1.385126
1.385126
1.340101
1.340101
1.127094
1.127094
1.362133
1.362133
1.246491
1.246491
1.372399
1.372399
1.115564
1.115564
1.386899
1.386899
1.325321
1.325321
1.343612
1.343612
1.396184
1.396184
1.323937
1.323937
1.325885
1.325885
1.319558
1.319558
1.379337
1.379337
1.341653
1.341653
1.167044
1.167044
1.222598
1.222598
1.350023
1.350023
1.057126
1.057126
1.372432
1.372432
1.399643
1.399643
1.258046
1.258046
1.180309
1.180309
1.354725
1.354725
1.348874
1.348874
1.369143
1.369143
1.270598
1.270598
1.355272
1.355272
1.392872
1.392872
1.362672
1.362672
1.273140
1.273140
1.391732
1.391732
1.159450
1.159450
1.067471
1.067471
1.053638
1.053638
1.089338
1.089338
1.159746
1.159746
1.368749
1.368749
1.343229
1.343229
1.199403
1.199403
1.358439
1.369105
1.369105
1.358439
1.237251
1.237251
1.317354
1.317354
1.224501
1.224501
1.164405
1.164405
1.195561
1.195561
1.171901
1.171901
1.326262
1.326262
1.108294
1.108294
1.025937
1.025937
1.369538
1.369538
1.183455
1.183455
1.372846
1.372846
1.355644
1.355644
1.283884
1.283884
1.348607
1.348607
1.372585
1.372585
1.160869
1.160869
1.218566
1.218566
1.361351
1.361351
1.309758
1.309758
1.347036
1.347036
1.332844
1.332844
1.392460
1.392460
1.358572
1.358572
1.305792
1.305792
1.226364
1.226364
1.380279
1.380279
1.321457
1.321457
1.245462
1.245462
1.293156
1.293156
1.246150
1.246150
1.297376
1.297376
1.398913
1.398913
1.393456
1.393456
1.148340
1.148340
1.398014
1.398014
1.310515
1.310515
1.241884
1.241884
1.336068
1.336068
1.398738
1.398738
1.374503
1.374503
1.066672
1.066672
1.281551
1.281551
1.312144
1.312144
1.266670
1.266670
1.342032
1.342032
1.321388
1.321388
1.280952
1.280952
1.393354
1.393354
1.288113
1.288113
1.207905
1.207905
1.239332
1.239332
1.253587
1.253587
1.273822
1.273822
1.346166
1.346166
1.395636
1.395636
1.220205
1.220205
1.294276
1.294276
1.306461
1.306461
1.178542
1.178542
1.096000
1.096000
1.295331
1.295331
1.216433
1.216433
1.361304
1.361304
