1.274910
1.274910
1.378925
1.310755
1.310755
1.378925
1.280474
1.381226
1.280474
1.381226
1.370826
1.370826
1.358079
1.358079
1.369885
1.369885
1.356090
1.356090
1.276129
1.276129
1.272767
1.272767
1.133965
1.133965
1.359584
1.359584
1.397618
1.397618
1.154429
1.154429
1.280180
1.280180
1.304623
1.072489
1.304623
1.072489
1.331204
1.331204
1.349878
1.349878
1.291539
1.291539
1.399242
1.399242
1.309699
1.309699
1.333573
1.333573
1.296963
1.296963
1.360677
1.360677
1.187292
1.187292
1.142517
1.142517
1.275597
1.275597
1.347981
1.347981
1.232324
1.232324
1.327396
1.327396
1.305595
1.305595
1.372278
1.372278
1.393395
1.393395
1.229461
1.229461
1.186269
1.186269
1.363322
1.363322
1.134466
1.134466
1.208222
1.208222
1.369739
1.369739
1.343433
1.343433
1.151360
1.151360
1.310560
1.310560
1.206866
1.206866
1.388717
1.388717
1.255303
1.255303
1.344992
1.344992
1.359496
1.359496
1.344276
1.344276
1.326931
1.326931
1.196311
1.196311
1.310408
1.088285
1.088285
1.310408
1.399846
1.399846
1.254390
1.254390
1.334380
1.334380
1.250168
1.250168
1.359771
1.359771
1.326140
1.326140
1.376803
1.376803
1.359506
1.359506
1.361413
1.361413
1.344709
1.344709
1.352161
1.352161
1.367563
1.367563
1.145808
1.145808
1.258363
1.258363
1.347579
1.347579
1.374291
1.374291
1.180793
1.180793
1.364679
1.364679
1.248058
1.248058
1.326281
1.326281
1.382505
1.382505
1.368405
1.368405
1.394343
1.394343
1.344153
1.344153
1.245943
1.245943
1.317577
1.317577
1.360399
1.360399
1.373639
1.373639
1.325789
1.325789
1.205410
1.205410
1.274464
1.274464
1.377579
1.377579
1.119639
1.119639
1.253718
1.253718
1.224905
1.224905
1.285128
1.285128
1.274147
1.274147
1.374528
1.374528
1.237597
1.237597
1.286949
1.286949
1.351304
1.351304
1.103152
1.103152
1.339642
1.339642
1.358665
1.358665
1.250284
1.250284
1.221711
1.221711
1.312717
1.312717
1.349529
1.349529
1.353697
1.353697
1.260010
1.260010
1.234373
1.234373
1.230876
1.230876
1.268106
1.268106
1.261110
1.261110
1.390115
1.390115
1.342602
1.342602
1.295260
1.295260
1.345699
1.345699
1.032792
1.032792
1.128394
1.128394
1.008126
1.008126
1.378314
1.378314
1.265061
1.265061
1.339905
1.339905
1.376900
1.376900
1.326536
1.326536
1.217647
1.217647
1.215991
1.215991
1.388123
1.388123
1.342790
1.342790
1.342883
1.342883
1.339528
1.339528
1.378461
1.378461
1.129426
1.129426
1.302877
1.302877
1.391570
1.391570
1.364944
1.364944
1.286509
1.286509
1.252146
1.252146
1.201125
1.201125
1.393973
1.393973
1.353425
1.353425
1.204456
1.204456
1.209132
1.209132
1.288915
1.288915
1.290400
1.290400
1.376143
1.376143
1.386363
1.386363
1.390053
1.390053
1.297379
1.297379
