1.148019
1.148019
1.365516
1.365516
1.235992
1.235992
1.331301
1.331301
1.124635
1.124635
1.202296
1.202296
1.274099
1.274099
1.305383
1.305383
1.255101
1.255101
1.179817
1.179817
1.252784
1.252784
1.059930
1.059930
1.158085
1.158085
1.353911
1.353911
1.374645
1.374645
1.271670
1.271670
1.384451
1.384451
1.217095
1.217095
1.317488
1.317488
1.335841
1.335841
1.380774
1.380774
1.394649
1.394649
1.089885
1.089885
1.262477
1.262477
1.350144
1.350144
1.313914
1.313914
1.185959
1.185959
1.298601
1.298601
1.387125
1.387125
1.350485
1.350485
1.215820
1.215820
1.198044
1.198044
1.213362
1.213362
1.278252
1.278252
1.354469
1.354469
1.269531
1.269531
1.358295
1.358295
1.384492
1.384492
1.336299
1.336299
1.216185
1.216185
1.318972
1.318972
1.315291
1.315291
1.249378
1.249378
1.397508
1.397508
1.195869
1.195869
1.335034
1.335034
1.205968
1.205968
1.356455
1.356455
1.120492
1.120492
1.079314
1.079314
1.214023
1.214023
1.185676
1.185676
1.150224
1.150224
1.388920
1.388920
1.355505
1.355505
1.381938
1.381938
1.378334
1.378334
1.338978
1.338978
1.224559
1.224559
1.161466
1.161466
1.325753
1.325753
1.222812
1.222812
1.138129
1.138129
1.358466
1.358466
1.150684
1.150684
1.240329
1.240329
1.165356
1.165356
1.239873
1.239873
1.293984
1.293984
1.386055
1.386055
1.189533
1.189533
1.366300
1.366300
1.380040
1.380040
1.316511
1.316511
1.222695
1.222695
1.279364
1.279364
1.067536
1.067536
1.285550
1.285550
1.375514
1.375514
1.188912
1.188912
1.319953
1.319953
1.284998
1.284998
1.300477
1.300477
1.340398
1.340398
1.198218
1.198218
1.310907
1.310907
1.399640
1.399640
1.038797
1.038797
1.322083
1.322083
1.311536
1.311536
1.383829
1.383829
1.076598
1.076598
1.083777
1.083777
1.163971
1.163971
1.120221
1.120221
1.249523
1.249523
1.380163
1.380163
1.350238
1.350238
1.330212
1.330212
1.399040
1.399040
1.321591
1.321591
1.179558
1.179558
1.265089
1.265089
1.201450
1.201450
1.272164
1.272164
1.209006
1.209006
1.393550
1.393550
1.009565
1.009565
1.333033
1.333033
1.348310
1.348310
1.342063
1.342063
1.176022
1.176022
1.396871
1.396871
1.168778
1.168778
1.258790
1.258790
1.280748
1.280748
1.363541
1.363541
1.375878
1.375878
1.318043
1.318043
1.372910
1.372910
1.232242
1.232242
1.393997
1.393997
1.294199
1.294199
1.232248
1.232248
1.273521
1.273521
1.098710
1.098710
1.348741
1.348741
1.371226
1.371226
1.237820
1.237820
1.118755
1.118755
1.348156
1.348156
1.291197
1.291197
1.150545
1.150545
1.244098
1.244098
1.382585
1.382585
1.165679
1.165679
1.376027
1.376027
1.173624
1.173624
1.202727
1.202727
1.173105
1.173105
1.201485
1.201485
