1.368438
1.368438
1.115499
1.115499
1.248496
1.248496
1.060631
1.060631
1.365294
1.365294
1.382802
1.382802
1.354788
1.354788
1.081946
1.081946
1.139827
1.139827
1.344263
1.344263
1.116780
1.116780
1.164004
1.164004
1.137173
1.137173
1.133285
1.133285
1.281446
1.281446
1.283759
1.283759
1.276518
1.276518
1.342428
1.342428
1.296432
1.296432
1.359111
1.359111
1.346586
1.346586
1.312103
1.312103
1.394730
1.394730
1.356603
1.356603
1.300354
1.300354
1.293422
1.293422
1.281082
1.281082
1.346263
1.346263
1.380431
1.380431
1.357826
1.357826
1.392225
1.392225
1.347034
1.347034
1.305748
1.305748
1.276551
1.276551
1.048742
1.048742
1.342746
1.342746
1.393623
1.393623
1.274781
1.274781
1.350813
1.350813
1.063610
1.063610
1.336395
1.336395
1.194729
1.194729
1.076367
1.076367
1.274509
1.274509
1.205393
1.205393
1.300234
1.300234
1.320807
1.320807
1.397367
1.397367
1.277222
1.277222
1.293250
1.293250
1.374687
1.374687
1.355335
1.355335
1.307999
1.307999
1.344402
1.344402
1.293490
1.293490
1.155501
1.155501
1.382213
1.382213
1.249180
1.249180
1.289128
1.289128
1.382527
1.382527
1.259036
1.259036
1.329068
1.329068
1.358934
1.358934
1.351890
1.351890
1.295776
1.295776
1.312094
1.312094
1.224394
1.224394
1.339262
1.339262
1.291933
1.291933
1.203426
1.203426
1.365043
1.365043
1.140398
1.140398
1.395788
1.395788
1.301877
1.301877
1.284161
1.284161
1.344472
1.344472
1.365592
1.365592
1.135108
1.135108
1.149508
1.149508
1.100090
1.100090
1.221473
1.221473
1.371517
1.371517
1.172768
1.172768
1.295737
1.295737
1.362042
1.362042
1.380124
1.380124
1.216576
1.216576
1.299755
1.299755
1.214374
1.214374
1.312001
1.312001
1.223251
1.223251
1.167245
1.167245
1.277728
1.277728
1.389873
1.389873
1.263341
1.263341
1.107820
1.107820
1.375844
1.375844
1.284706
1.284706
1.358311
1.358311
1.176083
1.176083
1.307223
1.307223
1.096490
1.096490
1.370187
1.370187
1.207787
1.207787
1.398568
1.398568
1.365825
1.365825
1.333956
1.333956
1.289078
1.289078
1.111149
1.111149
1.374179
1.374179
1.259478
1.259478
1.348903
1.348903
1.088786
1.088786
1.312704
1.312704
1.275165
1.275165
1.288496
1.288496
1.317308
1.317308
