1.361862
1.361862
1.358061
1.358061
1.125250
1.125250
1.008643
1.008643
1.389718
1.389718
1.109077
1.109077
1.381630
1.381630
1.156944
1.156944
1.351686
1.351686
1.213618
1.213618
1.337266
1.337266
1.169962
1.169962
1.232253
1.232253
1.330784
1.350112
1.350112
1.330784
1.347506
1.347506
1.162514
1.162514
1.306186
1.306186
1.299384
1.299384
1.228743
1.228743
1.252327
1.252327
1.244781
1.244781
1.199174
1.199174
1.292043
1.292043
1.254041
1.254041
1.271125
1.271125
1.366985
1.366985
1.359739
1.359739
1.357091
1.357091
1.398595
1.398595
1.372807
1.372807
1.333481
1.333481
1.356317
1.356317
1.391671
1.391671
1.381026
1.381026
1.249083
1.249083
1.281586
1.281586
1.310449
1.310449
1.325111
1.325111
1.155067
1.155067
1.209376
1.209376
1.363683
1.363683
1.350292
1.350292
1.248515
1.248515
1.362235
1.362235
1.089085
1.089085
1.317441
1.317441
1.378532
1.378532
1.273830
1.273830
1.175159
1.175159
1.178132
1.231976
1.178132
1.231976
1.383050
1.383050
1.344384
1.344384
1.316788
1.316788
1.218824
1.218824
1.345040
1.345040
1.326382
1.326382
1.382430
1.382430
1.335776
1.335776
1.310576
1.310576
1.269540
1.269540
1.298193
1.298193
1.279344
1.279344
1.178144
1.178144
1.372822
1.372822
1.350382
1.350382
1.308068
1.308068
1.383140
1.383140
1.202069
1.202069
1.366683
1.366683
1.209552
1.209552
1.055946
1.055946
1.022687
1.022687
1.176464
1.176464
1.395639
1.395639
1.079152
1.079152
1.372792
1.372792
1.381921
1.381921
1.360339
1.360339
1.083729
1.083729
1.381440
1.381440
1.345839
1.345839
1.385457
1.385457
1.261108
1.261108
1.301013
1.301013
1.053078
1.053078
1.279185
1.279185
1.361450
1.361450
1.362597
1.362597
1.322186
1.322186
1.395902
1.265974
1.395902
1.265974
1.272146
1.272146
1.191650
1.191650
1.128277
1.128277
1.298714
1.298714
1.120509
1.120509
1.035681
1.035681
1.343999
1.343999
1.243263
1.243263
1.337913
1.337913
1.114160
1.114160
1.391408
1.391408
1.167634
1.167634
1.349240
1.349240
1.371703
1.371703
1.348890
1.348890
1.325065
1.325065
1.292143
1.292143
1.266624
1.266624
1.378282
1.378282
1.201365
1.201365
