1.256870
1.256870
1.380872
1.380872
1.343527
1.343527
1.084418
1.084418
1.341507
1.341507
1.234151
1.234151
1.289596
1.289596
1.394913
1.394913
1.267390
1.267390
1.281226
1.281226
1.377155
1.377155
1.303163
1.303163
1.107118
1.107118
1.179907
1.179907
1.222309
1.222309
1.292288
1.292288
1.346785
1.346785
1.343803
1.343803
1.201189
1.201189
1.189705
1.189705
1.308118
1.308118
1.351816
1.351816
1.366076
1.366076
1.232702
1.232702
1.154020
1.154020
1.242086
1.242086
1.224260
1.224260
1.326064
1.326064
1.351253
1.351253
1.304139
1.304139
1.168432
1.168432
1.377465
1.377465
1.304226
1.304226
1.356565
1.356565
1.175487
1.175487
1.309649
1.309649
1.302513
1.302513
1.378981
1.378981
1.304141
1.304141
1.125504
1.125504
1.301233
1.301233
1.330361
1.330361
1.320296
1.320296
1.306564
1.306564
1.275619
1.275619
1.185589
1.185589
1.337018
1.337018
1.393471
1.393471
1.396359
1.396359
1.256968
1.256968
1.386282
1.386282
1.102890
1.102890
1.301307
1.301307
1.260290
1.260290
1.197208
1.197208
1.376893
1.376893
1.101213
1.101213
1.377511
1.377511
1.287096
1.287096
1.255447
1.255447
1.363190
1.363190
1.282317
1.282317
1.202374
1.202374
1.310363
1.310363
1.335381
1.335381
1.340368
1.340368
1.276885
1.276885
1.368227
1.368227
1.346695
1.346695
1.157304
1.157304
1.397046
1.397046
1.095020
1.095020
1.358523
1.358523
1.287171
1.287171
1.304200
1.304200
1.321926
1.321926
1.153864
1.153864
1.271831
1.271831
1.391980
1.391980
1.357337
1.357337
1.284283
1.284283
1.270586
1.270586
1.072112
1.072112
1.339808
1.339808
1.387064
1.387064
1.287542
1.287542
1.312289
1.312289
1.072225
1.072225
1.360810
1.360810
1.247351
1.247351
1.146384
1.146384
1.073853
1.073853
1.380673
1.380673
1.229297
1.229297
1.191548
1.191548
1.334681
1.334681
1.177550
1.177550
1.093747
1.093747
1.273161
1.273161
1.317506
1.317506
1.250285
1.250285
1.125577
1.125577
1.379382
1.379382
1.130594
1.130594
1.137812
1.137812
1.380710
1.380710
1.250989
1.250989
1.114974
1.114974
1.345387
1.345387
1.335767
1.335767
1.154003
1.154003
1.245665
1.245665
1.082988
1.082988
1.252670
1.252670
1.369492
1.369492
1.386796
1.386796
1.240561
1.240561
1.348361
1.348361
1.359019
1.359019
1.092674
1.092674
1.185220
1.185220
1.310524
1.310524
1.393674
1.393674
1.310133
1.310133
1.317806
1.317806
1.359181
1.359181
1.376898
1.376898
1.163252
1.163252
1.256041
1.256041
1.149913
1.149913
1.384074
1.384074
1.364632
1.364632
1.343245
1.343245
1.383826
1.383826
1.370999
1.370999
1.218715
1.218715
1.250859
1.250859
1.253194
1.253194
1.325173
1.325173
1.181837
1.181837
1.290813
1.290813
1.379594
1.379594
1.321005
1.321005
1.297487
1.297487
1.133282
1.133282
