1.359743
1.359743
1.203609
1.203609
1.323934
1.248410
1.248410
1.323934
1.359740
1.359740
1.392243
1.392243
1.312060
1.312060
1.274448
1.274448
1.161815
1.161815
1.136274
1.136274
1.291690
1.291690
1.219804
1.219804
1.264894
1.264894
1.340025
1.340025
1.380603
1.380603
1.046752
1.046752
1.137279
1.137279
1.150246
1.150246
1.067936
1.067936
1.244367
1.244367
1.263006
1.263006
1.378926
1.378926
1.326971
1.290014
1.326971
1.290014
1.262242
1.262242
1.337188
1.337188
1.344556
1.344556
1.357194
1.357194
1.234943
1.234943
1.319044
1.319044
1.210238
1.210238
1.355874
1.355874
1.311442
1.311442
1.292571
1.292571
1.281801
1.281801
1.344556
1.344556
1.328480
1.328480
1.333446
1.333446
1.311808
1.311808
1.307230
1.307230
1.395530
1.395530
1.255399
1.255399
1.383767
1.383767
1.325700
1.325700
1.289501
1.289501
1.286775
1.286775
1.399070
1.399070
1.341904
1.341904
1.075945
1.075945
1.276578
1.276578
1.189301
1.189301
1.286867
1.286867
1.227300
1.227300
1.333917
1.333917
1.351405
1.351405
1.280636
1.280636
1.358986
1.358986
1.262621
1.262621
1.260608
1.260608
1.182716
1.182716
1.352094
1.352094
1.365393
1.365393
1.320515
1.320515
1.323929
1.323929
1.325793
1.325793
1.306027
1.306027
1.088429
1.088429
1.206029
1.206029
1.027548
1.027548
1.299230
1.299230
1.280548
1.280548
1.148884
1.148884
1.314274
1.314274
1.375695
1.375695
1.387202
1.387202
1.335750
1.335750
1.181259
1.181259
1.230459
1.230459
1.201907
1.201907
1.360061
1.360061
1.312509
1.312509
1.296636
1.296636
1.345163
1.345163
1.313537
1.313537
1.394665
1.394665
1.204155
1.204155
1.315776
1.315776
1.119312
1.119312
1.397497
1.397497
1.167806
1.167806
1.298841
1.298841
1.279609
1.279609
1.224894
1.224894
1.259432
1.259432
1.362130
1.362130
1.351262
1.351262
1.314741
1.314741
1.360164
1.360164
1.340207
1.340207
1.352820
1.352820
1.388655
1.388655
1.199943
1.199943
