1.177469
1.177469
1.236984
1.236984
1.104013
1.104013
1.282964
1.282964
1.280435
1.280435
1.327449
1.327449
1.335171
1.335171
1.377058
1.377058
1.253723
1.253723
1.381183
1.381183
1.352837
1.352837
1.396012
1.396012
1.217946
1.217946
1.134631
1.134631
1.235784
1.235784
1.114269
1.114269
1.322152
1.322152
1.198217
1.198217
1.164028
1.164028
1.154699
1.154699
1.292324
1.292324
1.294554
1.294554
1.371738
1.371738
1.227802
1.227802
1.271650
1.271650
1.305480
1.305480
1.375920
1.375920
1.295422
1.295422
1.116226
1.116226
1.345410
1.345410
1.371960
1.371960
1.133126
1.133126
1.104519
1.104519
1.341638
1.341638
1.269039
1.269039
1.329964
1.329964
1.126019
1.126019
1.074460
1.074460
1.277206
1.277206
1.316635
1.316635
1.305789
1.305789
1.143892
1.143892
1.182985
1.182985
1.184009
1.184009
1.043038
1.043038
1.308971
1.308971
1.301812
1.301812
1.380870
1.380870
1.290963
1.290963
1.353299
1.353299
1.319607
1.319607
1.383727
1.383727
1.311968
1.311968
1.268772
1.268772
1.268737
1.268737
1.378655
1.378655
1.352661
1.352661
1.390250
1.390250
1.324570
1.324570
1.384252
1.384252
1.394103
1.394103
1.229181
1.229181
1.192614
1.192614
1.220175
1.220175
1.103962
1.103962
1.164743
1.164743
1.007106
1.007106
1.310301
1.310301
1.115945
1.115945
1.391142
1.391142
1.336123
1.336123
1.276164
1.276164
1.224856
1.224856
1.085985
1.085985
1.396383
1.396383
1.228339
1.228339
1.372410
1.372410
1.140722
1.140722
1.081116
1.081116
1.156077
1.156077
1.178557
1.178557
1.329241
1.329241
1.390770
1.390770
1.034237
1.034237
1.367301
1.367301
1.332617
1.332617
1.379458
1.379458
1.338082
1.338082
1.319494
1.319494
1.342675
1.342675
1.364921
1.364921
1.254951
1.254951
1.327566
1.327566
1.217026
1.217026
1.337964
1.337964
1.201690
1.201690
1.337338
1.337338
1.171658
1.171658
1.340356
1.340356
1.344316
1.344316
1.370556
1.370556
1.262961
1.262961
1.208626
1.208626
1.381715
1.381715
1.074435
1.074435
1.298381
1.298381
1.389116
1.389116
1.343048
1.343048
1.148168
1.148168
1.244421
1.244421
1.124788
1.124788
1.289351
1.289351
1.108342
1.108342
1.226308
1.226308
1.210853
1.210853
