1.322020
1.322020
1.137971
1.137971
1.312273
1.312273
1.060161
1.060161
1.370109
1.370109
1.374121
1.374121
1.257904
1.257904
1.354686
1.354686
1.091403
1.091403
1.309748
1.309748
1.243470
1.243470
1.059418
1.059418
1.314126
1.314126
1.336932
1.336932
1.172616
1.172616
1.257800
1.257800
1.290796
1.290796
1.180035
1.180035
1.387556
1.387556
1.332542
1.332542
1.331581
1.331581
1.218839
1.218839
1.340550
1.340550
1.251522
1.251522
1.350600
1.350600
1.382029
1.382029
1.364939
1.364939
1.317028
1.317028
1.284178
1.284178
1.257982
1.257982
1.197718
1.197718
1.281991
1.281991
1.313699
1.313699
1.333445
1.333445
1.147941
1.147941
1.324788
1.324788
1.343327
1.343327
1.385816
1.385816
1.309724
1.309724
1.344971
1.344971
1.327152
1.327152
1.394948
1.394948
1.306432
1.306432
1.169252
1.169252
1.378305
1.378305
1.361765
1.361765
1.334978
1.334978
1.114526
1.114526
1.227494
1.227494
1.265015
1.265015
1.198362
1.198362
1.397550
1.397550
1.380623
1.380623
1.295537
1.295537
1.349341
1.349341
1.197135
1.197135
1.287651
1.287651
1.382162
1.382162
1.254864
1.254864
1.331514
1.331514
1.158387
1.158387
1.341926
1.341926
1.312136
1.312136
1.331455
1.331455
1.346338
1.346338
1.290786
1.290786
1.349517
1.349517
1.336913
1.336913
1.240372
1.240372
1.304568
1.304568
1.381104
1.381104
1.363252
1.363252
1.329318
1.329318
1.195800
1.195800
1.175295
1.175295
1.350504
1.350504
1.386283
1.386283
1.263814
1.263814
1.326263
1.326263
1.389736
1.389736
1.299956
1.299956
1.249723
1.249723
1.263826
1.263826
1.178159
1.178159
1.209562
1.209562
1.249067
1.249067
1.354594
1.354594
1.308017
1.308017
1.110461
1.110461
1.304148
1.304148
1.208459
1.208459
1.233684
1.233684
1.332592
1.332592
1.344340
1.344340
1.297137
1.297137
1.222363
1.222363
1.286539
1.286539
1.232270
1.232270
1.339054
1.339054
1.251177
1.251177
1.326752
1.326752
1.250831
1.250831
1.315601
1.315601
1.259676
1.259676
1.380530
1.380530
1.259697
1.259697
1.363769
1.363769
