1.230007
1.230007
1.272547
1.272547
1.373778
1.333285
1.373778
1.333285
1.386132
1.386132
1.286506
1.286506
1.359305
1.287999
1.359305
1.287999
1.119079
1.119079
1.395862
1.395862
1.389736
1.389736
1.186649
1.186649
1.359461
1.359461
1.370780
1.370780
1.354642
1.354642
1.341778
1.341778
1.193347
1.193347
1.263008
1.263008
1.369978
1.369978
1.353449
1.353449
1.396605
1.396605
1.285422
1.312158
1.312158
1.285422
1.297244
1.297244
1.245441
1.245441
1.184167
1.184167
1.297799
1.297799
1.202696
1.202696
1.138098
1.138098
1.309455
1.309455
1.397428
1.397428
1.346964
1.346964
1.332351
1.332351
1.296930
1.296930
1.391768
1.391768
1.200714
1.200714
1.323752
1.323752
1.347574
1.347574
1.325686
1.325686
1.046582
1.046582
1.241318
1.241318
1.240475
1.240475
1.380378
1.380378
1.163418
1.163418
1.345887
1.345887
1.241095
1.241095
1.311158
1.311158
1.080536
1.080536
1.320907
1.320907
1.272822
1.272822
1.222079
1.222079
1.284585
1.284585
1.344754
1.344754
1.350386
1.350386
1.379988
1.379988
1.251177
1.251177
1.334992
1.334992
1.302574
1.302574
1.318364
1.318364
1.306342
1.306342
1.120351
1.120351
1.335102
1.335102
1.258083
1.258083
1.391703
1.391703
1.379235
1.379235
1.336640
1.336640
1.321932
1.321932
1.148297
1.148297
1.259330
1.259330
1.340738
1.340738
1.264385
1.264385
1.166872
1.166872
1.269073
1.269073
1.213812
1.213812
1.204413
1.204413
1.389681
1.389681
1.355648
1.355648
1.367368
1.367368
1.296606
1.296606
1.270765
1.270765
1.390590
1.390590
1.366529
1.366529
1.326373
1.326373
1.291264
1.291264
1.325389
1.325389
1.181115
1.181115
1.380340
1.380340
1.221149
1.221149
1.391601
1.391601
1.387046
1.387046
1.319744
1.319744
1.255471
1.255471
1.155403
1.155403
1.291226
1.291226
1.253358
1.253358
1.211065
1.211065
1.241762
1.241762
1.156562
1.156562
1.333712
1.333712
1.218170
1.218170
1.311072
1.311072
1.377818
1.377818
1.182271
1.182271
1.261514
1.261514
1.380410
1.380410
1.272212
1.272212
1.241776
1.241776
1.391954
1.391954
1.380063
1.380063
1.324220
1.324220
1.202716
1.202716
1.381886
1.381886
1.223652
1.223652
1.361694
1.361694
1.206995
1.206995
1.344449
1.344449
1.339382
1.339382
1.314866
1.314866
1.359029
1.359029
1.195387
1.195387
1.136228
1.136228
1.370699
1.370699
1.063659
1.063659
1.162542
1.162542
1.299109
1.299109
1.228999
1.228999
1.203978
1.203978
1.385090
1.385090
1.331663
1.331663
1.376892
1.376892
1.313597
1.313597
1.308891
1.308891
1.127540
1.127540
1.054093
1.054093
1.193988
1.193988
1.351392
1.351392
1.385019
1.385019
1.377365
1.377365
1.105068
1.105068
