1.393783
1.393783
1.335248
1.335248
1.301003
1.301003
1.354175
1.354175
1.315506
1.315506
1.382949
1.382949
1.171673
1.171673
1.174560
1.174560
1.260594
1.260594
1.309922
1.309922
1.311894
1.311894
1.274395
1.231846
1.231846
1.274395
1.397979
1.397979
1.212810
1.212810
1.353158
1.353158
1.058474
1.058474
1.115464
1.115464
1.043365
1.043365
1.046061
1.046061
1.264061
1.264061
1.219897
1.219897
1.239926
1.239926
1.197055
1.197055
1.337744
1.337744
1.298730
1.298730
1.325828
1.325828
1.261786
1.261786
1.301731
1.301731
1.389706
1.389706
1.391820
1.391820
1.120881
1.120881
1.359711
1.359711
1.345499
1.345499
1.374115
1.374115
1.136740
1.136740
1.289695
1.289695
1.241656
1.241656
1.399046
1.399046
1.176007
1.176007
1.344976
1.344976
1.213152
1.213152
1.329807
1.329807
1.369161
1.369161
1.322237
1.322237
1.317088
1.317088
1.243675
1.243675
1.344733
1.344733
1.377095
1.377095
1.153370
1.153370
1.338680
1.371933
1.338680
1.371933
1.320288
1.320288
1.136959
1.136959
1.170876
1.170876
1.241645
1.241645
1.278619
1.278619
1.384118
1.384118
1.153153
1.153153
1.202180
1.202180
1.095396
1.095396
1.387182
1.387182
1.281591
1.281591
1.341017
1.341017
1.360107
1.360107
1.228675
1.228675
1.294208
1.294208
1.236239
1.236239
1.013974
1.013974
1.390219
1.390219
1.013248
1.013248
1.380382
1.380382
1.121922
1.121922
1.334276
1.334276
1.175767
1.175767
1.343690
1.343690
1.224340
1.224340
1.149796
1.149796
1.393114
1.393114
1.249913
1.249913
1.210354
1.210354
1.226198
1.226198
1.227785
1.227785
1.364933
1.364933
1.257147
1.257147
1.237466
1.237466
1.067461
1.067461
1.382055
1.382055
1.177650
1.177650
1.219580
1.219580
1.158527
1.158527
1.370753
1.370753
1.246144
1.246144
1.185224
1.185224
1.238682
1.238682
1.196432
1.196432
1.155052
1.155052
1.259089
1.259089
1.263211
1.263211
1.364216
1.364216
1.368635
1.368635
1.262802
1.262802
1.230997
1.230997
1.156465
1.156465
1.281867
1.281867
1.343545
1.343545
1.180009
1.180009
1.167220
1.167220
1.210673
1.210673
1.376909
1.376909
1.370260
1.370260
1.361683
1.361683
1.346512
1.346512
1.390681
1.390681
1.196368
1.196368
1.237430
1.237430
1.343474
1.343474
1.151006
1.151006
1.317689
1.317689
1.328056
1.328056
1.201200
1.201200
1.350719
1.350719
1.234907
1.234907
1.145385
1.145385
1.366919
1.366919
1.235962
1.235962
1.291260
1.291260
1.224977
1.224977
1.354829
1.354829
1.188474
1.188474
1.227998
1.227998
1.094308
1.094308
1.338699
1.338699
1.295317
1.295317
1.227947
1.227947
1.260910
1.260910
1.387390
1.387390
1.357796
1.357796
1.391614
1.391614
1.267166
1.267166
1.380747
1.380747
1.232538
1.232538
1.195716
1.195716
1.363927
1.363927
1.382719
1.382719
1.336288
1.336288
1.263768
1.263768
