1.352114
1.352114
1.324513
1.324513
1.330658
1.330658
1.350012
1.350012
1.374521
1.374521
1.286854
1.286854
1.297425
1.297425
1.385713
1.385713
1.344390
1.344390
1.384539
1.384539
1.083555
1.083555
1.285565
1.285565
1.384942
1.384942
1.357137
1.357137
1.247570
1.247570
1.325682
1.325682
1.367662
1.367662
1.311410
1.311410
1.306813
1.306813
1.325206
1.325206
1.397726
1.397726
1.384594
1.384594
1.221371
1.221371
1.352079
1.352079
1.309762
1.309762
1.266531
1.266531
1.333520
1.333520
1.135631
1.135631
1.393207
1.393207
1.288127
1.288127
1.244612
1.244612
1.196016
1.196016
1.328211
1.328211
1.367310
1.367310
1.154534
1.154534
1.328429
1.328429
1.337322
1.337322
1.234634
1.234634
1.376396
1.376396
1.062148
1.062148
1.330870
1.330870
1.387647
1.387647
1.354206
1.354206
1.183553
1.183553
1.254492
1.254492
1.043916
1.043916
1.399139
1.399139
1.321505
1.321505
1.152109
1.152109
1.290562
1.290562
1.304375
1.304375
1.264303
1.264303
1.356037
1.356037
1.358559
1.358559
1.087328
1.087328
1.162774
1.162774
1.199288
1.199288
1.087233
1.087233
1.380046
1.380046
1.285102
1.285102
1.246992
1.246992
1.206922
1.206922
1.327482
1.327482
1.278610
1.278610
1.260114
1.260114
1.325882
1.325882
1.233548
1.233548
1.292388
1.292388
1.281060
1.281060
1.249497
1.249497
1.368690
1.368690
1.338109
1.338109
1.313469
1.313469
1.247056
1.247056
1.304461
1.304461
1.208795
1.208795
1.264743
1.264743
1.363255
1.363255
1.019834
1.019834
1.379715
1.379715
1.211457
1.211457
1.399301
1.399301
1.334999
1.334999
1.110141
1.110141
1.366372
1.366372
1.111357
1.111357
1.306724
1.306724
1.296359
1.296359
1.361015
1.361015
1.177642
1.177642
1.366137
1.366137
1.262038
1.262038
1.153707
1.153707
1.350243
1.350243
1.089467
1.089467
1.349724
1.349724
1.149724
1.149724
1.319786
1.319786
1.140995
1.140995
1.303225
1.303225
1.279015
1.279015
1.282481
1.282481
1.322794
1.322794
1.132627
1.132627
1.050748
1.050748
1.201329
1.201329
1.342832
1.342832
1.355077
1.355077
1.397318
1.397318
1.333434
1.333434
1.225671
1.225671
1.394668
1.394668
1.148531
1.148531
1.329901
1.329901
1.262485
1.262485
1.336482
1.336482
1.139011
1.139011
1.245305
1.245305
1.395094
1.395094
1.378376
1.378376
1.130429
1.130429
1.398763
1.398763
1.303765
1.303765
1.333220
1.333220
1.178247
1.178247
1.339925
1.339925
