1.319061
1.319061
1.170727
1.320393
1.170727
1.320393
1.306301
1.306301
1.390128
1.390128
1.329273
1.329273
1.220553
1.220553
1.374962
1.374962
1.321609
1.321609
1.345714
1.345714
1.280527
1.280527
1.186021
1.186021
1.311065
1.311065
1.364734
1.364734
1.324915
1.324915
1.387951
1.387951
1.100182
1.100182
1.325011
1.325011
1.318007
1.318007
1.318953
1.318953
1.298866
1.298866
1.293996
1.293996
1.314449
1.314449
1.265558
1.265558
1.128215
1.128215
1.396926
1.396926
1.248296
1.248296
1.320090
1.320090
1.381293
1.381293
1.301957
1.301957
1.257591
1.257591
1.396761
1.396761
1.247653
1.247653
1.294139
1.294139
1.390715
1.390715
1.367116
1.312102
1.312102
1.367116
1.097692
1.097692
1.222756
1.222756
1.314348
1.314348
1.157650
1.157650
1.362967
1.362967
1.282715
1.282715
1.246679
1.246679
1.399327
1.399327
1.359267
1.359267
1.395019
1.395019
1.138024
1.138024
1.203481
1.203481
1.186174
1.186174
1.138418
1.138418
1.338154
1.338154
1.353001
1.353001
1.366946
1.366946
1.369870
1.369870
1.313128
1.313128
1.187917
1.187917
1.281180
1.189746
1.281180
1.189746
1.325112
1.325112
1.338478
1.338478
1.309375
1.309375
1.304839
1.304839
1.301372
1.301372
1.319725
1.319725
1.382364
1.382364
1.225057
1.225057
1.370662
1.370662
1.318687
1.318687
1.324965
1.324965
1.146437
1.146437
1.383903
1.383903
1.260744
1.260744
1.378759
1.378759
1.383375
1.383375
1.369896
1.369896
1.358426
1.358426
1.361373
1.361373
1.343818
1.343818
1.221748
1.221748
1.297378
1.297378
1.298040
1.298040
1.352413
1.352413
1.364993
1.364993
1.372231
1.372231
1.292586
1.292586
1.311539
1.311539
1.390657
1.390657
1.340740
1.340740
1.205998
1.205998
1.341563
1.341563
1.368943
1.368943
1.366657
1.366657
1.358062
1.358062
1.271655
1.271655
1.134416
1.134416
1.117579
1.117579
1.351865
1.351865
1.248664
1.248664
1.367351
1.367351
1.050858
1.050858
1.397679
1.397679
1.100095
1.100095
1.327058
1.327058
1.162228
1.162228
1.318759
1.318759
1.366892
1.366892
1.339122
1.339122
1.393146
1.393146
1.322868
1.322868
1.186870
1.186870
1.197450
1.197450
1.195853
1.195853
1.190327
1.190327
1.258098
1.258098
1.382833
1.382833
1.340430
1.340430
1.305159
1.305159
1.053896
1.053896
1.268816
1.268816
1.333537
1.333537
1.195942
1.195942
1.082375
1.082375
1.373195
1.373195
1.349297
1.349297
1.340369
1.340369
1.180414
1.180414
1.212342
1.212342
1.350789
1.350789
1.242774
1.242774
1.313139
1.313139
1.285948
1.285948
1.176433
1.176433
1.363945
1.363945
1.110785
1.110785
1.108122
1.108122
1.316534
1.316534
1.190447
1.190447
1.271481
1.271481
1.216811
1.216811
1.357417
1.357417
1.138504
1.138504
1.363106
1.363106
1.397863
1.397863
1.398455
1.398455
1.313003
1.313003
1.329666
1.329666
