1.316595
1.316595
1.341997
1.341997
1.349138
1.349138
1.279713
1.279713
1.051752
1.051752
1.187877
1.187877
1.357064
1.357064
1.293072
1.293072
1.362177
1.331930
1.362177
1.331930
1.398154
1.398154
1.327896
1.327896
1.301035
1.301035
1.272509
1.272509
1.291473
1.291473
1.380196
1.380196
1.349970
1.349970
1.287674
1.287674
1.238620
1.238620
1.205575
1.205575
1.357443
1.357443
1.394093
1.394093
1.392356
1.392356
1.255248
1.255248
1.362140
1.362140
1.342310
1.300465
1.342310
1.300465
1.231782
1.231782
1.385065
1.385065
1.176420
1.176420
1.260428
1.260428
1.301085
1.301085
1.199181
1.199181
1.359020
1.359020
1.379747
1.379747
1.362636
1.362636
1.341981
1.341981
1.355608
1.355608
1.297191
1.297191
1.275390
1.275390
1.276377
1.276377
1.288176
1.288176
1.358133
1.358133
1.158858
1.158858
1.376104
1.376104
1.304073
1.304073
1.250509
1.250509
1.336089
1.336089
1.368615
1.368615
1.289417
1.289417
1.371564
1.371564
1.299744
1.299744
1.320442
1.320442
1.070612
1.070612
1.216607
1.216607
1.300127
1.300127
1.188437
1.188437
1.107299
1.107299
1.375122
1.375122
1.175749
1.175749
1.202506
1.202506
1.316657
1.316657
1.359959
1.359959
1.363783
1.363783
1.296503
1.296503
1.218653
1.218653
1.248177
1.248177
1.320003
1.320003
1.266006
1.266006
1.336476
1.336476
1.312005
1.312005
1.262936
1.262936
1.388534
1.388534
1.217770
1.217770
1.285433
1.285433
1.182797
1.182797
1.395903
1.395903
1.127034
1.127034
1.382191
1.382191
1.369624
1.369624
1.183297
1.183297
1.388241
1.388241
1.245919
1.245919
1.398174
1.398174
1.164513
1.164513
1.209889
1.209889
1.231592
1.231592
1.385783
1.385783
1.311398
1.311398
1.261206
1.261206
1.397690
1.397690
1.358231
1.358231
1.276093
1.276093
1.329716
1.329716
1.210080
1.210080
1.300523
1.300523
1.171283
1.171283
1.222525
1.222525
1.186436
1.186436
1.345747
1.345747
1.077424
1.077424
1.158177
1.158177
1.090467
1.090467
1.141880
1.141880
1.202717
1.202717
1.394250
1.394250
1.235810
1.235810
1.295018
1.295018
1.215271
1.215271
1.376040
1.376040
1.349431
1.349431
1.180243
1.180243
1.381351
1.381351
1.264128
1.264128
1.356416
1.356416
1.313860
1.313860
1.328616
1.328616
1.180231
1.180231
1.328785
1.328785
1.144909
1.144909
1.287729
1.287729
1.318882
1.318882
1.304914
1.304914
1.373412
1.373412
1.065109
1.065109
1.315598
1.315598
1.296661
1.296661
1.314940
1.314940
1.228979
1.228979
1.245316
1.245316
1.379529
1.379529
1.287301
1.287301
1.366751
1.366751
1.222738
1.222738
1.329848
1.329848
1.252849
1.252849
1.244337
1.244337
1.151353
1.151353
1.378924
1.378924
1.397039
1.397039
1.218625
1.218625
1.303214
1.303214
1.160718
1.160718
1.148474
1.148474
1.058851
1.058851
1.353178
1.353178
1.367965
1.367965
1.325625
1.325625
1.384735
1.384735
1.312803
1.312803
1.253620
1.253620
1.313357
1.313357
1.395813
1.395813
1.386123
1.386123
1.352936
1.352936
1.337614
1.337614
1.360275
1.360275
1.204993
1.204993
1.218462
1.218462
1.277219
1.277219
1.167748
1.167748
1.310618
1.310618
1.314729
1.314729
1.330224
1.330224
1.019656
1.019656
1.314815
1.314815
1.374344
1.374344
1.342980
1.342980
1.328344
1.328344
1.160369
1.160369
1.118852
1.118852
1.189506
1.189506
1.360614
1.360614
1.264215
1.264215
1.368169
1.368169
1.223882
1.223882
1.391722
1.391722
1.175436
1.175436
1.323290
1.323290
1.217150
1.217150
1.299992
1.299992
1.305535
1.305535
1.347248
1.347248
1.237168
1.237168
1.373262
1.373262
1.273528
1.273528
1.116556
1.116556
1.202685
1.202685
1.298802
1.298802
1.279720
1.279720
1.215674
1.215674
1.216737
1.216737
1.116508
1.116508
1.388571
1.388571
1.238050
1.238050
1.387801
1.387801
1.248199
1.248199
1.331557
1.331557
1.221924
1.221924
1.058638
1.058638
1.342019
1.342019
1.377559
1.377559
1.396708
1.396708
1.212486
1.212486
1.383032
1.383032
1.398235
1.398235
1.382401
1.382401
1.229686
1.229686
1.375137
1.375137
1.353198
1.353198
1.192083
1.192083
1.346923
1.346923
1.387080
1.387080
1.159638
1.159638
1.242514
1.242514
1.321548
1.321548
1.350413
1.350413
1.238790
1.238790
1.294914
1.294914
1.388059
1.388059
1.240129
1.240129
1.234688
1.234688
1.323437
1.323437
1.366740
1.366740
1.382633
1.382633
1.364759
1.364759
1.391228
1.391228
1.340403
1.340403
1.183561
1.183561
1.355973
1.355973
1.390284
1.390284
