1.256055
1.256055
1.366575
1.366575
1.257215
1.257215
1.310280
1.310280
1.253717
1.253717
1.219086
1.219086
1.311459
1.311459
1.298202
1.298202
1.247723
1.247723
1.043154
1.043154
1.268971
1.268971
1.394072
1.394072
1.382992
1.382992
1.281043
1.281043
1.368259
1.368259
1.210635
1.210635
1.353548
1.353548
1.333549
1.333549
1.334990
1.334990
1.342756
1.342756
1.166757
1.166757
1.173451
1.298204
1.298204
1.173451
1.285324
1.365160
1.365160
1.285324
1.398440
1.398440
1.383070
1.383070
1.216554
1.216554
1.331968
1.331968
1.299913
1.299913
1.313661
1.313661
1.324806
1.324806
1.343572
1.343572
1.132193
1.132193
1.333448
1.333448
1.159929
1.159929
1.394333
1.394333
1.359366
1.359366
1.349798
1.349798
1.377468
1.377468
1.185866
1.185866
1.336419
1.336419
1.387942
1.387942
1.211943
1.211943
1.275137
1.275137
1.260538
1.260538
1.214477
1.214477
1.370421
1.370421
1.239075
1.239075
1.372923
1.372923
1.269159
1.269159
1.226737
1.226737
1.365827
1.365827
1.198517
1.198517
1.230011
1.230011
1.346711
1.346711
1.359022
1.359022
1.325065
1.325065
1.242364
1.242364
1.215241
1.215241
1.170466
1.170466
1.103733
1.103733
1.260190
1.260190
1.268913
1.268913
1.369168
1.369168
1.202642
1.202642
1.219436
1.219436
1.319957
1.319957
1.385852
1.385852
1.124249
1.124249
1.344463
1.344463
1.351721
1.351721
1.120413
1.120413
1.393595
1.393595
1.385397
1.385397
1.241160
1.241160
1.301413
1.301413
1.294504
1.294504
1.349797
1.349797
1.324150
1.324150
1.259640
1.259640
1.287481
1.287481
1.250307
1.250307
1.358174
1.358174
1.210339
1.210339
1.215359
1.215359
1.286953
1.286953
1.334032
1.334032
1.397090
1.397090
1.249167
1.249167
1.338387
1.338387
1.118761
1.118761
1.385559
1.385559
1.255612
1.255612
1.207234
1.207234
1.383084
1.383084
1.364544
1.364544
1.339074
1.339074
1.326366
1.326366
1.149631
1.149631
1.312113
1.312113
1.379546
1.379546
1.301232
1.301232
1.280003
1.280003
1.393515
1.393515
1.145604
1.145604
1.244157
1.244157
1.131054
1.131054
1.365813
1.365813
1.388011
1.388011
1.325949
1.325949
1.312105
1.312105
1.367310
1.367310
1.168768
1.168768
1.101701
1.101701
1.328899
1.328899
1.267155
1.267155
1.261979
1.261979
1.159264
1.159264
1.288246
1.288246
1.325892
1.325892
1.139783
1.139783
1.075473
1.075473
1.372877
1.372877
1.242863
1.242863
1.392574
1.392574
1.389902
1.389902
1.169736
1.169736
1.193357
1.193357
1.251184
1.251184
1.255745
1.255745
1.333998
1.333998
1.175115
1.175115
1.184758
1.184758
1.361883
1.361883
1.050244
1.050244
1.122207
1.122207
1.130816
1.130816
1.353452
1.353452
1.350172
1.350172
1.264472
1.264472
1.318762
1.318762
1.106993
1.090048
1.106993
1.090048
1.164961
1.164961
1.357751
1.357751
1.298274
1.298274
1.121483
1.121483
1.217667
1.217667
1.292023
1.292023
1.359017
1.359017
1.161993
1.161993
1.155249
1.155249
1.376436
1.376436
1.363600
1.363600
1.214023
1.214023
1.394810
1.394810
1.294659
1.294659
1.185739
1.185739
1.336235
1.336235
1.246168
1.246168
1.249932
1.249932
1.353531
1.353531
1.129362
1.129362
1.258024
1.258024
1.376778
1.376778
1.161184
1.161184
1.386029
1.386029
1.304062
1.304062
1.185919
1.185919
1.375090
1.375090
1.339501
1.339501
1.373721
1.373721
1.370805
1.370805
1.288597
1.288597
1.163598
1.163598
1.253904
1.253904
1.258218
1.258218
1.315046
1.315046
1.078514
1.078514
1.226519
1.226519
1.397932
1.397932
1.390066
1.390066
1.105922
1.105922
1.317532
1.317532
1.331788
1.331788
1.259707
1.259707
1.316170
1.316170
