1.301619
1.301619
1.359493
1.359493
1.355744
1.340529
1.355744
1.340529
1.359959
1.359959
1.355763
1.355763
1.322262
1.322262
1.300581
1.300581
1.345990
1.345990
1.274148
1.274148
1.155683
1.155683
1.261318
1.261318
1.268682
1.268682
1.339055
1.339055
1.163785
1.163785
1.280906
1.280906
1.211070
1.211070
1.392107
1.392107
1.269477
1.269477
1.378582
1.219306
1.378582
1.219306
1.264606
1.264606
1.359329
1.359329
1.370181
1.370181
1.275015
1.275015
1.248292
1.248292
1.298566
1.298566
1.249672
1.249672
1.258583
1.258583
1.264810
1.264810
1.283314
1.283314
1.197605
1.197605
1.324711
1.324711
1.210002
1.210002
1.244773
1.244773
1.373364
1.373364
1.332790
1.332790
1.377554
1.377554
1.248956
1.248956
1.095766
1.095766
1.335730
1.335730
1.092379
1.086461
1.092379
1.086461
1.268219
1.268219
1.363377
1.363377
1.362976
1.362976
1.254128
1.254128
1.383104
1.383104
1.162708
1.162708
1.363687
1.363687
1.277127
1.277127
1.376783
1.376783
1.097196
1.097196
1.249587
1.249587
1.358119
1.358119
1.177048
1.177048
1.293610
1.293610
1.324444
1.324444
1.393351
1.393351
1.281122
1.281122
1.380756
1.380756
1.124650
1.124650
1.325089
1.305142
1.325089
1.305142
1.292918
1.292918
1.147837
1.147837
1.184300
1.184300
1.342667
1.342667
1.270514
1.270514
1.225932
1.225932
1.375028
1.375028
1.120602
1.120602
1.032053
1.032053
1.266344
1.266344
1.167023
1.167023
1.309808
1.309808
1.382165
1.382165
1.213615
1.213615
1.038565
1.038565
1.319519
1.319519
1.389032
1.389032
1.144957
1.204599
1.144957
1.204599
1.355216
1.355216
1.383109
1.383109
1.335419
1.335419
1.269456
1.269456
1.190699
1.190699
1.344888
1.344888
1.256799
1.264656
1.256799
1.264656
1.299418
1.299418
1.144932
1.144932
1.284958
1.284958
1.312043
1.312043
1.288812
1.288812
1.172019
1.172019
1.373785
1.373785
1.263016
1.263016
1.384165
1.384165
1.394197
1.394197
1.303941
1.303941
1.372408
1.372408
1.299304
1.299304
1.306681
1.306681
1.337105
1.337105
1.380949
1.380949
1.394536
1.394536
1.199847
1.199847
1.305956
1.305956
1.118954
1.118954
1.308689
1.308689
1.387996
1.387996
1.203338
1.203338
1.256501
1.256501
1.227649
1.227649
1.309128
1.309128
1.215412
1.215412
1.295233
1.295233
1.183522
1.183522
1.212945
1.212945
1.194348
1.194348
1.250617
1.250617
1.289426
1.289426
1.382644
1.382644
1.132198
1.132198
1.297851
1.297851
1.374733
1.374733
1.298066
1.298066
1.306470
1.306470
1.140318
1.140318
1.167118
1.167118
1.077009
1.077009
1.279389
1.279389
1.159052
1.159052
1.167951
1.167951
1.276429
1.276429
1.397723
1.397723
1.290901
1.290901
1.217841
1.217841
1.244049
1.244049
1.397963
1.397963
1.090679
1.090679
1.219841
1.219841
1.378356
1.378356
1.287952
1.287952
1.280617
1.280617
1.150756
1.150756
1.389141
1.389141
1.277269
1.277269
1.110218
1.110218
1.394343
1.394343
1.330951
1.330951
1.276480
1.276480
1.337434
1.337434
1.251553
1.251553
1.340520
1.340520
1.168372
1.168372
1.219012
1.219012
1.275177
1.275177
1.223237
1.223237
1.204469
1.204469
1.324545
1.324545
1.336780
1.336780
1.229770
1.229770
