1.380469
1.380469
1.311541
1.311541
1.227305
1.227305
1.387128
1.387128
1.319324
1.188852
1.188852
1.319324
1.386031
1.316537
1.386031
1.343308
1.316537
1.343308
1.373840
1.373840
1.171972
1.171972
1.384251
1.284152
1.284152
1.384251
1.252960
1.252960
1.394977
1.394977
1.363461
1.363461
1.110908
1.110908
1.353799
1.353799
1.367637
1.367637
1.220112
1.220112
1.339180
1.339180
1.270473
1.270473
1.156016
1.156016
1.259568
1.259568
1.326332
1.326332
1.294134
1.294134
1.173544
1.173544
1.300870
1.300870
1.179930
1.179930
1.237223
1.237223
1.281649
1.281649
1.392535
1.392535
1.341350
1.341350
1.309749
1.309749
1.063237
1.063237
1.397847
1.397847
1.399158
1.399158
1.263687
1.263687
1.350241
1.350241
1.182210
1.182210
1.375637
1.375637
1.370746
1.370746
1.293729
1.293729
1.269117
1.269117
1.371722
1.371722
1.175232
1.175232
1.204915
1.204915
1.146207
1.146207
1.334973
1.334973
1.119436
1.119436
1.327794
1.327794
1.376249
1.376249
1.288205
1.288205
1.385610
1.385610
1.318477
1.318477
1.271742
1.271742
1.383436
1.383436
1.369035
1.369035
1.341787
1.341787
1.297323
1.297323
1.245783
1.245783
1.167969
1.167969
1.207028
1.207028
1.226699
1.226699
1.163432
1.163432
1.130305
1.130305
1.314854
1.314854
1.396596
1.396596
1.266841
1.266841
1.311968
1.311968
1.222678
1.222678
1.395717
1.395717
1.105711
1.105711
1.292206
1.292206
1.270486
1.270486
1.190414
1.190414
1.381300
1.381300
1.393804
1.393804
1.211178
1.211178
1.356647
1.356647
1.322329
1.322329
1.344626
1.344626
1.375321
1.375321
1.112097
1.112097
1.359172
1.359172
1.175984
1.175984
1.300760
1.300760
1.163316
1.163316
1.217022
1.217022
1.389183
1.389183
1.279362
1.279362
1.389458
1.389458
1.325543
1.325543
1.372953
1.372953
1.387954
1.387954
1.316802
1.316802
1.344500
1.344500
1.081463
1.081463
1.208282
1.208282
1.258376
1.258376
1.309048
1.309048
1.198945
1.198945
1.261445
1.261445
1.322874
1.322874
1.238515
1.238515
1.196156
1.196156
1.327545
1.327545
1.271995
1.271995
1.371471
1.371471
1.123849
1.123849
1.218634
1.218634
1.345676
1.345676
1.399485
1.399485
1.195799
1.195799
1.329055
1.329055
1.073471
1.073471
1.362049
1.362049
1.198051
1.198051
1.271758
1.271758
1.313222
1.313222
1.311110
1.311110
1.324900
1.324900
1.382975
1.382975
1.261816
1.261816
1.275866
1.275866
1.201472
1.201472
1.304318
1.304318
1.384154
1.384154
1.376201
1.376201
1.219572
1.219572
1.369507
1.369507
1.109291
1.109291
1.305360
1.305360
1.381777
1.381777
1.317717
1.317717
1.323174
1.323174
1.271108
1.271108
1.257412
1.257412
1.318081
1.318081
1.390436
1.390436
1.196601
1.196601
