1.340951
1.340951
1.256729
1.256729
1.175316
1.175316
1.333753
1.333753
1.373753
1.373753
1.342601
1.342601
1.357929
1.357929
1.245034
1.245034
1.295803
1.295803
1.353979
1.353979
1.296913
1.296913
1.372489
1.372489
1.386363
1.326473
1.386363
1.326473
1.288600
1.288600
1.269491
1.269491
1.293019
1.293019
1.174979
1.174979
1.173469
1.173469
1.334285
1.334285
1.209200
1.209200
1.357246
1.357246
1.317393
1.317393
1.337861
1.337861
1.332807
1.332807
1.399970
1.399970
1.394813
1.394813
1.380169
1.387103
1.387103
1.380169
1.339473
1.339473
1.378519
1.378519
1.210038
1.210038
1.167908
1.167908
1.298541
1.359371
1.359371
1.298541
1.322951
1.322951
1.395406
1.395406
1.373783
1.265503
1.373783
1.265503
1.394167
1.394167
1.314375
1.314375
1.085701
1.085701
1.387410
1.387410
1.252540
1.252540
1.301294
1.301294
1.230786
1.230786
1.257264
1.257264
1.361871
1.361871
1.266836
1.266836
1.288129
1.288129
1.243656
1.243656
1.192410
1.192410
1.345858
1.345858
1.312245
1.312245
1.399822
1.399822
1.341071
1.341071
1.283647
1.283647
1.389723
1.389723
1.201618
1.201618
1.308614
1.308614
1.316506
1.316506
1.367083
1.367083
1.370965
1.370965
1.365958
1.365958
1.311959
1.311959
1.307277
1.307277
1.251848
1.251848
1.262136
1.262136
1.310785
1.310785
1.391173
1.391173
1.376692
1.376692
1.371736
1.371736
1.127937
1.127937
1.093248
1.093248
1.267120
1.267120
1.291450
1.192678
1.192678
1.291450
1.316718
1.316718
1.322304
1.322304
1.138476
1.138476
1.251452
1.251452
1.380912
1.380912
1.329253
1.329253
1.348647
1.348647
1.308928
1.308928
1.359527
1.359527
1.372797
1.372797
1.243854
1.243854
1.030604
1.030604
1.370823
1.370823
1.226146
1.226146
1.261639
1.261639
1.391466
1.391466
1.298891
1.298891
1.205901
1.205901
1.262605
1.262605
1.297536
1.297536
1.251785
1.251785
1.146652
1.146652
1.319447
1.319447
1.397209
1.397209
1.225505
1.225505
1.259307
1.259307
1.393815
1.393815
1.300157
1.300157
1.081084
1.081084
1.304425
1.304425
1.108310
1.108310
1.352106
1.352106
1.358650
1.358650
1.335879
1.335879
1.396445
1.396445
1.202966
1.202966
1.169847
1.169847
1.130282
1.130282
1.220848
1.220848
1.344349
1.344349
1.164205
1.164205
1.385790
1.385790
1.389827
1.389827
1.339418
1.339418
1.230223
1.230223
1.211437
1.211437
1.243417
1.243417
1.382034
1.382034
1.353334
1.353334
1.206656
1.206656
1.376142
1.376142
1.384916
1.384916
1.101313
1.101313
1.272837
1.272837
1.305642
1.305642
1.230223
1.230223
1.223699
1.223699
1.107416
1.107416
1.336452
1.336452
1.259257
1.259257
1.335467
1.335467
1.357424
1.357424
1.112169
1.112169
1.354768
1.354768
1.287863
1.287863
1.268150
1.268150
1.339255
1.339255
1.177224
1.177224
1.242387
1.242387
1.340358
1.340358
1.283199
1.283199
1.311831
1.311831
1.139944
1.163696
1.139944
1.163696
1.279322
1.279322
1.298020
1.298020
1.362087
1.362087
1.274750
1.274750
1.108612
1.108612
1.355270
1.355270
1.371104
1.371104
1.141202
1.141202
1.115475
1.115475
1.261190
1.261190
1.396885
1.396885
1.398906
1.398906
1.326519
1.326519
1.065931
1.065931
1.211588
1.211588
1.370667
1.370667
1.349569
1.349569
1.147665
1.147665
1.320636
1.320636
1.286831
1.286831
1.333277
1.333277
1.375544
1.375544
1.332423
1.332423
1.343255
1.343255
1.378487
1.378487
1.227212
1.227212
1.237037
1.237037
1.220202
1.220202
1.302351
1.302351
1.392139
1.392139
1.326985
1.326985
1.022277
1.022277
1.204203
1.204203
1.123992
1.123992
1.387932
1.387932
1.362175
1.362175
1.227808
1.227808
1.383485
1.383485
1.392297
1.392297
1.338138
1.338138
1.218214
1.218214
1.333427
1.333427
1.300942
1.300942
1.238225
1.238225
1.315970
1.315970
1.278497
1.278497
1.326222
1.326222
1.111389
1.111389
1.158375
1.158375
1.361508
1.361508
1.342668
1.342668
1.333643
1.333643
1.357740
1.357740
1.369582
1.369582
1.114269
1.114269
1.323375
1.323375
1.148762
1.148762
1.355056
1.355056
1.251495
1.251495
1.388322
1.388322
1.317604
1.317604
1.373062
1.373062
1.170055
1.170055
1.327100
1.327100
1.367749
1.367749
1.348674
1.348674
1.274368
1.274368
1.365052
1.365052
1.283413
1.283413
1.383540
1.383540
1.273239
1.273239
1.266544
1.266544
1.386100
1.386100
1.396061
1.396061
1.178056
1.178056
1.354920
1.354920
1.375185
1.375185
1.230555
1.230555
1.396623
1.396623
1.141978
1.141978
1.219341
1.219341
1.307409
1.307409
1.282179
1.282179
1.294748
1.294748
1.237603
1.237603
1.191860
1.191860
1.238582
1.238582
1.267623
1.267623
1.378064
1.378064
1.193119
1.193119
1.131061
1.131061
1.312838
1.312838
1.339066
1.339066
1.358125
1.358125
1.041524
1.041524
1.145109
1.145109
1.314702
1.314702
1.389274
1.389274
1.334118
1.334118
1.297550
1.297550
1.398258
1.398258
1.117921
1.117921
1.358050
1.358050
1.350288
1.350288
1.322540
1.322540
1.311364
1.311364
1.378186
1.378186
1.070702
1.070702
1.346221
1.346221
1.051469
1.051469
1.385628
1.385628
1.345641
1.345641
1.261421
1.261421
1.348033
1.348033
1.164613
1.164613
1.282197
1.282197
1.351811
1.351811
1.395183
1.395183
1.124685
1.124685
1.368676
1.368676
1.333389
1.333389
1.395485
1.395485
1.309591
1.309591
1.366248
1.366248
1.323226
1.323226
1.202539
1.202539
1.178271
1.178271
1.338356
1.338356
1.385869
1.385869
1.246123
1.246123
1.276650
1.276650
