1.266913
1.266913
1.278188
1.278188
1.325288
1.325288
1.301465
1.301465
1.269173
1.269173
1.355864
1.355864
1.180580
1.180580
1.058503
1.058503
1.075172
1.075172
1.290978
1.290978
1.315972
1.315972
1.297267
1.297267
1.184563
1.184563
1.310155
1.310155
1.320949
1.320949
1.145876
1.145876
1.377547
1.377547
1.081014
1.081014
1.388871
1.388871
1.357433
1.357433
1.128068
1.128068
1.245694
1.245694
1.333372
1.333372
1.333647
1.333647
1.266921
1.266921
1.299207
1.299207
1.359419
1.359419
1.339206
1.339206
1.349514
1.349514
1.385405
1.344472
1.344472
1.385405
1.346216
1.346216
1.362161
1.362161
1.053797
1.053797
1.167474
1.167474
1.326623
1.326623
1.209901
1.209901
1.362816
1.362816
1.092800
1.092800
1.231130
1.231130
1.353169
1.353169
1.174594
1.174594
1.371343
1.371343
1.373935
1.373935
1.330454
1.330454
1.385358
1.385358
1.369472
1.286548
1.369472
1.286548
1.270698
1.270698
1.351650
1.351650
1.336065
1.336065
1.342191
1.342191
1.160138
1.160138
1.165731
1.165731
1.315756
1.315756
1.179121
1.179121
1.372420
1.372420
1.337295
1.337295
1.264525
1.264525
1.058458
1.058458
1.342240
1.342240
1.105322
1.105322
1.378606
1.378606
1.331905
1.390668
1.331905
1.390668
1.272862
1.272862
1.269377
1.269377
1.079898
1.079898
1.321451
1.321451
1.397301
1.397301
1.158341
1.158341
1.340025
1.340025
1.149555
1.149555
1.297740
1.297740
1.114518
1.114518
1.327554
1.327554
1.376928
1.376928
1.035592
1.035592
1.249224
1.249224
1.079254
1.079254
1.197892
1.197892
1.253674
1.253674
1.110349
1.110349
1.096449
1.096449
1.206093
1.206093
1.181060
1.181060
1.318540
1.318540
1.306061
1.306061
1.383363
1.383363
1.345141
1.345141
1.397426
1.397426
1.360267
1.360267
1.394300
1.394300
1.068879
1.068879
1.390646
1.390646
1.364889
1.364889
1.301196
1.301196
1.066576
1.066576
1.384529
1.384529
1.363306
1.363306
1.330294
1.330294
1.364831
1.364831
1.347993
1.347993
1.230350
1.230350
1.397968
1.397968
1.108315
1.108315
1.198959
1.198959
1.390824
1.390824
1.319058
1.319058
1.156478
1.156478
1.258776
1.258776
1.358555
1.358555
1.395672
1.395672
1.253303
1.253303
1.140120
1.140120
1.317489
1.317489
1.372798
1.372798
1.150057
1.150057
1.120994
1.120994
1.265933
1.265933
1.281935
1.281935
1.397915
1.397915
1.356236
1.356236
1.350619
1.350619
1.270959
1.270959
1.276479
1.276479
1.348266
1.348266
1.272270
1.272270
1.318220
1.318220
1.314081
1.314081
1.104192
1.104192
1.201076
1.201076
1.228366
1.228366
1.387592
1.387592
1.054556
1.054556
1.398661
1.398661
1.341570
1.341570
1.297710
1.297710
1.166090
1.166090
1.396492
1.396492
1.381686
1.381686
1.380578
1.380578
1.199454
1.199454
1.128120
1.128120
1.225701
1.225701
1.030237
1.030237
1.389851
1.389851
1.389921
1.389921
1.077290
1.077290
1.322855
1.322855
1.294396
1.294396
1.330894
1.330894
