1.303977
1.303977
1.327561
1.327561
1.079353
1.079353
1.380283
1.380283
1.380764
1.380764
1.380804
1.305375
1.305375
1.340095
1.340095
1.380804
1.217542
1.367390
1.367390
1.217542
1.338119
1.338119
1.323272
1.323272
1.385635
1.385635
1.347355
1.327741
1.347355
1.327741
1.197132
1.197132
1.173441
1.173441
1.046447
1.046447
1.342084
1.342084
1.194977
1.194977
1.319642
1.319642
1.221553
1.221553
1.321101
1.321101
1.268180
1.268180
1.389557
1.389557
1.167286
1.167286
1.021389
1.021389
1.387720
1.387720
1.266297
1.266297
1.399504
1.399504
1.325594
1.325594
1.302644
1.302644
1.323865
1.323865
1.082902
1.082902
1.117470
1.117470
1.281609
1.281609
1.325068
1.325068
1.271753
1.271753
1.203542
1.203542
1.162815
1.162815
1.271081
1.271081
1.358989
1.358989
1.280420
1.280420
1.365964
1.365964
1.266782
1.266782
1.379277
1.379277
1.281892
1.281892
1.274558
1.274558
1.328517
1.328517
1.062714
1.062714
1.145651
1.145651
1.356578
1.356578
1.203439
1.203439
1.335388
1.335388
1.334009
1.334009
1.340307
1.340307
1.291918
1.291918
1.366132
1.366132
1.255176
1.255176
1.064941
1.064941
1.369654
1.369654
1.141576
1.141576
1.316755
1.316755
1.313303
1.313303
1.260916
1.260916
1.287735
1.287735
1.282145
1.282145
1.113779
1.113779
1.312184
1.312184
1.264581
1.264581
1.309450
1.309450
1.276564
1.276564
1.242031
1.242031
1.059427
1.059427
1.355737
1.355737
1.162228
1.162228
1.353140
1.353140
1.389028
1.389028
1.334486
1.334486
1.384546
1.384546
1.309455
1.309455
1.261551
1.261551
1.392600
1.392600
1.367574
1.367574
1.308966
1.308966
1.212364
1.212364
1.313139
1.313139
1.307330
1.307330
1.240413
1.240413
1.299142
1.299142
1.266710
1.266710
1.224090
1.224090
1.215775
1.215775
1.015989
1.015989
1.396284
1.396284
1.127051
1.127051
1.105624
1.105624
1.340752
1.340752
1.082500
1.082500
1.312382
1.312382
1.385073
1.385073
1.318393
1.318393
1.364402
1.364402
1.368726
1.368726
1.206947
1.206947
1.260690
1.260690
1.326168
1.326168
1.314787
1.314787
1.284875
1.284875
1.101883
1.101883
1.361286
1.361286
1.192791
1.192791
1.153022
1.153022
1.351438
1.351438
1.334358
1.334358
1.362537
1.362537
1.069823
1.069823
1.295564
1.295564
1.336268
1.336268
1.232705
1.232705
1.381610
1.381610
1.231800
1.231800
1.379883
1.379883
1.299533
1.299533
1.344647
1.344647
1.330855
1.330855
1.144308
1.144308
1.315563
1.315563
1.373174
1.373174
1.392137
1.392137
1.337337
1.337337
1.171570
1.171570
1.346322
1.346322
1.359478
1.359478
1.359745
1.359745
1.338826
1.338826
1.352081
1.352081
1.373367
1.373367
1.396095
1.396095
1.309752
1.309752
1.315446
1.315446
1.261447
1.261447
1.348996
1.348996
1.284929
1.284929
1.349547
1.349547
1.276878
1.276878
1.173399
1.173399
1.167521
1.167521
1.104143
1.104143
1.226979
1.226979
1.259115
1.259115
1.328599
1.328599
1.279726
1.279726
1.315850
1.315850
1.267714
1.267714
1.392641
1.392641
1.388181
1.388181
1.399648
1.399648
1.278447
1.278447
1.053056
1.053056
