1.168696
1.168696
1.210430
1.210430
1.171690
1.171690
1.328156
1.328156
1.270078
1.270078
1.110979
1.110979
1.390114
1.390114
1.389797
1.389797
1.353568
1.353568
1.346115
1.346115
1.346366
1.346366
1.044063
1.044063
1.302493
1.302493
1.294793
1.294793
1.352022
1.352022
1.250293
1.250293
1.168584
1.168584
1.087875
1.087875
1.352202
1.352202
1.217332
1.217332
1.339995
1.339995
1.183965
1.183965
1.214776
1.214776
1.394649
1.394649
1.257966
1.257966
1.348078
1.348078
1.099567
1.099567
1.363279
1.363279
1.390774
1.390774
1.064288
1.064288
1.349674
1.349674
1.270527
1.270527
1.147087
1.147087
1.272541
1.272541
1.230221
1.230221
1.386675
1.386675
1.221659
1.221659
1.247640
1.193680
1.193680
1.247640
1.291508
1.291508
1.378607
1.378607
1.269734
1.269734
1.349875
1.349875
1.207060
1.207060
1.370011
1.370011
1.024023
1.024023
1.298251
1.298251
1.195066
1.195066
1.384242
1.384242
1.257958
1.257958
1.205177
1.205177
1.312291
1.312291
1.305006
1.305006
1.179417
1.366051
1.366051
1.392838
1.392838
1.179417
1.383119
1.383119
1.244938
1.244938
1.357609
1.357609
1.247036
1.247036
1.141066
1.141066
1.294220
1.294220
1.251764
1.251764
1.293496
1.293496
1.283733
1.283733
1.257805
1.257805
1.336988
1.336988
1.295765
1.295765
1.273707
1.273707
1.366867
1.366867
1.105136
1.105136
1.235203
1.235203
1.307722
1.307722
1.383769
1.383769
1.310926
1.310926
1.355007
1.355007
1.358123
1.358123
1.180693
1.180693
1.369472
1.369472
1.297076
1.297076
1.100734
1.100734
1.312970
1.312970
1.192233
1.192233
1.398503
1.398503
1.344737
1.344737
1.346676
1.346676
1.122602
1.122602
1.354647
1.354647
1.250920
1.250920
1.224560
1.224560
1.348395
1.348395
1.235682
1.235682
1.379493
1.379493
1.207653
1.207653
1.338796
1.338796
1.266931
1.266931
1.373733
1.373733
1.085937
1.085937
1.350648
1.350648
1.373618
1.373618
1.276817
1.276817
1.395913
1.395913
1.374643
1.374643
1.160409
1.360414
1.360414
1.160409
1.355831
1.355831
1.397427
1.397427
1.399965
1.399965
1.376769
1.376769
1.237266
1.237266
1.259351
1.259351
1.332994
1.332994
1.053216
1.053216
1.239472
1.239472
1.243642
1.243642
1.250842
1.250842
1.103173
1.103173
1.353730
1.353730
1.361411
1.361411
1.291340
1.291340
1.327169
1.327169
1.362319
1.362319
1.083194
1.083194
1.352471
1.352471
1.184286
1.184286
1.209411
1.209411
1.163784
1.163784
1.075104
1.075104
1.369891
1.369891
1.254256
1.254256
1.305711
1.305711
1.369417
1.369417
1.391748
1.391748
1.318088
1.318088
1.393695
1.393695
1.244928
1.244928
1.369927
1.369927
1.296836
1.296836
1.221861
1.221861
1.117243
1.117243
1.275700
1.275700
1.164696
1.164696
1.390182
1.390182
1.388212
1.388212
1.331735
1.331735
1.346726
1.346726
1.337892
1.337892
1.331322
1.331322
1.081317
1.081317
1.146471
1.146471
1.357036
1.357036
1.294432
1.294432
1.235942
1.235942
1.155899
1.155899
