1.373083
1.373083
1.348204
1.348204
1.202164
1.202164
1.127322
1.127322
1.340483
1.340483
1.369998
1.369998
1.390657
1.390657
1.356835
1.356835
1.241497
1.241497
1.395538
1.395538
1.244289
1.244289
1.299444
1.299444
1.321013
1.321013
1.229838
1.229838
1.297782
1.297782
1.122559
1.122559
1.265331
1.265331
1.353349
1.353349
1.366955
1.366955
1.395787
1.395787
1.206785
1.206785
1.363396
1.363396
1.260318
1.360146
1.360146
1.072847
1.072847
1.260318
1.255221
1.255221
1.364677
1.364677
1.219041
1.219041
1.220943
1.220943
1.368598
1.368598
1.068453
1.068453
1.381116
1.381116
1.301924
1.301924
1.387846
1.387846
1.399892
1.399892
1.281585
1.281585
1.292255
1.292255
1.386906
1.386906
1.365975
1.365975
1.055145
1.055145
1.157653
1.157653
1.297370
1.297370
1.303388
1.303388
1.317883
1.317883
1.304304
1.304304
1.307286
1.307286
1.309209
1.309209
1.310287
1.310287
1.318379
1.318379
1.348354
1.348354
1.087043
1.087043
1.360606
1.360606
1.393383
1.393383
1.397760
1.397760
1.271220
1.271220
1.181305
1.181305
1.136181
1.136181
1.396293
1.396293
1.367649
1.367649
1.206179
1.206179
1.324076
1.281613
1.324076
1.281613
1.360425
1.360425
1.208320
1.208320
1.316026
1.316026
1.354827
1.354827
1.305860
1.305860
1.373871
1.373871
1.325036
1.325036
1.239846
1.239846
1.227561
1.227561
1.065277
1.065277
1.234471
1.234471
1.344049
1.344049
1.343952
1.343952
1.108880
1.108880
1.099745
1.099745
1.374664
1.374664
1.302542
1.302542
1.199815
1.199815
1.388147
1.388147
1.224156
1.224156
1.381875
1.381875
1.265022
1.265022
1.217722
1.217722
1.333853
1.333853
1.392681
1.392681
1.263942
1.263942
1.201076
1.201076
1.338539
1.338539
1.219476
1.219476
1.343890
1.343890
1.273037
1.273037
1.241174
1.241174
1.194026
1.194026
1.321619
1.321619
1.332538
1.332538
1.230150
1.230150
1.034826
1.034826
1.347272
1.347272
1.356251
1.356251
1.382546
1.382546
1.314327
1.314327
1.148904
1.148904
1.319762
1.319762
1.276716
1.276716
1.360320
1.360320
1.363930
1.363930
1.395529
1.395529
1.262099
1.262099
1.235088
1.235088
1.304540
1.304540
1.371669
1.371669
1.303476
1.303476
1.211309
1.211309
1.158033
1.158033
1.358161
1.358161
1.118411
1.118411
1.311254
1.311254
1.253361
1.253361
1.292640
1.292640
1.325020
1.325020
1.277570
1.277570
1.392830
1.392830
1.277446
1.277446
1.092410
1.092410
1.196638
1.196638
1.253033
1.253033
1.134637
1.134637
1.169197
1.169197
1.339002
1.339002
1.323176
1.323176
1.289485
1.289485
1.127587
1.127587
1.370937
1.370937
1.320043
1.320043
1.245782
1.245782
1.225806
1.380471
1.225806
1.380471
1.399659
1.399659
1.399546
1.399546
1.375868
1.375868
1.245054
1.245054
1.395462
1.395462
1.365839
1.365839
1.315463
1.315463
1.245774
1.245774
1.248363
1.248363
1.265063
1.265063
1.387249
1.387249
1.283117
1.283117
1.214108
1.214108
1.365083
1.365083
1.334500
1.334500
1.238361
1.238361
1.385360
1.385360
1.136237
1.136237
1.395166
1.395166
1.279395
1.279395
1.172055
1.172055
1.395660
1.395660
1.243924
1.243924
1.346001
1.346001
1.397639
1.397639
1.229352
1.229352
1.211607
1.211607
1.315984
1.315984
1.249183
1.249183
