1.360564
1.360564
1.115588
1.115588
1.252420
1.252420
1.395922
1.395922
1.301620
1.301620
1.239258
1.239258
1.367579
1.367579
1.166574
1.166574
1.290528
1.290528
1.276803
1.276803
1.252030
1.252030
1.328797
1.328797
1.393101
1.393101
1.393024
1.383258
1.383258
1.393024
1.392193
1.392193
1.158672
1.158672
1.129555
1.129555
1.268336
1.268336
1.209086
1.209086
1.363689
1.236049
1.236049
1.363689
1.396802
1.396802
1.129504
1.129504
1.246091
1.246091
1.354495
1.354495
1.282746
1.282746
1.221399
1.221399
1.135519
1.135519
1.166690
1.166690
1.341747
1.341747
1.252233
1.252233
1.343417
1.343417
1.387460
1.387460
1.160554
1.160554
1.393884
1.393884
1.366825
1.366825
1.218229
1.218229
1.217559
1.217559
1.293109
1.293109
1.283906
1.283906
1.375496
1.375496
1.072879
1.072879
1.024277
1.024277
1.381427
1.381427
1.350403
1.350403
1.193437
1.193437
1.327545
1.327545
1.294510
1.294510
1.389868
1.389868
1.249197
1.249197
1.346121
1.346121
1.384337
1.384337
1.336859
1.336859
1.367119
1.367119
1.358874
1.358874
1.381962
1.381962
1.341970
1.341970
1.295738
1.295738
1.332465
1.332465
1.373906
1.373906
1.396003
1.396003
1.175853
1.175853
1.360402
1.360402
1.371551
1.371551
1.290364
1.290364
1.364313
1.364313
1.372628
1.372628
1.239989
1.239989
1.281559
1.281559
1.375313
1.375313
1.357184
1.357184
1.340224
1.340224
1.359739
1.359739
1.363370
1.363370
1.003810
1.003810
1.390632
1.390632
1.183487
1.183487
1.359855
1.359855
1.398754
1.398754
1.398708
1.398708
1.332159
1.332159
1.222110
1.222110
1.164961
1.164961
1.093516
1.093516
1.234653
1.234653
1.333622
1.333622
1.250601
1.250601
1.342008
1.342008
1.313966
1.313966
1.312644
1.238159
1.238159
1.312644
1.130691
1.130691
1.297108
1.297108
1.203486
1.203486
1.327124
1.327124
1.322604
1.322604
1.394236
1.394236
1.312554
1.312554
1.256131
1.256131
1.271798
1.271798
1.396096
1.396096
1.355102
1.355102
1.370397
1.370397
1.266802
1.266802
1.399298
1.399298
1.387176
1.387176
1.180128
1.180128
1.232223
1.232223
1.379158
1.379158
1.325401
1.325401
1.384230
1.384230
1.267741
1.267741
1.386695
1.386695
1.071731
1.071731
1.377488
1.377488
1.327788
1.327788
1.212907
1.212907
1.253047
1.253047
1.247763
1.247763
1.341664
1.341664
1.146708
1.146708
1.260490
1.260490
1.156015
1.156015
1.196212
1.196212
1.256203
1.256203
1.362056
1.362056
1.347122
1.347122
1.318617
1.318617
1.303516
1.303516
1.373205
1.373205
1.206305
1.206305
