1.164636
1.164636
1.313481
1.313481
1.338780
1.338780
1.350630
1.350630
1.178910
1.178910
1.282697
1.282697
1.329834
1.329834
1.330086
1.330086
1.319809
1.319809
1.356731
1.356731
1.355465
1.355465
1.352810
1.352810
1.214298
1.214298
1.296710
1.296710
1.358635
1.358635
1.314667
1.314667
1.361670
1.361670
1.392253
1.216163
1.216163
1.392253
1.349475
1.349475
1.238741
1.238741
1.287738
1.287738
1.339293
1.339293
1.154912
1.154912
1.275757
1.275757
1.145151
1.145151
1.286739
1.286739
1.312874
1.312874
1.303475
1.303475
1.348060
1.348060
1.163785
1.163785
1.141242
1.141242
1.361326
1.361326
1.262221
1.262221
1.360205
1.323358
1.320931
1.360205
1.323358
1.320931
1.299549
1.299549
1.111858
1.111858
1.393148
1.393148
1.322632
1.322632
1.375674
1.375674
1.350279
1.350279
1.382756
1.382756
1.333482
1.333482
1.242823
1.242823
1.391254
1.391254
1.254507
1.254507
1.372572
1.372572
1.042763
1.042763
1.361338
1.361338
1.132435
1.132435
1.380422
1.380422
1.108694
1.108694
1.239345
1.239345
1.278634
1.278634
1.263119
1.263119
1.256080
1.256080
1.335967
1.335967
1.317474
1.317474
1.353081
1.353081
1.375841
1.375841
1.109401
1.109401
1.197335
1.197335
1.320386
1.320386
1.205462
1.205462
1.233803
1.233803
1.129340
1.297392
1.297392
1.129340
1.308240
1.308240
1.284905
1.284905
1.325712
1.325712
1.351255
1.351255
1.344751
1.344751
1.348187
1.348187
1.207069
1.296137
1.296137
1.207069
1.327028
1.327028
1.297981
1.297981
1.346853
1.346853
1.132477
1.132477
1.256395
1.256395
1.354014
1.354014
1.395484
1.395484
1.145606
1.145606
1.373353
1.373353
1.027268
1.027268
1.398528
1.398528
1.276512
1.276512
1.302113
1.302113
1.358424
1.358424
1.341386
1.341386
1.248045
1.248045
1.397076
1.397076
1.243766
1.243766
1.246620
1.246620
1.255014
1.255014
1.393600
1.393600
1.351089
1.351089
1.293477
1.293477
1.374556
1.374556
1.357336
1.357336
1.152679
1.152679
1.360125
1.360125
1.255544
1.255544
1.173953
1.173953
1.363166
1.363166
1.381288
1.381288
1.294211
1.294211
1.162247
1.162247
1.157465
1.157465
1.399897
1.399897
1.191664
1.191664
1.266710
1.266710
1.168701
1.168701
1.328187
1.328187
1.372935
1.372935
1.394578
1.279480
1.394578
1.279480
1.373159
1.373159
1.341016
1.341016
1.206416
1.206416
1.342098
1.342098
1.300558
1.300558
1.389468
1.389468
1.122777
1.122777
1.383093
1.383093
1.392374
1.392374
1.360592
1.360592
1.276532
1.276532
1.146748
1.146748
1.162341
1.162341
1.379802
1.379802
1.284558
1.284558
1.376712
1.369360
1.369360
1.376712
1.376093
1.376093
1.242275
1.242275
1.375648
1.375648
1.323790
1.323790
1.054357
1.054357
1.340476
1.340476
1.195684
1.195684
1.348008
1.348008
1.104084
1.104084
1.018408
1.018408
1.215414
1.215414
1.386066
1.386066
1.377015
1.377015
1.229976
1.229976
1.264505
1.264505
1.376172
1.376172
1.257955
1.257955
1.337955
1.337955
1.121952
1.121952
1.248868
1.248868
1.330423
1.330423
1.370287
1.370287
1.246368
1.246368
1.336172
1.336172
1.169168
1.169168
1.397819
1.397819
1.392223
1.392223
1.354518
1.354518
1.297597
1.297597
1.199286
1.199286
1.187318
1.187318
1.253947
1.253947
1.289181
1.289181
1.327602
1.327602
1.318053
1.318053
1.183225
1.183225
1.236129
1.236129
1.223006
1.223006
1.393207
1.393207
1.311983
1.311983
1.222923
1.222923
1.291767
1.291767
1.350485
1.350485
1.190242
1.190242
1.083276
1.083276
1.399279
1.399279
1.394509
1.394509
1.194674
1.194674
1.147545
1.147545
1.219973
1.219973
1.225855
1.225855
1.090927
1.090927
1.399707
1.399707
1.154052
1.154052
1.372312
1.372312
1.347540
1.347540
1.244325
1.244325
1.303253
1.303253
1.355149
1.355149
1.393593
1.393593
