1.356540
1.356540
1.295154
1.295154
1.184230
1.184230
1.286640
1.286640
1.288171
1.384945
1.288171
1.384945
1.381522
1.381522
1.284067
1.127720
1.127720
1.284067
1.158019
1.158019
1.259646
1.259646
1.219081
1.219081
1.342054
1.342054
1.381711
1.381711
1.242559
1.242559
1.099330
1.099330
1.384539
1.384539
1.243808
1.243808
1.383252
1.383252
1.380681
1.380681
1.319980
1.319980
1.383820
1.383820
1.268661
1.268661
1.191185
1.191185
1.357475
1.357475
1.283825
1.259940
1.259940
1.283825
1.309010
1.309010
1.353752
1.353752
1.255688
1.255688
1.229039
1.229039
1.311157
1.311157
1.271638
1.271638
1.395261
1.395261
1.206941
1.206941
1.361843
1.361843
1.360404
1.360404
1.379368
1.379368
1.302593
1.302593
1.232128
1.232128
1.354322
1.354322
1.370324
1.370324
1.120270
1.120270
1.356398
1.356398
1.113645
1.113645
1.347349
1.347349
1.389991
1.389991
1.389075
1.389075
1.365980
1.365980
1.341018
1.341018
1.194109
1.194109
1.324842
1.324842
1.297957
1.297957
1.340930
1.340930
1.392672
1.392672
1.382254
1.382254
1.226992
1.226992
1.376079
1.376079
1.396837
1.396837
1.280789
1.280789
1.387507
1.387507
1.319025
1.319025
1.299109
1.299109
1.363253
1.363253
1.308290
1.308290
1.396506
1.396506
1.362401
1.362401
1.295702
1.295702
1.331382
1.331382
1.248078
1.248078
1.293290
1.293290
1.222998
1.222998
1.396309
1.396309
1.192690
1.192690
1.399619
1.399619
1.278668
1.278668
1.204799
1.204799
1.334830
1.334830
1.374254
1.374254
1.292977
1.292977
1.193223
1.193223
1.279011
1.279011
1.282342
1.282342
1.359400
1.359400
1.256497
1.256497
1.337318
1.337318
1.023032
1.023032
1.293310
1.293310
1.213638
1.213638
1.116240
1.116240
1.280338
1.280338
1.372949
1.372949
1.391278
1.391278
1.160641
1.160641
1.393704
1.393704
1.253475
1.253475
1.384474
1.384474
1.205263
1.205263
1.108235
1.108235
1.277972
1.277972
1.114467
1.114467
1.211838
1.211838
1.271943
1.271943
1.269462
1.269462
1.239378
1.239378
1.358034
1.358034
1.085996
1.085996
1.041503
1.041503
1.356219
1.356219
1.358727
1.358727
1.390229
1.390229
1.159753
1.159753
1.357094
1.357094
1.388808
1.388808
1.220338
1.220338
1.062338
1.062338
1.347242
1.347242
1.221156
1.221156
1.136709
1.136709
1.378202
1.378202
1.340423
1.340423
1.290466
1.290466
1.163314
1.163314
1.174194
1.174194
1.329765
1.329765
1.347474
1.347474
1.232384
1.232384
1.364845
1.364845
1.221802
1.221802
1.299099
1.299099
1.201169
1.201169
1.355072
1.355072
1.391742
1.391742
1.238522
1.238522
1.190384
1.190384
1.283230
1.283230
1.103509
1.103509
1.354468
1.354468
1.304013
1.304013
1.363252
1.363252
1.237696
1.237696
1.237135
1.237135
1.372318
1.372318
1.252809
1.252809
1.361421
1.361421
1.349528
1.349528
1.162605
1.162605
