1.299224
1.299224
1.396212
1.396212
1.304208
1.304208
1.080837
1.080837
1.315459
1.315459
1.352878
1.352878
1.383188
1.383188
1.248095
1.248095
1.339490
1.339490
1.367989
1.367989
1.215373
1.215373
1.277184
1.390902
1.277184
1.390902
1.397524
1.397524
1.395775
1.395775
1.263770
1.263770
1.318326
1.318326
1.183802
1.183802
1.300970
1.300970
1.222242
1.222242
1.351346
1.351346
1.289169
1.289169
1.054111
1.054111
1.362797
1.362797
1.168702
1.168702
1.328308
1.328308
1.218781
1.218781
1.355043
1.355043
1.362366
1.362366
1.065026
1.065026
1.068870
1.068870
1.336169
1.336169
1.282318
1.282318
1.318647
1.318647
1.333658
1.333658
1.155499
1.155499
1.076998
1.076998
1.143462
1.143462
1.380045
1.380045
1.281855
1.281855
1.359064
1.359064
1.316624
1.316624
1.311923
1.311923
1.311103
1.311103
1.266703
1.266703
1.229195
1.229195
1.088307
1.088307
1.358803
1.358803
1.391880
1.391880
1.393681
1.393681
1.362652
1.362652
1.265437
1.265437
1.300809
1.300809
1.198140
1.198140
1.289450
1.289450
1.088271
1.088271
1.377755
1.377755
1.196633
1.196633
1.352547
1.352547
1.380710
1.380710
1.377904
1.377904
1.042641
1.042641
1.366421
1.366421
1.374737
1.374737
1.269936
1.269936
1.352499
1.352499
1.267289
1.267289
1.158504
1.158504
1.330137
1.330137
1.302651
1.302651
1.247983
1.247983
1.185744
1.185744
1.310959
1.310959
1.317901
1.317901
1.308288
1.308288
1.341720
1.341720
1.266145
1.398584
1.266145
1.398584
1.226925
1.226925
1.123463
1.123463
1.213052
1.213052
1.021932
1.021932
1.353112
1.353112
1.383520
1.383520
1.389181
1.389181
1.182437
1.182437
1.336750
1.336750
1.372264
1.392139
1.372264
1.392139
1.103961
1.103961
1.390464
1.390464
1.201710
1.201710
1.296237
1.296237
1.339795
1.339795
1.102927
1.102927
1.269862
1.269862
1.159159
1.159159
1.108339
1.108339
1.383869
1.383869
1.271575
1.271575
1.213946
1.213946
1.177243
1.177243
1.357507
1.357507
1.176928
1.176928
1.176854
1.176854
1.359475
1.359475
1.380047
1.380047
1.299092
1.299092
1.243230
1.243230
1.294099
1.294099
1.215635
1.215635
1.275488
1.275488
1.381464
1.381464
1.283445
1.283445
1.269612
1.269612
1.292820
1.292820
1.351045
1.351045
1.297834
1.297834
1.365454
1.365454
1.194442
1.194442
1.380539
1.380539
1.113461
1.113461
1.329472
1.329472
1.147745
1.147745
1.296756
1.296756
1.292723
1.292723
1.318080
1.318080
1.268865
1.268865
1.154432
1.154432
1.251032
1.251032
1.240188
1.240188
1.273121
1.273121
1.282589
1.282589
1.307568
1.307568
1.139785
1.139785
1.250918
1.250918
1.308286
1.308286
1.253774
1.253774
1.244091
1.244091
1.291718
1.291718
1.245002
1.245002
1.295984
1.295984
1.367860
1.367860
1.334809
1.334809
1.124381
1.124381
1.298704
1.298704
1.122570
1.122570
1.385376
1.385376
1.302791
1.302791
1.262653
1.262653
1.224034
1.224034
1.388094
1.388094
1.302365
1.302365
1.278374
1.340154
1.278374
1.340154
1.213096
1.213096
1.219315
1.219315
1.343643
1.343643
1.189174
1.189174
1.366787
1.366787
1.293189
1.293189
1.283339
1.283339
1.210953
1.210953
1.394017
1.394017
1.176435
1.176435
1.353258
1.353258
1.149663
1.149663
1.275796
1.275796
1.149558
1.149558
1.304073
1.304073
1.382203
1.382203
1.319430
1.319430
1.292284
1.292284
1.395856
1.395856
1.358387
1.358387
1.320244
1.320244
1.389949
1.389949
1.293985
1.293985
1.307931
1.307931
1.169739
1.169739
1.345119
1.345119
1.256843
1.256843
1.399701
1.399701
1.305103
1.305103
1.202686
1.202686
1.265118
1.265118
1.292150
1.292150
1.399122
1.399122
1.095792
1.095792
1.282150
1.282150
1.370659
1.370659
1.282254
1.282254
1.328571
1.328571
1.076459
1.076459
1.294651
1.294651
1.281218
1.281218
1.146596
1.146596
1.371151
1.371151
1.318928
1.318928
1.339678
1.339678
1.172469
1.172469
1.280938
1.280938
1.246052
1.246052
1.273467
1.273467
1.274100
1.274100
1.379676
1.379676
1.280596
1.280596
1.205124
1.205124
1.334742
1.334742
1.379383
1.379383
1.363275
1.363275
1.280401
1.280401
1.235037
1.235037
1.306612
1.306612
1.329861
1.329861
1.365476
1.365476
1.116634
1.116634
1.172909
1.172909
1.221075
1.221075
