1.327328
1.327328
1.363791
1.363791
1.081789
1.156953
1.156953
1.081789
1.221944
1.221944
1.246045
1.246045
1.350724
1.334373
1.350724
1.334373
1.317520
1.317520
1.389706
1.389706
1.151235
1.151235
1.357226
1.357226
1.399040
1.399040
1.198898
1.198898
1.330704
1.330704
1.337979
1.337979
1.305091
1.305091
1.330286
1.330286
1.397784
1.397784
1.300446
1.300446
1.309073
1.309073
1.077036
1.077036
1.238533
1.238533
1.037121
1.037121
1.109738
1.109738
1.278330
1.278330
1.250674
1.250674
1.361722
1.361722
1.205590
1.205590
1.170295
1.170295
1.297997
1.297997
1.195873
1.195873
1.223748
1.223748
1.326476
1.326476
1.191198
1.383375
1.383375
1.191198
1.397002
1.397002
1.392382
1.392382
1.223727
1.223727
1.247041
1.247041
1.360431
1.360431
1.171864
1.171864
1.202598
1.202598
1.234136
1.234136
1.218693
1.218693
1.284937
1.284937
1.213528
1.213528
1.364646
1.364646
1.357856
1.357856
1.345370
1.345370
1.297731
1.297731
1.312763
1.312763
1.263582
1.263582
1.087322
1.087322
1.341264
1.341264
1.345575
1.345575
1.383694
1.383694
1.350743
1.350743
1.398786
1.398786
1.214736
1.214736
1.302161
1.302161
1.350431
1.350431
1.269015
1.269015
1.386894
1.386894
1.385006
1.385006
1.369941
1.369941
1.250830
1.250830
1.344210
1.344210
1.364564
1.364564
1.316464
1.316464
1.386335
1.245646
1.386335
1.245646
1.391502
1.391502
1.354191
1.354191
1.372230
1.372230
1.342281
1.342281
1.370468
1.370468
1.247850
1.247850
1.331978
1.331978
1.210509
1.210509
1.330436
1.330436
1.112387
1.112387
1.375015
1.375015
1.339989
1.339989
1.353924
1.353924
1.232586
1.232586
1.309677
1.309677
1.269860
1.269860
1.353513
1.353513
1.313350
1.313350
1.252348
1.252348
1.263876
1.263876
1.382010
1.382010
1.333769
1.333769
1.310023
1.310023
1.160491
1.160491
1.325885
1.325885
1.209193
1.209193
1.243384
1.243384
1.322890
1.322890
1.316079
1.316079
1.168354
1.168354
1.387270
1.387270
1.275228
1.275228
1.321409
1.321409
1.380627
1.380627
1.239317
1.239317
1.393742
1.393742
1.195672
1.195672
1.309515
1.309515
1.201654
1.201654
1.276550
1.276550
1.333270
1.333270
1.184550
1.184550
1.191149
1.191149
1.346061
1.346061
1.153974
1.153974
1.170577
1.170577
1.140234
1.140234
1.391617
1.391617
1.369403
1.369403
1.178030
1.178030
1.248561
1.248561
1.384101
1.384101
1.088324
1.088324
1.387144
1.387144
1.306943
1.306943
1.279362
1.279362
1.257704
1.257704
1.285280
1.285280
1.361673
1.361673
1.345854
1.345854
1.306988
1.306988
1.363873
1.363873
1.170956
1.170956
1.221643
1.221643
1.189394
1.189394
1.127172
1.127172
1.087612
1.087612
1.277824
1.277824
1.130324
1.130324
1.281032
1.281032
1.250963
1.250963
1.274026
1.274026
1.160815
1.160815
1.061106
1.061106
1.275511
1.275511
1.338155
1.338155
1.348165
1.348165
1.148149
1.148149
1.392078
1.392078
1.327343
1.327343
1.129953
1.129953
1.317465
1.317465
1.168890
1.168890
1.337436
1.337436
1.334849
1.334849
1.246672
1.246672
1.381853
1.381853
1.247990
1.247990
1.337518
1.337518
1.221883
1.221883
1.177056
1.177056
1.283797
1.283797
1.336252
1.336252
1.082428
1.082428
1.289008
1.289008
1.108680
1.108680
1.343664
1.343664
1.376251
1.376251
1.374522
1.374522
1.207085
1.207085
1.129344
1.129344
1.275348
1.275348
1.067722
1.067722
1.297927
1.297927
1.220071
1.220071
1.362015
1.362015
1.104832
1.104832
1.291708
1.291708
1.313437
1.313437
1.270767
1.270767
1.350611
1.350611
1.284199
1.284199
1.276402
1.276402
1.255695
1.255695
1.186173
1.186173
1.191072
1.191072
1.294486
1.294486
1.388316
1.318994
1.318994
1.388316
1.288569
1.288569
1.347268
1.347268
1.060832
1.060832
1.307020
1.307020
1.353340
1.353340
1.133961
1.133961
1.313067
1.313067
1.233710
1.233710
1.339524
1.339524
1.278447
1.278447
1.216693
1.216693
1.219380
1.219380
1.370193
1.370193
1.304359
1.304359
1.364642
1.364642
1.388934
1.388934
1.390564
1.390564
1.194429
1.194429
1.262279
1.262279
1.261521
1.261521
1.197550
1.197550
1.372399
1.372399
1.362119
1.362119
1.319307
1.319307
1.358436
1.358436
1.387799
1.387799
1.371103
1.371103
1.167050
1.167050
1.167912
1.167912
1.389980
1.389980
1.342970
1.342970
1.193848
1.193848
1.107705
1.107705
1.351770
1.351770
1.183698
1.183698
1.342967
1.342967
1.349447
1.349447
1.292344
1.292344
1.306826
1.306826
1.098564
1.098564
1.337335
1.337335
1.291050
1.291050
1.357792
1.357792
1.333250
1.333250
1.383934
1.383934
1.333423
1.333423
1.372693
1.372693
1.320432
1.320432
1.281170
1.281170
1.339951
1.339951
1.291848
1.291848
1.388256
1.388256
1.279157
1.279157
1.364332
1.364332
1.329666
1.329666
