1.248438
1.248438
1.344927
1.344927
1.397226
1.397226
1.101526
1.376785
1.101526
1.398770
1.398770
1.376785
1.250115
1.250115
1.324968
1.316066
1.316066
1.324968
1.355020
1.355020
1.275811
1.275811
1.336333
1.189268
1.189268
1.336333
1.396042
1.396042
1.283576
1.283576
1.243150
1.243150
1.254734
1.254734
1.354306
1.354306
1.209685
1.209685
1.286954
1.286954
1.300527
1.300527
1.245191
1.315871
1.315871
1.245191
1.395047
1.395047
1.172079
1.172079
1.175494
1.175494
1.377492
1.377492
1.196066
1.196066
1.075489
1.075489
1.280730
1.280730
1.370876
1.370876
1.253404
1.253404
1.108825
1.108825
1.163375
1.163375
1.120885
1.120885
1.358624
1.358624
1.148536
1.148536
1.335419
1.335419
1.384939
1.384939
1.263880
1.263880
1.344170
1.344170
1.368253
1.368253
1.109648
1.212810
1.212810
1.109648
1.150300
1.150300
1.112658
1.112658
1.377166
1.377166
1.045839
1.355051
1.045839
1.355051
1.199333
1.199333
1.237744
1.237744
1.386098
1.386098
1.269610
1.269610
1.118401
1.118401
1.202381
1.202381
1.286231
1.286231
1.079557
1.335062
1.079557
1.335062
1.398082
1.398082
1.369689
1.369689
1.288497
1.288497
1.357566
1.357566
1.214427
1.214427
1.234009
1.234009
1.245305
1.361261
1.361261
1.245305
1.193614
1.193614
1.179272
1.179272
1.269317
1.269317
1.331365
1.331365
1.280254
1.280254
1.293179
1.293179
1.334994
1.334994
1.300685
1.300685
1.248499
1.248499
1.309235
1.309235
1.365737
1.365737
1.317308
1.317308
1.366531
1.366531
1.161849
1.161849
1.386943
1.386943
1.294396
1.294396
1.153397
1.153397
1.393895
1.393895
1.053876
1.053876
1.352574
1.352574
1.296693
1.296693
1.393033
1.393033
1.289648
1.289648
1.370443
1.370443
1.392620
1.392620
1.241451
1.241451
1.142943
1.142943
1.232161
1.232161
1.349961
1.349961
1.306421
1.306421
1.292909
1.292909
1.126443
1.126443
1.304703
1.304703
1.258498
1.203330
1.258498
1.203330
1.153277
1.153277
1.287238
1.287238
1.397400
1.397400
1.257918
1.257918
1.216442
1.216442
1.134214
1.134214
1.128369
1.128369
1.243061
1.243061
1.071787
1.071787
1.337233
1.337233
1.099477
1.099477
1.327472
1.379947
1.379947
1.327472
1.333463
1.333463
1.222079
1.222079
1.326843
1.326843
1.370769
1.370769
1.390420
1.390420
1.241638
1.241638
1.283612
1.283612
1.164389
1.164389
1.372291
1.372291
1.385135
1.385135
1.319647
1.319647
1.340576
1.340576
1.346138
1.346138
1.357893
1.357893
1.240818
1.240818
1.100320
1.100320
1.244476
1.244476
1.393494
1.393494
1.394859
1.394859
1.396183
1.396183
1.354414
1.354414
1.346168
1.346168
1.312847
1.312847
1.386775
1.386775
1.282263
1.282263
1.206459
1.206459
1.332667
1.332667
1.302022
1.302022
1.233661
1.233661
1.326432
1.326432
1.339541
1.339541
1.351831
1.351831
1.327616
1.327616
1.355538
1.355538
1.338517
1.338517
1.348019
1.348019
1.100359
1.100359
1.368545
1.368545
1.198615
1.198615
1.124665
1.124665
1.392983
1.392983
1.340633
1.340633
1.262978
1.262978
1.150491
1.150491
1.240276
1.240276
1.305654
1.396353
1.305654
1.396353
1.240276
1.240276
1.200712
1.200712
1.196643
1.196643
1.349466
1.349466
1.272141
1.272141
1.121006
1.121006
1.343564
1.343564
1.391132
1.391132
1.395573
1.395573
1.365079
1.365079
1.364259
1.364259
1.375103
1.375103
1.058758
1.058758
1.145177
1.145177
1.294976
1.294976
1.237338
1.237338
1.382149
1.382149
1.348451
1.348451
1.218047
1.218047
1.139927
1.139927
1.275545
1.275545
1.294758
1.294758
1.391251
1.391251
1.369321
1.369321
1.279958
1.279958
1.393541
1.393541
1.323418
1.323418
1.363823
1.363823
1.362235
1.362235
1.391181
1.391181
1.363649
1.363649
1.261587
1.261587
1.238582
1.238582
1.099427
1.099427
1.138610
1.138610
1.293933
1.293933
1.380201
1.380201
1.172562
1.172562
1.363731
1.363731
1.369877
1.369877
1.299106
1.299106
1.310805
1.310805
1.339304
1.339304
1.361118
1.361118
1.322432
1.322432
1.325889
1.325889
1.323554
1.323554
1.331450
1.331450
1.145004
1.145004
1.189667
1.189667
1.354856
1.354856
1.341722
1.341722
1.354319
1.354319
1.372687
1.372687
1.311607
1.311607
1.338157
1.338157
1.177573
1.177573
1.274454
1.274454
1.363143
1.363143
1.293052
1.293052
1.304721
1.304721
1.359053
1.359053
1.322998
1.322998
1.377469
1.377469
1.209041
1.209041
1.386996
1.386996
1.308773
1.308773
1.337821
1.337821
1.269850
1.269850
1.277969
1.277969
1.350702
1.350702
1.347009
1.347009
1.392297
1.392297
1.393920
1.393920
1.321832
1.321832
1.394405
1.394405
1.103657
1.103657
1.339043
1.339043
1.180369
1.180369
1.229576
1.229576
1.295607
1.295607
1.357349
1.357349
1.181238
1.181238
1.206397
1.206397
1.353758
1.365013
1.353758
1.365013
1.330875
1.330875
1.370591
1.370591
1.286310
1.286310
1.330725
1.330725
1.210217
1.210217
1.388946
1.388946
1.283569
1.283569
1.232309
1.232309
1.225790
1.225790
1.146625
1.146625
1.382617
1.382617
1.394418
1.394418
1.102513
1.102513
1.373143
1.373143
1.020051
1.020051
1.058630
1.058630
1.250107
1.250107
1.344262
1.344262
1.369535
1.369535
1.376534
1.376534
1.287491
1.287491
1.123758
1.123758
1.383519
1.383519
1.349345
1.349345
1.275945
1.275945
1.368000
1.368000
1.298672
1.298672
1.227113
1.227113
1.290808
1.290808
1.115882
1.115882
1.351182
1.351182
1.342539
1.342539
1.374147
1.374147
1.210172
1.210172
1.258263
1.258263
1.190121
1.190121
1.206549
1.206549
1.344977
1.344977
1.191162
1.191162
1.370624
1.370624
1.137051
1.137051
1.082556
1.082556
1.224273
1.224273
1.017754
1.017754
1.133776
1.133776
1.342272
1.342272
1.398002
1.398002
1.316534
1.316534
1.360538
1.360538
1.293100
1.293100
1.374642
1.374642
1.309890
1.309890
1.171989
1.171989
1.124870
1.124870
1.385345
1.385345
1.305309
1.305309
1.287842
1.287842
1.198414
1.198414
1.072263
1.072263
1.234106
1.234106
1.372369
1.372369
