1.023625
1.023625
1.373812
1.373812
1.153738
1.298794
1.298794
1.153738
1.205404
1.205404
1.210091
1.210091
1.394546
1.394546
1.396527
1.396527
1.303944
1.303944
1.327913
1.327913
1.228959
1.331160
1.265304
1.228959
1.265304
1.331160
1.363660
1.363660
1.354818
1.354818
1.345509
1.345509
1.332994
1.332994
1.370373
1.370373
1.311384
1.311384
1.198218
1.198218
1.326934
1.326934
1.338726
1.338726
1.312556
1.312556
1.106415
1.106415
1.339586
1.339586
1.108169
1.108169
1.117407
1.117407
1.390464
1.390464
1.249096
1.249096
1.067542
1.067542
1.301522
1.301522
1.198157
1.198157
1.299899
1.299899
1.265656
1.334336
1.265656
1.334336
1.243511
1.243511
1.291713
1.291713
1.390168
1.390168
1.291691
1.291691
1.132103
1.132103
1.226019
1.226019
1.343633
1.343633
1.230605
1.230605
1.303894
1.303894
1.266196
1.266196
1.320525
1.320525
1.270369
1.270369
1.284090
1.284090
1.378738
1.378738
1.174144
1.174144
1.262533
1.262533
1.309899
1.309899
1.391186
1.391186
1.383710
1.383710
1.242252
1.242252
1.278154
1.278154
1.236674
1.121447
1.236674
1.121447
1.277444
1.277444
1.373380
1.373380
1.388600
1.388600
1.354541
1.354541
1.224836
1.224836
1.305723
1.305723
1.290248
1.290248
1.367989
1.367989
1.383506
1.383506
1.394618
1.394618
1.369120
1.369120
1.153928
1.153928
1.280430
1.280430
1.128545
1.128545
1.232162
1.232162
1.216954
1.216954
1.326951
1.326951
1.285144
1.285144
1.311162
1.311162
1.309886
1.309886
1.264805
1.264805
1.183397
1.183397
1.388964
1.388964
1.389302
1.389302
1.141723
1.141723
1.375523
1.316620
1.375523
1.316620
1.379758
1.379758
1.343327
1.343327
1.396137
1.396137
1.305171
1.305171
1.381664
1.381664
1.264637
1.264637
1.292831
1.292831
1.395419
1.395419
1.324012
1.324012
1.362930
1.362930
1.230001
1.230001
1.334819
1.334819
1.396773
1.396773
1.341230
1.341230
1.395484
1.395484
1.235833
1.235833
1.228751
1.228751
1.355757
1.355757
1.281272
1.281272
1.063580
1.063580
1.065146
1.065146
1.221799
1.221799
1.377364
1.377364
1.394250
1.394250
1.274836
1.274836
1.380759
1.380759
1.342809
1.342809
1.072098
1.072098
1.336126
1.336126
1.314577
1.314577
1.214204
1.214204
1.250816
1.250816
1.143108
1.143108
1.344817
1.344817
1.332264
1.332264
1.315246
1.315246
1.368235
1.368235
1.121980
1.121980
1.376855
1.376855
1.307411
1.307411
1.204356
1.204356
1.383242
1.383242
1.331088
1.331088
1.385234
1.385234
1.096477
1.096477
1.317638
1.317638
1.368897
1.368897
1.272521
1.272521
1.347432
1.347432
1.182116
1.182116
1.319222
1.319222
1.290651
1.290651
1.244169
1.244169
1.228735
1.228735
1.250797
1.250797
1.363635
1.363635
1.356242
1.356242
1.304252
1.304252
1.340849
1.340849
1.249548
1.249548
1.294549
1.294549
1.234759
1.234759
1.267579
1.267579
1.396313
1.396313
1.217862
1.217862
1.340348
1.340348
1.294996
1.294996
1.367102
1.367102
1.368162
1.368162
1.368627
1.368627
1.355238
1.355238
1.304428
1.304428
1.394321
1.394321
1.374885
1.374885
1.241048
1.241048
1.314701
1.314701
1.315328
1.315328
1.342053
1.342053
1.092104
1.092104
1.373128
1.373128
1.114590
1.114590
1.145177
1.145177
1.345404
1.345404
1.260346
1.260346
1.208025
1.208025
1.364107
1.364107
1.282981
1.282981
1.109184
1.109184
1.209838
1.209838
1.330658
1.330658
1.323671
1.323671
1.355244
1.355244
1.385590
1.385590
1.189220
1.189220
1.388760
1.388760
1.235981
1.235981
1.242605
1.242605
1.278866
1.278866
1.102618
1.102618
1.345830
1.345830
1.339284
1.339284
1.225634
1.225634
1.374189
1.374189
1.104316
1.104316
1.146866
1.146866
1.218807
1.218807
