1.331490
1.331490
1.085453
1.085453
1.294098
1.294098
1.267115
1.267115
1.306031
1.306031
1.165861
1.165861
1.120644
1.120644
1.173379
1.173379
1.082287
1.082287
1.338034
1.338034
1.384143
1.384143
1.154572
1.154572
1.322642
1.322642
1.288923
1.288923
1.185361
1.185361
1.203307
1.203307
1.386471
1.386471
1.319620
1.319620
1.238263
1.238263
1.147533
1.147533
1.254648
1.254648
1.337703
1.337703
1.357778
1.357778
1.272896
1.272896
1.211256
1.211256
1.301449
1.301449
1.346748
1.346748
1.282596
1.282596
1.342635
1.342635
1.231853
1.231853
1.320459
1.320459
1.283934
1.360057
1.283934
1.360057
1.214808
1.214808
1.393677
1.393677
1.286373
1.286373
1.396786
1.396786
1.235725
1.235725
1.389349
1.389349
1.293568
1.293568
1.399422
1.300459
1.300459
1.399422
1.161096
1.161096
1.341512
1.341512
1.276171
1.276171
1.208133
1.208133
1.297354
1.297354
1.382104
1.382104
1.201731
1.201731
1.337236
1.337236
1.146544
1.146544
1.369997
1.369997
1.265424
1.265424
1.373082
1.373082
1.230003
1.230003
1.192468
1.192468
1.362368
1.362368
1.385625
1.385625
1.258694
1.258694
1.250662
1.250662
1.377799
1.377799
1.273703
1.273703
1.278117
1.278117
1.325912
1.325912
1.233050
1.233050
1.340971
1.340971
1.255122
1.255122
1.313224
1.313224
1.253277
1.253277
1.069745
1.069745
1.345475
1.345475
1.374845
1.374845
1.095017
1.095017
1.393038
1.393038
1.295744
1.295744
1.292949
1.292949
1.313340
1.313340
1.274219
1.274219
1.192603
1.192603
1.342567
1.342567
1.285025
1.285025
1.396832
1.396832
1.338550
1.338550
1.307309
1.307309
1.087607
1.087607
1.254007
1.254007
1.123137
1.123137
1.246497
1.246497
1.360540
1.360540
1.120889
1.120889
1.303033
1.303033
1.103216
1.103216
1.250486
1.250486
1.391887
1.391887
1.329246
1.329246
1.149587
1.149587
1.264246
1.264246
1.312568
1.312568
1.324884
1.324884
1.220427
1.220427
1.181134
1.181134
1.347663
1.347663
1.307966
1.307966
1.340173
1.340173
1.297549
1.297549
1.355563
1.355563
1.302903
1.302903
1.137977
1.137977
1.361829
1.361829
1.204459
1.204459
1.328797
1.328797
1.340265
1.340265
1.178391
1.178391
1.260209
1.260209
1.251989
1.251989
1.346428
1.346428
1.350533
1.350533
1.395903
1.395903
1.342472
1.342472
1.234441
1.234441
1.160516
1.160516
1.303453
1.303453
1.282470
1.282470
1.379463
1.379463
1.396065
1.396065
1.394954
1.394954
1.376496
1.376496
1.279998
1.279998
1.399313
1.399313
1.269634
1.269634
1.270214
1.270214
1.126723
1.126723
1.347469
1.347469
1.265249
1.265249
1.195718
1.195718
1.392453
1.392453
1.398427
1.398427
1.381243
1.381243
1.287704
1.287704
1.381117
1.381117
1.190752
1.190752
1.099893
1.099893
1.323602
1.323602
1.267847
1.267847
1.354088
1.354088
1.252621
1.252621
1.342926
1.342926
1.292395
1.292395
1.290161
1.290161
1.278578
1.278578
1.115783
1.115783
1.265330
1.265330
1.303842
1.303842
1.389306
1.389306
1.281245
1.281245
1.165565
1.165565
1.225103
1.225103
1.332821
1.332821
1.103092
1.103092
1.094582
1.094582
1.355381
1.355381
1.342586
1.342586
1.321832
1.321832
1.271466
1.271466
1.330246
1.330246
1.380874
1.380874
1.243246
1.243246
1.360932
1.360932
1.265464
1.265464
1.392969
1.392969
1.245052
1.245052
1.311216
1.311216
1.137309
1.137309
1.342720
1.342720
1.383176
1.383176
1.385310
1.385310
1.302153
1.302153
1.370623
1.370623
1.383376
1.383376
1.293947
1.293947
1.251728
1.251728
1.140813
1.140813
1.222007
1.222007
1.239024
1.239024
1.158069
1.158069
1.249136
1.249136
