1.306481
1.306481
1.358266
1.358266
1.380266
1.380266
1.315967
1.315967
1.223027
1.223027
1.239497
1.239497
1.293070
1.293070
1.242576
1.242576
1.376841
1.376841
1.204046
1.204046
1.372348
1.372348
1.288891
1.288891
1.108496
1.108496
1.197964
1.197964
1.279217
1.279217
1.383149
1.383149
1.347236
1.347236
1.214506
1.214506
1.362159
1.362159
1.339746
1.339746
1.263886
1.263886
1.373731
1.373731
1.307144
1.307144
1.398637
1.398637
1.382428
1.372310
1.382428
1.372310
1.347561
1.347561
1.352964
1.352964
1.336955
1.336955
1.270076
1.270076
1.372622
1.372622
1.396662
1.396662
1.368904
1.368904
1.190784
1.190784
1.268056
1.268056
1.397840
1.397840
1.316746
1.316746
1.369642
1.193901
1.193901
1.369642
1.276974
1.276974
1.234549
1.234549
1.076487
1.260071
1.260071
1.076487
1.203889
1.203889
1.230423
1.230423
1.312632
1.312632
1.389764
1.389764
1.389971
1.389971
1.379854
1.379854
1.247093
1.247093
1.109375
1.109375
1.193055
1.193055
1.333959
1.333959
1.283088
1.283088
1.308535
1.308535
1.129425
1.129425
1.356654
1.356654
1.345651
1.345651
1.336688
1.336688
1.359314
1.359314
1.129368
1.129368
1.273009
1.273009
1.342774
1.342774
1.067607
1.067607
1.084484
1.084484
1.283698
1.283698
1.303282
1.303282
1.337213
1.337213
1.366735
1.366735
1.389532
1.389532
1.392683
1.392683
1.109305
1.201676
1.201676
1.109305
1.363367
1.363367
1.389609
1.389609
1.281425
1.281425
1.253734
1.253734
1.111373
1.111373
1.344790
1.344790
1.374705
1.374705
1.395888
1.395888
1.070551
1.070551
1.299910
1.299910
1.201571
1.201571
1.185863
1.185863
1.232845
1.232845
1.314597
1.314597
1.293378
1.293378
1.395898
1.395898
1.013246
1.013246
1.384609
1.384609
1.245398
1.245398
1.236375
1.236375
1.100945
1.100945
1.361092
1.361092
1.213125
1.213125
1.290219
1.290219
1.374669
1.374669
1.316620
1.316620
1.195890
1.195890
1.281691
1.281691
1.378331
1.378331
1.340122
1.340122
1.180587
1.180587
1.309730
1.309730
1.224054
1.224054
1.339197
1.339197
1.251035
1.251035
1.314583
1.314583
1.109727
1.109727
1.382984
1.382984
1.085920
1.085920
1.369226
1.369226
1.145781
1.145781
1.210227
1.210227
1.243849
1.243849
1.355156
1.355156
1.276253
1.276253
1.372115
1.372115
1.098096
1.098096
1.136094
1.136094
1.326138
1.326138
1.355181
1.208633
1.355181
1.208633
1.116408
1.052273
1.052273
1.116408
1.142898
1.142898
1.334183
1.334183
1.311341
1.311341
1.150609
1.150609
1.388039
1.388039
1.301379
1.301379
1.392305
1.392305
1.362676
1.362676
1.354921
1.354921
1.334247
1.334247
1.268442
1.268442
1.165217
1.165217
1.264129
1.264129
1.237155
1.237155
1.249543
1.249543
1.245827
1.245827
1.398678
1.398678
1.336032
1.336032
1.313987
1.313987
1.303018
1.303018
1.257843
1.257843
1.331054
1.331054
1.019102
1.019102
1.163087
1.163087
1.395670
1.395670
1.334373
1.334373
1.321224
1.321224
1.379913
1.379913
1.172994
1.172994
1.159377
1.159377
1.398903
1.398903
1.336561
1.336561
1.248318
1.248318
1.286720
1.286720
1.234158
1.234158
1.219949
1.219949
1.260708
1.260708
1.372090
1.372090
1.064099
1.064099
1.312503
1.312503
1.232093
1.232093
1.393107
1.393107
1.264282
1.264282
1.361814
1.317354
1.317354
1.361814
1.125295
1.125295
1.325742
1.325742
1.396035
1.396035
1.257809
1.257809
1.250100
1.250100
1.330217
1.330217
1.306450
1.306450
1.227039
1.227039
1.070792
1.070792
1.283196
1.283196
1.275051
1.275051
1.180225
1.180225
1.356877
1.356877
1.397561
1.397561
1.074715
1.279264
1.074715
1.279264
1.288945
1.288945
1.162178
1.162178
1.305953
1.305953
1.246106
1.246106
1.204495
1.204495
1.175720
1.175720
1.105184
1.105184
1.186648
1.186648
1.381853
1.381853
1.255507
1.255507
1.251860
1.251860
1.284079
1.284079
1.165709
1.165709
1.138684
1.138684
1.398495
1.398495
1.312157
1.312157
1.364222
1.364222
1.329924
1.329924
1.361525
1.361525
1.342905
1.342905
1.327977
1.327977
1.239304
1.322827
1.322827
1.239304
1.336945
1.336945
1.396241
1.396241
1.215426
1.215426
1.348095
1.348095
1.388943
1.388943
1.076377
1.076377
1.379614
1.379614
1.275518
1.275518
1.380047
1.380047
1.344461
1.344461
1.385022
1.385022
1.286054
1.286054
1.365067
1.365067
1.207360
1.207360
1.172033
1.172033
1.328730
1.328730
1.178837
1.178837
1.370341
1.370341
1.319332
1.319332
1.335476
1.335476
1.360486
1.360486
1.358923
1.358923
1.267627
1.267627
1.392057
1.392057
1.333509
1.333509
1.073968
1.073968
1.124339
1.124339
1.367852
1.367852
1.313383
1.313383
1.337412
1.337412
1.361544
1.361544
1.344918
1.344918
1.160628
1.160628
1.308728
1.308728
1.316768
1.316768
1.393942
1.393942
1.289357
1.289357
1.395975
1.395975
1.386843
1.386843
1.336361
1.336361
1.178577
1.178577
1.206310
1.206310
1.328628
1.328628
1.380301
1.380301
1.379596
1.379596
1.234624
1.234624
1.244033
1.244033
1.395156
1.395156
1.149351
1.149351
1.346950
1.346950
1.054814
1.054814
1.261791
1.265082
1.265082
1.261791
1.255853
1.255853
1.315477
1.315477
1.101937
1.101937
1.335322
1.335322
1.095845
1.095845
1.050484
1.050484
1.392626
1.392626
1.204872
1.204872
1.123092
1.123092
1.368496
1.368496
1.286435
1.286435
1.358955
1.358955
1.217749
1.217749
1.242126
1.242126
1.295643
1.295643
