1.399866
1.399866
1.184648
1.184648
1.384218
1.384218
1.333136
1.333136
1.143332
1.143332
1.333981
1.333981
1.361584
1.361584
1.056735
1.056735
1.061447
1.061447
1.298958
1.298958
1.352443
1.352443
1.186818
1.186818
1.387120
1.387120
1.342074
1.342074
1.087693
1.087693
1.278200
1.278200
1.328032
1.328032
1.352823
1.352823
1.229781
1.229781
1.383226
1.383226
1.267971
1.267971
1.326976
1.326976
1.093297
1.093297
1.350453
1.350453
1.109283
1.109283
1.354153
1.354153
1.367937
1.367937
1.208076
1.387873
1.208076
1.387873
1.361242
1.361242
1.307781
1.307781
1.173427
1.173427
1.302233
1.302233
1.262393
1.262393
1.181307
1.181307
1.312880
1.312880
1.252405
1.252405
1.397222
1.397222
1.383068
1.383068
1.377351
1.377351
1.075307
1.325816
1.325816
1.075307
1.392907
1.392907
1.356004
1.356004
1.351070
1.351070
1.303149
1.319647
1.319647
1.303149
1.304349
1.304349
1.008624
1.008624
1.278491
1.278491
1.294850
1.294850
1.363418
1.363418
1.237812
1.237812
1.368218
1.368218
1.297569
1.297569
1.394628
1.394628
1.224564
1.227007
1.224564
1.227007
1.228314
1.228314
1.251056
1.251056
1.242656
1.242656
1.132126
1.132126
1.200547
1.200547
1.375369
1.375369
1.333814
1.232797
1.333814
1.232797
1.375218
1.375218
1.311375
1.311375
1.348765
1.348765
1.297205
1.297205
1.368128
1.368128
1.357667
1.357667
1.290100
1.326304
1.326304
1.290100
1.171731
1.171731
1.380717
1.380717
1.162533
1.162533
1.207108
1.207108
1.320663
1.320663
1.285776
1.285776
1.391082
1.391082
1.264368
1.264368
1.247055
1.247055
1.245969
1.245969
1.275813
1.275813
1.343700
1.343700
1.358437
1.358437
1.341854
1.341854
1.277940
1.277940
1.224515
1.224515
1.329179
1.329179
1.339270
1.339270
1.341735
1.341735
1.159902
1.159902
1.366545
1.366545
1.142387
1.142387
1.382078
1.382078
1.165828
1.165828
1.354357
1.354357
1.345213
1.345213
1.370512
1.370512
1.351090
1.351090
1.346780
1.346780
1.395576
1.395576
1.292416
1.292416
1.133866
1.133866
1.244924
1.244924
1.302764
1.302764
1.180932
1.180932
1.353635
1.353635
1.249250
1.249250
1.340050
1.340050
1.381441
1.381441
1.293242
1.293242
1.045598
1.045598
1.195432
1.195432
1.305951
1.305951
1.278119
1.278119
1.360098
1.360098
1.175937
1.175937
1.349237
1.349237
1.286785
1.286785
1.399219
1.399219
1.396767
1.396767
1.375026
1.375026
1.175437
1.362878
1.175437
1.362878
1.154178
1.154178
1.221212
1.221212
1.216712
1.216712
1.321450
1.321450
1.170966
1.170966
1.089675
1.089675
1.381812
1.381812
1.120532
1.120532
1.397042
1.397042
1.351673
1.351673
1.354422
1.354422
1.399698
1.399698
1.339678
1.339678
1.191211
1.191211
1.384447
1.384447
1.268472
1.268472
1.285887
1.285887
1.270674
1.270674
1.365973
1.365973
1.300267
1.300267
1.384906
1.384906
1.308243
1.308243
1.229640
1.229640
1.184895
1.184895
1.256570
1.256570
1.395952
1.395952
1.361203
1.361203
1.240135
1.240135
1.378210
1.378210
1.057730
1.057730
1.304096
1.304096
1.366937
1.366937
1.259737
1.259737
1.249712
1.249712
1.338058
1.338058
1.398107
1.398107
1.360940
1.360940
1.171057
1.171057
1.171725
1.171725
1.223613
1.223613
1.359035
1.359035
1.279754
1.279754
1.395515
1.395515
1.162096
1.162096
1.239919
1.239919
1.362743
1.362743
1.380275
1.380275
1.190081
1.190081
1.099527
1.099527
1.289114
1.289114
1.341968
1.341968
1.061493
1.061493
1.073276
1.073276
1.372304
1.372304
1.331323
1.331323
1.218288
1.218288
1.195111
1.195111
1.334930
1.334930
1.217742
1.217742
1.214064
1.214064
1.290626
1.290626
1.349318
1.349318
1.390540
1.390540
1.337907
1.337907
1.234955
1.234955
1.382951
1.382951
1.206820
1.206820
1.275956
1.275956
1.251181
1.251181
1.320530
1.320530
1.395221
1.395221
1.345427
1.345427
1.229016
1.148452
1.148452
1.229016
1.285927
1.285927
1.168317
1.168317
1.381637
1.381637
1.178551
1.178551
1.258319
1.258319
1.361074
1.361074
1.394026
1.394026
1.277101
1.277101
1.305650
1.305650
1.391025
1.391025
1.264998
1.264998
1.317619
1.317619
1.072510
1.072510
1.232966
1.232966
1.258285
1.258285
1.328791
1.328791
1.343306
1.343306
1.233440
1.233440
1.234933
1.234933
1.274227
1.274227
1.268968
1.268968
1.128221
1.128221
