1.329424
1.329424
1.279122
1.279122
1.168663
1.168663
1.316389
1.316389
1.388203
1.388203
1.133906
1.133906
1.310216
1.310216
1.256944
1.256944
1.371784
1.371784
1.306660
1.306660
1.300983
1.300983
1.397550
1.397550
1.361989
1.361989
1.230383
1.230383
1.066107
1.066107
1.160026
1.160026
1.340384
1.340384
1.328850
1.328850
1.360664
1.360664
1.380842
1.380842
1.163480
1.163480
1.105900
1.105900
1.335920
1.335920
1.297947
1.297947
1.396305
1.396305
1.306670
1.306670
1.384043
1.384043
1.310249
1.310249
1.393832
1.393832
1.353952
1.353952
1.303006
1.303006
1.266433
1.266433
1.227390
1.227390
1.171177
1.171177
1.255287
1.255287
1.284421
1.284421
1.266327
1.266327
1.320352
1.320352
1.193902
1.193902
1.338727
1.338727
1.338624
1.338624
1.247663
1.247663
1.166253
1.166253
1.253902
1.253902
1.383048
1.383048
1.324608
1.324608
1.309124
1.309124
1.160701
1.160701
1.339848
1.339848
1.336230
1.336230
1.268320
1.268320
1.200579
1.200579
1.254534
1.254534
1.266288
1.266288
1.388294
1.388294
1.364427
1.364427
1.209770
1.209770
1.342403
1.166804
1.213051
1.342403
1.213051
1.166804
1.187480
1.187480
1.285525
1.285525
1.340421
1.340421
1.192398
1.192398
1.329618
1.329618
1.352469
1.352469
1.373743
1.373743
1.335979
1.335979
1.388754
1.388754
1.290550
1.290550
1.293715
1.293715
1.240365
1.240365
1.202514
1.202514
1.272621
1.272621
1.252403
1.252403
1.237199
1.237199
1.230348
1.230348
1.313725
1.313725
1.348639
1.348639
1.303989
1.303989
1.215750
1.215750
1.240320
1.240320
1.288512
1.288512
1.223329
1.223329
1.241493
1.241493
1.209384
1.209384
1.338077
1.338077
1.375311
1.375311
1.345087
1.345087
1.305704
1.305704
1.299241
1.299241
1.285761
1.285761
1.330839
1.330839
1.301400
1.301400
1.389193
1.389193
1.239953
1.239953
1.174729
1.174729
1.346866
1.293305
1.293305
1.346866
1.295972
1.295972
1.274428
1.274428
1.374549
1.374549
1.329130
1.329130
1.389713
1.301700
1.389713
1.301700
1.200948
1.200948
1.267680
1.267680
1.323789
1.323789
1.239022
1.239022
1.358591
1.358591
1.209409
1.209409
1.230071
1.230071
1.293600
1.293600
1.323341
1.323341
1.112935
1.112935
1.333374
1.333374
1.113479
1.113479
1.309857
1.309857
1.357814
1.357814
1.388183
1.388183
1.324170
1.324170
1.309794
1.309794
1.392315
1.392315
1.324146
1.324146
1.374709
1.313834
1.313834
1.374709
1.301471
1.301471
1.343909
1.343630
1.343909
1.343630
1.247903
1.247903
1.309914
1.309914
1.284342
1.284342
1.270480
1.270480
1.329224
1.329224
1.340933
1.340933
1.243585
1.243585
1.383985
1.383985
1.244223
1.244223
1.261893
1.261893
1.039644
1.039644
1.278333
1.278333
1.370488
1.370488
1.206101
1.206101
1.276166
1.276166
1.371508
1.371508
1.130524
1.130524
1.376095
1.376095
1.198830
1.198830
1.253120
1.253120
1.390201
1.390201
1.347357
1.347357
1.381053
1.381053
1.258429
1.258429
1.349613
1.349613
1.287101
1.287101
1.305176
1.305176
1.136233
1.136233
1.293814
1.293814
1.219245
1.219245
1.336208
1.336208
1.223860
1.223860
1.263019
1.263019
1.309551
1.309551
1.372587
1.372587
1.189458
1.189458
1.228307
1.228307
1.393670
1.393670
1.389289
1.389289
1.316462
1.316462
1.174366
1.174366
1.235805
1.235805
1.005424
1.005424
1.366764
1.366764
1.225380
1.225380
1.278127
1.278127
1.234422
1.234422
1.390653
1.390653
1.196163
1.196163
1.367777
1.367777
1.254803
1.254803
1.119390
1.119390
1.252937
1.252937
1.328868
1.328868
1.183782
1.183782
1.330665
1.330665
1.192333
1.192333
1.356077
1.356077
1.229148
1.229148
1.320929
1.320929
1.264540
1.264540
1.376267
1.376267
1.286065
1.286065
1.365803
1.365803
1.391214
1.391214
1.172381
1.172381
1.254043
1.254043
1.394150
1.394150
1.260148
1.260148
1.377128
1.377128
1.151377
1.151377
1.308949
1.308949
1.118572
1.118572
1.351960
1.351960
1.370039
1.370039
1.313970
1.313970
1.381416
1.381416
1.296707
1.296707
1.185156
1.185156
1.139623
1.139623
1.361981
1.361981
1.244998
1.244998
1.268160
1.268160
1.376824
1.376824
1.316069
1.316069
1.208809
1.208809
1.323028
1.323028
1.383043
1.383043
1.286817
1.286817
1.226165
1.226165
1.219231
1.219231
1.340351
1.340351
1.340261
1.340261
1.288261
1.288261
1.309934
1.309934
1.351862
1.351862
1.336013
1.336013
1.249529
1.249529
1.304869
1.304869
1.259206
1.259206
1.273625
1.273625
1.206656
1.206656
