1.387919
1.387919
1.389868
1.389868
1.235274
1.235274
1.369035
1.383913
1.369035
1.358015
1.358015
1.383913
1.389300
1.389300
1.250262
1.250262
1.163751
1.163751
1.354819
1.354819
1.370447
1.370447
1.369505
1.369505
1.141804
1.141804
1.049296
1.049296
1.369209
1.369209
1.275652
1.275652
1.169606
1.169606
1.216534
1.216534
1.164409
1.164409
1.357394
1.357394
1.361359
1.361359
1.358904
1.358904
1.073677
1.073677
1.286911
1.286911
1.355533
1.355533
1.247180
1.247180
1.241153
1.345165
1.345165
1.241153
1.383301
1.383301
1.384564
1.384564
1.185266
1.185266
1.037893
1.037893
1.190638
1.190638
1.331794
1.388857
1.388857
1.331794
1.302442
1.302442
1.345872
1.337147
1.337147
1.345872
1.242411
1.242411
1.310155
1.310155
1.255126
1.255126
1.392176
1.392176
1.371935
1.371935
1.234388
1.234388
1.386211
1.386211
1.159586
1.159586
1.305217
1.305217
1.335278
1.335278
1.195543
1.195543
1.380193
1.380193
1.304992
1.304992
1.239479
1.239479
1.313732
1.313732
1.030761
1.030761
1.384455
1.384455
1.205524
1.205524
1.177758
1.177758
1.393459
1.393459
1.168614
1.168614
1.169824
1.169824
1.380977
1.380977
1.391007
1.391007
1.395009
1.395009
1.377440
1.377440
1.364631
1.379532
1.379532
1.364631
1.399296
1.399296
1.309610
1.309610
1.149966
1.149966
1.301875
1.301875
1.344412
1.344412
1.345571
1.345571
1.364414
1.364414
1.219338
1.219338
1.327657
1.394818
1.327657
1.394818
1.133150
1.133150
1.349358
1.349358
1.167954
1.167954
1.259010
1.259010
1.216519
1.216519
1.296128
1.296128
1.113213
1.113213
1.254723
1.254723
1.304154
1.304154
1.187997
1.171746
1.171746
1.187997
1.245392
1.245392
1.358366
1.358366
1.219710
1.219710
1.388424
1.342243
1.388424
1.342243
1.388719
1.388719
1.340251
1.340251
1.166314
1.166314
1.237520
1.237520
1.351433
1.351433
1.386836
1.386836
1.157938
1.157938
1.365750
1.365750
1.130884
1.130884
1.362342
1.362342
1.251489
1.251489
1.261760
1.261760
1.357619
1.357619
1.161083
1.161083
1.039835
1.039835
1.233068
1.233068
1.329402
1.329402
1.281395
1.281395
1.340899
1.340899
1.265996
1.265996
1.243691
1.243691
1.390255
1.390255
1.051876
1.051876
1.387836
1.387836
1.306991
1.306991
1.363464
1.363464
1.200634
1.200634
1.281962
1.281962
1.067378
1.067378
1.394619
1.394619
1.117049
1.117049
1.214326
1.287359
1.214326
1.287359
1.355286
1.355286
1.224739
1.224739
1.227205
1.227205
1.356657
1.356657
1.192553
1.192553
1.365317
1.365317
1.226652
1.226652
1.074936
1.074936
1.362551
1.362551
1.372789
1.372789
1.192406
1.192406
1.235994
1.235994
1.286632
1.286632
1.399106
1.399106
1.288062
1.288062
1.329301
1.329301
1.385625
1.385625
1.371953
1.371953
1.287003
1.287003
1.138467
1.138467
1.380315
1.380315
1.269215
1.269215
1.289333
1.289333
1.073403
1.073403
1.196687
1.196687
1.130282
1.130282
1.392417
1.392417
1.377358
1.377358
1.380097
1.380097
1.134688
1.134688
1.365360
1.365360
1.302973
1.302973
1.381709
1.381709
1.056483
1.056483
1.260330
1.260330
1.191753
1.191753
1.307994
1.307994
1.319543
1.319543
1.353030
1.353030
1.394413
1.394413
1.239816
1.239816
1.237207
1.237207
1.142883
1.142883
1.311507
1.311507
1.156708
1.156708
1.267012
1.267012
1.235373
1.235373
1.319891
1.319891
1.357240
1.357240
1.113898
1.113898
1.245299
1.245299
1.354112
1.354112
1.372137
1.372137
1.289243
1.289243
1.379829
1.379829
1.366418
1.366418
1.165046
1.165046
1.063438
1.063438
1.350856
1.350856
1.235503
1.235503
1.119797
1.222880
1.222880
1.119797
1.240747
1.240747
1.372321
1.372321
1.264497
1.264497
1.140308
1.140308
1.217698
1.217698
1.297168
1.297168
1.267660
1.267660
1.384604
1.384604
1.152764
1.152764
1.392555
1.392555
1.369071
1.369071
1.277121
1.277121
1.246222
1.246222
1.369549
1.369549
1.328562
1.328562
1.288867
1.288867
1.240000
1.240000
1.362734
1.362734
1.220560
1.220560
1.398297
1.398297
1.350359
1.350359
1.316484
1.316484
1.212320
1.212320
1.255330
1.255330
1.176674
1.176674
1.233945
1.233945
1.275405
1.275405
1.352724
1.352724
1.347183
1.347183
1.387964
1.387964
1.399656
1.399656
1.343018
1.343018
1.147537
1.147537
1.327394
1.327394
1.364466
1.364466
1.313966
1.313966
1.094039
1.094039
1.214643
1.214643
1.387170
1.387170
1.372126
1.372126
1.259528
1.259528
1.066314
1.066314
1.391502
1.391502
1.306105
1.306105
1.038501
1.038501
1.356159
1.356159
1.261823
1.261823
1.330383
1.330383
1.225483
1.225483
1.372083
1.372083
1.365509
1.365509
1.341970
1.341970
1.368034
1.368034
1.250222
1.250222
1.333919
1.333919
1.147143
1.147143
1.397875
1.397875
1.296297
1.296297
1.390645
1.390645
1.393765
1.393765
1.162149
1.162149
1.290708
1.290708
1.278162
1.278162
1.394354
1.394354
1.100160
1.100160
1.349202
1.349202
1.312282
1.312282
1.260557
1.260557
1.334642
1.334642
1.238913
1.238913
1.239505
1.239505
1.313689
1.313689
1.348417
1.348417
1.178536
1.178536
1.090048
1.090048
1.347806
1.347806
1.099710
1.099710
1.290071
1.290071
1.324040
1.324040
1.358712
1.358712
1.330857
1.330857
1.399187
1.399187
1.382054
1.382054
1.335136
1.335136
1.187980
1.187980
1.301974
1.301974
1.210911
1.210911
1.305755
1.305755
1.230121
1.230121
1.364893
1.364893
1.287753
1.287753
1.373962
1.373962
1.154846
1.154846
1.031078
1.031078
1.212681
1.212681
1.287499
1.287499
1.344470
1.344470
1.396738
1.396738
1.271314
1.271314
1.252616
1.252616
1.306741
1.306741
1.224643
1.224643
1.335233
1.335233
1.281457
1.281457
1.357445
1.357445
1.236700
1.236700
1.389257
1.389257
1.287004
1.287004
1.328807
1.328807
1.292429
1.292429
1.359081
1.359081
1.319505
1.319505
1.212931
1.212931
1.268244
1.268244
1.290657
1.290657
1.217190
1.217190
1.397551
1.397551
1.291825
1.291825
1.152301
1.152301
1.172729
1.172729
1.202635
1.202635
1.379741
1.379741
1.359000
1.359000
1.301750
1.301750
1.225389
1.225389
1.380877
1.380877
1.311451
1.311451
1.339317
1.339317
1.309803
1.309803
1.211673
1.211673
1.247272
1.247272
1.197476
1.197476
1.396789
1.396789
1.311989
1.311989
1.238095
1.238095
1.268930
1.268930
1.059900
1.059900
1.193913
1.193913
1.397613
1.397613
1.337543
1.337543
1.250999
1.250999
1.336004
1.336004
1.090478
1.090478
1.394854
1.394854
1.050866
1.050866
1.332429
1.332429
1.274567
1.274567
