1.396271
1.396271
1.101976
1.101976
1.218836
1.218836
1.266606
1.266606
1.227255
1.227255
1.377198
1.305209
1.377198
1.305209
1.126134
1.126134
1.263321
1.263321
1.371998
1.371998
1.368090
1.368090
1.224341
1.224341
1.387241
1.387241
1.231351
1.231351
1.302485
1.302485
1.364651
1.364651
1.303404
1.303404
1.360316
1.360316
1.309664
1.309664
1.391294
1.391294
1.377670
1.377670
1.253597
1.253597
1.219059
1.219059
1.278980
1.278980
1.176242
1.261330
1.261330
1.176242
1.360799
1.360799
1.232011
1.232011
1.303511
1.303511
1.399745
1.399745
1.212979
1.212979
1.295270
1.295270
1.278714
1.278714
1.272507
1.272507
1.376447
1.376447
1.107964
1.107964
1.050202
1.395353
1.050202
1.395353
1.364658
1.364658
1.304777
1.304777
1.134697
1.134697
1.114597
1.114597
1.308855
1.308855
1.304801
1.304801
1.348166
1.348166
1.292508
1.292508
1.264389
1.264389
1.293173
1.293173
1.117998
1.117998
1.202560
1.202560
1.289838
1.289838
1.347593
1.347593
1.328881
1.328881
1.114642
1.114642
1.355016
1.355016
1.326594
1.326594
1.266098
1.266098
1.355053
1.355053
1.295824
1.295824
1.373412
1.373412
1.090813
1.090813
1.229447
1.229447
1.247476
1.247476
1.326714
1.326714
1.395423
1.395423
1.367418
1.367418
1.227977
1.227977
1.306814
1.306814
1.138678
1.138678
1.200175
1.200175
1.144635
1.144635
1.324647
1.324647
1.257925
1.257925
1.157105
1.157105
1.376553
1.376553
1.060062
1.060062
1.338676
1.338676
1.077566
1.077566
1.306580
1.306580
1.332304
1.332304
1.254921
1.254921
1.151909
1.151909
1.324943
1.324943
1.147576
1.147576
1.129377
1.129377
1.319352
1.319352
1.221059
1.221059
1.211881
1.211881
1.274588
1.274588
1.351705
1.351705
1.295041
1.295041
1.345901
1.345901
1.380196
1.380196
1.312371
1.312371
1.334378
1.334378
1.276396
1.276396
1.291225
1.291225
1.293722
1.293722
1.331839
1.331839
1.309950
1.309950
1.306642
1.306642
1.366000
1.366000
1.225330
1.225330
1.165064
1.165064
1.129068
1.129068
1.397966
1.397966
1.276527
1.276527
1.378693
1.378693
1.201544
1.201544
1.299077
1.299077
1.178621
1.178621
1.324127
1.317790
1.317790
1.324127
1.237850
1.237850
1.238540
1.238540
1.245898
1.245898
1.253855
1.253855
1.130459
1.130459
1.364339
1.364339
1.326702
1.326702
1.137605
1.137605
1.373197
1.373197
1.195483
1.195483
1.124545
1.124545
1.328189
1.328189
1.290432
1.290432
1.283610
1.283610
1.170383
1.170383
1.316886
1.316886
1.391379
1.391379
1.241032
1.241032
1.173821
1.173821
1.350226
1.350226
1.162535
1.162535
1.304370
1.304370
1.382746
1.382746
1.290946
1.290946
1.349225
1.349225
1.398639
1.398639
1.358585
1.358585
1.392478
1.392478
1.122424
1.122424
1.387460
1.387460
1.282676
1.282676
1.271366
1.271366
1.351081
1.351081
1.369175
1.369175
1.293456
1.293456
1.358388
1.358388
1.149135
1.149135
1.218497
1.218497
1.220249
1.220249
1.232736
1.232736
1.374433
1.374433
1.195840
1.195840
1.391143
1.391143
1.386962
1.386962
1.288905
1.288905
1.248284
1.248284
1.060263
1.060263
1.334319
1.334319
1.085558
1.085558
1.387414
1.387414
1.295964
1.295964
1.371426
1.371426
1.158908
1.158908
1.109329
1.109329
1.321618
1.321618
1.375370
1.375370
1.212522
1.212522
1.343783
1.343783
1.263625
1.263625
1.355367
1.355367
1.384129
1.384129
1.202120
1.202120
1.302177
1.302177
1.202783
1.399568
1.202783
1.399568
1.390820
1.390820
1.313467
1.313467
1.272084
1.272084
1.362197
1.362197
1.267937
1.267937
1.282785
1.282785
1.318070
1.318070
1.348401
1.348401
1.377413
1.377413
1.362704
1.362704
1.295633
1.295633
1.155802
1.155802
1.321992
1.321992
1.176965
1.176965
1.389622
1.389622
1.187226
1.134832
1.134832
1.187226
1.341355
1.341355
1.210510
1.210510
1.389611
1.389611
1.192988
1.192988
1.017187
1.377094
1.017187
1.377094
1.166640
1.166640
1.246678
1.246678
1.195689
1.195689
1.232755
1.232755
1.186848
1.186848
