1.392830
1.392830
1.353472
1.353472
1.315800
1.315800
1.384406
1.384406
1.286293
1.286293
1.093330
1.093330
1.053520
1.053520
1.383907
1.383907
1.156761
1.156761
1.257845
1.394465
1.394465
1.257845
1.276405
1.276405
1.386144
1.386144
1.389543
1.389543
1.144736
1.144736
1.284795
1.284795
1.362651
1.362651
1.199127
1.199127
1.361833
1.361833
1.380626
1.380626
1.198876
1.198876
1.330222
1.330222
1.174199
1.174199
1.375180
1.375180
1.308114
1.308114
1.250964
1.250964
1.187312
1.187312
1.319827
1.319827
1.384179
1.384179
1.328376
1.328376
1.270341
1.270341
1.350460
1.350460
1.396729
1.210265
1.396729
1.210265
1.359726
1.359726
1.367081
1.367081
1.289888
1.289888
1.318015
1.318015
1.289106
1.289106
1.198186
1.198186
1.159746
1.159746
1.294972
1.294972
1.268977
1.268977
1.382981
1.382981
1.345925
1.345925
1.340370
1.303780
1.303780
1.340370
1.254145
1.254145
1.343116
1.343116
1.370078
1.370078
1.387880
1.387880
1.147349
1.147349
1.094647
1.094647
1.207416
1.207416
1.384814
1.384814
1.396519
1.396519
1.272436
1.272436
1.386316
1.386316
1.286622
1.286622
1.390871
1.390871
1.230866
1.230866
1.369925
1.369925
1.228019
1.228019
1.391220
1.391220
1.387328
1.387328
1.235408
1.235408
1.379757
1.379757
1.313547
1.313547
1.115769
1.115769
1.391937
1.391937
1.367244
1.367244
1.242310
1.242310
1.351548
1.351548
1.302847
1.302847
1.202382
1.202382
1.396638
1.396638
1.184449
1.184449
1.302729
1.302729
1.335512
1.335512
1.313023
1.313023
1.297329
1.297329
1.151594
1.151594
1.325408
1.325408
1.294152
1.294152
1.383566
1.383566
1.232330
1.232330
1.209500
1.209500
1.078975
1.078975
1.089937
1.089937
1.394874
1.394874
1.264024
1.264024
1.291314
1.291314
1.205939
1.205939
1.394911
1.394911
1.086793
1.086793
1.396965
1.396965
1.363735
1.363735
1.347581
1.347581
1.351816
1.351816
1.379291
1.379291
1.334513
1.334513
1.342344
1.342344
1.110514
1.110514
1.343796
1.343796
1.085100
1.085100
1.351327
1.351327
1.307762
1.307762
1.309633
1.309633
1.102188
1.102188
1.318186
1.318186
1.220552
1.220552
1.224704
1.224704
1.317778
1.317778
1.223910
1.223910
1.186033
1.186033
1.109562
1.109562
1.381026
1.381026
1.178409
1.178409
1.389199
1.389199
1.213093
1.213093
1.323568
1.323568
1.386751
1.386751
1.374675
1.374675
1.164311
1.164311
1.366503
1.366503
1.327485
1.327485
1.105598
1.105598
1.322737
1.322737
1.080929
1.080929
1.238608
1.127625
1.238608
1.127625
1.119916
1.119916
1.365436
1.365436
1.343941
1.343941
1.094053
1.094053
1.113634
1.113634
1.194420
1.194420
1.284881
1.284881
1.330291
1.330291
1.372064
1.372064
1.248084
1.248084
1.196611
1.196611
1.034183
1.353957
1.034183
1.353957
1.322624
1.322624
1.158766
1.343731
1.158766
1.343731
1.223725
1.223725
1.341452
1.341452
1.389824
1.389824
1.062467
1.062467
1.362467
1.362467
1.316541
1.316541
1.333460
1.333460
1.286023
1.286023
1.384024
1.384024
1.317841
1.317841
1.289194
1.289194
1.220635
1.220635
1.378910
1.378910
1.352199
1.352199
1.249174
1.249174
1.347351
1.347351
1.379835
1.379835
1.135192
1.135192
1.339553
1.339553
1.266012
1.266012
1.234802
1.234802
1.281621
1.281621
1.142727
1.142727
1.352255
1.352255
1.327902
1.327902
1.374598
1.374598
1.295314
1.295314
1.392822
1.392822
1.247392
1.247392
1.342447
1.342447
1.275378
1.275378
1.099779
1.099779
1.121862
1.121862
1.267435
1.267435
1.241082
1.241082
1.359142
1.375921
1.359142
1.375921
1.260372
1.260372
1.357170
1.357170
1.310596
1.310596
1.215125
1.215125
1.369952
1.369952
1.138672
1.138672
1.269912
1.269912
1.386112
1.386112
1.356734
1.356734
1.384750
1.384750
1.384384
1.384384
