1.354936
1.354936
1.287602
1.287602
1.223790
1.223790
1.347070
1.347070
1.376934
1.376934
1.340430
1.340430
1.170158
1.170158
1.326113
1.326113
1.070427
1.268625
1.268625
1.070427
1.309452
1.309452
1.152421
1.152421
1.217576
1.217576
1.037390
1.037390
1.304317
1.304317
1.127673
1.127673
1.234926
1.234926
1.345396
1.345396
1.269978
1.269978
1.302782
1.302782
1.373300
1.373300
1.326310
1.326310
1.213696
1.213696
1.319740
1.319740
1.299694
1.299694
1.362860
1.362860
1.198880
1.198880
1.295468
1.295468
1.395575
1.395575
1.310633
1.310633
1.159110
1.159110
1.383768
1.383768
1.256730
1.256730
1.092689
1.092689
1.168309
1.168309
1.281664
1.281664
1.233158
1.233158
1.300846
1.300846
1.129723
1.129723
1.300329
1.300329
1.336119
1.336119
1.280171
1.280171
1.372632
1.372632
1.234021
1.234021
1.050356
1.050356
1.265830
1.265830
1.342855
1.342855
1.383960
1.261314
1.383960
1.261314
1.297323
1.297323
1.289977
1.289977
1.349121
1.349121
1.313188
1.313188
1.367522
1.367522
1.061439
1.061439
1.236849
1.236849
1.255855
1.255855
1.281754
1.281754
1.382496
1.382496
1.331295
1.331295
1.260012
1.260012
1.268466
1.268466
1.304263
1.304263
1.324214
1.324214
1.267474
1.267474
1.240722
1.240722
1.101642
1.101642
1.240234
1.240234
1.362898
1.362898
1.372037
1.372037
1.390119
1.390119
1.222986
1.222986
1.381945
1.219175
1.381945
1.219175
1.131025
1.131025
1.367528
1.367528
1.067393
1.067393
1.238827
1.238827
1.344057
1.344057
1.212051
1.212051
1.319547
1.319547
1.356165
1.356165
1.224494
1.224494
1.152746
1.152746
1.392788
1.392788
1.279901
1.279901
1.291434
1.307483
1.307483
1.291434
1.103350
1.103350
1.268791
1.268791
1.379630
1.379630
1.153031
1.153031
1.326242
1.326242
1.320321
1.320321
1.388913
1.388913
1.386736
1.386736
1.390316
1.343501
1.390316
1.343501
1.228320
1.228320
1.232101
1.232101
1.268201
1.268201
1.347943
1.347943
1.156711
1.156711
1.378327
1.378327
1.084477
1.084477
1.159031
1.159031
1.385081
1.385081
1.386429
1.386429
1.120423
1.120423
1.342784
1.342784
1.260870
1.260870
1.192104
1.192104
1.393568
1.393568
1.390679
1.390679
1.218223
1.218223
1.248659
1.248659
1.303059
1.303059
1.369324
1.369324
1.260397
1.260397
1.170942
1.170942
1.224447
1.224447
1.248788
1.248788
1.298487
1.298487
1.265079
1.265079
1.255973
1.255973
1.278414
1.278414
1.292145
1.292145
1.385390
1.385390
1.386982
1.386982
1.353402
1.353402
1.292126
1.292126
1.334954
1.334954
1.380306
1.380306
1.331510
1.331510
1.231117
1.231117
1.092590
1.092590
1.391817
1.391817
1.367266
1.367266
1.362295
1.362295
1.207021
1.207021
1.398887
1.398887
1.352115
1.352115
1.382039
1.382039
1.112615
1.112615
1.153019
1.153019
1.394115
1.311668
1.311668
1.394115
1.358434
1.358434
1.134092
1.134092
1.381670
1.381670
1.275739
1.275739
1.318161
1.318161
1.249283
1.249283
1.249697
1.249697
1.284683
1.284683
1.291831
1.291831
1.300741
1.300741
1.061272
1.061272
1.221967
1.221967
1.292170
1.292170
1.396284
1.396284
1.395950
1.395950
1.386535
1.386535
1.376540
1.376540
1.359413
1.359413
1.364805
1.364805
1.385453
1.385453
1.347789
1.347789
1.214062
1.214062
1.314913
1.314913
1.394751
1.394751
1.394999
1.394999
1.332622
1.269654
1.332622
1.269654
1.371884
1.371884
1.127714
1.127714
1.157746
1.157746
1.149656
1.149656
1.099182
1.099182
1.304026
1.304026
1.253434
1.253434
1.232816
1.232816
1.352089
1.352089
1.163589
1.163589
1.308457
1.308457
1.294131
1.294131
1.310838
1.310838
1.379584
1.379584
1.390204
1.390204
1.132140
1.132140
1.304242
1.304242
1.309038
1.309038
1.333138
1.333138
1.386132
1.386132
1.246033
1.246033
1.284682
1.284682
1.297621
1.297621
1.316317
1.316317
1.374333
1.374333
1.273470
1.273470
1.356014
1.356014
1.390383
1.390383
1.169341
1.169341
1.143914
1.143914
1.317370
1.317370
1.238855
1.238855
1.255289
1.255289
1.247061
1.247061
1.364007
1.364007
1.233450
1.233450
1.268183
1.268183
1.366758
1.366758
1.336756
1.336756
1.271374
1.271374
1.375469
1.375469
1.295916
1.295916
1.292182
1.292182
1.056132
1.056132
1.256684
1.256684
1.375940
1.375940
1.386380
1.386380
1.358930
1.358930
1.389835
1.389835
1.261038
1.261038
1.346474
1.346474
1.231357
1.231357
1.220453
1.220453
1.366485
1.366485
