1.249934
1.249934
1.385741
1.385741
1.302854
1.302854
1.384412
1.103988
1.103988
1.384412
1.302633
1.302633
1.363952
1.363952
1.218525
1.218525
1.297902
1.297902
1.135024
1.135024
1.345714
1.345714
1.205614
1.205614
1.298482
1.298482
1.247134
1.247134
1.365326
1.365326
1.311695
1.311695
1.280781
1.280781
1.274232
1.274232
1.389347
1.389347
1.108986
1.108986
1.311391
1.311391
1.231212
1.231212
1.318619
1.318619
1.097931
1.097931
1.166259
1.166259
1.392354
1.392354
1.333765
1.193348
1.333765
1.193348
1.318753
1.318753
1.247330
1.247330
1.352803
1.352803
1.395186
1.395186
1.169636
1.169636
1.339966
1.339966
1.332540
1.332540
1.353320
1.353320
1.316634
1.316634
1.269935
1.269935
1.270107
1.270107
1.388187
1.388187
1.358602
1.358602
1.288303
1.288303
1.257152
1.257152
1.162554
1.162554
1.269163
1.235337
1.235337
1.269163
1.214191
1.214191
1.219868
1.263791
1.219868
1.263791
1.100516
1.100516
1.208001
1.208001
1.341373
1.341373
1.354128
1.354128
1.287592
1.287592
1.290746
1.290746
1.372773
1.372773
1.317109
1.317109
1.381476
1.322379
1.322379
1.381476
1.311156
1.311156
1.372654
1.372654
1.388302
1.388302
1.151540
1.151540
1.314430
1.314430
1.178167
1.178167
1.345295
1.345295
1.361353
1.361353
1.239828
1.239828
1.382255
1.382255
1.163038
1.163038
1.335322
1.335322
1.308932
1.308932
1.375276
1.375276
1.363727
1.363727
1.295806
1.295806
1.285441
1.285441
1.149345
1.149345
1.249355
1.249355
1.388930
1.388930
1.373886
1.373886
1.389142
1.389142
1.399040
1.399040
1.389193
1.389193
1.250876
1.250876
1.308748
1.308748
1.399772
1.399772
1.388859
1.388859
1.183987
1.183987
1.052131
1.052131
1.166307
1.166307
1.353097
1.353097
1.270691
1.270691
1.129577
1.129577
1.245210
1.245210
1.325757
1.325757
1.392257
1.392257
1.389732
1.389732
1.385758
1.385758
1.247737
1.247737
1.372043
1.372043
1.393333
1.393333
1.145349
1.145349
1.232267
1.232267
1.228992
1.228992
1.351517
1.351517
1.265502
1.265502
1.189431
1.189431
1.388960
1.388960
1.206655
1.206655
1.385771
1.385771
1.313344
1.313344
1.386548
1.386548
1.245366
1.245366
1.354805
1.354805
1.294358
1.294358
1.323469
1.323469
1.358030
1.358030
1.382973
1.382973
1.184708
1.184708
1.251846
1.251846
1.345904
1.345904
1.337509
1.337509
1.094342
1.094342
1.224883
1.224883
1.274075
1.274075
1.326949
1.326949
1.342795
1.342795
1.237791
1.237791
1.377582
1.377582
1.384554
1.384554
1.306145
1.306145
1.350244
1.350244
1.348994
1.348994
1.195071
1.195071
1.392461
1.392461
1.195778
1.195778
1.348141
1.348141
1.196150
1.196150
1.326913
1.326913
1.395731
1.395731
1.328160
1.328160
1.385643
1.385643
1.359898
1.359898
1.235824
1.235824
1.309296
1.309296
1.303688
1.303688
1.222715
1.222715
1.195095
1.195095
1.386499
1.386499
1.381450
1.381450
1.390293
1.390293
1.343164
1.343164
1.343219
1.343219
1.239112
1.239112
1.267496
1.267496
1.222696
1.222696
1.332813
1.332813
1.309052
1.309052
1.275342
1.275342
1.345294
1.345294
1.321673
1.321673
1.359638
1.359638
1.231955
1.231955
1.345859
1.345859
1.250864
1.250864
1.070784
1.070784
1.394989
1.394989
1.269392
1.269392
1.312467
1.312467
1.315984
1.315984
1.227697
1.227697
1.117573
1.117573
1.251699
1.251699
1.231253
1.231253
1.322988
1.322988
1.231119
1.377102
1.231119
1.377102
1.371931
1.371931
1.176688
1.176688
1.266349
1.266349
1.385216
1.385216
1.356986
1.356986
1.184522
1.184522
1.358531
1.358531
1.321448
1.321448
1.289574
1.289574
1.393450
1.393450
1.372226
1.372226
1.081844
1.081844
1.364460
1.364460
1.295243
1.295243
1.303498
1.303498
1.274494
1.274494
1.286035
1.286035
1.208604
1.208604
1.380295
1.380295
1.052982
1.052982
1.334584
1.334584
1.242308
1.242308
1.383241
1.383241
1.348556
1.348556
1.330618
1.330618
1.169663
1.169663
1.261374
1.261374
1.396680
1.396680
1.181645
1.181645
1.249149
1.249149
1.260450
1.260450
1.324767
1.324767
1.153730
1.153730
1.372499
1.372499
1.398280
1.398280
1.308032
1.308032
1.331928
1.331928
1.180368
1.180368
1.379548
1.379548
1.214620
1.214620
1.154348
1.154348
1.211304
1.211304
1.326146
1.326146
1.337240
1.337240
1.093545
1.093545
1.360498
1.360498
1.373134
1.373134
1.243037
1.243037
