1.334157
1.334157
1.166498
1.166498
1.362547
1.362547
1.169488
1.169488
1.303655
1.303655
1.299109
1.263692
1.299109
1.263692
1.338629
1.338629
1.298547
1.298547
1.348734
1.348734
1.279915
1.279915
1.206546
1.206546
1.290804
1.290804
1.202175
1.202175
1.266652
1.266652
1.270726
1.270726
1.287079
1.287079
1.239676
1.239676
1.344792
1.344792
1.368668
1.368668
1.379115
1.379115
1.375982
1.375982
1.392365
1.392365
1.203824
1.203824
1.299186
1.299186
1.335723
1.335723
1.254199
1.254199
1.149089
1.149089
1.371869
1.371869
1.380968
1.380968
1.365020
1.292190
1.365020
1.292190
1.295283
1.295283
1.233610
1.233610
1.172384
1.172384
1.055187
1.055187
1.306983
1.306983
1.192560
1.192560
1.390559
1.242283
1.242283
1.390559
1.254572
1.254572
1.266420
1.266420
1.353946
1.353946
1.122724
1.122724
1.236811
1.236811
1.387784
1.387784
1.379197
1.379197
1.281645
1.281645
1.179069
1.179069
1.358144
1.365181
1.222210
1.365181
1.358144
1.222210
1.315915
1.315915
1.235960
1.235960
1.347026
1.347026
1.085500
1.085500
1.291419
1.291419
1.224044
1.224044
1.323807
1.323807
1.340773
1.340773
1.101794
1.101794
1.197935
1.197935
1.381685
1.381685
1.138274
1.138274
1.378715
1.378715
1.307970
1.307970
1.389393
1.389393
1.399371
1.316753
1.399371
1.316753
1.350896
1.350896
1.376763
1.376763
1.205517
1.205517
1.139836
1.139836
1.317860
1.317860
1.306028
1.306028
1.250690
1.250690
1.163081
1.163081
1.390814
1.390814
1.182042
1.182042
1.098424
1.098424
1.140321
1.140321
1.390046
1.390046
1.389145
1.389145
1.272830
1.272830
1.070950
1.070950
1.244194
1.244194
1.363350
1.363350
1.232343
1.232343
1.112274
1.112274
1.338544
1.338544
1.373764
1.373764
1.319100
1.319100
1.273393
1.273393
1.378559
1.378559
1.288752
1.288752
1.354588
1.354588
1.252959
1.252959
1.302029
1.302029
1.099590
1.099590
1.249330
1.249330
1.261572
1.261572
1.317829
1.317829
1.390302
1.390302
1.314529
1.314529
1.267459
1.267459
1.207197
1.207197
1.088977
1.088977
1.319474
1.319474
1.225667
1.225667
1.296956
1.296956
1.193407
1.193407
1.297798
1.297798
1.371766
1.371766
1.320528
1.320528
1.267692
1.267692
1.387376
1.387376
1.322966
1.322966
1.207704
1.207704
1.330493
1.330493
1.371670
1.371670
1.267199
1.267199
1.373782
1.373782
1.356575
1.356575
1.327073
1.327073
1.243766
1.243766
1.348538
1.348538
1.321044
1.321044
1.164564
1.164564
1.332178
1.332178
1.327733
1.327733
1.275190
1.275190
1.367017
1.367017
1.368412
1.368412
1.283879
1.283879
1.163767
1.163767
1.091307
1.091307
1.342076
1.342076
1.370278
1.370278
1.356414
1.356414
1.152052
1.152052
1.255594
1.255594
1.120327
1.120327
1.297380
1.297380
1.368754
1.368754
1.299239
1.299239
1.024051
1.024051
1.303775
1.303775
1.215172
1.215172
1.293263
1.293263
1.317024
1.317024
1.338745
1.338745
1.298186
1.298186
1.355710
1.355710
1.365539
1.365539
1.383906
1.383906
1.294284
1.294284
1.378877
1.378877
1.372214
1.372214
1.396862
1.396862
1.399270
1.399270
1.356708
1.356708
1.259541
1.259541
1.327592
1.327592
1.145089
1.145089
1.293531
1.293531
1.299958
1.299958
1.115453
1.115453
1.383860
1.383860
1.214054
1.214054
1.258449
1.258449
1.274174
1.274174
1.269872
1.269872
1.142924
1.142924
1.363172
1.363172
1.351017
1.351017
1.252086
1.252086
1.393677
1.393677
1.385917
1.385917
1.303432
1.303432
1.340661
1.340661
1.186402
1.186402
1.344243
1.344243
1.193638
1.193638
1.254043
1.254043
1.293981
1.293981
1.395781
1.395781
1.172360
1.172360
1.137651
1.137651
1.073565
1.073565
1.166785
1.166785
1.368724
1.368724
1.348066
1.348066
1.255740
1.255740
1.246002
1.246002
1.157111
1.157111
1.282890
1.282890
1.264359
1.264359
1.332251
1.332251
1.330337
1.330337
1.372639
1.372639
1.394562
1.394562
1.321221
1.321221
1.301737
1.301737
1.321714
1.321714
1.295947
1.295947
1.199772
1.199772
1.334913
1.334913
1.387298
1.387298
1.365511
1.365511
1.128577
1.128577
1.352560
1.352560
1.162679
1.162679
1.370315
1.370315
1.012012
1.012012
1.091111
1.091111
1.338170
1.338170
1.288662
1.288662
1.337262
1.337262
