1.181421
1.223010
1.223010
1.181421
1.396654
1.396654
1.299872
1.299872
1.262398
1.262398
1.233443
1.139604
1.139604
1.233443
1.169754
1.169754
1.278048
1.278048
1.395444
1.395444
1.346629
1.346629
1.264932
1.264932
1.056667
1.056667
1.364504
1.364504
1.299381
1.299381
1.388251
1.388251
1.303344
1.303344
1.355250
1.355250
1.134661
1.134661
1.309686
1.097410
1.309686
1.097410
1.249483
1.249483
1.341956
1.341956
1.243229
1.243229
1.383606
1.383606
1.399575
1.399575
1.153521
1.153521
1.355428
1.355428
1.097920
1.097920
1.342782
1.342782
1.243646
1.243646
1.331772
1.331772
1.200774
1.200774
1.367632
1.367632
1.342122
1.342122
1.296483
1.296483
1.384047
1.384047
1.221630
1.221630
1.381709
1.381709
1.275161
1.275161
1.396185
1.396185
1.364454
1.399173
1.364454
1.399173
1.377104
1.377104
1.354931
1.354931
1.249420
1.249420
1.394848
1.394848
1.291848
1.291848
1.365408
1.365408
1.289895
1.289895
1.392218
1.392218
1.322805
1.322805
1.386120
1.386120
1.343891
1.343891
1.383995
1.383995
1.351073
1.351073
1.241379
1.241379
1.354924
1.354924
1.288992
1.288992
1.356104
1.356104
1.363766
1.363766
1.278768
1.278768
1.381234
1.237140
1.381234
1.237140
1.284229
1.284229
1.245322
1.245322
1.384180
1.384180
1.195967
1.195967
1.187888
1.187888
1.354513
1.354513
1.130638
1.130638
1.368522
1.368522
1.273096
1.273096
1.043155
1.043155
1.239522
1.239522
1.260948
1.260948
1.300526
1.300526
1.187837
1.187837
1.152077
1.152077
1.372749
1.372749
1.381794
1.381794
1.365864
1.365864
1.129913
1.129913
1.388509
1.388509
1.179132
1.179132
1.331844
1.331844
1.252297
1.252297
1.228319
1.228319
1.393713
1.393713
1.386901
1.386901
1.369430
1.369430
1.355242
1.355242
1.130283
1.130283
1.337398
1.337398
1.317087
1.317087
1.137974
1.137974
1.189785
1.189785
1.242602
1.242602
1.317788
1.317788
1.361927
1.361927
1.363574
1.363574
1.345630
1.345630
1.348633
1.348633
1.289359
1.289359
1.366804
1.366804
1.105580
1.105580
1.301086
1.301086
1.159599
1.159599
1.082670
1.082670
1.209332
1.209332
1.331476
1.331476
1.205422
1.205422
1.059771
1.059771
1.058327
1.058327
1.320274
1.320274
1.264706
1.264706
1.378016
1.378016
1.333802
1.333802
1.136508
1.136508
1.244079
1.244079
1.393543
1.393543
1.358049
1.358049
1.386654
1.386654
1.363341
1.363341
1.397569
1.397569
1.317425
1.317425
1.371426
1.371426
1.299222
1.299222
1.390343
1.390343
1.396583
1.396583
1.370507
1.370507
1.359550
1.359550
1.316396
1.316396
1.089615
1.089615
1.378055
1.378055
1.177119
1.177119
1.375014
1.375014
1.335327
1.335327
1.275808
1.275808
1.142912
1.142912
1.313280
1.313280
1.376652
1.376652
1.289609
1.289609
1.366367
1.366367
1.256415
1.256415
1.387523
1.387523
1.325387
1.325387
1.333506
1.333506
1.347202
1.347202
1.243098
1.243098
1.233607
1.233607
1.293497
1.293497
1.316995
1.316995
1.201428
1.201428
1.104562
1.104562
1.320878
1.320878
1.228722
1.228722
1.287740
1.287740
1.266427
1.266427
1.325141
1.325141
1.263965
1.263965
1.287766
1.287766
1.132412
1.132412
1.263084
1.263084
1.282566
1.282566
1.375584
1.375584
1.382462
1.382462
1.341417
1.341417
1.365930
1.365930
1.297985
1.297985
1.384586
1.384586
1.265642
1.265642
1.276680
1.276680
1.210092
1.210092
1.100589
1.100589
1.046554
1.046554
1.243916
1.243916
1.370577
1.370577
1.329113
1.329113
1.350708
1.350708
1.094381
1.094381
1.375028
1.375028
1.204534
1.204534
1.161968
1.161968
1.267946
1.267946
1.233792
1.233792
1.224960
1.224960
1.398423
1.398423
1.184421
1.184421
1.190700
1.190700
1.214881
1.214881
1.044751
1.044751
1.355391
1.355391
1.353168
1.353168
1.326848
1.326848
1.379674
1.379674
1.387643
1.387643
1.355576
1.355576
1.340387
1.340387
1.321799
1.321799
1.313948
1.313948
1.346861
1.346861
1.373862
1.373862
1.244406
1.244406
1.303758
1.303758
1.386403
1.386403
1.191054
1.191054
1.185812
1.185812
1.330746
1.330746
1.321451
1.321451
1.131170
1.131170
1.328339
1.328339
1.332450
1.332450
1.398703
1.398703
1.329526
1.329526
1.336674
1.336674
1.334243
1.334243
1.198441
1.198441
1.249658
1.249658
1.323982
1.323982
1.332478
1.332478
1.298333
1.315686
1.298333
1.315686
1.395644
1.395644
1.116710
1.116710
1.208941
1.208941
1.381584
1.381584
1.201857
1.201857
1.181386
1.181386
1.195432
1.195432
1.393554
1.393554
1.290621
1.290621
1.305487
1.305487
1.248354
1.248354
1.314092
1.314092
1.389662
1.389662
1.326468
1.326468
