1.191109
1.191109
1.154669
1.154669
1.388190
1.388190
1.343273
1.343273
1.069871
1.069871
1.293620
1.293620
1.333251
1.333251
1.217468
1.217468
1.394474
1.394474
1.118403
1.118403
1.319013
1.319013
1.328589
1.328589
1.310458
1.310458
1.343957
1.343957
1.283352
1.396241
1.283352
1.396241
1.311758
1.311758
1.332721
1.332721
1.308379
1.308379
1.320512
1.320512
1.236255
1.236255
1.264965
1.264965
1.383333
1.383333
1.379248
1.379248
1.377523
1.377523
1.332193
1.332193
1.229650
1.229650
1.319248
1.319248
1.319226
1.319226
1.387045
1.387045
1.335053
1.335053
1.269306
1.269306
1.111835
1.111835
1.378641
1.378641
1.040786
1.040786
1.314187
1.314187
1.367482
1.367482
1.315329
1.315329
1.236577
1.236577
1.209665
1.209665
1.275052
1.275052
1.169696
1.169696
1.347739
1.347739
1.221707
1.221707
1.272252
1.272252
1.063455
1.063455
1.291920
1.291920
1.326467
1.326467
1.397212
1.397212
1.264437
1.264437
1.344424
1.344424
1.282166
1.282166
1.380559
1.380559
1.173781
1.173781
1.286696
1.190086
1.190086
1.286696
1.362103
1.362103
1.095656
1.095656
1.353700
1.353700
1.344629
1.291178
1.291178
1.344629
1.195511
1.195511
1.086109
1.086109
1.321666
1.321666
1.372114
1.372114
1.392299
1.392299
1.175520
1.175520
1.307249
1.307249
1.369682
1.369682
1.273421
1.273421
1.354500
1.354500
1.355588
1.355588
1.275368
1.275368
1.269265
1.269265
1.369581
1.369581
1.311096
1.311096
1.396087
1.396087
1.220828
1.220828
1.147201
1.147201
1.261325
1.261325
1.342015
1.342015
1.399739
1.399739
1.395494
1.395494
1.378172
1.378172
1.174900
1.174900
1.301644
1.301644
1.220379
1.220379
1.200444
1.200444
1.222930
1.222930
1.251515
1.251515
1.241288
1.241288
1.341210
1.341210
1.249280
1.249280
1.183025
1.183025
1.239133
1.239133
1.379421
1.379421
1.363809
1.363809
1.320763
1.320763
1.377323
1.377323
1.376246
1.376246
1.251409
1.251409
1.369035
1.369035
1.101521
1.101521
1.173266
1.173266
1.342454
1.342454
1.391491
1.391491
1.137142
1.137142
1.061440
1.061440
1.115033
1.115033
1.161553
1.161553
1.392858
1.392858
1.133409
1.133409
1.280672
1.280672
1.367304
1.367304
1.297151
1.297151
1.336947
1.336947
1.135827
1.135827
1.282423
1.282423
1.351500
1.351500
1.321274
1.321274
1.260310
1.260310
1.321449
1.321449
1.305778
1.305778
1.399034
1.399034
1.236608
1.236608
1.260271
1.260271
1.118538
1.118538
1.246761
1.246761
1.298921
1.298921
1.382910
1.382910
1.389095
1.389095
1.357056
1.357056
1.163951
1.163951
1.380807
1.380807
1.255380
1.255380
1.288611
1.288611
1.279200
1.279200
1.361693
1.361693
1.330578
1.330578
1.265260
1.265260
1.197878
1.252628
1.252628
1.197878
1.194513
1.194513
1.369665
1.369665
1.353398
1.353398
1.394313
1.394313
1.176213
1.176213
1.293293
1.293293
1.148838
1.148838
1.303079
1.303079
1.383091
1.383091
1.342901
1.342901
1.360192
1.360192
1.181389
1.181389
1.192094
1.192094
1.169304
1.169304
1.297166
1.297166
1.304386
1.304386
1.223011
1.223011
1.088865
1.088865
1.371507
1.371507
1.315353
1.315353
1.212606
1.212606
1.179629
1.179629
1.382595
1.382595
1.393034
1.393034
1.321125
1.321125
1.172495
1.172495
1.321293
1.321293
1.344846
1.344846
1.290829
1.290829
1.362660
1.362660
1.381857
1.381857
1.398586
1.398586
1.313661
1.313661
1.392695
1.392695
1.325809
1.325809
1.274075
1.274075
1.307990
1.307990
1.186590
1.186590
1.282236
1.282236
1.251644
1.251644
1.244212
1.244212
1.300054
1.300054
1.112325
1.338159
1.112325
1.338159
1.309173
1.309173
1.305743
1.305743
1.145808
1.145808
1.290126
1.290126
1.221721
1.221721
1.344281
1.344281
1.299975
1.299975
1.333502
1.333502
1.375557
1.375557
1.258731
1.258731
1.342186
1.342186
1.095554
1.095554
1.374785
1.374785
1.382348
1.382348
1.079688
1.079688
1.200165
1.200165
1.370233
1.370233
1.254738
1.254738
1.284575
1.284575
1.347610
1.347610
1.246763
1.246763
1.305893
1.305893
1.394944
1.394944
1.218455
1.218455
1.308651
1.308651
1.283728
1.283728
1.381338
1.381338
1.315024
1.315024
1.366869
1.366869
1.217539
1.217539
1.070245
1.070245
1.334935
1.334935
1.321112
1.321112
1.237121
1.237121
1.300872
1.300872
1.265844
1.265844
1.308368
1.308368
1.226649
1.226649
1.344602
1.344602
1.311460
1.311460
1.380228
1.380228
