1.381045
1.381045
1.286896
1.286896
1.270086
1.270086
1.368098
1.374291
1.374291
1.368098
1.348051
1.348051
1.320178
1.320178
1.122707
1.122707
1.362482
1.362482
1.179412
1.362175
1.362175
1.179412
1.329133
1.329133
1.176953
1.176953
1.216475
1.216475
1.319040
1.319040
1.339404
1.339404
1.197739
1.197739
1.127319
1.127319
1.225942
1.142369
1.225942
1.142369
1.199707
1.199707
1.230865
1.230865
1.386547
1.386547
1.160214
1.160214
1.156741
1.156741
1.262937
1.262937
1.226218
1.226218
1.362013
1.362013
1.320033
1.320033
1.300080
1.300080
1.198589
1.198589
1.369179
1.369179
1.121742
1.121742
1.279590
1.279590
1.328979
1.328979
1.264019
1.264019
1.260770
1.260770
1.351502
1.351502
1.348556
1.348556
1.376590
1.376590
1.348752
1.348752
1.219427
1.219427
1.350329
1.350329
1.325363
1.325363
1.220282
1.220282
1.296171
1.296171
1.228392
1.228392
1.212659
1.212659
1.156565
1.156565
1.274515
1.274515
1.386825
1.386825
1.397837
1.397837
1.162488
1.162488
1.219712
1.363500
1.219712
1.363500
1.346156
1.346156
1.354908
1.354908
1.038237
1.038237
1.308838
1.308838
1.287251
1.287251
1.350085
1.350085
1.187398
1.187398
1.265854
1.265854
1.331254
1.331254
1.301142
1.301142
1.355879
1.355879
1.356663
1.356663
1.182408
1.182408
1.110829
1.110829
1.189748
1.189748
1.352644
1.352644
1.270542
1.270542
1.312011
1.312011
1.203715
1.340111
1.203715
1.340111
1.239506
1.239506
1.209388
1.209388
1.308799
1.308799
1.203183
1.203183
1.260351
1.260351
1.382256
1.382256
1.234079
1.234079
1.252468
1.252468
1.340294
1.340294
1.357275
1.357275
1.398937
1.398937
1.340819
1.340819
1.308151
1.308151
1.363212
1.363212
1.231786
1.231786
1.275539
1.275539
1.374348
1.374348
1.392579
1.392579
1.178352
1.178352
1.290517
1.290517
1.365129
1.365129
1.188203
1.188203
1.357771
1.357771
1.226852
1.226852
1.296277
1.296277
1.372202
1.372202
1.378566
1.378566
1.399281
1.399281
1.394469
1.394469
1.196210
1.196210
1.028240
1.028240
1.178177
1.178177
1.345472
1.345472
1.308784
1.308784
1.302593
1.302593
1.216299
1.216299
1.397912
1.397912
1.227374
1.373181
1.373181
1.227374
1.137554
1.114840
1.114840
1.137554
1.128536
1.128536
1.356719
1.356719
1.392396
1.392396
1.192121
1.192121
1.309827
1.309827
1.203209
1.203209
1.289017
1.289017
1.392297
1.392297
1.261133
1.373606
1.261133
1.373606
1.337036
1.337036
1.313607
1.313607
1.317005
1.113993
1.317005
1.113993
1.198627
1.198627
1.122297
1.122297
1.352292
1.352292
1.298506
1.298506
1.224219
1.224219
1.187429
1.187429
1.331068
1.331068
1.050805
1.050805
1.077432
1.211247
1.211247
1.077432
1.075386
1.075386
1.398239
1.398239
1.160322
1.160322
1.342448
1.342448
1.371320
1.371320
1.388777
1.388777
1.283775
1.283775
1.392547
1.392547
1.177910
1.177910
1.321792
1.321792
1.380974
1.380974
1.319059
1.319059
1.252711
1.252711
1.233952
1.233952
1.185535
1.185535
1.389550
1.389550
1.395409
1.395409
1.236254
1.236254
1.343155
1.343155
1.372724
1.372724
1.284756
1.284756
1.375143
1.375143
1.231177
1.231177
1.363632
1.363632
1.264120
1.264120
1.044373
1.044373
1.210749
1.210749
1.278113
1.278113
1.292115
1.292115
1.387413
1.387413
1.306394
1.306394
1.202805
1.202805
1.299547
1.299547
1.385214
1.385214
1.364586
1.364586
1.338119
1.338119
1.227631
1.227631
1.272453
1.272453
1.369965
1.369965
1.353402
1.353402
1.385104
1.385104
1.109219
1.109219
1.295935
1.295935
1.362565
1.362565
1.377019
1.377019
1.303778
1.303778
1.371437
1.371437
1.367101
1.367101
1.355822
1.355822
1.310278
1.310278
1.360175
1.360175
1.281480
1.281480
1.248443
1.248443
1.322266
1.322266
1.390946
1.390946
1.246596
1.246596
1.137651
1.137651
1.319528
1.319528
1.358929
1.358929
1.353891
1.353891
1.134311
1.134311
1.361585
1.361585
1.206368
1.206368
1.368449
1.368449
1.151051
1.151051
1.214169
1.214169
1.248251
1.248251
1.328723
1.328723
1.198373
1.198373
1.163411
1.163411
1.279145
1.279145
1.372909
1.372909
1.193897
1.193897
1.323614
1.323614
1.355937
1.355937
1.382098
1.382098
1.393559
1.393559
1.220588
1.220588
1.295511
1.295511
1.358498
1.358498
1.266878
1.266878
1.289655
1.289655
1.399155
1.399155
1.164826
1.164826
1.303907
1.303907
1.204948
1.204948
1.135689
1.135689
1.167076
1.167076
1.372167
1.372167
1.303447
1.303447
1.353732
1.353732
1.252069
1.252069
1.295605
1.295605
1.396454
1.396454
1.316304
1.316304
1.197107
1.197107
1.365580
1.365580
1.250093
1.250093
1.323708
1.323708
1.301123
1.301123
1.260562
1.260562
1.297183
1.297183
1.378957
1.378957
1.314247
1.314247
