1.336394
1.336394
1.369036
1.369036
1.303021
1.303021
1.226445
1.226445
1.061363
1.061363
1.389337
1.389337
1.375289
1.375289
1.391043
1.391043
1.262394
1.208519
1.262394
1.359906
1.359906
1.208519
1.283714
1.283714
1.203280
1.245474
1.245474
1.203280
1.301207
1.301207
1.251031
1.327862
1.327862
1.251031
1.392744
1.392744
1.101221
1.101221
1.186771
1.186771
1.221542
1.221542
1.082346
1.082346
1.321802
1.321802
1.395904
1.395904
1.355404
1.355404
1.395238
1.395238
1.338537
1.338537
1.372375
1.372375
1.394314
1.394314
1.376389
1.376389
1.349228
1.349228
1.219252
1.219252
1.045571
1.045571
1.355436
1.355436
1.269744
1.269744
1.304793
1.304793
1.158140
1.158140
1.092487
1.092487
1.331892
1.331892
1.327001
1.327001
1.255959
1.255959
1.321720
1.321720
1.186538
1.186538
1.277765
1.277765
1.357154
1.357154
1.358024
1.358024
1.306696
1.306696
1.344577
1.344577
1.061948
1.061948
1.132248
1.132248
1.262259
1.262259
1.212978
1.212978
1.259127
1.259127
1.297094
1.297094
1.229852
1.229852
1.397737
1.397737
1.398274
1.398274
1.342454
1.342454
1.201211
1.201211
1.352637
1.352637
1.396364
1.396364
1.335447
1.335447
1.299141
1.299141
1.282626
1.282626
1.323250
1.323250
1.395092
1.395092
1.323773
1.323773
1.229940
1.229940
1.343388
1.343388
1.328153
1.328153
1.348898
1.348898
1.325270
1.325270
1.141978
1.141978
1.352088
1.352088
1.269439
1.269439
1.073290
1.073290
1.379594
1.379594
1.375527
1.375527
1.227694
1.227694
1.362668
1.362668
1.391234
1.391234
1.354733
1.354733
1.374053
1.374053
1.363952
1.363952
1.242178
1.242178
1.188478
1.188478
1.249855
1.249855
1.208439
1.208439
1.225975
1.225975
1.294336
1.294336
1.302426
1.302426
1.399800
1.399800
1.172736
1.172736
1.381634
1.381634
1.311363
1.311363
1.396025
1.396025
1.246322
1.246322
1.348045
1.348045
1.179888
1.179888
1.381308
1.381308
1.320787
1.320787
1.360538
1.360538
1.365422
1.365422
1.143789
1.143789
1.379067
1.379067
1.358802
1.358802
1.320136
1.320136
1.346682
1.346682
1.342183
1.342183
1.350292
1.350292
1.315617
1.315617
1.149124
1.149124
1.184911
1.184911
1.081863
1.081863
1.349209
1.349209
1.398834
1.398834
1.286376
1.286376
1.085251
1.085251
1.354347
1.354347
1.329665
1.190673
1.329665
1.190673
1.356066
1.356066
1.346571
1.346571
1.120699
1.120699
1.214950
1.214950
1.310870
1.310870
1.364526
1.364526
1.389675
1.389675
1.391550
1.391550
1.160404
1.160404
1.351249
1.351249
1.287907
1.287907
1.307910
1.307910
1.230172
1.230172
1.099145
1.099145
1.231160
1.231160
1.149092
1.149092
1.372829
1.372829
1.384187
1.384187
1.379974
1.379974
1.207585
1.207585
1.289854
1.289854
1.126427
1.126427
1.210365
1.210365
1.351293
1.351293
1.195381
1.195381
1.187481
1.187481
1.292148
1.292148
1.295744
1.295744
1.269822
1.269822
1.262829
1.364811
1.262829
1.364811
1.184488
1.184488
1.320463
1.320463
1.358405
1.358405
1.376065
1.376065
1.222492
1.222492
1.139856
1.139856
1.361374
1.361374
1.233520
1.233520
1.264811
1.264811
1.198345
1.198345
1.385131
1.385131
1.146468
1.146468
1.373495
1.373495
1.276966
1.276966
1.355483
1.355483
1.385091
1.385091
1.192293
1.192293
1.377662
1.377662
1.176333
1.176333
1.353814
1.353814
1.107161
1.107161
1.392028
1.392028
1.137210
1.137210
1.070059
1.070059
1.251083
1.251083
1.341578
1.341578
1.238656
1.238656
1.239819
1.239819
1.291332
1.291332
1.224028
1.224028
1.357596
1.357596
1.388919
1.388919
1.310597
1.310597
1.293916
1.293916
1.123094
1.123094
1.352346
1.352346
1.147171
1.147171
1.260221
1.260221
1.280853
1.280853
1.281696
1.281696
1.276298
1.276298
1.269430
1.269430
1.322210
1.322210
1.280177
1.280177
1.381702
1.381702
1.079398
1.079398
1.302777
1.302777
1.313847
1.313847
1.389490
1.389490
1.258275
1.258275
1.286737
1.286737
1.383675
1.383675
1.304269
1.304269
1.194823
1.194823
1.167111
1.167111
1.386141
1.386141
1.382812
1.382812
1.171992
1.171992
1.163573
1.163573
1.378829
1.378829
1.375728
1.375728
1.334536
1.334536
1.354590
1.354590
1.263566
1.263566
1.268682
1.268682
1.246565
1.246565
1.221470
1.221470
1.192546
1.192546
1.331308
1.331308
1.153003
1.153003
1.385402
1.385402
1.354759
1.354759
1.214054
1.214054
1.282367
1.282367
1.364541
1.364541
1.346487
1.346487
1.328996
1.328996
1.109095
1.109095
1.310656
1.310656
1.333007
1.333007
1.176489
1.176489
1.348872
1.348872
1.384426
1.384426
1.086762
1.086762
1.220405
1.220405
1.180259
1.180259
1.260908
1.260908
1.340758
1.340758
1.378276
1.378276
1.142963
1.142963
1.292789
1.292789
1.216438
1.216438
1.362145
1.362145
1.181662
1.181662
1.279052
1.279052
1.373107
1.373107
1.381689
1.381689
1.391534
1.391534
1.235179
1.235179
1.216854
1.216854
1.260073
1.260073
1.144479
1.144479
1.378737
1.378737
1.361466
1.361466
