1.363335
1.363335
1.181171
1.181171
1.397476
1.397476
1.396080
1.396080
1.306041
1.306041
1.392544
1.392544
1.387829
1.387829
1.363958
1.363958
1.283880
1.283880
1.350281
1.350281
1.371064
1.371064
1.225109
1.225109
1.315189
1.315189
1.276179
1.276179
1.321199
1.321199
1.318744
1.318744
1.259106
1.259106
1.329166
1.329166
1.063594
1.063594
1.236787
1.236787
1.323425
1.323425
1.233785
1.233785
1.375177
1.375177
1.130704
1.130704
1.376987
1.376987
1.368069
1.399237
1.399237
1.368069
1.256105
1.256105
1.325144
1.325144
1.086905
1.086905
1.358449
1.358449
1.352384
1.352384
1.194442
1.194442
1.246803
1.246803
1.388310
1.388310
1.357991
1.357991
1.214169
1.214169
1.180107
1.180107
1.386240
1.386240
1.258174
1.258174
1.399339
1.399339
1.335739
1.335739
1.281563
1.281563
1.205531
1.205531
1.187097
1.187097
1.160703
1.160703
1.324580
1.324580
1.363272
1.363272
1.391832
1.391832
1.276036
1.276036
1.245886
1.245886
1.396050
1.396050
1.398408
1.398408
1.068420
1.068420
1.229354
1.229354
1.245113
1.245113
1.248670
1.248670
1.028318
1.028318
1.077518
1.077518
1.110799
1.110799
1.332897
1.332897
1.212052
1.212052
1.351108
1.351108
1.243822
1.243822
1.327029
1.327029
1.060519
1.060519
1.195818
1.195818
1.350890
1.350890
1.357042
1.357042
1.387898
1.387898
1.209863
1.209863
1.269760
1.269760
1.391059
1.391059
1.076651
1.076651
1.112928
1.112928
1.389580
1.389580
1.170088
1.170088
1.275806
1.275806
1.230575
1.230575
1.301093
1.301093
1.299557
1.299557
1.099717
1.099717
1.215674
1.215674
1.247360
1.247360
1.252881
1.252881
1.325517
1.325517
1.367085
1.367085
1.291663
1.291663
1.361776
1.361776
1.345326
1.345326
1.131009
1.131009
1.226592
1.226592
1.268860
1.254115
1.254115
1.268860
1.338680
1.338680
1.360234
1.360234
1.398149
1.398149
1.358103
1.358103
1.350827
1.350827
1.258551
1.258551
1.171512
1.171512
1.325034
1.325034
1.356057
1.356057
1.153875
1.153875
1.250903
1.250903
1.361152
1.361152
1.374386
1.374386
1.321064
1.321064
1.303425
1.303425
1.119078
1.119078
1.341306
1.341306
1.326794
1.326794
1.157570
1.157570
1.251899
1.251899
1.384345
1.384345
1.298979
1.298979
1.215782
1.215782
1.283185
1.283185
1.393000
1.393000
1.238443
1.238443
1.350435
1.350435
1.364456
1.364456
1.379268
1.379268
1.233227
1.233227
1.278668
1.278668
1.276396
1.276396
1.328130
1.328130
1.394825
1.394825
1.218124
1.218124
1.241024
1.241024
1.101326
1.101326
1.391551
1.391551
1.340823
1.340823
1.320223
1.320223
1.266243
1.266243
1.152713
1.152713
1.325494
1.325494
1.271249
1.271249
1.117561
1.117561
1.321949
1.321949
1.102932
1.102932
1.157288
1.157288
1.386247
1.386247
1.289684
1.289684
1.293316
1.293316
1.391359
1.391359
1.335789
1.335789
1.386936
1.386936
1.389448
1.389448
1.387886
1.387886
1.236023
1.236023
1.122290
1.122290
1.273269
1.273269
1.285606
1.285606
1.095938
1.095938
1.393318
1.393318
1.215855
1.215855
1.235857
1.235857
1.325038
1.325038
1.372595
1.372595
1.230141
1.230141
1.358142
1.358142
1.339771
1.339771
1.059158
1.059158
1.225196
1.225196
1.195351
1.195351
1.224483
1.224483
1.373573
1.373573
1.289930
1.289930
1.328136
1.328136
1.323759
1.323759
1.296408
1.296408
1.178113
1.178113
1.092680
1.092680
1.331832
1.331832
1.272822
1.272822
1.353013
1.353013
1.095400
1.095400
1.099228
1.099228
1.299625
1.299625
1.328566
1.328566
1.319674
1.319674
1.357262
1.357262
1.357451
1.357451
1.253682
1.253682
1.346260
1.346260
1.330329
1.330329
1.298049
1.298049
1.267697
1.267697
1.230028
1.230028
1.381070
1.381070
1.348426
1.348426
1.348163
1.348163
1.377723
1.377723
1.343879
1.343879
1.280346
1.280346
1.355262
1.355262
1.348104
1.348104
1.202300
1.202300
1.074775
1.074775
