1.196409
1.196409
1.397249
1.397249
1.365214
1.365214
1.306698
1.306698
1.357205
1.357205
1.232813
1.232813
1.264331
1.264331
1.285727
1.285727
1.377021
1.377021
1.322961
1.322961
1.351423
1.351423
1.191275
1.191275
1.347067
1.347067
1.302448
1.302448
1.253593
1.143244
1.253593
1.143244
1.222570
1.222570
1.330463
1.330463
1.122261
1.122261
1.389259
1.389259
1.295514
1.295514
1.269222
1.269222
1.324374
1.324374
1.378916
1.378916
1.377551
1.377551
1.352029
1.352029
1.235808
1.235808
1.251672
1.251672
1.252638
1.252638
1.398752
1.398752
1.255649
1.255649
1.232968
1.232968
1.242692
1.242692
1.097293
1.097293
1.332344
1.332344
1.227969
1.227969
1.388991
1.388991
1.379751
1.379751
1.222657
1.222657
1.273460
1.273460
1.240862
1.240862
1.384535
1.384535
1.280330
1.280330
1.300438
1.300438
1.233436
1.233436
1.251084
1.251084
1.367342
1.367342
1.396055
1.396055
1.338994
1.338994
1.260655
1.260655
1.122552
1.122552
1.341545
1.341545
1.343134
1.343134
1.059707
1.059707
1.383315
1.383315
1.184462
1.184462
1.007835
1.007835
1.399905
1.399905
1.179697
1.179697
1.351104
1.351104
1.248051
1.248051
1.163236
1.280444
1.280444
1.163236
1.280665
1.280665
1.271159
1.271159
1.349731
1.349731
1.141994
1.141994
1.187155
1.187155
1.209324
1.209324
1.320383
1.320383
1.382960
1.382960
1.238881
1.238881
1.271500
1.271500
1.168464
1.168464
1.218720
1.218720
1.380310
1.380310
1.366657
1.366657
1.380317
1.298204
1.218018
1.380317
1.298204
1.218018
1.312714
1.312714
1.272771
1.272771
1.374511
1.374511
1.088256
1.088256
1.393072
1.393072
1.363971
1.363971
1.334227
1.334227
1.331252
1.331252
1.106722
1.106722
1.362914
1.362914
1.219366
1.219366
1.368207
1.368207
1.342485
1.342485
1.375124
1.375124
1.291495
1.291495
1.174152
1.174152
1.189116
1.189116
1.131741
1.131741
1.293303
1.293303
1.238514
1.238514
1.179116
1.179116
1.180543
1.180543
1.395679
1.395679
1.282787
1.282787
1.276713
1.276713
1.120295
1.120295
1.308755
1.308755
1.331036
1.331036
1.223492
1.223492
1.382109
1.382109
1.232701
1.232701
1.355590
1.355590
1.075745
1.075745
1.310378
1.310378
1.382748
1.382748
1.121000
1.121000
1.250976
1.250976
1.313578
1.313578
1.391341
1.391341
1.371169
1.371169
1.235176
1.235176
1.156605
1.156605
1.276092
1.276092
1.393039
1.393039
1.233214
1.233214
1.354185
1.354185
1.070965
1.070965
1.341786
1.341786
1.326352
1.326352
1.327808
1.327808
1.261856
1.261856
1.229988
1.229988
1.358829
1.358829
1.251289
1.251289
1.388231
1.388231
1.195081
1.195081
1.288567
1.288567
1.172578
1.172578
1.334119
1.334119
1.313043
1.313043
1.256676
1.256676
1.375716
1.375716
1.376543
1.376543
1.223858
1.223858
1.101718
1.101718
1.099279
1.099279
1.270923
1.270923
1.337687
1.337687
1.170698
1.170698
1.389354
1.389354
1.362941
1.362941
1.193007
1.193007
1.196092
1.196092
1.051533
1.051533
1.361534
1.361534
1.275922
1.275922
1.258013
1.258013
1.159304
1.159304
1.356967
1.356967
1.315026
1.315026
1.258632
1.258632
1.226455
1.226455
1.233633
1.233633
1.386531
1.386531
1.183061
1.183061
1.288538
1.288538
1.379611
1.379611
1.305354
1.305354
1.373359
1.373359
1.306273
1.306273
1.386977
1.386977
1.376726
1.376726
1.289139
1.289139
1.080026
1.080026
1.328787
1.328787
1.296985
1.296985
1.256011
1.256011
1.239684
1.239684
1.266660
1.266660
1.385718
1.385718
1.208696
1.208696
1.306387
1.306387
1.286198
1.286198
1.153096
1.153096
1.303609
1.303609
1.232163
1.232163
1.359533
1.359533
1.227277
1.227277
1.103835
1.103835
1.392773
1.392773
1.157639
1.157639
1.142374
1.142374
1.362611
1.362611
1.293343
1.293343
1.383803
1.383803
1.236692
1.236692
1.399275
1.399275
1.380247
1.380247
1.391677
1.391677
1.374628
1.374628
1.389570
1.389570
1.141730
1.141730
1.136048
1.136048
1.365761
1.365761
1.131199
1.131199
1.376202
1.376202
1.374804
1.374804
1.203328
1.203328
1.349506
1.349506
1.250181
1.250181
1.179608
1.179608
1.389709
1.389709
1.315809
1.315809
1.347441
1.347441
1.284188
1.284188
1.315311
1.315311
1.234621
1.234621
1.248274
1.248274
1.177090
1.177090
1.332695
1.332695
1.396984
1.396984
1.368373
1.368373
1.245857
1.245857
1.254962
1.254962
1.324130
1.324130
1.286209
1.286209
1.292439
1.292439
1.378221
1.378221
1.397089
1.397089
1.384363
1.384363
1.266432
1.266432
1.253612
1.253612
1.108749
1.108749
1.038395
1.038395
1.296715
1.296715
1.303509
1.303509
1.371842
1.371842
1.163888
1.163888
1.386937
1.386937
1.359512
1.359512
1.362437
1.362437
