1.331534
1.331534
1.274002
1.274002
1.159442
1.159442
1.373911
1.373911
1.309792
1.309792
1.219945
1.219945
1.234284
1.234284
1.373976
1.373976
1.379396
1.379396
1.354736
1.354736
1.316885
1.316885
1.391841
1.391841
1.389722
1.389722
1.330442
1.330442
1.329271
1.329271
1.305400
1.305400
1.197184
1.197184
1.374872
1.374872
1.341023
1.341023
1.363806
1.363806
1.096798
1.096798
1.161158
1.161158
1.298789
1.298789
1.181001
1.181001
1.347798
1.347798
1.280060
1.280060
1.164783
1.164783
1.265029
1.265029
1.152062
1.152062
1.387554
1.387554
1.052065
1.052065
1.207626
1.207626
1.303765
1.303765
1.339588
1.339588
1.377839
1.377839
1.288902
1.288902
1.363726
1.363726
1.345605
1.345605
1.375664
1.375664
1.281483
1.281483
1.367428
1.367428
1.207882
1.207882
1.281501
1.281501
1.251292
1.251292
1.280669
1.280669
1.341478
1.341478
1.198647
1.198647
1.394498
1.394498
1.384248
1.384248
1.318325
1.318325
1.259339
1.259339
1.391954
1.391954
1.306233
1.306233
1.272504
1.272504
1.331919
1.331919
1.383070
1.383070
1.355300
1.355300
1.233090
1.233090
1.349568
1.349568
1.360044
1.360044
1.326591
1.326591
1.359495
1.359495
1.397807
1.397807
1.127552
1.127552
1.155826
1.155826
1.281062
1.281062
1.333157
1.333157
1.398818
1.398818
1.385720
1.385720
1.251105
1.251105
1.324508
1.324508
1.375167
1.375167
1.397034
1.397034
1.382060
1.382060
1.331264
1.331264
1.289944
1.289944
1.316230
1.316230
1.387966
1.387966
1.220832
1.220832
1.359048
1.359048
1.201814
1.201814
1.331071
1.331071
1.346725
1.346725
1.245522
1.245522
1.136164
1.136164
1.161023
1.161023
1.134790
1.134790
1.105563
1.105563
1.276763
1.276763
1.188089
1.188089
1.237876
1.237876
1.366153
1.366153
1.381483
1.381483
1.356217
1.356217
1.297416
1.297416
1.044690
1.044690
1.260319
1.260319
1.378613
1.378613
1.277962
1.277962
1.069612
1.069612
1.100011
1.100011
1.212585
1.332886
1.212585
1.332886
1.347198
1.347198
1.366035
1.366035
1.330079
1.330079
1.179305
1.179305
1.355894
1.355894
1.370448
1.370448
1.215251
1.215251
1.307034
1.307034
1.347685
1.395950
1.395950
1.347685
1.158651
1.158651
1.287815
1.287815
1.287545
1.287545
1.360607
1.362342
1.360607
1.362342
1.333893
1.333893
1.303902
1.303902
1.035295
1.035295
1.328617
1.328617
1.360777
1.360777
1.106832
1.106832
1.371283
1.371283
1.194851
1.194851
1.334972
1.334972
1.292247
1.292247
1.295159
1.295159
1.388110
1.388110
1.184113
1.184113
1.381762
1.381762
1.108306
1.108306
1.375044
1.375044
1.277178
1.277178
1.322801
1.322801
1.242064
1.242064
1.244579
1.244579
1.260009
1.260009
1.282755
1.282755
1.279534
1.279534
1.095292
1.095292
1.281091
1.281091
1.231279
1.231279
1.396026
1.396026
1.383243
1.383243
1.138767
1.138767
1.240159
1.240159
1.308473
1.308473
1.216220
1.216220
1.328024
1.328024
1.112145
1.112145
1.186502
1.186502
1.256726
1.256726
1.326324
1.326324
1.342466
1.342466
1.140503
1.140503
1.227523
1.227523
1.325973
1.325973
1.362388
1.362388
1.364260
1.364260
1.267804
1.267804
1.199662
1.199662
1.335813
1.335813
1.148296
1.148296
1.300191
1.300191
1.396097
1.396097
1.251034
1.251034
1.390234
1.390234
1.141074
1.141074
1.236334
1.236334
1.344056
1.344056
1.359800
1.359800
1.137441
1.137441
1.347138
1.347138
1.308357
1.308357
1.322733
1.322733
1.235844
1.235844
1.140944
1.140944
1.274631
1.274631
1.368672
1.368672
1.291928
1.291928
1.315343
1.315343
1.149950
1.149950
1.324281
1.324281
1.395400
1.395400
1.143598
1.143598
1.386152
1.386152
1.238487
1.238487
1.238415
1.238415
1.379164
1.379164
1.086397
1.086397
1.393877
1.393877
1.281251
1.281251
1.202595
1.362720
1.202595
1.362720
1.366002
1.366002
1.340759
1.340759
1.254596
1.254596
1.223661
1.223661
1.373866
1.373866
1.117907
1.117907
1.329980
1.329980
1.372726
1.372726
1.240710
1.240710
1.345063
1.345063
1.303498
1.303498
1.183602
1.183602
1.325049
1.325049
1.170870
1.170870
1.366131
1.366131
1.301049
1.301049
1.196698
1.196698
1.292322
1.292322
1.370400
1.370400
1.287003
1.287003
1.192267
1.192267
1.398663
1.398663
1.255875
1.255875
1.322892
1.322892
1.172051
1.172051
1.302654
1.302654
1.271433
1.271433
1.339730
1.339730
1.201950
1.201950
1.331361
1.331361
1.371065
1.371065
1.270285
1.270285
1.183513
1.183513
1.189329
1.189329
1.313059
1.313059
1.295164
1.295164
1.345303
1.345303
1.344510
1.344510
