1.361277
1.361277
1.189661
1.189661
1.250996
1.250996
1.360059
1.360059
1.351075
1.351075
1.315650
1.315650
1.246733
1.246733
1.230222
1.230222
1.238544
1.238544
1.371597
1.371597
1.327638
1.327638
1.385332
1.385332
1.370800
1.092855
1.092855
1.370800
1.392032
1.392032
1.357897
1.357897
1.307985
1.307985
1.391777
1.391777
1.210769
1.210769
1.328866
1.328866
1.156110
1.156110
1.214271
1.214271
1.396072
1.396072
1.227226
1.227226
1.165039
1.165039
1.217802
1.344748
1.344748
1.217802
1.352450
1.352450
1.154749
1.154749
1.360079
1.360079
1.190992
1.190992
1.203283
1.203283
1.392529
1.392529
1.331167
1.331167
1.372199
1.372199
1.274379
1.274379
1.359629
1.359629
1.303958
1.303958
1.318915
1.318915
1.340392
1.340392
1.329463
1.329463
1.345431
1.345431
1.287034
1.287034
1.370984
1.370984
1.361877
1.361877
1.330440
1.330440
1.384349
1.384349
1.305410
1.305410
1.295389
1.295389
1.385515
1.385515
1.191119
1.191119
1.343655
1.343655
1.371222
1.371222
1.346915
1.346915
1.238045
1.238045
1.286458
1.286458
1.341924
1.341924
1.235266
1.235266
1.087740
1.087740
1.265759
1.265759
1.258241
1.258241
1.080323
1.080323
1.370650
1.370650
1.338133
1.338133
1.390828
1.390828
1.396840
1.396840
1.326792
1.326792
1.332006
1.332006
1.224594
1.224594
1.379028
1.379028
1.087817
1.087817
1.223008
1.223008
1.367293
1.367293
1.328651
1.328651
1.065963
1.065963
1.312522
1.312522
1.277415
1.277415
1.323923
1.323923
1.248435
1.248435
1.373335
1.373335
1.124540
1.124540
1.396364
1.396364
1.319460
1.319460
1.083339
1.083339
1.301865
1.301865
1.371199
1.371199
1.228882
1.228882
1.397982
1.397982
1.360456
1.360456
1.084902
1.084902
1.340919
1.340919
1.123578
1.123578
1.322610
1.322610
1.315706
1.315706
1.168555
1.168555
1.381333
1.381333
1.243869
1.243869
1.368735
1.368735
1.242661
1.242661
1.397631
1.397631
1.375918
1.375918
1.201378
1.201378
1.174080
1.174080
1.337840
1.337840
1.288129
1.288129
1.365831
1.365831
1.049958
1.049958
1.200826
1.200826
1.237534
1.237534
1.191572
1.191572
1.304944
1.304944
1.230040
1.230040
1.266188
1.266188
1.395682
1.395682
1.328438
1.328438
1.239961
1.239961
1.370816
1.370816
1.361483
1.361483
1.358824
1.358824
1.359541
1.359541
1.262089
1.262089
1.147833
1.147833
1.264069
1.264069
1.360049
1.360049
1.339064
1.339064
1.357111
1.357111
1.346647
1.346647
1.339199
1.339199
1.399487
1.399487
1.256978
1.256978
1.357778
1.357778
1.373071
1.373071
1.375653
1.375653
1.325188
1.325188
1.399722
1.399722
1.350249
1.350249
1.251632
1.251632
1.384323
1.384323
1.340613
1.340613
1.215435
1.215435
1.226282
1.226282
1.382607
1.382607
1.312303
1.312303
1.367468
1.367468
1.373883
1.373883
1.208935
1.208935
1.368573
1.368573
1.270226
1.270226
1.324968
1.324968
1.295477
1.295477
1.345263
1.345263
1.387248
1.387248
1.350685
1.350685
1.399124
1.399124
1.053242
1.257309
1.257309
1.053242
1.310191
1.310191
1.345084
1.345084
1.103545
1.103545
1.212978
1.212978
1.234371
1.234371
1.380656
1.380656
1.230068
1.230068
1.347905
1.383956
1.347905
1.383956
1.357656
1.215247
1.357656
1.215247
1.242987
1.242987
1.113747
1.113747
1.204029
1.204029
1.202403
1.202403
1.125815
1.125815
1.390122
1.390122
1.202599
1.202599
1.290377
1.290377
1.269235
1.269235
1.395681
1.395681
1.392559
1.392559
1.228668
1.228668
1.389144
1.389144
1.272797
1.272797
1.354221
1.354221
1.338908
1.338908
1.122693
1.122693
1.165115
1.165115
1.352822
1.352822
1.321393
1.321393
1.332309
1.332309
1.393460
1.393460
1.255228
1.255228
1.253408
1.253408
1.291006
1.291006
1.179775
1.179775
1.260703
1.260703
1.369158
1.369158
1.026259
1.026259
1.344113
1.344113
1.320817
1.320817
1.232322
1.232322
1.344261
1.344261
1.227677
1.227677
1.319176
1.319176
1.366343
1.366343
1.304221
1.304221
1.305836
1.305836
1.195342
1.195342
1.045311
1.045311
1.388520
1.388520
1.101949
1.101949
1.147033
1.147033
1.318640
1.318640
1.356981
1.356981
1.282310
1.282310
1.177927
1.177927
1.218548
1.218548
1.198284
1.198284
1.104591
1.104591
1.118740
1.118740
1.299506
1.299506
1.365421
1.365421
1.168441
1.168441
1.351048
1.351048
1.219994
1.219994
1.383064
1.383064
1.327627
1.327627
1.379822
1.379822
1.360215
1.360215
1.350900
1.350900
1.271626
1.271626
1.101133
1.101133
1.394930
1.394930
1.214297
1.214297
1.366476
1.366476
1.319886
1.319886
1.197770
1.197770
1.380162
1.380162
1.320986
1.320986
1.371768
1.371768
1.304712
1.304712
1.292005
1.292005
1.398337
1.398337
1.140315
1.140315
1.367491
1.367491
1.290349
1.290349
1.326832
1.326832
1.397068
1.397068
1.188324
1.188324
1.393873
1.393873
1.169395
1.169395
1.239911
1.239911
1.187912
1.284528
1.187912
1.284528
1.312825
1.312825
1.370261
1.370261
1.138935
1.138935
