1.291086
1.291086
1.353296
1.353296
1.355667
1.355667
1.131877
1.131877
1.384576
1.384576
1.193920
1.193920
1.386102
1.386102
1.280169
1.280169
1.081348
1.081348
1.234599
1.234599
1.142217
1.142217
1.362248
1.362248
1.365833
1.365833
1.393757
1.393757
1.186437
1.186437
1.388162
1.388162
1.121244
1.121244
1.394463
1.394463
1.110827
1.110827
1.337880
1.337880
1.351509
1.351509
1.317789
1.317789
1.320399
1.320399
1.231068
1.231068
1.193496
1.193496
1.198433
1.198433
1.224097
1.224097
1.392707
1.392707
1.367144
1.367144
1.387526
1.387526
1.208047
1.208047
1.394602
1.394602
1.166049
1.166049
1.189951
1.189951
1.227933
1.227933
1.387853
1.387853
1.363309
1.363309
1.203029
1.203029
1.282163
1.282163
1.317674
1.317674
1.296822
1.296822
1.385553
1.385553
1.219763
1.219763
1.310811
1.310811
1.330539
1.330539
1.359702
1.359702
1.384796
1.384796
1.385159
1.385159
1.396733
1.396733
1.237504
1.237504
1.328521
1.328521
1.188818
1.188818
1.340322
1.340322
1.386889
1.386889
1.363180
1.363180
1.333772
1.333772
1.129500
1.193529
1.129500
1.193529
1.396452
1.396452
1.351623
1.351623
1.396085
1.396085
1.324456
1.324456
1.194282
1.194282
1.374077
1.374077
1.155032
1.155032
1.261002
1.261002
1.114951
1.114951
1.172242
1.172242
1.343072
1.343072
1.274836
1.274836
1.230579
1.230579
1.301924
1.301924
1.359355
1.359355
1.297403
1.297403
1.282424
1.282424
1.349984
1.349984
1.357186
1.357186
1.385216
1.385216
1.350367
1.350367
1.277163
1.277163
1.322708
1.322708
1.342560
1.342560
1.361462
1.361462
1.341707
1.341707
1.390971
1.390971
1.377456
1.377456
1.371178
1.371178
1.383184
1.383184
1.333252
1.333252
1.371820
1.371820
1.173727
1.173727
1.385530
1.385530
1.285300
1.285300
1.247785
1.247785
1.241362
1.241362
1.077377
1.077377
1.386582
1.386582
1.397687
1.397687
1.278402
1.278402
1.262041
1.262041
1.352854
1.352854
1.390823
1.390823
1.353406
1.353406
1.329856
1.329856
1.358461
1.358461
1.321182
1.321182
1.384190
1.384190
1.214619
1.214619
1.082143
1.082143
1.297092
1.297092
1.294246
1.294246
1.154285
1.154285
1.264682
1.264682
1.369384
1.369384
1.268693
1.268693
1.253107
1.333058
1.253107
1.333058
1.388863
1.388863
1.158018
1.158018
1.377074
1.377074
1.363169
1.363169
1.319842
1.319842
1.284373
1.284373
1.394561
1.394561
1.362532
1.362532
1.266500
1.266500
1.161462
1.161462
1.064461
1.064461
1.071988
1.071988
1.284135
1.284135
1.358513
1.358513
1.168720
1.168720
1.199851
1.199851
1.335713
1.335713
1.389637
1.389637
1.127819
1.127819
1.322931
1.322931
1.358627
1.358627
1.231684
1.231684
1.096268
1.096268
1.372685
1.372685
1.371434
1.371434
1.323379
1.323379
1.326090
1.326090
1.326406
1.326406
1.287795
1.287795
1.326146
1.326146
1.393522
1.393522
1.370101
1.370101
1.123050
1.123050
1.348605
1.348605
1.366847
1.366847
1.190821
1.190821
1.297358
1.297358
1.264492
1.264492
1.383891
1.383891
1.159483
1.159483
1.350856
1.350856
1.273089
1.273089
1.311269
1.311269
1.338526
1.338526
1.266489
1.266489
1.145585
1.145585
1.183825
1.183825
1.366115
1.366115
1.084347
1.084347
1.261143
1.261143
1.362381
1.362381
1.109056
1.109056
1.244760
1.244760
1.090517
1.090517
1.284666
1.284666
1.106178
1.106178
1.394427
1.394427
1.395521
1.395521
1.186070
1.186070
1.149273
1.149273
1.377766
1.377766
1.395039
1.395039
1.100666
1.100666
1.108090
1.108090
1.150853
1.150853
1.375990
1.375990
1.321077
1.321077
1.381994
1.381994
1.351121
1.351121
1.348768
1.348768
1.139315
1.139315
1.338266
1.338266
1.292976
1.292976
1.315196
1.315196
1.144106
1.144106
1.341735
1.341735
1.323806
1.323806
1.241336
1.241336
1.138786
1.138786
1.295932
1.295932
1.347867
1.347867
1.385209
1.385209
1.293717
1.293717
1.364441
1.364441
1.079753
1.079753
1.212019
1.212019
1.233707
1.233707
1.255513
1.255513
1.342237
1.342237
1.295137
1.295137
1.364735
1.364735
1.295426
1.295426
1.191143
1.191143
1.226873
1.226873
1.210935
1.210935
1.261731
1.261731
1.338031
1.338031
1.230904
1.230904
1.295507
1.295507
1.195292
1.195292
1.340379
1.340379
1.310493
1.310493
1.360907
1.360907
1.190751
1.190751
1.229604
1.229604
1.372969
1.372969
1.257787
1.257787
1.184960
1.184960
1.244569
1.244569
1.127185
1.127185
1.169308
1.169308
1.178259
1.178259
1.251033
1.251033
1.317427
1.317427
