1.023745
1.023745
1.300314
1.300314
1.239826
1.239826
1.389207
1.389207
1.151326
1.151326
1.302310
1.393296
1.393296
1.302310
1.378936
1.378936
1.215935
1.215935
1.280559
1.280559
1.208361
1.208361
1.312790
1.312790
1.373634
1.373634
1.385281
1.385281
1.342254
1.342254
1.238909
1.238909
1.399502
1.399502
1.110322
1.110322
1.303030
1.303030
1.376662
1.376662
1.242915
1.242915
1.317466
1.317466
1.135124
1.135124
1.342264
1.342264
1.316356
1.316356
1.315954
1.315954
1.179477
1.179477
1.115090
1.115090
1.201575
1.201575
1.333430
1.333430
1.360749
1.360749
1.348140
1.348140
1.325478
1.325478
1.292218
1.292218
1.381182
1.381182
1.276736
1.276736
1.281972
1.281972
1.376904
1.376904
1.309181
1.309181
1.353107
1.353107
1.142564
1.142564
1.267598
1.267598
1.206076
1.206076
1.333503
1.333503
1.226059
1.226059
1.271954
1.271954
1.263378
1.263378
1.207345
1.207345
1.302390
1.302390
1.263042
1.263042
1.122374
1.122374
1.389604
1.389604
1.254429
1.254429
1.354207
1.354207
1.369627
1.369627
1.201790
1.201790
1.288491
1.288491
1.375652
1.375652
1.186199
1.186199
1.347696
1.347696
1.331204
1.331204
1.283765
1.283765
1.304791
1.304791
1.049981
1.049981
1.341433
1.341433
1.124590
1.124590
1.213015
1.213015
1.212160
1.212160
1.370651
1.370651
1.256005
1.256005
1.151904
1.151904
1.366550
1.366550
1.330964
1.330964
1.373896
1.373896
1.217545
1.217545
1.388185
1.388185
1.382528
1.382528
1.116311
1.116311
1.324540
1.324540
1.134166
1.134166
1.352154
1.352154
1.325132
1.325132
1.297093
1.297093
1.202462
1.202462
1.242454
1.242454
1.357413
1.357413
1.183779
1.183779
1.301175
1.301175
1.347809
1.347809
1.298624
1.298624
1.151317
1.151317
1.307396
1.307396
1.315641
1.315641
1.173289
1.173289
1.394743
1.394743
1.319369
1.319369
1.380859
1.380859
1.298350
1.298350
1.275752
1.275752
1.256454
1.256454
1.369577
1.369577
1.384646
1.384646
1.369842
1.369842
1.174262
1.201085
1.201085
1.174262
1.350076
1.350076
1.323475
1.323475
1.096514
1.096514
1.369957
1.369957
1.291907
1.291907
1.395973
1.395973
1.232446
1.232446
1.339674
1.339674
1.312871
1.312871
1.279761
1.279761
1.184663
1.184663
1.396860
1.396860
1.342775
1.342775
1.384232
1.384232
1.310959
1.310959
1.303120
1.303120
1.253380
1.253380
1.388286
1.388286
1.170273
1.170273
1.306014
1.306014
1.222634
1.222634
1.363385
1.363385
1.099895
1.099895
1.382798
1.382798
1.147409
1.147409
1.178700
1.178700
1.383628
1.383628
1.266329
1.266329
1.121637
1.121637
1.167891
1.167891
1.390548
1.390548
1.335801
1.335801
1.304247
1.304247
1.382483
1.382483
1.332070
1.332070
1.230106
1.230106
1.247207
1.247207
1.198324
1.198324
1.264924
1.264924
1.238533
1.238533
1.221804
1.221804
1.383075
1.383075
1.354361
1.354361
