1.086675
1.086675
1.106661
1.106661
1.067536
1.067536
1.306670
1.306670
1.292629
1.292629
1.311139
1.311139
1.304678
1.304678
1.369518
1.369518
1.132793
1.132793
1.265900
1.265900
1.384053
1.384053
1.333497
1.333497
1.386811
1.386811
1.310152
1.310152
1.362956
1.362956
1.312170
1.312170
1.347966
1.347966
1.118022
1.118022
1.348637
1.348637
1.099461
1.099461
1.207558
1.207558
1.158311
1.158311
1.200648
1.200648
1.296704
1.296704
1.319265
1.319265
1.134655
1.134655
1.346688
1.346688
1.315256
1.315256
1.217998
1.217998
1.192444
1.192444
1.147838
1.147838
1.284966
1.284966
1.363507
1.363507
1.311026
1.311026
1.361300
1.361300
1.261463
1.261463
1.238100
1.238100
1.371325
1.371325
1.351456
1.351456
1.395300
1.395300
1.307437
1.307437
1.105039
1.105039
1.342970
1.342970
1.284193
1.284193
1.126245
1.126245
1.242419
1.242419
1.087613
1.087613
1.391773
1.391773
1.329168
1.329168
1.259389
1.259389
1.385253
1.385253
1.230736
1.230736
1.125267
1.125267
1.394449
1.394449
1.399903
1.399903
1.399354
1.399354
1.181841
1.181841
1.109196
1.109196
1.316802
1.316802
1.285506
1.285506
1.236110
1.236110
1.231067
1.231067
1.069037
1.069037
1.213747
1.213747
1.312012
1.312012
1.323497
1.323497
1.275579
1.275579
1.244786
1.244786
1.347776
1.347776
1.347715
1.347715
1.151007
1.151007
1.211022
1.211022
1.365061
1.365061
1.186699
1.186699
1.396939
1.396939
1.330028
1.330028
1.390550
1.390550
1.317492
1.317492
1.276903
1.276903
1.329146
1.329146
1.213581
1.213581
1.289910
1.289910
1.131972
1.131972
1.290429
1.290429
1.265638
1.265638
1.249619
1.249619
1.201307
1.201307
1.327549
1.327549
1.382574
1.382574
1.351934
1.351934
1.318334
1.318334
1.386518
1.386518
1.362813
1.362813
1.239338
1.239338
1.105974
1.105974
1.353820
1.353820
1.330488
1.330488
1.230871
1.230871
1.336695
1.336695
1.305417
1.305417
1.359436
1.359436
1.309296
1.309296
1.352261
1.352261
1.357572
1.357572
1.245515
1.245515
1.386973
1.386973
1.399527
1.399527
1.359323
1.359323
1.272499
1.272499
1.397413
1.397413
1.231075
1.231075
1.273303
1.273303
1.344831
1.344831
1.378382
1.378382
1.371357
1.371357
1.363509
1.363509
1.107825
1.107825
1.328288
1.328288
1.027240
1.027240
1.119115
1.119115
1.393068
1.393068
1.173049
1.173049
1.330435
1.330435
1.353816
1.353816
1.221957
1.221957
1.293049
1.293049
1.350126
1.350126
1.328675
1.328675
1.344914
1.344914
1.319462
1.319462
1.302986
1.302986
1.195394
1.195394
1.347548
1.347548
1.389621
1.389621
1.233271
1.233271
1.314461
1.314461
1.313716
1.313716
1.267201
1.267201
1.072098
1.072098
