1.383913
1.383913
1.118071
1.118071
1.192073
1.192073
1.343713
1.343713
1.363138
1.201591
1.363138
1.201591
1.328736
1.328736
1.227209
1.227209
1.092607
1.092607
1.259778
1.259778
1.304174
1.304174
1.394958
1.394958
1.241521
1.241521
1.398397
1.398397
1.393820
1.330490
1.393820
1.330490
1.272835
1.272835
1.198252
1.198252
1.341479
1.341479
1.108364
1.108364
1.377933
1.377933
1.133805
1.133805
1.188155
1.188155
1.155409
1.155409
1.376286
1.376286
1.366032
1.366032
1.254190
1.254190
1.345670
1.345670
1.128463
1.128463
1.390590
1.390590
1.253320
1.253320
1.351311
1.351311
1.239764
1.239764
1.330848
1.330848
1.358605
1.358605
1.312501
1.312501
1.264146
1.264146
1.304150
1.304150
1.198139
1.198139
1.282487
1.282487
1.355129
1.355129
1.241171
1.241171
1.179411
1.179411
1.332966
1.332966
1.396611
1.396611
1.265703
1.265703
1.193281
1.193281
1.351763
1.351763
1.206935
1.206935
1.245126
1.245126
1.366083
1.366083
1.385750
1.385750
1.115241
1.115241
1.375417
1.375417
1.395846
1.395846
1.362827
1.362827
1.369918
1.369918
1.179562
1.179562
1.290097
1.290097
1.361639
1.361639
1.173566
1.173566
1.066688
1.066688
1.285993
1.285993
1.375647
1.375647
1.330091
1.330091
1.321064
1.321064
1.273227
1.273227
1.288492
1.283511
1.288492
1.283511
1.164531
1.164531
1.162467
1.162467
1.159387
1.159387
1.389026
1.389026
1.395200
1.395200
1.268541
1.268541
1.224949
1.224949
1.176908
1.176908
1.368223
1.368223
1.057264
1.057264
1.397326
1.397326
1.277713
1.277713
1.257975
1.257975
1.340136
1.340136
1.215315
1.215315
1.365724
1.365724
1.368727
1.368727
1.053108
1.053108
1.302548
1.302548
1.353311
1.353311
1.325360
1.325360
1.109704
1.109704
1.128131
1.128131
1.280596
1.280596
1.237431
1.237431
1.231634
1.231634
1.337731
1.337731
1.106782
1.106782
1.268141
1.268141
1.131833
1.131833
1.363959
1.363959
1.285117
1.285117
1.332432
1.332432
1.115382
1.115382
1.249107
1.249107
1.159678
1.159678
1.242237
1.242237
1.379497
1.379497
1.100520
1.100520
1.325527
1.325527
1.324092
1.324092
1.218097
1.218097
1.191363
1.191363
1.354227
1.354227
1.251018
1.251018
1.290828
1.290828
1.238134
1.238134
1.273425
1.273425
1.148367
1.148367
1.095088
1.095088
1.341037
1.341037
1.378808
1.378808
1.307807
1.307807
1.350846
1.350846
1.259828
1.259828
1.312711
1.312711
1.325371
1.325371
1.381305
1.381305
1.389746
1.389746
1.249828
1.249828
1.301648
1.301648
1.367034
1.367034
1.320335
1.320335
1.053653
1.053653
1.293922
1.293922
1.308199
1.308199
1.375012
1.375012
1.220322
1.220322
1.309975
1.309975
