1.308502
1.308502
1.344217
1.344217
1.225758
1.225758
1.398559
1.398559
1.279469
1.279469
1.376235
1.376235
1.359099
1.359099
1.333559
1.333559
1.093976
1.093976
1.388247
1.388247
1.067418
1.067418
1.120367
1.120367
1.322444
1.322444
1.287517
1.287517
1.328564
1.328564
1.121331
1.121331
1.340317
1.340317
1.280266
1.280266
1.150823
1.150823
1.323418
1.323418
1.346515
1.346515
1.191576
1.191576
1.349906
1.349906
1.334832
1.334832
1.276795
1.276795
1.394986
1.394986
1.349734
1.349734
1.365809
1.365809
1.181234
1.181234
1.208206
1.208206
1.316526
1.316526
1.234135
1.234135
1.085546
1.085546
1.290624
1.290624
1.319785
1.319785
1.133333
1.133333
1.385722
1.385722
1.255872
1.255872
1.360275
1.360275
1.370363
1.370363
1.336657
1.336657
1.321371
1.321371
1.394023
1.394023
1.315561
1.315561
1.395749
1.395749
1.394868
1.394868
1.160727
1.160727
1.336426
1.336426
1.074979
1.074979
1.197001
1.197001
1.143618
1.143618
1.284976
1.284976
1.363809
1.363809
1.392364
1.392364
1.167482
1.167482
1.315923
1.315923
1.329286
1.329286
1.392544
1.392544
1.147510
1.147510
1.263697
1.263697
1.283555
1.283555
1.303416
1.303416
1.315525
1.315525
1.354028
1.354028
1.330730
1.330730
1.345047
1.345047
1.361457
1.361457
1.349023
1.349023
1.380373
1.380373
1.349675
1.349675
1.235467
1.235467
1.381042
1.381042
1.355894
1.355894
1.389206
1.389206
1.198823
1.198823
1.323882
1.323882
1.398583
1.398583
1.160461
1.160461
1.292178
1.292178
1.175932
1.175932
1.382583
1.382583
1.386851
1.386851
1.265444
1.265444
1.191016
1.191016
1.346454
1.346454
1.329738
1.329738
1.309750
1.309750
1.263449
1.263449
1.268774
1.268774
1.327084
1.327084
1.251326
1.251326
1.388388
1.388388
1.190403
1.190403
1.200038
1.200038
1.302232
1.302232
1.347844
1.347844
1.355040
1.355040
1.213484
1.213484
1.371936
1.371936
1.387307
1.387307
1.362705
1.362705
1.232908
1.232908
1.187275
1.187275
1.192567
1.192567
1.275024
1.275024
1.185196
1.185196
1.376745
1.376745
1.261015
1.261015
1.239966
1.239966
1.269020
1.269020
1.331533
1.331533
1.376014
1.376014
