1.286094
1.286094
1.371189
1.371189
1.366742
1.366742
1.162091
1.162091
1.355442
1.113065
1.355442
1.113065
1.362058
1.362058
1.187849
1.187849
1.360552
1.360552
1.192475
1.192475
1.340914
1.340914
1.380621
1.270525
1.380621
1.270525
1.180965
1.180965
1.085825
1.085825
1.249364
1.249364
1.101983
1.101983
1.326738
1.326738
1.347545
1.347545
1.278681
1.278681
1.319428
1.319428
1.340995
1.340995
1.148197
1.148197
1.298291
1.298291
1.064262
1.064262
1.305625
1.305625
1.363857
1.363857
1.336602
1.336602
1.126100
1.301390
1.301390
1.126100
1.387591
1.387591
1.326315
1.326315
1.183948
1.183948
1.349341
1.349341
1.302852
1.302852
1.234054
1.234054
1.171725
1.171725
1.336904
1.336904
1.254237
1.254237
1.242047
1.242047
1.167204
1.167204
1.176438
1.176438
1.394101
1.394101
1.085337
1.085337
1.316345
1.316345
1.387529
1.387529
1.392013
1.392013
1.331676
1.331676
1.034909
1.034909
1.396644
1.396644
1.354208
1.170610
1.170610
1.354208
1.075455
1.075455
1.286262
1.286262
1.396644
1.396644
1.329751
1.329751
1.362670
1.362670
1.219239
1.219239
1.188651
1.188651
1.369241
1.369241
1.170394
1.170394
1.151046
1.151046
1.378704
1.378704
1.391616
1.391616
1.103695
1.103695
1.250441
1.250441
1.302219
1.302219
1.293404
1.293404
1.309582
1.309582
1.236611
1.236611
1.260507
1.268108
1.260507
1.268108
1.344519
1.344519
1.158572
1.158572
1.268957
1.268957
1.240696
1.240696
1.271794
1.271794
1.375856
1.375856
1.348745
1.348745
1.144951
1.144951
1.302600
1.302600
1.312205
1.312205
1.392856
1.392856
1.333591
1.333591
1.385452
1.385452
1.363238
1.363238
1.376899
1.316770
1.316770
1.376899
1.204912
1.204912
1.330936
1.330936
1.166909
1.166909
1.394207
1.394207
1.310773
1.310773
1.369070
1.369070
1.326117
1.326117
1.397210
1.397210
1.236504
1.236504
1.255342
1.255342
1.177067
1.177067
1.252079
1.252079
1.331160
1.331160
1.220532
1.220532
1.299627
1.299627
1.382134
1.382134
1.396206
1.396206
1.259369
1.259369
1.360270
1.360270
1.092091
1.092091
1.037846
1.037846
1.392213
1.392213
1.326323
1.326323
1.379673
1.379673
1.278145
1.278145
1.197607
1.197607
1.260097
1.260097
1.306235
1.306235
1.399229
1.399229
1.165452
1.165452
1.357175
1.357175
1.396908
1.396908
1.378725
1.378725
1.253191
1.391839
1.391839
1.253191
1.328575
1.328575
1.328104
1.328104
1.354859
1.354859
1.314962
1.314962
1.275509
1.275509
1.313102
1.313102
1.310031
1.310031
1.242331
1.242331
1.394740
1.394740
1.244129
1.244129
1.193277
1.193277
1.300905
1.300905
1.385910
1.385910
1.341455
1.341455
1.349800
1.349800
1.194876
1.194876
1.178925
1.178925
1.279084
1.279084
1.387074
1.387074
1.296861
1.296861
1.237814
1.237814
1.236518
1.236518
1.249348
1.249348
1.246504
1.246504
1.374622
1.374622
1.269549
1.269549
1.151778
1.151778
1.394344
1.394344
1.183232
1.183232
1.309813
1.309813
1.296963
1.296963
1.279429
1.279429
1.396600
1.396600
1.352034
1.352034
1.386460
1.386460
1.311554
1.311554
1.395032
1.395032
1.352861
1.352861
1.338198
1.338198
