1.375856
1.375856
1.352806
1.352806
1.292578
1.292578
1.373146
1.373146
1.248648
1.248648
1.234200
1.234200
1.264417
1.264417
1.339442
1.339442
1.363510
1.363510
1.348840
1.348840
1.165647
1.165647
1.344594
1.344594
1.395833
1.395833
1.304511
1.304511
1.108838
1.108838
1.151524
1.151524
1.315941
1.315941
1.280273
1.280273
1.303869
1.303869
1.278461
1.278461
1.317791
1.317791
1.339100
1.339100
1.376511
1.376511
1.389922
1.389922
1.147551
1.147551
1.089683
1.306726
1.089683
1.306726
1.386516
1.386516
1.310319
1.310319
1.090948
1.090948
1.166122
1.166122
1.306631
1.306631
1.222678
1.222678
1.272399
1.272399
1.395544
1.395544
1.398910
1.398910
1.226625
1.226625
1.208285
1.208285
1.318278
1.318278
1.311593
1.311593
1.218741
1.218741
1.198574
1.198574
1.312977
1.312977
1.133672
1.133672
1.397624
1.397624
1.217025
1.217025
1.353011
1.353011
1.309703
1.309703
1.146571
1.146571
1.291622
1.291622
1.324874
1.324874
1.277229
1.277229
1.216107
1.216107
1.305326
1.305326
1.325754
1.325754
1.321495
1.321495
1.343202
1.343202
1.294214
1.294214
1.232901
1.131025
1.131025
1.232901
1.300325
1.300325
1.360734
1.360734
1.293049
1.293049
1.360968
1.360968
1.238919
1.238919
1.328332
1.328332
1.319798
1.326423
1.326423
1.319798
1.388904
1.388904
1.373089
1.373089
1.396714
1.396714
1.308118
1.308118
1.247033
1.247033
1.382556
1.382556
1.236117
1.236117
1.372465
1.372465
1.162289
1.162289
1.394767
1.394767
1.371730
1.371730
1.045898
1.045898
1.245038
1.245038
1.343310
1.343310
1.185945
1.185945
1.085143
1.085143
1.312173
1.312173
1.253512
1.253512
1.324623
1.324623
1.297064
1.297064
1.392495
1.392495
1.199131
1.199131
1.202347
1.202347
1.309058
1.309058
1.383623
1.383623
1.189694
1.189694
1.129114
1.129114
1.258536
1.258536
1.399469
1.399469
1.291065
1.291065
1.289115
1.289115
1.188420
1.188420
1.368263
1.368263
1.358892
1.358892
1.282935
1.282935
1.227666
1.227666
1.262325
1.262325
1.249399
1.249399
1.085036
1.085036
1.386779
1.386779
1.358087
1.358087
1.301620
1.301620
1.358110
1.358110
1.211837
1.211837
1.208454
1.208454
1.154013
1.154013
1.368855
1.368855
1.037704
1.037704
1.367837
1.367837
1.342078
1.342078
1.144671
1.144671
1.242364
1.242364
1.230499
1.230499
1.315549
1.315549
1.253079
1.253079
1.322642
1.322642
1.342918
1.342918
1.321859
1.321859
1.224150
1.224150
1.361460
1.361460
1.291874
1.291874
1.221923
1.221923
1.383970
1.383970
1.399650
1.399650
1.370891
1.370891
1.183707
1.183707
1.127638
1.127638
1.134001
1.134001
1.382840
1.382840
1.312369
1.312369
1.368080
1.368080
1.245174
1.245174
1.233082
1.233082
1.342453
1.342453
1.283951
1.283951
1.318049
1.318049
1.273681
1.273681
1.372545
1.372545
1.336480
1.336480
1.346051
1.346051
1.182637
1.182637
1.268994
1.268994
1.363196
1.363196
1.208140
1.208140
1.196448
1.196448
1.139329
1.139329
1.225179
1.225179
1.387453
1.387453
1.351694
1.351694
1.378622
1.378622
1.292511
1.292511
1.121050
1.121050
1.300340
1.300340
1.222100
1.222100
1.384100
1.384100
1.223066
1.223066
1.394000
1.394000
1.360742
1.360742
1.026163
1.026163
1.300114
1.381082
1.300114
1.381082
1.335981
1.335981
1.384884
1.384884
1.373928
1.373928
1.341125
1.341125
1.235900
1.235900
1.262614
1.262614
1.319834
1.319834
1.347076
1.347076
1.391149
1.391149
1.354368
1.354368
1.373476
1.373476
1.277398
1.277398
1.325988
1.325988
1.110523
1.110523
1.290319
1.290319
1.375348
1.375348
1.340869
1.340869
1.080146
1.080146
1.351559
1.351559
1.288651
1.288651
1.136666
1.136666
1.276061
1.276061
1.309609
1.309609
1.273415
1.273415
1.146586
1.146586
1.167145
1.167145
1.256843
1.256843
1.244286
1.244286
1.352054
1.352054
1.214286
1.214286
1.258226
1.258226
1.387136
1.387136
1.359094
1.359094
1.270033
1.270033
1.179270
1.179270
1.284420
1.284420
1.270679
1.270679
1.072591
1.072591
1.347670
1.347670
1.143791
1.143791
1.196962
1.196962
1.195876
1.195876
1.198066
1.198066
1.254415
1.254415
1.393046
1.393046
1.363023
1.363023
1.314521
1.314521
1.163398
1.163398
1.302973
1.302973
1.218993
1.218993
1.096198
1.096198
1.381653
1.381653
1.254361
1.254361
1.369016
1.369016
1.359894
1.359894
1.290976
1.290976
1.271772
1.271772
