1.378154
1.378154
1.224512
1.224512
1.361919
1.038293
1.038293
1.361919
1.346838
1.346838
1.398686
1.398686
1.176805
1.176805
1.232034
1.232034
1.118735
1.118735
1.340411
1.340411
1.391218
1.391218
1.366051
1.366051
1.375655
1.375655
1.252250
1.252250
1.382353
1.382353
1.060151
1.060151
1.382787
1.382787
1.266201
1.266201
1.398743
1.398743
1.271571
1.271571
1.290209
1.290209
1.327087
1.327087
1.343401
1.343401
1.322600
1.322600
1.338012
1.338012
1.263680
1.263680
1.370014
1.370014
1.307715
1.307715
1.391931
1.391931
1.337505
1.327905
1.327905
1.337505
1.155748
1.155748
1.192694
1.192694
1.256572
1.256572
1.243454
1.243454
1.315672
1.315672
1.350640
1.350640
1.247991
1.247991
1.398872
1.398872
1.108707
1.108707
1.227791
1.227791
1.258792
1.258792
1.301352
1.301352
1.337321
1.337321
1.384698
1.384698
1.385844
1.385844
1.165570
1.165570
1.359961
1.359961
1.225268
1.225268
1.391979
1.391979
1.388469
1.388469
1.307929
1.307929
1.133480
1.294293
1.133480
1.294293
1.055068
1.055068
1.343058
1.343058
1.302655
1.302655
1.376516
1.376516
1.255071
1.255071
1.129218
1.129218
1.053724
1.053724
1.374047
1.374047
1.329403
1.329403
1.073532
1.073532
1.248914
1.248914
1.372680
1.372680
1.169446
1.169446
1.263150
1.263150
1.319603
1.319603
1.368037
1.368037
1.305902
1.305902
1.056254
1.056254
1.337290
1.337290
1.126513
1.126513
1.053952
1.053952
1.298775
1.298775
1.294298
1.294298
1.169885
1.169885
1.384646
1.384646
1.234170
1.234170
1.213668
1.213668
1.386672
1.386672
1.090238
1.090238
1.324622
1.324622
1.216985
1.216985
1.381522
1.381522
1.251548
1.251548
1.043695
1.043695
1.375333
1.375333
1.253203
1.253203
1.397352
1.397352
1.250795
1.250795
1.314675
1.314675
1.244562
1.244562
1.358691
1.358691
1.387134
1.387134
1.387856
1.387856
1.257751
1.257751
1.174393
1.174393
1.346084
1.346084
1.205400
1.205400
1.314708
1.314708
1.218148
1.218148
1.381066
1.381066
1.303246
1.303246
1.296045
1.296045
1.354278
1.354278
1.316298
1.316298
1.380519
1.380519
1.398528
1.398528
1.237707
1.237707
1.335715
1.335715
1.237360
1.237360
1.238923
1.238923
1.214444
1.214444
1.383933
1.383933
1.354133
1.354133
1.389171
1.389171
1.353153
1.353153
1.101309
1.101309
1.129716
1.129716
1.399333
1.399333
1.217949
1.217949
1.265992
1.265992
1.287037
1.287037
1.394349
1.394349
1.351430
1.351430
1.388301
1.388301
1.214290
1.214290
1.392185
1.392185
1.328556
1.328556
1.343202
1.343202
1.075059
1.075059
1.385053
1.385053
1.344019
1.344019
1.350618
1.350618
1.394774
1.394774
1.294525
1.294525
1.285911
1.285911
1.357896
1.357896
1.333877
1.333877
1.254585
1.254585
1.229871
1.229871
1.319111
1.319111
1.227420
1.227420
1.304551
1.304551
1.359589
1.359589
1.254723
1.254723
1.290917
1.290917
1.346240
1.346240
1.384325
1.384325
1.229123
1.229123
1.220048
1.220048
