1.386824
1.386824
1.093799
1.093799
1.374223
1.374223
1.345942
1.345942
1.277343
1.277343
1.288740
1.288740
1.393723
1.393723
1.339022
1.339022
1.325320
1.325320
1.381635
1.381635
1.274171
1.274171
1.254421
1.254421
1.354097
1.354097
1.351464
1.351464
1.346845
1.346845
1.138846
1.138846
1.202289
1.202289
1.354042
1.354042
1.367006
1.367006
1.381781
1.381781
1.291840
1.291840
1.249937
1.249937
1.381855
1.381855
1.368904
1.368904
1.399936
1.399936
1.286930
1.286930
1.360638
1.360638
1.333953
1.333953
1.393237
1.393237
1.336834
1.336834
1.389131
1.389131
1.213976
1.213976
1.231214
1.231214
1.257380
1.257380
1.114065
1.114065
1.352923
1.352923
1.222133
1.222133
1.313072
1.313072
1.336759
1.336759
1.331005
1.331005
1.357315
1.357315
1.277413
1.277413
1.346394
1.346394
1.273515
1.273515
1.315181
1.315181
1.274587
1.274587
1.215566
1.215566
1.305345
1.305345
1.299493
1.299493
1.225802
1.225802
1.311550
1.311550
1.283844
1.283844
1.387190
1.387190
1.379618
1.379618
1.373521
1.373521
1.382921
1.382921
1.393696
1.393696
1.274020
1.263785
1.263785
1.274020
1.350982
1.350982
1.241120
1.241120
1.179891
1.179891
1.149633
1.149633
1.337474
1.337474
1.391244
1.391244
1.215651
1.215651
1.280161
1.280161
1.284411
1.284411
1.320594
1.190323
1.190323
1.320594
1.137473
1.137473
1.169185
1.169185
1.372569
1.372569
1.048978
1.048978
1.308833
1.308833
1.194042
1.194042
1.397742
1.397742
1.259149
1.259149
1.376177
1.376177
1.082209
1.082209
1.294069
1.294069
1.361994
1.361994
1.186008
1.186008
1.120413
1.120413
1.283747
1.283747
1.300157
1.300157
1.171811
1.171811
1.344982
1.344982
1.171051
1.171051
1.251116
1.251116
1.398535
1.398535
1.351729
1.351729
1.242275
1.242275
1.256930
1.256930
1.270826
1.270826
1.335714
1.335714
1.379583
1.379583
1.262105
1.262105
1.253080
1.253080
1.158919
1.158919
1.275963
1.275963
1.215778
1.215778
1.327940
1.327940
1.157953
1.157953
1.394887
1.394887
1.249979
1.249979
1.390509
1.390509
1.266754
1.266754
1.171951
1.171951
1.377329
1.377329
1.353925
1.353925
1.371413
1.371413
1.346022
1.346022
1.166502
1.166502
1.108829
1.108829
1.376035
1.376035
1.268818
1.268818
1.226034
1.226034
1.296666
1.296666
1.345595
1.345595
1.373017
1.373017
1.396323
1.396323
1.182110
1.182110
1.057332
1.057332
1.355518
1.355518
1.200757
1.200757
1.383998
1.383998
1.391433
1.391433
1.241221
1.241221
1.278134
1.278134
1.276534
1.276534
1.387506
1.387506
1.198302
1.198302
1.253956
1.253956
1.065891
1.065891
1.131946
1.131946
1.392750
1.392750
1.380469
1.380469
1.259226
1.259226
1.391450
1.391450
1.368301
1.368301
1.269343
1.269343
1.153474
1.153474
1.282217
1.282217
1.353387
1.353387
1.390488
1.390488
1.385854
1.385854
1.294473
1.294473
1.346595
1.346595
1.259329
1.259329
1.204299
1.204299
1.258696
1.258696
1.359953
1.359953
1.340994
1.340994
1.337598
1.337598
1.197167
1.197167
1.375203
1.375203
1.247269
1.247269
1.243199
1.243199
1.153182
1.153182
1.302980
1.302980
1.337695
1.337695
1.275212
1.275212
1.363418
1.363418
1.268738
1.268738
1.273005
1.273005
1.119709
1.119709
1.390159
1.390159
