1.337816
1.337816
1.149575
1.149575
1.267284
1.267284
1.369967
1.369967
1.124680
1.124680
1.277671
1.277671
1.356831
1.356831
1.194323
1.194323
1.172626
1.172626
1.379458
1.379458
1.320963
1.320963
1.331360
1.331360
1.264350
1.264350
1.108990
1.108990
1.340932
1.340932
1.337477
1.337477
1.388081
1.388081
1.210093
1.210093
1.196274
1.196274
1.356196
1.356196
1.200426
1.200426
1.360823
1.360823
1.371575
1.371575
1.333841
1.333841
1.295599
1.295599
1.370541
1.370541
1.329233
1.329233
1.333348
1.333348
1.351690
1.351690
1.319880
1.319880
1.378336
1.378336
1.357653
1.357653
1.189179
1.189179
1.339085
1.339085
1.161761
1.161761
1.290393
1.290393
1.283693
1.283693
1.243491
1.243491
1.377083
1.377083
1.183691
1.183691
1.186057
1.186057
1.340955
1.340955
1.254209
1.254209
1.155571
1.155571
1.349436
1.349436
1.359911
1.359911
1.362269
1.362269
1.228753
1.228753
1.289659
1.289659
1.315925
1.315925
1.258273
1.258273
1.344779
1.344779
1.396309
1.396309
1.327618
1.327618
1.390144
1.390144
1.346828
1.346828
1.391852
1.391852
1.167859
1.167859
1.372999
1.372999
1.339134
1.339134
1.154892
1.154892
1.396724
1.396724
1.376864
1.376864
1.143149
1.143149
1.393807
1.393807
1.391699
1.391699
1.169185
1.169185
1.352061
1.352061
1.344994
1.344994
1.307485
1.307485
1.397810
1.397810
1.160949
1.160949
1.217837
1.217837
1.275441
1.366124
1.275441
1.366124
1.208442
1.208442
1.397293
1.397293
1.282171
1.282171
1.371666
1.371666
1.358684
1.358684
1.300755
1.300755
1.351978
1.351978
1.328297
1.328297
1.369795
1.369795
1.383871
1.383871
1.340023
1.340023
1.014512
1.014512
1.309309
1.309309
1.399073
1.399073
1.329477
1.329477
1.365085
1.365085
1.361273
1.361273
1.308844
1.308844
1.272992
1.272992
1.320276
1.320276
1.359661
1.359661
1.217809
1.217809
1.360184
1.360184
1.310841
1.310841
1.365025
1.365025
1.385362
1.385362
1.235741
1.235741
1.395954
1.395954
1.384855
1.384855
1.261886
1.261886
1.368843
1.368843
1.298019
1.298019
1.324804
1.324804
1.142971
1.142971
1.376940
1.376940
1.389648
1.389648
1.396350
1.396350
1.356779
1.356779
1.200823
1.200823
1.371102
1.371102
1.338400
1.338400
1.343175
1.343175
1.399038
1.399038
1.177670
1.177670
1.239409
1.239409
1.385200
1.385200
1.105082
1.105082
1.360149
1.360149
1.361610
1.361610
1.119087
1.119087
1.343902
1.343902
1.378179
1.378179
1.320292
1.320292
1.394101
1.394101
1.230371
1.230371
1.378085
1.378085
1.340382
1.340382
1.217433
1.217433
1.330925
1.330925
1.103154
1.103154
1.280694
1.280694
1.339959
1.339959
1.251673
1.251673
1.071364
1.071364
1.342275
1.342275
1.215897
1.215897
1.117679
1.117679
1.312699
1.312699
1.390690
1.390690
1.398901
1.398901
1.074546
1.074546
1.282032
1.282032
1.261635
1.261635
