1.292053
1.292053
1.396107
1.396107
1.260392
1.260392
1.246352
1.246352
1.266373
1.266373
1.391284
1.391284
1.315297
1.315297
1.308709
1.308709
1.360277
1.360277
1.384528
1.384528
1.388712
1.316412
1.316412
1.388712
1.320003
1.320003
1.350448
1.350448
1.322045
1.322045
1.397540
1.397540
1.398519
1.398519
1.328762
1.328762
1.207922
1.207922
1.380549
1.380549
1.253527
1.253527
1.023236
1.023236
1.202279
1.202279
1.392609
1.392609
1.263789
1.263789
1.367661
1.367661
1.117265
1.117265
1.351601
1.351601
1.305228
1.305228
1.370042
1.370042
1.286883
1.286883
1.263129
1.263129
1.234096
1.234096
1.135382
1.135382
1.251851
1.251851
1.312508
1.312508
1.234387
1.234387
1.337484
1.337484
1.269387
1.269387
1.197825
1.197825
1.260913
1.260913
1.300310
1.300310
1.340281
1.340281
1.364171
1.364171
1.334672
1.334672
1.268713
1.268713
1.316703
1.316703
1.291006
1.291006
1.384314
1.384314
1.288739
1.288739
1.311547
1.311547
1.347506
1.347506
1.352019
1.352019
1.310393
1.310393
1.333208
1.333208
1.322032
1.322032
1.393048
1.393048
1.361916
1.361916
1.252757
1.252757
1.275590
1.275590
1.282539
1.282539
1.033640
1.033640
1.311586
1.311586
1.287610
1.287610
1.172765
1.172765
1.316658
1.316658
1.213879
1.213879
1.263068
1.263068
1.399817
1.399817
1.288176
1.288176
1.371318
1.371318
1.389985
1.389985
1.385066
1.385066
1.313286
1.313286
1.350175
1.350175
1.088967
1.088967
1.361356
1.361356
1.234190
1.234190
1.278472
1.278472
1.167150
1.167150
1.277993
1.277993
1.283558
1.283558
1.340746
1.340746
1.258906
1.258906
1.327751
1.327751
1.363020
1.363020
1.367514
1.367514
1.278838
1.278838
1.146959
1.146959
1.225790
1.225790
1.240022
1.240022
1.130840
1.130840
1.395697
1.395697
1.201137
1.201137
1.114106
1.114106
1.250434
1.250434
1.352183
1.352183
1.347938
1.347938
1.242295
1.242295
1.337848
1.337848
1.382362
1.382362
1.386552
1.386552
1.313802
1.313802
1.348799
1.348799
1.342347
1.342347
1.274722
1.274722
1.187152
1.187152
1.179417
1.179417
1.281209
1.281209
1.221293
1.221293
1.320470
1.320470
1.318252
1.318252
1.267322
1.267322
1.234648
1.234648
1.258889
1.258889
1.390290
1.390290
1.384762
1.384762
1.384460
1.384460
1.286377
1.286377
