1.220530
1.220530
1.337046
1.378211
1.378211
1.337046
1.358147
1.358147
1.291678
1.291678
1.351920
1.351920
1.355116
1.355116
1.321852
1.321852
1.158929
1.158929
1.289286
1.289286
1.385174
1.385174
1.343547
1.343547
1.253731
1.253731
1.197500
1.197500
1.285151
1.285151
1.223469
1.223469
1.182512
1.182512
1.143475
1.143475
1.385573
1.385573
1.305051
1.311536
1.311536
1.305051
1.385079
1.385079
1.386432
1.386432
1.297754
1.297754
1.113568
1.113568
1.001751
1.341155
1.001751
1.341155
1.345005
1.345005
1.268307
1.268307
1.343303
1.343303
1.266053
1.266053
1.137995
1.137995
1.379439
1.379439
1.175237
1.108450
1.108450
1.175237
1.374862
1.374862
1.180264
1.180264
1.327594
1.327594
1.313662
1.313662
1.397124
1.397124
1.139482
1.139482
1.206636
1.206636
1.379152
1.379152
1.355423
1.355423
1.190964
1.190964
1.308684
1.308684
1.389742
1.389742
1.310999
1.310999
1.286014
1.286014
1.259181
1.259181
1.374547
1.327874
1.327874
1.374547
1.084376
1.084376
1.391599
1.391599
1.159033
1.159033
1.392397
1.392397
1.235961
1.235961
1.173102
1.173102
1.326908
1.326908
1.358444
1.358444
1.208253
1.208253
1.282695
1.282695
1.369370
1.369370
1.380059
1.380059
1.341979
1.341979
1.232226
1.232226
1.157960
1.157960
1.334338
1.334338
1.119014
1.119014
1.303934
1.303934
1.283188
1.283188
1.304327
1.304327
1.383478
1.383478
1.380367
1.380367
1.311304
1.311304
1.312823
1.312823
1.285012
1.285012
1.215812
1.215812
1.104168
1.104168
1.229414
1.229414
1.310005
1.310005
1.380834
1.380834
1.187905
1.187905
1.262904
1.262904
1.221856
1.221856
1.066583
1.066583
1.321750
1.321750
1.042191
1.042191
1.289343
1.289343
1.317110
1.317110
1.362223
1.362223
1.220361
1.220361
1.209404
1.209404
1.053588
1.053588
1.293586
1.293586
1.358418
1.358418
1.318565
1.318565
1.361627
1.361627
1.391504
1.391504
1.174183
1.174183
1.229205
1.229205
1.129232
1.129232
1.210655
1.210655
1.371800
1.371800
1.347549
1.347549
1.236489
1.236489
1.167302
1.167302
1.359203
1.359203
1.306203
1.306203
1.320310
1.320310
1.164335
1.164335
1.118249
1.118249
1.165254
1.165254
1.068687
1.068687
1.317993
1.317993
1.336168
1.336168
1.366087
1.366087
1.343864
1.343864
1.328793
1.328793
1.278437
1.278437
1.232981
1.232981
1.337080
1.337080
1.264504
1.264504
1.219206
1.219206
1.342720
1.342720
1.348926
1.348926
1.364064
1.364064
1.349623
1.349623
