1.270613
1.270613
1.304160
1.304160
1.165012
1.165012
1.296841
1.296841
1.295710
1.295710
1.287415
1.287415
1.304028
1.304028
1.375821
1.375821
1.155023
1.155023
1.334758
1.334758
1.206130
1.206130
1.240290
1.240290
1.321678
1.321678
1.177820
1.177820
1.106362
1.106362
1.397369
1.397369
1.303335
1.350564
1.303335
1.350564
1.172369
1.172369
1.212244
1.212244
1.171434
1.171434
1.368872
1.368872
1.364783
1.364783
1.240297
1.240297
1.320483
1.320483
1.155031
1.155031
1.375714
1.375714
1.232219
1.232219
1.353014
1.353014
1.348510
1.348510
1.230522
1.230522
1.357868
1.357868
1.361746
1.361746
1.199545
1.199545
1.313937
1.313937
1.331292
1.331292
1.363501
1.363501
1.283030
1.283030
1.374518
1.374518
1.175001
1.175001
1.282853
1.282853
1.123833
1.123833
1.368134
1.368134
1.306943
1.306943
1.096927
1.096927
1.255622
1.255622
1.280588
1.280588
1.354193
1.354193
1.165223
1.165223
1.331843
1.331843
1.230082
1.230082
1.291473
1.291473
1.108155
1.108155
1.271410
1.271410
1.192060
1.192060
1.328750
1.328750
1.342868
1.342868
1.225782
1.225782
1.231547
1.231547
1.172827
1.172827
1.331659
1.331659
1.198269
1.198269
1.355422
1.355422
1.213048
1.213048
1.308528
1.308528
1.374102
1.374102
1.196753
1.196753
1.384448
1.384448
1.272717
1.272717
1.143070
1.272595
1.143070
1.272595
1.242693
1.242693
1.167580
1.167580
1.287556
1.287556
1.326402
1.326402
1.184531
1.184531
1.317294
1.317294
1.226232
1.226232
1.314485
1.314485
1.380316
1.380316
1.123383
1.123383
1.365346
1.365346
1.233104
1.233104
1.236472
1.236472
1.253475
1.253475
1.312827
1.312827
1.044150
1.044150
1.353763
1.353763
1.296991
1.296991
1.393556
1.393556
1.373697
1.373697
1.308807
1.308807
1.076845
1.076845
1.245364
1.245364
1.383772
1.383772
1.268126
1.268126
1.314932
1.314932
1.375192
1.375192
1.138288
1.138288
1.184725
1.184725
1.278996
1.278996
1.318834
1.318834
1.146278
1.146278
1.268342
1.268342
1.387820
1.387820
1.177009
1.177009
1.300713
1.300713
1.331081
1.331081
1.373297
1.373297
1.227055
1.227055
1.091450
1.091450
1.341071
1.341071
1.373116
1.373116
1.083077
1.083077
1.369097
1.369097
1.261992
1.261992
1.288936
1.288936
1.210768
1.210768
1.391248
1.391248
1.150230
1.150230
1.390718
1.390718
1.022810
1.022810
1.393509
1.393509
1.219179
1.219179
1.309729
1.309729
1.363649
1.363649
1.042435
1.042435
1.297130
1.297130
1.384292
1.384292
1.191210
1.191210
1.146378
1.146378
1.280362
1.280362
1.351381
1.351381
1.319953
1.319953
1.347133
1.347133
1.368207
1.368207
1.218207
1.218207
1.253312
1.253312
1.388466
1.388466
1.262481
1.262481
1.222201
1.222201
1.230617
1.230617
1.385593
1.385593
1.390370
1.390370
1.317979
1.317979
1.305026
1.305026
1.264687
1.264687
1.339697
1.339697
1.143673
1.143673
1.265413
1.265413
1.337047
1.337047
1.299700
1.299700
1.337899
1.337899
