1.327711
1.327711
1.316780
1.316780
1.288001
1.288001
1.227525
1.227525
1.314904
1.314904
1.321079
1.321079
1.346257
1.346257
1.314021
1.314021
1.376805
1.376805
1.268456
1.268456
1.360450
1.360450
1.131667
1.131667
1.370655
1.370655
1.389831
1.389831
1.202210
1.202210
1.188062
1.188062
1.119254
1.119254
1.390969
1.390969
1.338903
1.338903
1.292498
1.292498
1.162337
1.162337
1.156033
1.156033
1.298564
1.298564
1.251734
1.193584
1.193584
1.251734
1.365836
1.365836
1.376786
1.376786
1.372896
1.372896
1.394429
1.394429
1.393499
1.393499
1.369706
1.369706
1.310923
1.310923
1.283334
1.283334
1.273411
1.273411
1.146716
1.146716
1.164559
1.164559
1.252765
1.252765
1.287126
1.287126
1.378627
1.378627
1.121455
1.121455
1.204723
1.204723
1.185115
1.185115
1.389998
1.389998
1.288333
1.288333
1.328755
1.328755
1.244305
1.244305
1.349442
1.349442
1.380561
1.380561
1.163494
1.163494
1.249799
1.249799
1.314935
1.314935
1.305093
1.305093
1.308218
1.308218
1.371393
1.371393
1.103701
1.103701
1.260034
1.260034
1.349056
1.349056
1.287230
1.287230
1.138221
1.138221
1.228147
1.228147
1.129735
1.129735
1.320277
1.320277
1.391612
1.391612
1.118773
1.118773
1.283483
1.283483
1.284612
1.284612
1.354369
1.354369
1.156069
1.156069
1.343975
1.343975
1.349616
1.349616
1.273458
1.273458
1.181583
1.181583
1.208653
1.208653
1.380345
1.380345
1.269267
1.269267
1.133631
1.133631
1.377320
1.377320
1.244776
1.244776
1.375571
1.375571
1.299572
1.299572
1.397815
1.397815
1.236046
1.236046
1.303523
1.303523
1.328803
1.328803
1.184620
1.184620
1.382790
1.382790
1.304944
1.304944
1.215083
1.215083
1.252799
1.252799
1.307258
1.307258
1.301016
1.301016
1.345442
1.345442
1.118626
1.118626
1.369365
1.369365
1.336410
1.336410
1.387059
1.387059
1.362070
1.362070
1.288701
1.288701
1.394833
1.394833
1.178241
1.178241
