1.360857
1.360857
1.296787
1.296787
1.251097
1.251097
1.237703
1.237703
1.372905
1.372905
1.190230
1.190230
1.367219
1.367219
1.254780
1.254780
1.156264
1.156264
1.256800
1.256800
1.316914
1.316914
1.338470
1.338470
1.296143
1.296143
1.279195
1.279195
1.370021
1.370021
1.380959
1.380959
1.258508
1.258508
1.398072
1.398072
1.038352
1.038352
1.393993
1.393993
1.179485
1.179485
1.246681
1.246681
1.304230
1.304230
1.361607
1.361607
1.374958
1.374958
1.127869
1.127869
1.222397
1.222397
1.390714
1.390714
1.192733
1.192733
1.313213
1.313213
1.163990
1.163990
1.381838
1.381838
1.092258
1.092258
1.258185
1.258185
1.344596
1.344596
1.382274
1.382274
1.336711
1.336711
1.364930
1.364930
1.218045
1.218045
1.270346
1.270346
1.269516
1.269516
1.374274
1.374274
1.220079
1.220079
1.389075
1.389075
1.117472
1.117472
1.283057
1.283057
1.389939
1.389939
1.356115
1.356115
1.304916
1.304916
1.203181
1.203181
1.196336
1.196336
1.263839
1.263839
1.193614
1.193614
1.205026
1.205026
1.173334
1.173334
1.308131
1.308131
1.175379
1.175379
1.267622
1.267622
1.328945
1.328945
1.257788
1.257788
1.331401
1.331401
1.281912
1.281912
1.032443
1.032443
1.293590
1.293590
1.127985
1.127985
1.283521
1.283521
1.386137
1.386137
1.234450
1.234450
1.190532
1.190532
1.089106
1.089106
1.384755
1.384755
1.095218
1.095218
1.221760
1.221760
1.183682
1.183682
1.121706
1.121706
1.188040
1.188040
1.283165
1.283165
1.291296
1.291296
1.379593
1.379593
1.158314
1.158314
1.389567
1.389567
1.302604
1.302604
1.345844
1.345844
1.392044
1.392044
1.283919
1.283919
1.174999
1.174999
1.280578
1.280578
1.019294
1.019294
1.285480
1.285480
1.272564
1.272564
1.301985
1.301985
1.341259
1.341259
1.312876
1.312876
1.389523
1.389523
1.256213
1.256213
1.358702
1.358702
1.240463
1.240463
1.279221
1.279221
1.335670
1.335670
1.256011
1.256011
1.391805
1.391805
1.373142
1.373142
1.330315
1.330315
1.364697
1.364697
1.133056
1.133056
1.088227
1.088227
1.288948
1.288948
1.229615
1.229615
1.344943
1.344943
1.355751
1.355751
1.155289
1.155289
1.350968
1.350968
1.154462
1.154462
1.300460
1.300460
1.282785
1.282785
1.306559
1.306559
1.355848
1.355848
