1.267316
1.267316
1.264268
1.264268
1.177607
1.177607
1.260813
1.260813
1.267502
1.267502
1.370630
1.370630
1.320625
1.320625
1.062761
1.062761
1.381069
1.381069
1.362553
1.362553
1.258849
1.258849
1.197009
1.197009
1.089918
1.089918
1.338839
1.338839
1.321869
1.321869
1.278990
1.278990
1.344506
1.344506
1.109661
1.109661
1.376552
1.376552
1.354192
1.354192
1.369777
1.369777
1.151252
1.151252
1.158094
1.158094
1.326556
1.326556
1.392514
1.392514
1.345075
1.345075
1.059137
1.059137
1.116285
1.116285
1.379095
1.379095
1.386629
1.386629
1.165162
1.165162
1.335301
1.335301
1.271067
1.271067
1.359436
1.359436
1.237607
1.237607
1.192873
1.192873
1.250374
1.250374
1.389661
1.389661
1.164348
1.164348
1.284971
1.284971
1.153896
1.153896
1.271055
1.271055
1.190482
1.190482
1.119719
1.119719
1.397089
1.397089
1.160889
1.160889
1.082782
1.082782
1.289837
1.289837
1.304903
1.304903
1.237289
1.237289
1.370998
1.370998
1.350302
1.350302
1.100775
1.100775
1.280851
1.280851
1.356885
1.356885
1.331594
1.331594
1.328758
1.328758
1.098430
1.098430
1.374474
1.374474
1.132964
1.132964
1.356935
1.356935
1.368692
1.368692
1.182298
1.182298
1.183861
1.183861
1.294723
1.294723
1.053163
1.053163
1.391901
1.391901
1.147199
1.147199
1.376158
1.376158
1.309972
1.309972
1.216146
1.216146
1.333326
1.333326
1.351088
1.351088
1.321046
1.321046
1.258134
1.258134
1.177031
1.177031
1.390478
1.390478
1.394021
1.394021
1.224103
1.224103
1.391580
1.391580
1.371812
1.371812
1.337912
1.337912
1.237100
1.237100
1.260480
1.260480
1.399889
1.399889
1.290093
1.290093
1.321022
1.321022
1.311555
1.311555
1.313415
1.313415
1.380044
1.380044
1.047676
1.047676
1.315941
1.315941
1.113357
1.113357
1.253805
1.253805
1.368052
1.368052
1.199253
1.199253
1.117002
1.117002
1.114306
1.114306
1.146670
1.146670
1.296895
1.296895
1.155960
1.155960
1.282626
1.282626
1.213543
1.213543
1.328468
1.328468
1.352130
1.352130
