1.331371
1.331371
1.004585
1.004585
1.328559
1.328559
1.355097
1.355097
1.271472
1.271472
1.354042
1.354042
1.359307
1.359307
1.252243
1.252243
1.375350
1.375350
1.074242
1.074242
1.133775
1.133775
1.347709
1.347709
1.316358
1.316358
1.322614
1.322614
1.318308
1.318308
1.290996
1.290996
1.266546
1.266546
1.249223
1.249223
1.341585
1.341585
1.083947
1.083947
1.380297
1.380297
1.259189
1.259189
1.175713
1.175713
1.335348
1.335348
1.311751
1.311751
1.365449
1.365449
1.373686
1.373686
1.379558
1.379558
1.337538
1.337538
1.276606
1.276606
1.227040
1.227040
1.308921
1.308921
1.290131
1.290131
1.386855
1.386855
1.358112
1.358112
1.364551
1.364551
1.117463
1.117463
1.048403
1.048403
1.307482
1.307482
1.337731
1.337731
1.354204
1.354204
1.297759
1.297759
1.279943
1.279943
1.305435
1.305435
1.178432
1.178432
1.103803
1.103803
1.157031
1.157031
1.347904
1.347904
1.220261
1.220261
1.124902
1.124902
1.352370
1.352370
1.314985
1.314985
1.295713
1.189217
1.189217
1.295713
1.253625
1.253625
1.133267
1.133267
1.301252
1.301252
1.287955
1.287955
1.199632
1.199632
1.286728
1.286728
1.276858
1.276858
1.398260
1.398260
1.379843
1.379843
1.131542
1.131542
1.392583
1.392583
1.101229
1.101229
1.241710
1.241710
1.323388
1.323388
1.133184
1.133184
1.399184
1.399184
1.324954
1.324954
1.322048
1.322048
1.353076
1.353076
