1.359537
1.359537
1.140038
1.140038
1.309662
1.309662
1.191084
1.191084
1.357222
1.357222
1.399695
1.399695
1.374164
1.374164
1.224622
1.224622
1.169658
1.169658
1.388782
1.388782
1.370713
1.370713
1.332984
1.332984
1.361464
1.361464
1.301104
1.301104
1.309400
1.309400
1.335644
1.335644
1.276688
1.314884
1.276688
1.314884
1.181830
1.181830
1.383387
1.383387
1.397791
1.397791
1.119755
1.119755
1.154134
1.154134
1.218235
1.218235
1.256645
1.256645
1.311864
1.311864
1.246534
1.246534
1.172336
1.172336
1.392377
1.392377
1.209857
1.209857
1.269947
1.269947
1.345619
1.345619
1.291493
1.291493
1.232286
1.232286
1.250183
1.250183
1.228846
1.228846
1.385874
1.385874
1.269696
1.269696
1.298184
1.298184
1.390352
1.390352
1.178568
1.178568
1.207934
1.207934
1.377332
1.205294
1.377332
1.205294
1.380681
1.380681
1.388471
1.388471
1.325792
1.325792
1.214208
1.214208
1.142938
1.142938
1.163231
1.163231
1.283940
1.283940
1.130146
1.130146
1.345155
1.345155
1.268907
1.268907
1.195830
1.195830
1.171353
1.171353
1.346734
1.346734
1.113923
1.113923
1.352170
1.352170
1.232034
1.232034
1.242698
1.242698
1.326443
1.326443
1.293993
1.293993
1.239887
1.239887
1.266726
1.266726
1.102851
1.102851
1.160925
1.160925
1.343788
1.343788
1.219419
1.219419
1.385615
1.385615
1.384604
1.384604
1.148723
1.148723
1.333091
1.333091
1.192025
1.192025
1.379356
1.379356
1.333786
1.333786
1.381678
1.381678
1.212172
1.212172
1.127359
1.127359
1.295752
1.295752
1.167267
1.167267
1.348603
1.348603
1.238014
1.238014
1.389032
1.389032
1.293261
1.293261
1.169754
1.169754
1.226497
1.226497
1.292595
1.292595
1.074824
1.074824
1.218295
1.218295
1.376160
1.376160
1.219489
1.219489
1.370468
1.370468
1.116605
1.116605
1.308947
1.308947
1.329241
1.329241
1.385134
1.385134
1.298972
1.298972
1.379756
1.379756
1.259953
1.259953
1.241769
1.241769
1.145173
1.145173
1.178225
1.178225
1.384424
1.384424
1.172548
1.172548
1.252704
1.252704
1.163132
1.163132
1.357453
1.357453
1.358738
1.358738
1.063571
1.063571
1.205232
1.205232
1.221160
1.221160
1.168670
1.168670
1.370199
1.370199
1.209068
1.209068
1.164220
1.164220
1.352128
1.352128
1.353207
1.353207
1.268119
1.268119
1.353475
1.353475
1.326578
1.326578
1.234255
1.234255
1.356006
1.356006
1.381346
1.381346
1.397676
1.397676
1.109207
1.109207
1.031145
1.031145
1.389856
1.389856
1.282414
1.282414
1.196880
1.196880
1.392212
1.392212
1.372617
1.372617
1.354251
1.354251
1.354546
1.354546
1.296904
1.296904
1.320468
1.320468
1.257023
1.257023
1.389880
1.389880
1.361481
1.361481
1.274866
1.274866
1.168581
1.168581
1.185538
1.185538
1.266710
1.266710
1.294486
1.294486
