1.251751
1.251751
1.161494
1.161494
1.347168
1.347168
1.260958
1.260958
1.114552
1.114552
1.141815
1.141815
1.154810
1.154810
1.358512
1.358512
1.398055
1.398055
1.257019
1.257019
1.355216
1.355216
1.265083
1.265083
1.347002
1.347002
1.312783
1.312783
1.029772
1.029772
1.244054
1.244054
1.139215
1.139215
1.387266
1.387266
1.344324
1.344324
1.340904
1.340904
1.147889
1.147889
1.261932
1.261932
1.397478
1.397478
1.364365
1.364365
1.392979
1.392979
1.245637
1.245637
1.316517
1.316517
1.183922
1.183922
1.257582
1.257582
1.271615
1.271615
1.339577
1.339577
1.227836
1.227836
1.390235
1.390235
1.372404
1.372404
1.295182
1.295182
1.355467
1.355467
1.339755
1.339755
1.023590
1.023590
1.390870
1.390870
1.086749
1.086749
1.144932
1.144932
1.179661
1.179661
1.042244
1.042244
1.372502
1.372502
1.255923
1.255923
1.052351
1.052351
1.319186
1.319186
1.127126
1.127126
1.250489
1.250489
1.379865
1.379865
1.265966
1.265966
1.246968
1.246968
1.166544
1.166544
1.383508
1.383508
1.330005
1.330005
1.262491
1.262491
1.297437
1.297437
1.304278
1.304278
1.321360
1.321360
1.256760
1.256760
1.379605
1.379605
1.332162
1.332162
1.396739
1.396739
1.098258
1.098258
1.385177
1.385177
1.370338
1.370338
1.251207
1.251207
1.260176
1.260176
1.156970
1.156970
1.391683
1.391683
1.241930
1.241930
1.356620
1.356620
1.205765
1.205765
1.382758
1.382758
1.313326
1.313326
1.338532
1.338532
1.375324
1.375324
1.273466
1.273466
1.249636
1.249636
1.334517
1.334517
1.375114
1.375114
1.365696
1.365696
1.387670
1.387670
1.366301
1.366301
1.229028
1.229028
1.343892
1.343892
1.248436
1.248436
1.304813
1.304813
1.245059
1.245059
1.176873
1.176873
1.162803
1.162803
1.162777
1.162777
1.191070
1.191070
1.349975
1.349975
1.163248
1.163248
1.386711
1.386711
1.189555
1.189555
1.331172
1.331172
1.182108
1.182108
1.107480
1.107480
1.384340
1.384340
1.213442
1.213442
1.390580
1.390580
1.396051
1.396051
1.032549
1.032549
1.342307
1.342307
1.100601
1.100601
1.343324
1.343324
1.344327
1.344327
1.383289
1.383289
1.293399
1.293399
1.086100
1.086100
1.131101
1.131101
1.343845
1.343845
1.369708
1.369708
1.113349
1.113349
1.363992
1.363992
1.350027
1.350027
1.298511
1.298511
1.369510
1.369510
1.362137
1.362137
1.314263
1.314263
1.264989
1.264989
1.285909
1.285909
1.317593
1.317593
1.119186
1.399159
1.399159
1.119186
1.183658
1.183658
1.347547
1.347547
1.317216
1.317216
1.356326
1.356326
1.398212
1.398212
1.034764
1.034764
1.220955
1.220955
1.238986
1.238986
1.288310
1.288310
1.348800
1.348800
1.291994
1.291994
1.119308
1.119308
1.366926
1.366926
1.384771
1.384771
