1.283091
1.283091
1.320946
1.320946
1.399437
1.399437
1.178019
1.178019
1.224407
1.224407
1.188486
1.188486
1.240273
1.240273
1.155080
1.155080
1.327063
1.327063
1.094261
1.094261
1.368625
1.368625
1.090486
1.090486
1.369182
1.369182
1.373380
1.373380
1.348479
1.348479
1.291572
1.291572
1.088464
1.088464
1.116511
1.116511
1.305007
1.305007
1.363219
1.363219
1.372843
1.372843
1.314814
1.314814
1.090029
1.090029
1.381966
1.381966
1.230788
1.230788
1.310163
1.310163
1.384704
1.384704
1.378943
1.378943
1.289528
1.289528
1.309228
1.309228
1.216333
1.216333
1.203921
1.203921
1.397697
1.397697
1.395614
1.395614
1.381053
1.381053
1.354980
1.354980
1.223832
1.223832
1.272284
1.272284
1.287070
1.287070
1.333294
1.333294
1.188899
1.188899
1.193219
1.193219
1.301057
1.301057
1.392076
1.392076
1.377997
1.377997
1.355542
1.355542
1.166256
1.166256
1.393288
1.393288
1.330350
1.330350
1.145925
1.145925
1.341298
1.341298
1.368217
1.368217
1.342246
1.342246
1.206135
1.206135
1.124974
1.124974
1.304514
1.304514
1.389007
1.389007
1.325247
1.325247
1.103212
1.103212
1.315878
1.315878
1.246313
1.246313
1.139893
1.139893
1.284712
1.284712
1.385360
1.385360
1.309619
1.309619
1.141992
1.141992
1.240162
1.240162
1.246168
1.246168
1.361826
1.361826
1.233636
1.233636
1.288512
1.288512
1.212371
1.212371
1.290883
1.290883
1.399225
1.399225
1.183676
1.183676
1.285198
1.285198
1.056295
1.056295
1.286941
1.286941
1.153612
1.153612
1.381519
1.381519
1.287387
1.287387
1.364834
1.364834
1.384857
1.384857
1.388177
1.388177
1.191829
1.191829
1.346254
1.346254
1.348345
1.348345
1.311596
1.311596
1.312216
1.312216
1.296710
1.296710
1.310988
1.310988
1.139339
1.139339
1.234429
1.234429
1.349899
1.349899
1.312583
1.312583
1.297425
1.297425
1.280069
1.280069
1.245977
1.245977
1.232496
1.232496
1.374064
1.374064
1.270188
1.270188
1.374705
1.374705
1.324707
1.324707
1.320546
1.320546
1.259446
1.259446
1.266207
1.266207
1.179953
1.179953
