1.218528
1.395176
1.395176
1.218528
1.304597
1.304597
1.376426
1.376426
1.356002
1.356002
1.284585
1.284585
1.301586
1.301586
1.384105
1.384105
1.033955
1.033955
1.285519
1.285519
1.287710
1.287710
1.258236
1.258236
1.396540
1.396540
1.178486
1.178486
1.365842
1.365842
1.364255
1.364255
1.137943
1.137943
1.243224
1.243224
1.292976
1.292976
1.339746
1.339746
1.202833
1.202833
1.377342
1.377342
1.214038
1.214038
1.369629
1.369629
1.397268
1.397268
1.277854
1.277854
1.310231
1.310231
1.258389
1.258389
1.374396
1.374396
1.298680
1.298680
1.362032
1.362032
1.320673
1.320673
1.236385
1.236385
1.239884
1.239884
1.337897
1.337897
1.299301
1.299301
1.391019
1.391019
1.314350
1.314350
1.371715
1.371715
1.307282
1.307282
1.308132
1.308132
1.383410
1.383410
1.366266
1.366266
1.332246
1.166959
1.332246
1.166959
1.390336
1.390336
1.317190
1.317190
1.356718
1.356718
1.353227
1.353227
1.380065
1.380065
1.303037
1.303037
1.211855
1.211855
1.293170
1.293170
1.101720
1.101720
1.368904
1.368904
1.262628
1.262628
1.296297
1.296297
1.327410
1.327410
1.291346
1.291346
1.379336
1.379336
1.355717
1.355717
1.396475
1.396475
1.395721
1.395721
1.305114
1.305114
1.343498
1.343498
1.392812
1.392812
1.128667
1.128667
1.196624
1.196624
1.339941
1.339941
1.311011
1.311011
1.193362
1.193362
1.296733
1.296733
1.323309
1.323309
1.325604
1.325604
1.257928
1.257928
1.239735
1.239735
1.348412
1.348412
1.364349
1.364349
1.195495
1.195495
1.354661
1.354661
1.131964
1.131964
1.346099
1.346099
1.341603
1.341603
1.244598
1.244598
1.386478
1.386478
1.297909
1.297909
1.325615
1.325615
1.241354
1.241354
1.349336
1.349336
1.228217
1.228217
1.336373
1.336373
1.152627
1.152627
1.385306
1.385306
1.098455
1.098455
1.162172
1.162172
1.365220
1.365220
1.322797
1.322797
1.318720
1.318720
1.239942
1.239942
1.229546
1.229546
1.098252
1.098252
1.389900
1.389900
1.163561
1.163561
1.166648
1.166648
1.193204
1.193204
1.149993
1.149993
1.382360
1.382360
1.192860
1.192860
1.302067
1.302067
1.340987
1.340987
1.330291
1.330291
1.117809
1.117809
1.229580
1.229580
1.355143
1.355143
1.236709
1.236709
1.352182
1.352182
1.341804
1.341804
1.067908
1.067908
1.278447
1.278447
1.398433
1.398433
1.220310
1.220310
1.355134
1.355134
1.352251
1.352251
1.383764
1.383764
1.054933
1.054933
1.331514
1.331514
1.171029
1.171029
1.264053
1.264053
1.374547
1.374547
1.237534
1.237534
1.160862
1.160862
1.253213
1.253213
