1.280342
1.280342
1.234292
1.234292
1.391128
1.391128
1.288123
1.288123
1.351704
1.351704
1.336377
1.336377
1.132934
1.132934
1.327405
1.327405
1.310438
1.310438
1.393299
1.393299
1.395808
1.395808
1.377254
1.377254
1.367509
1.367509
1.352747
1.352747
1.214312
1.214312
1.056406
1.056406
1.114834
1.114834
1.255625
1.255625
1.345054
1.345054
1.341256
1.341256
1.203078
1.203078
1.252236
1.252236
1.375132
1.375132
1.280697
1.280697
1.384093
1.384093
1.233499
1.233499
1.184785
1.184785
1.166677
1.166677
1.392453
1.392453
1.393330
1.393330
1.356854
1.356854
1.372180
1.364860
1.372180
1.364860
1.326880
1.326880
1.280414
1.280414
1.305493
1.305493
1.322786
1.322786
1.234205
1.234205
1.202746
1.202746
1.100346
1.100346
1.374982
1.374982
1.275536
1.275536
1.272311
1.272311
1.351107
1.351107
1.364291
1.364291
1.255506
1.255506
1.303665
1.303665
1.128341
1.128341
1.206578
1.206578
1.136346
1.136346
1.040835
1.040835
1.234016
1.234016
1.242100
1.242100
1.205268
1.205268
1.205104
1.205104
1.132368
1.132368
1.264898
1.264898
1.192501
1.192501
1.370499
1.370499
1.196346
1.196346
1.365252
1.365252
1.256521
1.256521
1.355597
1.355597
1.349241
1.349241
1.247488
1.247488
1.124776
1.124776
1.358854
1.358854
1.336258
1.336258
1.395919
1.395919
1.282338
1.282338
1.026951
1.026951
1.272235
1.272235
1.357273
1.357273
1.377095
1.377095
1.197488
1.197488
1.327890
1.327890
1.153272
1.153272
1.342719
1.342719
1.313645
1.313645
1.309712
1.309712
1.187197
1.187197
1.211549
1.211549
1.038057
1.038057
1.271326
1.271326
1.385234
1.385234
1.143353
1.143353
1.341737
1.341737
1.225721
1.225721
1.318498
1.318498
1.217710
1.217710
1.393966
1.393966
1.395408
1.395408
1.288682
1.288682
1.341469
1.341469
1.226674
1.226674
1.375727
1.375727
1.365456
1.365456
1.187524
1.187524
1.375988
1.375988
