1.329165
1.329165
1.389930
1.389930
1.292505
1.292505
1.396092
1.396092
1.342037
1.342037
1.399444
1.399444
1.366241
1.366241
1.321468
1.321468
1.149805
1.149805
1.276572
1.276572
1.149249
1.149249
1.372740
1.372740
1.383627
1.383627
1.378001
1.378001
1.324297
1.324297
1.084801
1.084801
1.309647
1.309647
1.284419
1.284419
1.247660
1.247660
1.171385
1.171385
1.049907
1.049907
1.264663
1.264663
1.308378
1.308378
1.365694
1.365694
1.152037
1.152037
1.201837
1.201837
1.374191
1.374191
1.111831
1.111831
1.226526
1.226526
1.374012
1.374012
1.373618
1.373618
1.193593
1.193593
1.351832
1.351832
1.304060
1.304060
1.328752
1.328752
1.222921
1.222921
1.352279
1.352279
1.227749
1.227749
1.149363
1.149363
1.195318
1.195318
1.396559
1.396559
1.399390
1.399390
1.286643
1.286643
1.073610
1.073610
1.205562
1.205562
1.382458
1.382458
1.299309
1.299309
1.347815
1.347815
1.141892
1.141892
1.177172
1.177172
1.381984
1.381984
1.245393
1.245393
1.339970
1.339970
1.281309
1.281309
1.251470
1.251470
1.344459
1.344459
1.191347
1.191347
1.214680
1.214680
1.286307
1.286307
1.223746
1.223746
1.327051
1.327051
1.381211
1.381211
1.238920
1.238920
1.361385
1.361385
1.334309
1.334309
1.375519
1.375519
1.235072
1.235072
1.268895
1.268895
1.207179
1.207179
1.341076
1.341076
1.270224
1.270224
1.269840
1.269840
1.274046
1.274046
1.206281
1.206281
1.244254
1.244254
1.293013
1.293013
1.246544
1.246544
1.247067
1.247067
1.348754
1.348754
1.155772
1.155772
1.161135
1.161135
1.340277
1.340277
1.161321
1.161321
1.393068
1.393068
1.285061
1.285061
1.356497
1.356497
1.326214
1.326214
1.244516
1.244516
1.162831
1.162831
1.095947
1.095947
1.284357
1.284357
1.292022
1.292022
1.387534
1.387534
1.184130
1.184130
1.239677
1.239677
1.123927
1.123927
1.257622
1.257622
1.324615
1.324615
1.312436
1.312436
1.317040
1.317040
1.315652
1.315652
1.300065
1.300065
1.326355
1.326355
1.284875
1.284875
1.341493
1.341493
1.232222
1.232222
1.340802
1.340802
1.249247
1.249247
1.198299
1.198299
1.360061
1.360061
1.364743
1.364743
1.126654
1.126654
1.382325
1.382325
1.291480
1.291480
1.263438
1.263438
1.257076
1.257076
1.282232
1.282232
1.291165
1.291165
1.192679
1.192679
1.366295
1.366295
1.321789
1.321789
1.197410
1.197410
1.194099
1.194099
1.390767
1.390767
1.351738
1.351738
1.386502
1.386502
