1.285107
1.289772
1.289772
1.285107
1.152404
1.152404
1.351895
1.351895
1.350856
1.350856
1.112046
1.112046
1.285360
1.285360
1.277223
1.277223
1.277103
1.277103
1.392726
1.392726
1.386071
1.386071
1.054606
1.054606
1.379383
1.379383
1.335807
1.335807
1.239389
1.239389
1.034362
1.034362
1.383136
1.383136
1.325664
1.325664
1.394236
1.394236
1.353213
1.353213
1.342187
1.342187
1.221222
1.221222
1.289343
1.289343
1.240783
1.240783
1.319003
1.319003
1.378987
1.378987
1.350795
1.350795
1.261230
1.261230
1.128914
1.128914
1.131578
1.131578
1.292906
1.292906
1.251781
1.251781
1.260533
1.260533
1.299298
1.299298
1.290291
1.290291
1.331127
1.331127
1.376268
1.376268
1.149140
1.149140
1.167460
1.167460
1.347437
1.347437
1.223671
1.223671
1.395034
1.395034
1.312376
1.312376
1.359583
1.359583
1.262232
1.262232
1.172787
1.172787
1.280307
1.280307
1.306000
1.306000
1.258002
1.258002
1.288924
1.288924
1.223482
1.223482
1.341785
1.341785
1.316539
1.316539
1.346505
1.346505
1.283911
1.283911
1.377829
1.377829
1.394895
1.394895
1.384528
1.384528
1.348408
1.348408
1.288098
1.288098
1.339663
1.339663
1.353017
1.353017
1.272547
1.272547
1.234190
1.234190
1.216096
1.216096
1.259751
1.259751
1.282459
1.282459
1.371231
1.371231
1.360481
1.360481
1.301591
1.301591
1.220777
1.220777
1.274060
1.274060
1.316027
1.316027
1.227703
1.227703
1.299699
1.299699
1.306127
1.306127
1.164848
1.164848
1.344450
1.344450
1.355478
1.355478
1.352519
1.352519
1.148189
1.148189
1.137466
1.137466
1.200582
1.200582
1.238572
1.238572
1.216051
1.216051
1.107364
1.107364
1.232576
1.232576
1.235405
1.235405
1.122376
1.122376
1.387441
1.387441
1.182540
1.182540
1.392846
1.392846
1.353057
1.353057
1.191091
1.191091
1.220784
1.220784
1.294235
1.294235
1.356584
1.356584
1.285591
1.285591
1.350065
1.350065
1.370021
1.370021
1.326671
1.326671
1.383760
1.383760
1.331489
1.331489
1.200906
1.200906
1.380938
1.380938
1.301076
1.301076
1.390439
1.390439
1.336954
1.336954
1.162810
1.162810
1.356496
1.356496
1.296161
1.296161
1.399857
1.399857
1.318893
1.318893
1.381646
1.381646
1.271764
1.271764
1.207626
1.207626
1.316433
1.316433
1.373372
1.373372
1.167669
1.167669
1.379928
1.379928
1.108983
1.108983
1.152838
1.152838
1.364832
1.364832
1.381608
1.381608
1.372622
1.372622
1.332948
1.332948
1.197740
1.197740
1.373189
1.373189
1.316225
1.316225
1.356369
1.356369
1.246879
1.246879
1.323944
1.323944
1.049859
1.049859
1.320476
1.320476
1.358567
1.358567
1.248677
1.248677
1.358951
1.358951
1.283599
1.283599
