1.240731
1.240731
1.324128
1.324128
1.267469
1.267469
1.343090
1.343090
1.326404
1.326404
1.196939
1.196939
1.385905
1.385905
1.193963
1.193963
1.176026
1.176026
1.310250
1.310250
1.384618
1.384618
1.243464
1.243464
1.089101
1.089101
1.307453
1.307453
1.297634
1.297634
1.267141
1.267141
1.370649
1.370649
1.383633
1.383633
1.334248
1.334248
1.095984
1.095984
1.181991
1.181991
1.299165
1.299165
1.100178
1.100178
1.196265
1.196265
1.366945
1.366945
1.379643
1.379643
1.369517
1.369517
1.370056
1.370056
1.242231
1.242231
1.376524
1.376524
1.368030
1.368030
1.308429
1.308429
1.251992
1.251992
1.375020
1.375020
1.317962
1.317962
1.325128
1.325128
1.357110
1.357110
1.389659
1.389659
1.367468
1.367468
1.035799
1.035799
1.094268
1.094268
1.399511
1.399511
1.267157
1.267157
1.375662
1.375662
1.345121
1.345121
1.230326
1.230326
1.276312
1.276312
1.233116
1.233116
1.370064
1.370064
1.257937
1.257937
1.395057
1.395057
1.386096
1.386096
1.181708
1.181708
1.299733
1.299733
1.196362
1.196362
1.246835
1.246835
1.375136
1.375136
1.383612
1.383612
1.311198
1.311198
1.233851
1.233851
1.246037
1.246037
1.105020
1.105020
1.397772
1.397772
1.288448
1.288448
1.395408
1.395408
1.377740
1.377740
1.352441
1.352441
1.173152
1.173152
1.368755
1.368755
1.307395
1.307395
1.338503
1.338503
1.365621
1.365621
1.342880
1.342880
1.379112
1.379112
1.380291
1.380291
1.361716
1.361716
1.322018
1.322018
1.305177
1.305177
1.392964
1.392964
1.176930
1.176930
1.175704
1.175704
1.311371
1.311371
1.333678
1.333678
1.382585
1.382585
1.292925
1.292925
1.243866
1.243866
1.149563
1.149563
1.214599
1.214599
1.264018
1.264018
1.239456
1.239456
1.381391
1.381391
1.291528
1.291528
1.040968
1.040968
1.354496
1.354496
1.360418
1.360418
1.136307
1.136307
1.056248
1.056248
1.294287
1.294287
1.226448
1.226448
1.274031
1.274031
1.250039
1.250039
1.315004
1.315004
1.388395
1.388395
1.123042
1.123042
1.074815
1.074815
1.322986
1.322986
1.349975
1.349975
1.394981
1.394981
1.356780
1.356780
1.339915
1.339915
