1.371506
1.371506
1.251935
1.251935
1.339764
1.339764
1.391583
1.391583
1.194715
1.194715
1.242123
1.242123
1.398694
1.398694
1.395205
1.395205
1.370115
1.370115
1.358766
1.358766
1.248676
1.248676
1.351609
1.351609
1.324435
1.324435
1.315894
1.315894
1.188714
1.188714
1.399025
1.399025
1.329363
1.329363
1.331019
1.331019
1.269349
1.269349
1.085157
1.085157
1.228942
1.228942
1.304699
1.304699
1.290407
1.290407
1.115348
1.115348
1.376703
1.376703
1.182423
1.182423
1.162166
1.162166
1.338085
1.338085
1.396256
1.396256
1.234180
1.234180
1.257096
1.257096
1.364219
1.364219
1.338969
1.338969
1.189259
1.189259
1.307056
1.307056
1.370358
1.370358
1.287335
1.287335
1.205087
1.205087
1.399809
1.399809
1.097930
1.097930
1.212482
1.212482
1.219415
1.219415
1.310026
1.310026
1.392223
1.392223
1.376300
1.376300
1.373673
1.373673
1.273383
1.273383
1.399218
1.399218
1.340855
1.340855
1.303781
1.303781
1.335470
1.335470
1.195297
1.195297
1.223820
1.223820
1.148896
1.148896
1.245798
1.245798
1.203463
1.203463
1.367481
1.367481
1.351399
1.351399
1.277514
1.277514
1.329652
1.329652
1.330620
1.330620
1.375063
1.375063
1.274780
1.274780
1.029380
1.029380
1.391146
1.391146
1.179619
1.179619
1.258312
1.258312
1.376414
1.376414
1.199467
1.199467
1.391207
1.391207
1.344766
1.344766
1.328933
1.328933
1.237322
1.237322
1.395397
1.395397
1.361920
1.361920
1.079604
1.079604
1.296555
1.296555
1.346984
1.346984
1.257761
1.257761
1.209072
1.209072
1.363049
1.363049
1.163693
1.163693
1.281849
1.281849
1.210464
1.210464
1.317096
1.317096
1.307731
1.307731
1.315479
1.315479
1.386746
1.386746
1.241335
1.241335
1.307744
1.307744
1.305381
1.305381
