1.260334
1.260334
1.371802
1.371802
1.366363
1.366363
1.234715
1.234715
1.371106
1.371106
1.232548
1.232548
1.258083
1.258083
1.278409
1.278409
1.248228
1.248228
1.352092
1.352092
1.350118
1.350118
1.257555
1.257555
1.140623
1.140623
1.363462
1.363462
1.069703
1.069703
1.243376
1.243376
1.371362
1.371362
1.108843
1.108843
1.325781
1.325781
1.103794
1.103794
1.219304
1.219304
1.266039
1.266039
1.338434
1.338434
1.295621
1.295621
1.192085
1.192085
1.364127
1.364127
1.225221
1.225221
1.337685
1.337685
1.334333
1.334333
1.160082
1.160082
1.385315
1.385315
1.331976
1.331976
1.220750
1.220750
1.294559
1.294559
1.284724
1.284724
1.248919
1.248919
1.151869
1.151869
1.294305
1.294305
1.296031
1.296031
1.387120
1.387120
1.226943
1.226943
1.251770
1.251770
1.321479
1.321479
1.398925
1.398925
1.241443
1.241443
1.395134
1.395134
1.357995
1.357995
1.327119
1.327119
1.399257
1.399257
1.339210
1.339210
1.291955
1.291955
1.093018
1.093018
1.387225
1.387225
1.321011
1.321011
1.338005
1.338005
1.346279
1.346279
1.140446
1.140446
1.357659
1.357659
1.228279
1.228279
1.206160
1.206160
1.325261
1.325261
1.382758
1.382758
1.372754
1.372754
1.305981
1.305981
1.283087
1.283087
1.374545
1.374545
1.353984
1.353984
1.204708
1.204708
1.398109
1.398109
1.131728
1.131728
1.355893
1.355893
1.392338
1.392338
1.377079
1.377079
1.313275
1.313275
1.286758
1.286758
1.355150
1.355150
1.264263
1.264263
1.364329
1.364329
1.375966
1.375966
1.374236
1.374236
1.338345
1.338345
1.307385
1.307385
1.201337
1.201337
1.248341
1.248341
1.358855
1.358855
1.204719
1.204719
1.316276
1.316276
1.167220
1.167220
1.251009
1.251009
1.349184
1.349184
1.357608
1.357608
1.293087
1.293087
1.355263
1.355263
1.387696
1.387696
1.312444
1.312444
1.301733
1.301733
1.376495
1.376495
1.388115
1.388115
1.333976
1.333976
1.269159
1.269159
1.363494
1.363494
1.251428
1.251428
1.389555
1.389555
1.268498
1.268498
1.390129
1.390129
1.241480
1.241480
1.262789
1.262789
1.273860
1.273860
1.368193
1.368193
1.275364
1.275364
1.328580
1.328580
1.338698
1.338698
