1.199044
1.199044
1.323645
1.323645
1.378411
1.212680
1.212680
1.378411
1.339188
1.339188
1.249183
1.249183
1.387970
1.387970
1.314893
1.314893
1.318223
1.318223
1.376081
1.376081
1.265718
1.265718
1.277622
1.277622
1.091484
1.091484
1.074525
1.074525
1.246697
1.246697
1.387446
1.387446
1.252362
1.252362
1.380106
1.380106
1.195060
1.195060
1.348211
1.348211
1.092418
1.092418
1.216451
1.216451
1.343052
1.343052
1.302630
1.302630
1.387564
1.387564
1.350964
1.350964
1.280199
1.280199
1.346903
1.346903
1.279233
1.279233
1.247394
1.247394
1.374744
1.374744
1.184326
1.184326
1.312998
1.312998
1.279384
1.279384
1.363307
1.363307
1.326599
1.326599
1.172975
1.172975
1.320714
1.320714
1.174454
1.174454
1.224839
1.224839
1.381427
1.381427
1.363227
1.363227
1.107157
1.107157
1.260224
1.260224
1.209688
1.238226
1.209688
1.238226
1.391471
1.391471
1.289932
1.289932
1.377415
1.377415
1.302299
1.302299
1.365987
1.365987
1.204167
1.204167
1.317439
1.317439
1.374084
1.374084
1.150393
1.150393
1.384704
1.384704
1.250612
1.250612
1.177988
1.177988
1.293037
1.293037
1.388682
1.388682
1.270650
1.270650
1.372405
1.372405
1.387102
1.387102
1.276945
1.276945
1.145068
1.145068
1.386934
1.386934
1.333245
1.333245
1.090360
1.090360
1.202217
1.202217
1.369069
1.369069
1.265827
1.265827
1.157914
1.157914
1.212006
1.212006
1.376624
1.376624
1.151697
1.151697
1.181974
1.181974
1.282054
1.282054
1.310245
1.310245
1.307188
1.307188
1.297869
1.297869
1.174449
1.174449
1.032581
1.032581
1.069978
1.069978
1.259227
1.259227
1.194430
1.194430
1.230227
1.230227
1.200082
1.200082
1.371511
1.371511
1.123869
1.123869
1.387621
1.387621
1.324771
1.324771
1.344418
1.344418
1.080588
1.080588
1.124940
1.124940
1.116545
1.116545
1.141699
1.141699
1.347498
1.347498
1.341100
1.341100
1.314488
1.314488
1.351530
1.351530
1.340748
1.340748
1.291049
1.291049
1.373763
1.373763
1.314295
1.314295
1.095323
1.095323
1.355055
1.355055
1.354254
1.354254
1.304834
1.304834
1.213573
1.213573
1.296100
1.296100
1.363171
1.363171
1.378577
1.378577
