1.336744
1.336744
1.200009
1.200009
1.275945
1.275945
1.270754
1.253077
1.270754
1.253077
1.371280
1.371280
1.315865
1.315865
1.213582
1.213582
1.355157
1.355157
1.230083
1.230083
1.378949
1.378949
1.231925
1.231925
1.346459
1.346459
1.354920
1.354920
1.317941
1.317941
1.339718
1.339718
1.366264
1.366264
1.222607
1.222607
1.207400
1.207400
1.252470
1.252470
1.351978
1.351978
1.371621
1.371621
1.235235
1.235235
1.213106
1.213106
1.259739
1.259739
1.288703
1.288703
1.201909
1.201909
1.287547
1.287547
1.276617
1.276617
1.309941
1.309941
1.313324
1.313324
1.373327
1.373327
1.313827
1.313827
1.313214
1.313214
1.361845
1.361845
1.295830
1.295830
1.281640
1.281640
1.329795
1.329795
1.334032
1.334032
1.209950
1.209950
1.356771
1.356771
1.193238
1.193238
1.369119
1.369119
1.277733
1.277733
1.390248
1.390248
1.334856
1.334856
1.247300
1.247300
1.294573
1.294573
1.323761
1.323761
1.174452
1.174452
1.365925
1.365925
1.272740
1.272740
1.379223
1.379223
1.257642
1.257642
1.264309
1.264309
1.398097
1.398097
1.393078
1.393078
1.368215
1.368215
1.320612
1.320612
1.392911
1.392911
1.312022
1.312022
1.394607
1.394607
1.277079
1.277079
1.316201
1.316201
1.206923
1.206923
1.337864
1.337864
1.281607
1.281607
1.309391
1.309391
1.322212
1.322212
1.061469
1.061469
1.391742
1.391742
1.267583
1.267583
1.360690
1.360690
1.276640
1.276640
1.097777
1.097777
1.189495
1.189495
1.255987
1.255987
1.264347
1.264347
1.305695
1.305695
1.141031
1.141031
1.344642
1.344642
1.236481
1.236481
1.391648
1.391648
1.365237
1.365237
1.313983
1.313983
1.387245
1.387245
1.082473
1.082473
1.347324
1.347324
1.216005
1.216005
1.263326
1.263326
1.216065
1.216065
1.170068
1.170068
1.300033
1.300033
1.273332
1.273332
1.076178
1.076178
1.230839
1.230839
1.231134
1.231134
1.320541
1.320541
1.397053
1.397053
1.201895
1.201895
1.344145
1.344145
1.081049
1.081049
1.316096
1.316096
1.255185
1.255185
1.362771
1.362771
1.184450
1.184450
1.265559
1.265559
1.314944
1.314944
1.129876
1.129876
1.200166
1.200166
1.383555
1.140620
1.140620
1.383555
1.224743
1.224743
1.349244
1.349244
1.219935
1.219935
1.385112
1.385112
1.344915
1.344915
1.180911
1.180911
1.189026
1.189026
1.348132
1.348132
1.341900
1.341900
1.394424
1.394424
1.145059
1.145059
1.154362
1.154362
1.208959
1.208959
1.170331
1.170331
1.388027
1.388027
1.258816
1.258816
1.298271
1.298271
1.153805
1.153805
1.374699
1.374699
1.324706
1.324706
1.327393
1.327393
1.210602
1.210602
1.284229
1.284229
1.327130
1.327130
1.118232
1.118232
1.244824
1.244824
1.388399
1.388399
1.206430
1.206430
1.273648
1.273648
