1.195800
1.195800
1.300356
1.300356
1.317512
1.317512
1.371901
1.371901
1.351124
1.351124
1.249635
1.249635
1.287781
1.287781
1.312435
1.312435
1.346221
1.346221
1.359950
1.359950
1.247745
1.247745
1.392008
1.392008
1.240710
1.240710
1.178683
1.178683
1.159550
1.159550
1.349046
1.349046
1.295841
1.295841
1.370774
1.370774
1.398324
1.398324
1.278774
1.278774
1.283047
1.283047
1.059144
1.059144
1.227021
1.227021
1.389796
1.389796
1.365195
1.365195
1.153456
1.153456
1.349701
1.349701
1.225756
1.225756
1.242645
1.242645
1.371831
1.371831
1.247656
1.247656
1.332234
1.332234
1.260208
1.260208
1.326530
1.326530
1.199718
1.199718
1.330532
1.065063
1.312727
1.065063
1.312727
1.330532
1.116216
1.116216
1.244556
1.244556
1.251717
1.251717
1.261285
1.261285
1.288261
1.288261
1.290836
1.290836
1.396611
1.347123
1.347123
1.396611
1.200561
1.200561
1.398528
1.398528
1.334442
1.334442
1.345751
1.345751
1.053544
1.053544
1.243601
1.243601
1.306188
1.306188
1.353114
1.353114
1.342411
1.342411
1.273710
1.273710
1.326398
1.326398
1.336458
1.336458
1.293537
1.293537
1.313481
1.313481
1.387621
1.387621
1.215665
1.215665
1.287453
1.287453
1.214743
1.214743
1.372356
1.372356
1.288797
1.288797
1.255880
1.255880
1.374716
1.374716
1.398804
1.398804
1.187224
1.187224
1.317012
1.317012
1.140460
1.140460
1.319611
1.319611
1.336591
1.336591
1.251551
1.251551
1.302675
1.302675
1.299408
1.299408
1.277146
1.277146
1.352100
1.352100
1.261549
1.261549
1.315531
1.315531
1.349502
1.349502
1.354659
1.354659
1.054443
1.269740
1.054443
1.269740
1.350289
1.219529
1.350289
1.219529
1.098147
1.098147
1.166611
1.166611
1.328214
1.328214
1.179531
1.179531
1.331420
1.358910
1.358910
1.351914
1.351914
1.331420
1.336874
1.336874
1.258128
1.258128
1.343426
1.343426
1.367046
1.367046
1.363309
1.137911
1.363309
1.137911
1.277178
1.277178
1.266750
1.266750
1.332660
1.332660
1.365450
1.365450
1.339465
1.339465
1.286999
1.286999
1.318153
1.318153
1.234028
1.234028
1.369111
1.369111
1.399497
1.399497
1.293115
1.293115
1.386553
1.309495
1.309495
1.386553
1.370724
1.340255
1.370724
1.340255
1.298353
1.298353
1.319523
1.319523
1.158318
1.158318
1.276865
1.292728
1.276865
1.292728
1.320771
1.320771
1.143240
1.143240
1.129214
1.129214
1.319520
1.319520
1.338563
1.338563
1.317593
1.317593
1.173020
1.173020
1.317075
1.317075
1.307336
1.307336
1.238923
1.238923
1.062781
1.062781
1.232694
1.232694
1.055174
1.055174
1.370249
1.370249
1.137913
1.137913
1.293398
1.293398
1.171300
1.171300
1.211718
1.211718
1.155018
1.155018
1.277719
1.277719
1.340395
1.340395
1.279231
1.279231
1.255344
1.255344
1.376372
1.376372
1.357147
1.357147
1.368156
1.368156
1.203668
1.203668
1.363309
1.289416
1.363309
1.289416
1.261979
1.261979
1.207404
1.207404
1.300219
1.300219
1.378163
1.378163
1.381666
1.381666
1.232724
1.232724
1.303511
1.303511
1.348070
1.348070
1.315474
1.315474
1.122397
1.122397
1.293421
1.293421
1.127871
1.127871
1.225337
1.225337
1.309617
1.309617
1.381211
1.381211
1.295680
1.295680
1.078775
1.078775
1.299818
1.299818
1.398306
1.398306
1.337752
1.322270
1.337752
1.322270
1.373239
1.378770
1.373239
1.378770
1.248444
1.248444
1.391714
1.391714
1.198196
1.198196
1.284447
1.284447
1.362220
1.362220
1.155141
1.155141
1.372952
1.372952
1.284494
1.284494
1.235273
1.235273
1.130536
1.130536
1.214039
1.214039
1.335980
1.335980
1.327298
1.327298
1.217890
1.217890
1.247054
1.247054
1.354626
1.354626
1.346156
1.346156
1.297699
1.345883
1.297699
1.345883
1.313133
1.313133
1.271952
1.271952
1.240443
1.240443
1.259957
1.259957
1.384866
1.384866
1.263183
1.263183
1.353054
1.353054
1.173794
1.173794
1.388863
1.388863
1.353606
1.353606
1.370173
1.370173
1.243039
1.243039
1.397874
1.397874
1.284507
1.284507
1.072088
1.072088
1.099209
1.099209
1.252435
1.252435
1.079430
1.079430
1.243199
1.243199
1.398784
1.395168
1.395168
1.398784
1.201882
1.201882
1.340911
1.340911
1.152814
1.152814
1.298149
1.298149
1.397280
1.397280
1.205038
1.205038
1.150292
1.150292
1.160004
1.160004
1.243693
1.243693
1.271746
1.271746
1.337804
1.337804
1.387051
1.387051
1.341789
1.341789
1.270864
1.270864
1.288369
1.288369
1.358106
1.358106
1.380353
1.380353
1.269291
1.269291
1.272504
1.272504
1.367050
1.367050
1.371698
1.371698
1.328639
1.328639
1.240337
1.240337
1.188304
1.188304
1.213837
1.213837
1.298998
1.298998
1.104365
1.104365
1.310847
1.310847
1.157234
1.157234
1.262799
1.262799
1.396108
1.396108
1.386672
1.386672
1.395520
1.395520
1.378905
1.378905
1.160559
1.160559
1.237970
1.237970
1.332190
1.332190
1.262233
1.262233
1.246134
1.246134
1.330139
1.330139
1.338777
1.338777
1.246239
1.246239
1.102860
1.102860
1.383544
1.383544
1.299130
1.299130
1.150850
1.150850
1.276616
1.276616
1.321180
1.321180
1.342094
1.342094
1.307164
1.307164
1.291147
1.291147
1.282822
1.282822
1.256342
1.256342
1.233441
1.233441
1.345931
1.345931
1.306813
1.306813
1.346663
1.346663
1.395264
1.395264
1.395289
1.395289
1.181280
1.181280
1.233341
1.233341
1.254473
1.254473
1.239199
1.239199
1.081512
1.081512
1.372746
1.372746
1.375244
1.375244
1.240396
1.240396
1.319489
1.319489
1.029861
1.029861
1.367889
1.367889
1.155517
1.155517
1.383762
1.383762
1.368825
1.368825
1.210200
1.210200
1.392739
1.392739
1.209659
1.209659
1.291329
1.291329
1.347466
1.347466
1.126351
1.126351
1.265495
1.265495
1.318771
1.318771
1.384579
1.384579
1.320710
1.320710
1.299342
1.299342
1.251533
1.251533
1.358010
1.358010
1.290104
1.290104
1.281756
1.281756
1.299371
1.299371
1.252074
1.252074
1.298182
1.298182
1.348647
1.348647
1.302319
1.302319
1.329453
1.269344
1.269344
1.329453
1.396647
1.396647
1.291628
1.291628
1.228070
1.228070
1.279168
1.279168
1.195950
1.195950
1.108788
1.108788
1.397161
1.397161
1.352441
1.352441
1.352018
1.352018
1.389798
1.389798
1.351771
1.351771
1.216074
1.216074
1.378463
1.378463
1.068136
1.068136
1.326488
1.326488
1.261920
1.261920
1.330633
1.330633
1.266803
1.266803
1.380866
1.380866
1.252205
1.252205
1.397918
1.397918
1.379958
1.379958
1.322912
1.322912
1.277552
1.277552
1.257687
1.257687
1.353536
1.353536
1.236259
1.236259
1.285924
1.285924
1.195314
1.195314
