1.375735
1.139314
1.375735
1.139314
1.327103
1.327103
1.369039
1.369039
1.145660
1.145660
1.378168
1.378168
1.352977
1.352977
1.396614
1.396614
1.355441
1.019051
1.019051
1.355441
1.373120
1.373120
1.386362
1.386362
1.284247
1.333076
1.333076
1.284247
1.301329
1.301329
1.372711
1.372711
1.229823
1.229823
1.357971
1.357971
1.379551
1.379551
1.252847
1.252847
1.399369
1.399369
1.076411
1.076411
1.179801
1.326622
1.179801
1.326622
1.384118
1.384118
1.292763
1.292763
1.281825
1.281825
1.266290
1.266290
1.325558
1.325558
1.234703
1.234703
1.249379
1.249379
1.179342
1.179342
1.355212
1.355212
1.226825
1.226825
1.373154
1.373154
1.022526
1.022526
1.217601
1.217601
1.222467
1.222467
1.207518
1.207518
1.234527
1.234527
1.382817
1.382817
1.281809
1.281809
1.370247
1.370247
1.320398
1.320398
1.315939
1.315939
1.056678
1.056678
1.034050
1.034050
1.329084
1.329084
1.381621
1.381621
1.262458
1.262458
1.309790
1.309790
1.176682
1.176682
1.180426
1.180426
1.345337
1.345337
1.065786
1.065786
1.363001
1.363001
1.393509
1.393509
1.320025
1.320025
1.334209
1.334209
1.368111
1.368111
1.276531
1.276531
1.346577
1.346577
1.313958
1.313958
1.339554
1.339554
1.338409
1.338409
1.281014
1.281014
1.061506
1.222490
1.061506
1.222490
1.387893
1.261730
1.261730
1.387893
1.387948
1.387948
1.218761
1.218761
1.350437
1.350437
1.317981
1.317981
1.318974
1.318974
1.389046
1.062526
1.062526
1.389046
1.318145
1.318145
1.083319
1.083319
1.234936
1.234936
1.381079
1.381079
1.025760
1.025760
1.171471
1.171471
1.399871
1.399871
1.198358
1.198358
1.200627
1.200627
1.374851
1.374851
1.210585
1.210585
1.294743
1.294743
1.289315
1.289315
1.322736
1.322736
1.130973
1.130973
1.161491
1.161491
1.324869
1.324869
1.136502
1.136502
1.182451
1.182451
1.153419
1.153419
1.264667
1.264667
1.270348
1.270348
1.318196
1.318196
1.342972
1.342972
1.307800
1.307800
1.267217
1.267217
1.359606
1.359606
1.268154
1.156622
1.268154
1.156622
1.146432
1.146432
1.177117
1.177117
1.334388
1.334388
1.310948
1.310948
1.360150
1.360150
1.385943
1.385943
1.241733
1.369472
1.241733
1.369472
1.280046
1.280046
1.390462
1.390462
1.364624
1.364624
1.280860
1.280860
1.257321
1.257321
1.342726
1.342726
1.124826
1.124826
1.391671
1.391671
1.312674
1.312674
1.328764
1.328764
1.079078
1.079078
1.317806
1.317806
1.322199
1.322199
1.213203
1.213203
1.216627
1.216627
1.188921
1.188921
1.322179
1.322179
1.216064
1.305627
1.305627
1.216064
1.394752
1.394752
1.315527
1.315527
1.230829
1.230829
1.383942
1.383942
1.203772
1.203772
1.258668
1.258668
1.244231
1.244231
1.310820
1.310820
1.357930
1.357930
1.339857
1.339857
1.320670
1.320670
1.277509
1.277509
1.337541
1.285531
1.285531
1.337541
1.393263
1.393263
1.245361
1.245361
1.332002
1.332002
1.301454
1.301454
1.358775
1.358775
1.301728
1.301728
1.328274
1.328274
1.089246
1.089246
1.341810
1.341810
1.236145
1.236145
1.269668
1.269668
1.300137
1.300137
1.253466
1.168166
1.253466
1.168166
1.285189
1.285189
1.347690
1.347690
1.099442
1.099442
1.255564
1.255564
1.216190
1.216190
1.256989
1.256989
1.387633
1.387633
1.248648
1.248648
1.163307
1.163307
1.335203
1.335203
1.254015
1.254015
1.288713
1.288713
1.274466
1.274466
1.388820
1.388820
1.187618
1.187618
1.392170
1.392170
1.390500
1.390500
1.393970
1.393970
1.106896
1.106896
1.389385
1.389385
1.397273
1.397273
1.345605
1.345605
1.352941
1.352941
1.316324
1.316324
1.238323
1.238323
1.333353
1.333353
1.216155
1.216155
1.312459
1.312459
1.182915
1.182915
1.224187
1.224187
1.383023
1.383023
1.277278
1.277278
1.095595
1.095595
1.335638
1.335638
1.377563
1.377563
1.373845
1.373845
1.345580
1.345580
1.383783
1.383783
1.376646
1.376646
1.320998
1.320998
1.226241
1.226241
1.386884
1.386884
1.129611
1.129611
1.380804
1.380804
1.257238
1.257238
1.395076
1.395076
1.387682
1.387682
1.189871
1.189871
1.386052
1.386052
1.295547
1.295547
1.080238
1.244590
1.244590
1.080238
1.371282
1.371282
1.231066
1.231066
1.385575
1.385575
1.145028
1.145028
1.172510
1.172510
1.182609
1.182609
1.302562
1.302562
1.393550
1.393550
1.380962
1.380962
1.331248
1.331248
1.364332
1.364332
1.011149
1.011149
1.392820
1.392820
1.292020
1.292020
1.218931
1.218931
1.297125
1.297125
1.164639
1.164639
1.381751
1.381751
1.237648
1.237648
1.186360
1.186360
1.292834
1.292834
1.345905
1.345905
1.368643
1.368643
1.345044
1.345044
1.237556
1.237556
1.335457
1.335457
1.128473
1.128473
1.263706
1.263706
1.296972
1.296972
1.343002
1.343002
1.272224
1.272224
1.258106
1.258106
1.376631
1.376631
1.357555
1.357555
1.139497
1.139497
1.351777
1.351777
1.338382
1.338382
1.319325
1.319325
1.252496
1.252496
1.275219
1.275219
1.392153
1.392153
1.239847
1.239847
1.301427
1.301427
1.238967
1.238967
1.357011
1.357011
1.280723
1.280723
1.161621
1.161621
1.232516
1.232516
1.313747
1.313747
1.233180
1.233180
1.385879
1.385879
1.388062
1.388062
1.121228
1.121228
1.333994
1.333994
1.300474
1.300474
1.293305
1.293305
1.330659
1.330659
1.246995
1.246995
1.215187
1.215187
1.205519
1.205519
1.193029
1.193029
1.210968
1.210968
1.105137
1.105137
1.173754
1.173754
1.395670
1.395670
1.217141
1.217141
1.369893
1.369893
1.229533
1.229533
1.254476
1.254476
1.331144
1.331144
1.303837
1.303837
1.299274
1.299274
1.321507
1.321507
1.296162
1.296162
1.198756
1.198756
1.254070
1.254070
1.185846
1.185846
1.257656
1.257656
1.372390
1.372390
1.255091
1.255091
1.134696
1.134696
1.369253
1.369253
1.339340
1.339340
1.215001
1.215001
1.287758
1.287758
1.390844
1.390844
1.260804
1.260804
1.313658
1.313658
1.275319
1.275319
1.341061
1.341061
1.225502
1.225502
1.284293
1.284293
1.277227
1.277227
1.368583
1.368583
1.209005
1.209005
1.336460
1.336460
1.351693
1.351693
1.117528
1.117528
1.236277
1.236277
1.152383
1.152383
1.190799
1.190799
1.319226
1.319226
1.398240
1.398240
1.381955
1.381955
1.274361
1.274361
1.222669
1.222669
1.252535
1.252535
1.387181
1.387181
1.213976
1.213976
1.255507
1.255507
1.170549
1.170549
1.306128
1.306128
1.396576
1.396576
1.167121
1.167121
1.276769
1.276769
1.221648
1.221648
1.372251
1.372251
1.240094
1.240094
1.120699
1.120699
1.399376
1.399376
1.320193
1.320193
1.372491
1.372491
1.236174
1.236174
1.237626
1.237626
1.191350
1.191350
1.386478
1.386478
1.171049
1.171049
1.372466
1.372466
1.204172
1.204172
1.323522
1.323522
1.290645
1.290645
1.264282
1.264282
1.329013
1.329013
1.253680
1.253680
1.337135
1.337135
1.268602
1.268602
1.267888
1.267888
1.355472
1.355472
1.363077
1.363077
1.160187
1.160187
1.332629
1.332629
1.353232
1.353232
1.144655
1.144655
1.300027
1.300027
1.290700
1.290700
1.103990
1.103990
1.376421
1.376421
1.347491
1.347491
1.197462
1.197462
1.340789
1.340789
1.388948
1.388948
1.172124
1.172124
1.320417
1.320417
1.160128
1.397186
1.160128
1.397186
1.309044
1.309044
1.107530
1.107530
1.338132
1.338132
1.244215
1.244215
1.369803
1.369803
1.215444
1.215444
1.356359
1.356359
1.283168
1.283168
1.236232
1.236232
1.357960
1.357960
1.368373
1.368373
1.384236
1.384236
1.266184
1.266184
1.375990
1.375990
1.383198
1.383198
1.113519
1.113519
1.319562
1.319562
