1.375343
1.375343
1.273990
1.273990
1.367798
1.367798
1.301661
1.301661
1.346154
1.346154
1.355586
1.355586
1.102588
1.102588
1.388970
1.388970
1.182196
1.182196
1.097669
1.097669
1.302458
1.302458
1.255137
1.255137
1.299795
1.299795
1.337263
1.349019
1.337263
1.349019
1.172240
1.172240
1.366045
1.366045
1.348716
1.348716
1.284529
1.284529
1.396835
1.396835
1.308644
1.308644
1.065592
1.065592
1.274834
1.274834
1.119534
1.119534
1.193800
1.193800
1.212097
1.149328
1.149328
1.212097
1.253532
1.253532
1.123406
1.123406
1.327806
1.327806
1.382840
1.382840
1.279293
1.279293
1.377474
1.377474
1.311886
1.311886
1.151927
1.151927
1.384227
1.384227
1.314338
1.314338
1.360466
1.360466
1.247837
1.247837
1.317248
1.317248
1.293107
1.293107
1.323490
1.363063
1.363063
1.323490
1.298324
1.298324
1.203739
1.203739
1.299153
1.299153
1.289740
1.289740
1.094144
1.094144
1.215752
1.215752
1.181124
1.181124
1.289437
1.289437
1.198004
1.198004
1.370491
1.370491
1.370356
1.370356
1.344382
1.344382
1.329994
1.329994
1.350925
1.350925
1.233878
1.321022
1.233878
1.321022
1.112537
1.112537
1.245351
1.245351
1.299666
1.299666
1.391470
1.391470
1.167712
1.167712
1.307228
1.307228
1.147876
1.147876
1.371451
1.371451
1.394833
1.394833
1.036701
1.036701
1.284472
1.284472
1.102745
1.102745
1.391688
1.391688
1.130712
1.130712
1.200830
1.200830
1.310455
1.310455
1.269191
1.269191
1.177446
1.177446
1.174467
1.174467
1.332508
1.332508
1.362275
1.362275
1.300943
1.300943
1.333685
1.333685
1.382535
1.382535
1.104001
1.104001
1.267751
1.267751
1.163009
1.163009
1.371767
1.371767
1.323210
1.323210
1.383278
1.383278
1.336560
1.336560
1.234319
1.234319
1.398346
1.398346
1.318197
1.318197
1.379758
1.379758
1.280440
1.280440
1.394991
1.348819
1.394991
1.348819
1.164050
1.164050
1.188147
1.188147
1.321754
1.321754
1.133920
1.133920
1.270995
1.270995
1.185293
1.185293
1.255607
1.255607
1.391971
1.391971
1.305546
1.305546
1.218132
1.322158
1.322158
1.218132
1.308872
1.308872
1.380297
1.380297
1.344179
1.344179
1.260246
1.260246
1.362770
1.362770
1.384417
1.384417
1.189427
1.189427
1.387597
1.387597
1.304385
1.304385
1.293768
1.293768
1.357131
1.357131
1.248148
1.248148
1.395056
1.395056
1.371342
1.371342
1.362660
1.362660
1.308428
1.308428
1.297799
1.297799
1.379498
1.379498
1.228516
1.228516
1.292594
1.292594
1.125799
1.125799
1.065170
1.065170
1.320714
1.320714
1.361536
1.361536
1.154778
1.154778
1.156227
1.156227
1.323745
1.323745
1.196254
1.196254
1.396986
1.396986
1.081565
1.081565
1.358416
1.358416
1.397578
1.397578
1.337204
1.337204
1.394479
1.394479
1.399291
1.399291
1.328198
1.328198
1.377752
1.377752
1.393595
1.393595
1.381986
1.381986
1.356766
1.356766
1.065562
1.065562
1.364004
1.364004
1.394576
1.394576
1.219065
1.219065
1.354865
1.354865
1.393131
1.393131
1.325561
1.325561
1.331195
1.331195
1.288213
1.288213
1.378628
1.378628
1.250103
1.250103
1.354176
1.354176
1.392955
1.392955
1.383467
1.383467
1.392404
1.392404
1.353505
1.353505
1.290715
1.290715
1.202962
1.022908
1.202962
1.022908
1.374805
1.374805
1.370571
1.370571
1.372526
1.372526
1.192522
1.192522
1.316516
1.316516
1.213351
1.213351
1.047930
1.047930
1.349643
1.349643
1.332439
1.332439
1.239842
1.239842
1.331607
1.331607
1.263885
1.263885
1.338971
1.338971
1.368103
1.368103
1.139422
1.139422
1.395031
1.395031
1.177037
1.177037
1.226606
1.226606
1.296963
1.296963
1.324446
1.324446
1.375136
1.375136
1.223564
1.223564
1.158420
1.158420
1.385547
1.385547
1.228185
1.228185
1.294225
1.294225
1.259233
1.259233
1.368786
1.368786
1.120261
1.120261
1.129352
1.129352
1.306376
1.306376
1.217067
1.217067
1.198664
1.198664
1.166535
1.166535
1.065277
1.065277
1.300067
1.300067
1.248270
1.248270
1.040998
1.040998
1.333597
1.333597
1.330926
1.330926
1.381773
1.381773
1.260818
1.260818
1.348324
1.348324
1.329754
1.329754
1.222245
1.222245
1.302676
1.302676
1.331886
1.331886
1.136878
1.136878
1.329403
1.329403
1.278863
1.278863
1.360099
1.360099
1.160590
1.160590
1.331227
1.331227
1.384678
1.384678
1.170439
1.170439
1.283208
1.283208
1.152140
1.152140
1.234236
1.234236
1.178041
1.178041
1.320839
1.320839
1.238974
1.238974
1.121622
1.121622
1.344650
1.344650
1.340238
1.340238
1.237545
1.237545
1.283329
1.283329
1.173283
1.173283
1.212064
1.212064
1.223666
1.223666
1.184143
1.184143
1.399075
1.399075
1.368491
1.368491
1.342307
1.342307
1.393827
1.393827
1.351790
1.351790
1.399113
1.399113
1.157059
1.157059
1.263820
1.263820
1.269104
1.269104
1.230155
1.230155
1.149455
1.149455
1.383585
1.383585
