1.344595
1.344595
1.310391
1.310391
1.148039
1.148039
1.335451
1.335451
1.380412
1.380412
1.394377
1.394377
1.214017
1.214017
1.100554
1.100554
1.133970
1.133970
1.274275
1.274275
1.264105
1.256656
1.264105
1.256656
1.363061
1.363061
1.359643
1.359643
1.182545
1.182545
1.341379
1.390305
1.341379
1.390305
1.177883
1.177883
1.339664
1.339664
1.203983
1.203983
1.311057
1.311057
1.169450
1.169450
1.360757
1.360757
1.352456
1.352456
1.304127
1.304127
1.302097
1.302097
1.338104
1.338104
1.370174
1.370174
1.333020
1.333020
1.392120
1.392120
1.384695
1.228529
1.384695
1.228529
1.342517
1.342517
1.366481
1.366481
1.220558
1.220558
1.246361
1.246361
1.391811
1.391811
1.353341
1.353341
1.102418
1.102418
1.280957
1.280957
1.394258
1.394258
1.255938
1.255938
1.217993
1.217993
1.126026
1.126026
1.398525
1.352250
1.352250
1.398525
1.223434
1.223434
1.304174
1.304174
1.257195
1.257195
1.271665
1.271665
1.388893
1.388893
1.387447
1.337186
1.387447
1.337186
1.319521
1.319521
1.255568
1.255568
1.235616
1.235616
1.299732
1.299732
1.119731
1.265260
1.265260
1.119731
1.352818
1.352818
1.318811
1.318811
1.159187
1.159187
1.259619
1.259619
1.292746
1.292746
1.266200
1.266200
1.351923
1.351923
1.229167
1.229167
1.331642
1.331642
1.288644
1.288644
1.071940
1.071940
1.382111
1.382111
1.154870
1.154870
1.270204
1.270204
1.186989
1.186989
1.360407
1.360407
1.386783
1.386783
1.264181
1.264181
1.379909
1.379909
1.390552
1.390552
1.388445
1.388445
1.302901
1.302901
1.264237
1.264237
1.393212
1.393212
1.177172
1.177172
1.245679
1.245679
1.292289
1.292289
1.323496
1.323496
1.395280
1.162736
1.395280
1.162736
1.243291
1.243291
1.265434
1.265434
1.210355
1.210355
1.344922
1.344922
1.288910
1.288910
1.326322
1.326322
1.387193
1.387193
1.074314
1.074314
1.394769
1.394769
1.370395
1.370395
1.195359
1.195359
1.368813
1.368813
1.395589
1.395589
1.279948
1.279948
1.375866
1.375866
1.384698
1.384698
1.393709
1.393709
1.290866
1.290866
1.275867
1.275867
1.336298
1.336298
1.342673
1.342673
1.098959
1.098959
1.391686
1.391686
1.278598
1.278598
1.368880
1.368880
1.275392
1.275392
1.129953
1.129953
1.338153
1.338153
1.312283
1.312283
1.350014
1.350014
1.156071
1.156071
1.303617
1.303617
1.394912
1.394912
1.195757
1.195757
1.312385
1.312385
1.155520
1.155520
1.265965
1.265965
1.189828
1.189828
1.355182
1.355182
1.098410
1.098410
1.286299
1.286299
1.217266
1.217266
1.233912
1.233912
1.017990
1.017990
1.389681
1.389681
1.329997
1.329997
1.395562
1.395562
1.321555
1.321555
1.373928
1.322397
1.373928
1.322397
1.365637
1.365637
1.315248
1.315248
1.396823
1.396823
1.160871
1.160871
1.122711
1.122711
1.380221
1.380221
1.396299
1.396299
1.072950
1.072950
1.314419
1.314419
1.347808
1.347808
1.390296
1.390296
1.185316
1.185316
1.195535
1.195535
1.370946
1.370946
1.399377
1.399377
1.294461
1.294461
1.290832
1.290832
1.060064
1.060064
1.372955
1.372955
1.196470
1.196470
1.329673
1.329673
1.310492
1.310492
1.267134
1.267134
1.260277
1.260277
1.387348
1.387348
1.384544
1.384544
1.300975
1.300975
1.148128
1.148128
1.316201
1.316201
1.230559
1.230559
1.322788
1.322788
1.247197
1.090118
1.247197
1.090118
1.163428
1.163428
1.379937
1.379937
1.288372
1.288372
1.246447
1.246447
1.226754
1.226754
1.044034
1.044034
1.262383
1.262383
1.343321
1.343321
1.381726
1.381726
1.175617
1.175617
1.265225
1.265225
1.256744
1.256744
1.386809
1.386809
1.296368
1.296368
1.395803
1.395803
1.170550
1.170550
1.388051
1.388051
1.304895
1.304895
1.292028
1.292028
1.201261
1.201261
1.282995
1.282995
1.138119
1.138119
1.314435
1.314435
1.273240
1.273240
1.353776
1.353776
1.241075
1.241075
1.384068
1.384068
1.218041
1.218041
1.194581
1.194581
1.043499
1.043499
1.296682
1.296682
1.335186
1.335186
1.275185
1.275185
1.274955
1.274955
1.271943
1.271943
1.381414
1.381414
1.339847
1.339847
1.350198
1.350198
1.399390
1.399390
1.260829
1.260829
1.343442
1.343442
1.371361
1.371361
1.326330
1.326330
1.230259
1.230259
1.374183
1.374183
1.314348
1.314348
1.390909
1.390909
1.300631
1.300631
1.315942
1.315942
1.286228
1.286228
1.349633
1.349633
1.160016
1.160016
1.266706
1.266706
1.301285
1.301285
1.097182
1.097182
1.302431
1.302431
1.376794
1.376794
1.268795
1.268795
1.300177
1.300177
1.341888
1.341888
1.367469
1.367469
1.357063
1.357063
1.166811
1.166811
1.279795
1.279795
1.157652
1.157652
1.391192
1.391192
1.389922
1.389922
1.275436
1.275436
1.379978
1.379978
1.351991
1.351991
1.316481
1.316481
1.313726
1.313726
1.110635
1.110635
1.349768
1.349768
1.372054
1.372054
1.231359
1.231359
1.387829
1.387829
1.336503
1.336503
1.398721
1.398721
1.383484
1.383484
1.374306
1.374306
1.387753
1.387753
1.235400
1.235400
1.226798
1.226798
1.399241
1.399241
1.240372
1.240372
1.214643
1.214643
1.300980
1.300980
1.144444
1.144444
1.381926
1.388034
1.381926
1.388034
1.323332
1.323332
1.235480
1.235480
1.216830
1.216830
1.267239
1.267239
1.354864
1.354864
1.377737
1.377737
1.285153
1.285153
1.395340
1.395340
1.378467
1.378467
1.315671
1.315671
1.281595
1.281595
1.244104
1.287150
1.244104
1.287150
1.255394
1.255394
1.303015
1.303015
1.331796
1.331796
1.373481
1.373481
1.259770
1.259770
1.276557
1.276557
1.374287
1.374287
1.331536
1.331536
1.337925
1.337925
1.319440
1.319440
1.244760
1.244760
1.305939
1.305939
1.305762
1.305762
1.384561
1.384561
1.354446
1.354446
1.399970
1.399970
1.308750
1.308750
1.195255
1.195255
1.389179
1.389179
1.074126
1.074126
1.285052
1.285052
1.395806
1.395806
1.197553
1.197553
1.339276
1.339276
1.201724
1.201724
1.272276
1.272276
1.266210
1.266210
1.362784
1.362784
1.188030
1.188030
1.228377
1.228377
1.378050
1.378050
1.214909
1.214909
1.377491
1.377491
1.333937
1.333937
1.254657
1.254657
1.114432
1.114432
1.357909
1.357909
1.213558
1.213558
1.351250
1.351250
1.370960
1.370960
1.355859
1.355859
1.331234
1.331234
1.173916
1.173916
1.302865
1.302865
1.328523
1.328523
1.388255
1.388255
1.374001
1.374001
1.335658
1.335658
1.216040
1.216040
1.155374
1.155374
1.190235
1.190235
1.367256
1.367256
1.082132
1.082132
1.291213
1.291213
1.398556
1.398556
1.375492
1.375492
1.398570
1.398570
1.105300
1.105300
1.366611
1.366611
1.362859
1.362859
1.304415
1.304415
1.294607
1.294607
1.207964
1.207964
1.233157
1.233157
1.127110
1.127110
1.378641
1.378641
1.049082
1.049082
1.243151
1.243151
1.395966
1.395966
1.167175
1.167175
1.313772
1.313772
1.335522
1.335522
1.339045
1.339045
1.220164
1.220164
1.387475
1.387475
1.256118
1.256118
1.214223
1.214223
1.219330
1.219330
