1.327808
1.327808
1.331146
1.242956
1.242956
1.331146
1.100041
1.100041
1.230975
1.230975
1.173616
1.173616
1.203592
1.203592
1.340476
1.340476
1.366137
1.366137
1.139068
1.139068
1.324563
1.324563
1.317050
1.317050
1.367955
1.367955
1.364708
1.302528
1.364708
1.302528
1.295667
1.295667
1.258315
1.258315
1.241490
1.241490
1.317606
1.317606
1.299537
1.299537
1.293946
1.293946
1.393027
1.393027
1.264926
1.264926
1.387723
1.387723
1.317631
1.317631
1.198204
1.198204
1.317671
1.317671
1.382681
1.382681
1.371412
1.371412
1.184764
1.184764
1.175526
1.175526
1.346836
1.376242
1.346836
1.376242
1.148617
1.148617
1.364374
1.364374
1.175180
1.175180
1.208476
1.208476
1.037777
1.037777
1.273542
1.273542
1.346938
1.390080
1.390080
1.346938
1.225086
1.225086
1.222821
1.222821
1.393778
1.270245
1.270245
1.393778
1.353471
1.353471
1.337863
1.337863
1.368133
1.368133
1.269391
1.269391
1.134542
1.134542
1.366199
1.366199
1.175366
1.175366
1.090075
1.090075
1.094242
1.094242
1.351676
1.351676
1.301656
1.301656
1.214024
1.214024
1.314707
1.314707
1.063576
1.063576
1.360195
1.360195
1.108376
1.108376
1.342097
1.342097
1.162835
1.377456
1.162835
1.377456
1.245517
1.245517
1.363529
1.363529
1.390019
1.390019
1.370953
1.370953
1.097842
1.314859
1.097842
1.314859
1.281825
1.281825
1.303714
1.303714
1.390957
1.390957
1.315877
1.315877
1.353588
1.353588
1.311852
1.311852
1.362355
1.362355
1.396338
1.396338
1.360148
1.360148
1.028286
1.028286
1.231512
1.231512
1.351666
1.351666
1.384186
1.384186
1.398553
1.398553
1.338810
1.338810
1.164445
1.164445
1.231966
1.231966
1.276556
1.276556
1.292584
1.292584
1.187959
1.187959
1.309499
1.309499
1.118765
1.118765
1.354955
1.354955
1.178796
1.178796
1.286139
1.286139
1.252860
1.252860
1.251155
1.251155
1.322024
1.322024
1.297767
1.297767
1.308449
1.308449
1.396395
1.396395
1.177544
1.177544
1.138225
1.138225
1.313235
1.313235
1.185521
1.185521
1.298401
1.298401
1.384429
1.384429
1.144630
1.144630
1.365944
1.365944
1.319856
1.319856
1.335619
1.335619
1.346359
1.346359
1.334025
1.334025
1.367796
1.367796
1.271437
1.271437
1.253699
1.253699
1.393304
1.393304
1.258679
1.258679
1.398996
1.398996
1.357004
1.357004
1.397766
1.397766
1.370441
1.370441
1.183123
1.183123
1.386441
1.386441
1.375675
1.375675
1.243716
1.243716
1.078372
1.078372
1.375600
1.375600
1.196485
1.196485
1.077684
1.077684
1.392167
1.392167
1.327704
1.327704
1.369071
1.369071
1.132529
1.132529
1.333986
1.333986
1.259110
1.259110
1.393611
1.393611
1.244758
1.244758
1.370281
1.370281
1.377090
1.377090
1.382246
1.382246
1.240306
1.240306
1.363270
1.363270
1.099340
1.099340
1.289189
1.289189
1.226901
1.226901
1.251054
1.251054
1.198220
1.198220
1.326295
1.326295
1.226040
1.226040
1.189397
1.189397
1.172172
1.172172
1.393563
1.393563
1.320167
1.320167
1.322419
1.322419
1.349419
1.349419
1.263976
1.263976
1.270771
1.270771
1.094434
1.094434
1.363962
1.363962
1.367396
1.367396
1.314942
1.314942
1.281327
1.281327
1.250143
1.250143
1.339012
1.339012
1.199051
1.199051
1.257794
1.301006
1.257794
1.301006
1.245458
1.245458
1.263187
1.263187
1.256138
1.256138
1.350642
1.350642
1.244665
1.244665
1.239771
1.239771
1.383252
1.383252
1.296751
1.296751
1.396835
1.396835
1.229745
1.229745
1.250465
1.250465
1.380064
1.380064
1.127140
1.127140
1.275621
1.275621
1.267063
1.267063
1.261989
1.261989
1.321858
1.321858
1.267688
1.267688
1.205782
1.205782
1.371762
1.371762
1.192594
1.192594
1.381942
1.381942
1.265510
1.265510
1.330349
1.330349
1.298299
1.298299
1.302201
1.302201
1.258599
1.258599
1.053984
1.053984
1.384898
1.384898
1.346086
1.346086
1.239928
1.239928
1.391545
1.391545
1.006056
1.006056
1.324398
1.324398
1.364890
1.364890
1.347417
1.347417
1.121148
1.121148
1.154946
1.154946
1.270860
1.270860
1.128115
1.128115
1.316479
1.316479
1.179090
1.179090
1.214940
1.214940
1.372345
1.372345
1.251834
1.251834
1.316293
1.316293
1.346149
1.346149
1.360318
1.360318
1.269137
1.269137
1.232143
1.232143
1.194335
1.194335
1.326647
1.326647
1.218791
1.218791
1.393238
1.393238
1.312054
1.312054
1.348527
1.348527
1.120210
1.120210
1.290717
1.290717
1.363434
1.363434
1.164506
1.164506
1.198966
1.198966
1.330576
1.330576
1.327130
1.327130
1.055383
1.055383
1.198887
1.198887
1.319568
1.319568
1.089199
1.089199
1.342677
1.342677
1.256793
1.256793
1.333549
1.333549
1.345480
1.345480
1.388818
1.388818
1.398658
1.398658
1.097276
1.097276
1.198022
1.198022
1.269999
1.269999
1.341148
1.341148
1.218907
1.218907
1.139828
1.139828
1.218701
1.302293
1.302293
1.218701
1.293353
1.293353
1.217930
1.217930
1.283742
1.283742
1.380333
1.380333
1.089945
1.089945
1.141961
1.141961
1.068866
1.068866
1.221306
1.221306
1.266234
1.266234
1.395061
1.395061
1.199098
1.199098
1.362368
1.362368
1.291643
1.291643
1.097326
1.097326
1.199496
1.199496
1.321575
1.321575
1.374926
1.374926
1.368681
1.368681
1.399487
1.399487
1.240163
1.240163
1.285261
1.285261
1.161672
1.161672
1.310989
1.310989
1.204650
1.204650
1.144652
1.144652
1.314301
1.314301
1.277068
1.277068
1.246319
1.246319
1.326219
1.326219
1.339760
1.339760
1.293995
1.293995
1.387289
1.387289
1.297114
1.297114
1.175627
1.175627
1.358107
1.358107
1.090288
1.090288
1.274539
1.274539
1.305871
1.305871
1.235386
1.235386
1.391698
1.391698
1.361926
1.361926
1.388309
1.388309
1.315662
1.315662
1.388788
1.388788
1.359964
1.359964
1.166866
1.166866
1.211438
1.211438
1.357024
1.357024
1.251686
1.251686
1.295677
1.295677
1.368080
1.368080
1.399738
1.399738
1.278492
1.278492
1.348354
1.348354
1.176398
1.176398
1.330901
1.330901
1.315019
1.315019
1.336977
1.336977
1.357417
1.357417
1.268725
1.268725
1.398156
1.398156
