1.193786
1.193786
1.213371
1.336969
1.336969
1.213371
1.280820
1.280820
1.148025
1.148025
1.361549
1.361549
1.172313
1.172313
1.370601
1.370601
1.228363
1.228363
1.373815
1.373815
1.111303
1.277808
1.111303
1.277808
1.333114
1.333114
1.285512
1.285512
1.354259
1.354259
1.263509
1.356864
1.356864
1.263509
1.271231
1.271231
1.175537
1.175537
1.185315
1.185315
1.257948
1.257948
1.212598
1.212598
1.330052
1.330052
1.192532
1.192532
1.222509
1.222509
1.257715
1.257715
1.329284
1.329284
1.366151
1.366151
1.373932
1.373932
1.392217
1.378281
1.128790
1.392217
1.046354
1.046354
1.378281
1.128790
1.333606
1.333606
1.251216
1.324796
1.324796
1.251216
1.082036
1.082036
1.381794
1.381794
1.138607
1.138607
1.370907
1.370907
1.183466
1.183466
1.393381
1.393381
1.245942
1.245942
1.268236
1.268236
1.398665
1.398665
1.126142
1.317199
1.317199
1.126142
1.139820
1.139820
1.257826
1.257826
1.143354
1.076329
1.143354
1.076329
1.243614
1.243614
1.315134
1.315134
1.052323
1.052323
1.383255
1.383255
1.072399
1.072399
1.335980
1.335980
1.264250
1.264250
1.113647
1.113647
1.228391
1.228391
1.088816
1.088816
1.347708
1.347708
1.364144
1.364144
1.394733
1.394733
1.124137
1.124137
1.226508
1.226508
1.295203
1.295203
1.333104
1.333104
1.369899
1.369899
1.209755
1.209755
1.304743
1.304743
1.395950
1.395950
1.340893
1.340893
1.260061
1.211204
1.211204
1.260061
1.075713
1.075713
1.246718
1.246718
1.318087
1.344972
1.324643
1.344972
1.324643
1.156750
1.318087
1.156750
1.341758
1.341758
1.235460
1.235460
1.399361
1.399361
1.184753
1.184753
1.313596
1.313596
1.247352
1.247352
1.207447
1.207447
1.309747
1.309747
1.175014
1.175014
1.391034
1.391034
1.314575
1.314575
1.351378
1.351378
1.242692
1.242692
1.177590
1.177590
1.244197
1.244197
1.252970
1.252970
1.379649
1.379649
1.200143
1.200143
1.192574
1.192574
1.272899
1.272899
1.363109
1.156393
1.156393
1.363109
1.286619
1.286619
1.344926
1.344926
1.267186
1.267186
1.186357
1.186357
1.091622
1.091622
1.101310
1.101310
1.347275
1.347275
1.210662
1.210662
1.363255
1.363255
1.364698
1.364698
1.201570
1.201570
1.095687
1.095687
1.202299
1.202299
1.233125
1.233125
1.085090
1.085090
1.367760
1.367760
1.165896
1.165896
1.398973
1.398973
1.202873
1.202873
1.208670
1.208670
1.036813
1.036813
1.391785
1.242470
1.242470
1.391785
1.279518
1.279518
1.391821
1.391821
1.294958
1.294958
1.369235
1.369235
1.172122
1.172122
1.327069
1.327069
1.377358
1.377358
1.267592
1.267592
1.369069
1.369069
1.327760
1.327760
1.342927
1.342927
1.219696
1.219696
1.278815
1.278815
1.276649
1.276649
1.368282
1.381704
1.368282
1.381704
1.242683
1.242683
1.351081
1.351081
1.200483
1.200483
1.180686
1.180686
1.240820
1.240820
1.395337
1.395337
1.289624
1.289624
1.367554
1.367554
1.283231
1.283231
1.345806
1.345806
1.303818
1.303818
1.385694
1.385694
1.384205
1.384205
1.175325
1.175325
1.340653
1.340653
1.119765
1.119765
1.368982
1.368982
1.241818
1.241818
1.211109
1.211109
1.381148
1.381148
1.372792
1.372792
1.299566
1.299566
1.287940
1.287940
1.229014
1.229014
1.134882
1.134882
1.141685
1.141685
1.236300
1.236300
1.352122
1.352122
1.205373
1.205373
1.098916
1.098916
1.372916
1.372916
1.115617
1.115617
1.132222
1.132222
1.277656
1.277656
1.244162
1.244162
1.329899
1.329899
1.183787
1.183787
1.378576
1.378576
1.101917
1.342748
1.342748
1.101917
1.222412
1.222412
1.315603
1.165148
1.165148
1.315603
1.326709
1.326709
1.354029
1.354029
1.334596
1.334596
1.212325
1.212325
1.223457
1.223457
1.207529
1.207529
1.364900
1.364900
1.340369
1.340369
1.134323
1.134323
1.325625
1.325625
1.380019
1.380019
1.201408
1.201408
1.234096
1.234096
1.082305
1.082305
1.362450
1.362450
1.374439
1.374439
1.180327
1.180327
1.230040
1.230040
1.289647
1.289647
1.195749
1.195749
1.122644
1.122644
1.334959
1.334959
1.146983
1.146983
1.388618
1.290143
1.388618
1.290143
1.179524
1.179524
1.388020
1.388020
1.202622
1.202622
1.293925
1.293925
1.278938
1.278938
1.210028
1.210028
1.266805
1.266805
1.064794
1.064794
1.301342
1.301342
1.296183
1.296183
1.266025
1.266025
1.043726
1.043726
1.222218
1.222218
1.219653
1.219653
1.346449
1.346449
1.277406
1.277406
1.309898
1.309898
1.265966
1.265966
1.087824
1.087824
1.380731
1.380731
1.172647
1.172647
1.294447
1.294447
1.348959
1.348959
1.164234
1.305109
1.305109
1.164234
1.358228
1.358228
1.315536
1.315536
1.277194
1.277194
1.291232
1.291232
1.163684
1.335904
1.335904
1.163684
1.227139
1.227139
1.387774
1.387774
1.310964
1.310964
1.151008
1.151008
1.346134
1.346134
1.157560
1.157560
1.198495
1.198495
1.215166
1.215166
1.381164
1.381164
1.168880
1.168880
1.272652
1.272652
1.359834
1.359834
1.218759
1.218759
1.234579
1.234579
1.373332
1.373332
1.324634
1.324634
1.383954
1.383954
1.160408
1.160408
1.366686
1.366686
1.327338
1.327338
1.339489
1.339489
1.374293
1.374293
1.168287
1.168287
1.271403
1.271403
1.342313
1.342313
1.335812
1.335812
1.275934
1.275934
1.259385
1.259385
1.390330
1.390330
1.399018
1.399018
1.297910
1.297910
1.071359
1.071359
1.248427
1.248427
1.224714
1.224714
1.294848
1.294848
1.311854
1.311854
1.166807
1.166807
1.205267
1.205267
1.348885
1.348885
1.300449
1.300449
1.117829
1.117829
1.239129
1.239129
1.300964
1.300964
1.264611
1.264611
1.385042
1.385042
1.345720
1.345720
1.122490
1.122490
1.296644
1.296644
1.387360
1.387360
1.114521
1.114521
1.259664
1.259664
1.160504
1.160504
1.392995
1.392995
1.259381
1.259381
1.303792
1.303792
1.350709
1.350709
1.350115
1.350115
1.307027
1.307027
1.334721
1.334721
1.319603
1.319603
1.268066
1.268066
1.311153
1.311153
1.300967
1.300967
1.340819
1.340819
1.256124
1.256124
1.394789
1.394789
1.391103
1.391103
1.386746
1.386746
1.358987
1.358987
1.304486
1.304486
1.334595
1.334595
1.218452
1.218452
1.325671
1.325671
1.374112
1.374112
1.287049
1.287049
1.292400
1.292400
1.294014
1.294014
1.243507
1.243507
1.229372
1.229372
1.385534
1.385534
1.140653
1.140653
1.235531
1.235531
1.270141
1.270141
1.343446
1.343446
1.271722
1.271722
1.386968
1.386968
1.265613
1.265613
1.152826
1.152826
1.307003
1.307003
1.285260
1.285260
1.296341
1.296341
1.293791
1.293791
1.396422
1.396422
1.336457
1.336457
1.199255
1.199255
1.395099
1.395099
1.346563
1.346563
1.394802
1.394802
1.188238
1.188238
1.309456
1.309456
1.355535
1.355535
1.369892
1.369892
1.383984
1.383984
1.324918
1.239723
1.239723
1.324918
1.018194
1.018194
1.378799
1.378799
1.270411
1.270411
1.195754
1.195754
1.391458
1.391458
1.159931
1.159931
1.294739
1.294739
1.270688
1.270688
1.123284
1.123284
1.252580
1.252580
1.258994
1.258994
1.270518
1.270518
1.345099
1.345099
1.394353
1.394353
1.276334
1.276334
1.067988
1.067988
1.091565
1.091565
1.201295
1.201295
1.396393
1.396393
1.389791
1.389791
1.348295
1.348295
1.352850
1.352850
1.300151
1.300151
1.231226
1.231226
1.223876
1.223876
1.161065
1.161065
1.252300
1.252300
1.216739
1.216739
1.218912
1.218912
1.227238
1.227238
1.350124
1.350124
1.292228
1.292228
1.125856
1.125856
1.372958
1.372958
1.338446
1.338446
1.304454
1.304454
1.247325
1.247325
1.179716
1.179716
1.368579
1.368579
1.218934
1.218934
1.167945
1.167945
1.131724
1.131724
1.284373
1.284373
1.392066
1.392066
1.393191
1.393191
1.164448
1.164448
1.345620
1.345620
1.284941
1.284941
1.159630
1.159630
1.307119
1.307119
1.348775
1.348775
1.391751
1.391751
1.304642
1.304642
1.320458
1.320458
1.345855
1.345855
1.390340
1.390340
1.320417
1.320417
1.318489
1.318489
1.370022
1.370022
1.208391
1.208391
1.208667
1.208667
1.322456
1.322456
1.363667
1.363667
1.122982
1.122982
1.379831
1.379831
1.347760
1.347760
1.398806
1.398806
1.335998
1.335998
1.220499
1.220499
1.106856
1.106856
1.386508
1.386508
1.263015
1.263015
1.134848
1.134848
1.317533
1.317533
1.206125
1.206125
1.335863
1.335863
1.274585
1.274585
1.281324
1.281324
1.396434
1.396434
1.188899
1.188899
1.390924
1.390924
1.381307
1.381307
1.386556
1.386556
1.182148
1.182148
1.368083
1.368083
1.095840
1.095840
1.394763
1.394763
1.385890
1.385890
1.317438
1.317438
1.244187
1.244187
1.334746
1.334746
1.359701
1.359701
1.249182
1.249182
1.165329
1.165329
1.188966
1.188966
1.286019
1.286019
