1.317366
1.317366
1.201887
1.201887
1.276798
1.276798
1.156344
1.156344
1.297212
1.297212
1.322946
1.306582
1.308546
1.291697
1.291697
1.306582
1.308546
1.322946
1.065603
1.065603
1.160510
1.160510
1.394140
1.394140
1.206296
1.206296
1.184891
1.184891
1.330698
1.330698
1.240023
1.240023
1.132784
1.132784
1.162721
1.162721
1.239276
1.239276
1.256650
1.256650
1.319203
1.319203
1.371184
1.371184
1.396234
1.396234
1.396281
1.396281
1.339882
1.339882
1.360084
1.360084
1.016151
1.016151
1.271316
1.271316
1.295701
1.295701
1.257234
1.257234
1.326236
1.326236
1.377361
1.377361
1.365537
1.365537
1.184297
1.184297
1.379746
1.379746
1.168087
1.168087
1.383825
1.277943
1.383825
1.277943
1.238321
1.238321
1.204969
1.204969
1.268083
1.268083
1.396003
1.396003
1.333262
1.333262
1.355044
1.355044
1.371652
1.371652
1.300272
1.300272
1.257678
1.257678
1.341190
1.341190
1.385915
1.385915
1.314921
1.326045
1.314921
1.326045
1.386957
1.386957
1.383665
1.383665
1.317306
1.317306
1.372258
1.372258
1.122144
1.122144
1.214615
1.214615
1.330871
1.330871
1.300356
1.300356
1.204638
1.204638
1.286478
1.286478
1.329620
1.318920
1.329620
1.318920
1.241810
1.241810
1.317840
1.317840
1.365212
1.365212
1.364658
1.364658
1.371230
1.340969
1.371230
1.340969
1.265390
1.265390
1.380128
1.380128
1.380661
1.380661
1.260253
1.260253
1.254287
1.254287
1.379620
1.102880
1.102880
1.379620
1.396330
1.396330
1.313183
1.313183
1.185756
1.185756
1.322146
1.322146
1.386290
1.386290
1.367348
1.367348
1.236704
1.236704
1.304241
1.304241
1.381501
1.381501
1.319414
1.319414
1.342638
1.342638
1.305900
1.305900
1.374592
1.374592
1.061949
1.061949
1.334171
1.334171
1.370738
1.370738
1.243508
1.243508
1.277215
1.277215
1.373217
1.373217
1.374202
1.374202
1.345820
1.345820
1.329541
1.329541
1.206239
1.206239
1.315071
1.315071
1.077961
1.077961
1.376014
1.376014
1.169491
1.169491
1.346710
1.346710
1.382065
1.382065
1.393855
1.393855
1.310665
1.310665
1.155509
1.155509
1.098023
1.098023
1.272055
1.272055
1.333046
1.333046
1.314384
1.314384
1.255818
1.255818
1.356474
1.356474
1.364812
1.364812
1.251384
1.251384
1.172722
1.172722
1.385770
1.385770
1.344637
1.344637
1.291812
1.291812
1.390484
1.390484
1.170831
1.170831
1.338078
1.338078
1.328027
1.328027
1.321740
1.321740
1.258664
1.258664
1.239944
1.239944
1.143426
1.143426
1.264572
1.264572
1.381174
1.381174
1.029444
1.029444
1.382439
1.382439
1.361966
1.361966
1.178206
1.178206
1.221912
1.221912
1.217326
1.217326
1.396100
1.396100
1.185679
1.185679
1.208028
1.208028
1.389539
1.389539
1.348308
1.348308
1.192583
1.192583
1.399191
1.399191
1.373112
1.373112
1.392768
1.392768
1.255383
1.255383
1.188881
1.188881
1.289440
1.289440
1.208491
1.208491
1.371888
1.371888
1.380306
1.380306
1.278240
1.278240
1.291580
1.291580
1.100525
1.100525
1.307007
1.307007
1.287017
1.287017
1.389404
1.389404
1.342921
1.342921
1.281376
1.281376
1.259596
1.259596
1.281925
1.281925
1.385170
1.385170
1.091325
1.091325
1.286555
1.286555
1.345233
1.345233
1.233036
1.233036
1.338958
1.338958
1.101327
1.101327
1.271164
1.271164
1.345055
1.345055
1.070954
1.070954
1.227344
1.227344
1.338281
1.338281
1.291294
1.291294
1.383764
1.383764
1.108189
1.108189
1.251433
1.251433
1.329482
1.329482
1.373232
1.373232
1.338838
1.338838
1.303591
1.303591
1.323431
1.323431
1.372652
1.372652
1.374396
1.374396
1.336763
1.336763
1.058223
1.058223
1.270320
1.270320
1.311518
1.311518
1.349273
1.349273
1.354352
1.354352
1.293057
1.293057
1.320548
1.320548
1.304485
1.304485
1.058092
1.058092
1.358206
1.358206
1.388536
1.388536
1.388246
1.388246
1.153283
1.153283
1.268339
1.268339
1.360775
1.360775
1.295635
1.295635
1.342630
1.342630
1.264111
1.264111
1.230652
1.230652
1.303829
1.303829
1.088192
1.088192
1.184040
1.184040
1.344164
1.344164
1.227806
1.227806
1.216749
1.216749
1.234971
1.234971
1.373260
1.373260
1.368218
1.368218
1.192748
1.192748
1.376547
1.309409
1.376547
1.309409
1.372752
1.372752
1.350429
1.350429
1.147480
1.147480
1.215880
1.215880
1.081914
1.081914
1.339657
1.339657
1.166355
1.166355
1.390832
1.390832
1.381361
1.381361
1.360773
1.360773
1.336621
1.336621
1.320011
1.320011
1.269751
1.269751
1.388220
1.388220
1.301236
1.301236
1.352206
1.352206
1.380950
1.380950
1.318012
1.318012
1.394518
1.394518
1.372980
1.372980
1.349246
1.349246
1.114238
1.114238
1.391865
1.391865
1.396210
1.396210
1.361591
1.361591
1.383752
1.383752
1.308160
1.308160
1.148077
1.148077
1.226515
1.226515
1.280941
1.280941
1.364318
1.364318
1.362411
1.362411
1.327208
1.327208
1.361507
1.361507
1.378696
1.378696
1.068893
1.068893
1.227272
1.227272
1.132558
1.132558
1.370715
1.370715
1.242052
1.242052
1.167770
1.167770
1.394535
1.394535
1.342980
1.342980
1.268302
1.268302
1.209937
1.209937
1.394463
1.394463
1.390632
1.390632
1.244241
1.244241
1.280433
1.280433
1.323673
1.323673
1.286133
1.286133
1.267787
1.267787
1.303351
1.303351
1.288753
1.288753
1.319253
1.319253
1.334325
1.334325
1.397924
1.397924
1.284006
1.284006
1.367132
1.367132
1.207164
1.207164
1.335652
1.335652
1.206758
1.206758
1.362269
1.362269
1.153870
1.153870
1.287657
1.287657
1.269168
1.269168
1.259612
1.259612
1.287902
1.287902
1.212141
1.212141
1.315259
1.315259
1.315783
1.315783
1.335944
1.335944
1.350523
1.350523
1.229182
1.229182
1.309420
1.309420
1.334841
1.334841
1.049328
1.049328
1.295763
1.295763
1.100276
1.100276
1.295672
1.295672
1.352213
1.352213
1.229549
1.229549
1.234146
1.234146
1.341723
1.341723
1.093727
1.093727
1.357582
1.357582
1.335204
1.335204
1.302389
1.302389
1.196997
1.196997
1.395218
1.395218
1.304927
1.304927
1.328308
1.328308
1.336223
1.336223
1.343689
1.343689
1.322505
1.322505
1.261368
1.117410
1.117410
1.261368
1.162666
1.162666
1.104375
1.104375
1.141936
1.141936
1.253309
1.253309
1.322363
1.322363
1.307787
1.307787
1.293313
1.293313
1.218797
1.218797
1.384912
1.384912
1.132480
1.132480
1.359909
1.359909
1.324802
1.324802
1.389644
1.389644
1.210235
1.210235
