1.302321
1.394372
1.394372
1.302321
1.213823
1.213823
1.372070
1.372070
1.332830
1.332830
1.367172
1.263850
1.367172
1.263850
1.383654
1.383654
1.313751
1.233989
1.233989
1.313751
1.217611
1.217611
1.223591
1.223591
1.340408
1.340408
1.189094
1.189094
1.389575
1.387179
1.389575
1.387179
1.380032
1.380032
1.335469
1.335469
1.301185
1.301185
1.149901
1.149901
1.311090
1.311090
1.339042
1.339042
1.325965
1.325965
1.307239
1.307239
1.246690
1.246690
1.291544
1.291544
1.333800
1.333800
1.135226
1.135226
1.295919
1.295919
1.328371
1.328371
1.231609
1.231609
1.236746
1.236746
1.080051
1.080051
1.169248
1.169248
1.285593
1.285593
1.089936
1.089936
1.179307
1.179307
1.355865
1.355865
1.349170
1.349170
1.334442
1.334442
1.317002
1.352559
1.352559
1.317002
1.339932
1.339932
1.377333
1.377333
1.333067
1.333067
1.195416
1.195416
1.320899
1.320899
1.370729
1.370729
1.363996
1.363996
1.244820
1.244820
1.394073
1.394073
1.292742
1.292742
1.118306
1.118306
1.319032
1.319032
1.268908
1.268908
1.329576
1.329576
1.324575
1.324575
1.379821
1.379821
1.299514
1.299514
1.359173
1.359173
1.168596
1.168596
1.309604
1.309604
1.315617
1.315617
1.264240
1.264240
1.271533
1.271533
1.303779
1.267721
1.267721
1.303779
1.147861
1.147861
1.390079
1.390079
1.360556
1.360556
1.118360
1.118360
1.272485
1.272485
1.369923
1.369923
1.381410
1.381410
1.361334
1.365284
1.361334
1.365284
1.253801
1.253801
1.337921
1.337921
1.318926
1.318926
1.378645
1.378645
1.352583
1.352583
1.061356
1.061356
1.336983
1.336983
1.374268
1.374268
1.167444
1.167444
1.087565
1.087565
1.397722
1.397722
1.398182
1.398182
1.103770
1.103770
1.307342
1.307342
1.174500
1.174500
1.296984
1.296984
1.362211
1.362211
1.305917
1.305917
1.226489
1.226489
1.301031
1.301031
1.249795
1.249795
1.233596
1.233596
1.356661
1.356661
1.204299
1.204299
1.351823
1.351823
1.373808
1.258976
1.373808
1.258976
1.296281
1.296281
1.260706
1.260706
1.221203
1.221203
1.298591
1.298591
1.230231
1.230231
1.308440
1.308440
1.241487
1.241487
1.237959
1.237959
1.214355
1.214355
1.348752
1.348752
1.316765
1.316765
1.326026
1.326026
1.343869
1.343869
1.365518
1.365518
1.377309
1.377309
1.275083
1.275083
1.174305
1.174305
1.366132
1.366132
1.258528
1.258528
1.300607
1.300607
1.302217
1.302217
1.310920
1.310920
1.380782
1.380782
1.203891
1.203891
1.186797
1.186797
1.221810
1.221810
1.325256
1.325256
1.222452
1.222452
1.175727
1.175727
1.297892
1.297892
1.339488
1.339488
1.121420
1.121420
1.386353
1.386353
1.129869
1.129869
1.104987
1.104987
1.387190
1.387190
1.307856
1.307856
1.076652
1.076652
1.183936
1.183936
1.250959
1.250959
1.198240
1.198240
1.269589
1.269589
1.374537
1.374537
1.363558
1.363558
1.195411
1.195411
1.324875
1.324875
1.157197
1.157197
1.200157
1.200157
1.205201
1.205201
1.366491
1.366491
1.240889
1.240889
1.288589
1.288589
1.357970
1.357970
1.232448
1.260809
1.232448
1.260809
1.397622
1.397622
1.260899
1.260899
1.314284
1.314284
1.352187
1.352187
1.395403
1.395403
1.320635
1.320635
1.370084
1.370084
1.333454
1.333454
1.376535
1.376535
1.398381
1.398381
1.265560
1.265560
1.307886
1.307886
1.312688
1.312688
1.297563
1.297563
1.321221
1.321221
1.314046
1.314046
1.304818
1.304818
1.272328
1.272328
1.092846
1.092846
1.189504
1.189504
1.375816
1.375816
1.311831
1.311831
1.297153
1.297153
1.214729
1.214729
1.344399
1.344399
1.085929
1.085929
1.269356
1.269356
1.198509
1.198509
1.311745
1.311745
1.371332
1.371332
1.382205
1.382205
1.348512
1.348512
1.391071
1.391071
1.196110
1.196110
1.300465
1.300465
1.382240
1.382240
1.324135
1.324135
1.254411
1.254411
1.254029
1.254029
1.364414
1.364414
1.378173
1.378173
1.365603
1.365603
1.186619
1.186619
1.283636
1.283636
1.339522
1.339522
1.332571
1.332571
1.385968
1.385968
1.319481
1.319481
1.212594
1.212594
1.306739
1.306739
1.228033
1.228033
1.193095
1.193095
1.244506
1.244506
1.245852
1.245852
1.157288
1.157288
1.287290
1.287290
1.295065
1.295065
1.360635
1.360635
1.386082
1.386082
1.382039
1.382039
1.258139
1.258139
1.340097
1.340097
1.288151
1.288151
1.352593
1.352593
1.225832
1.225832
1.395591
1.395591
1.332880
1.332880
1.194325
1.194325
1.200480
1.200480
1.383461
1.383461
1.383079
1.383079
1.263666
1.263666
1.307686
1.307686
1.244318
1.244318
1.281436
1.299997
1.299997
1.281436
1.379105
1.379105
1.174355
1.174355
1.157746
1.157746
1.231496
1.231496
1.310003
1.310003
1.313250
1.313250
1.101676
1.101676
1.340327
1.340327
1.347228
1.347228
1.103483
1.103483
1.352981
1.352981
1.391818
1.391818
1.385450
1.385450
1.168978
1.168978
1.310648
1.310648
1.158253
1.158253
1.348547
1.348547
1.226443
1.226443
1.079812
1.079812
1.320733
1.320733
1.238382
1.238382
1.375242
1.375242
1.358470
1.358470
1.303161
1.303161
1.196960
1.196960
1.351622
1.351622
1.274399
1.274399
1.311780
1.311780
1.339147
1.339147
1.267938
1.267938
1.337946
1.337946
1.378957
1.378957
1.246294
1.246294
1.219512
1.219512
