1.225931
1.225931
1.244481
1.244481
1.275618
1.275618
1.282586
1.282586
1.300612
1.300612
1.103180
1.103180
1.380768
1.380768
1.274722
1.274722
1.083954
1.083954
1.373107
1.373107
1.340233
1.340233
1.379062
1.379062
1.313384
1.313384
1.145416
1.145416
1.322323
1.322323
1.347842
1.347842
1.189491
1.189491
1.202173
1.093011
1.093011
1.202173
1.128807
1.321169
1.128807
1.321169
1.371662
1.371662
1.276207
1.276207
1.371442
1.371442
1.188190
1.188190
1.105552
1.105552
1.392999
1.392999
1.355940
1.355940
1.360289
1.360289
1.262085
1.262085
1.357453
1.357453
1.164266
1.164266
1.159318
1.159318
1.313804
1.313804
1.211801
1.211801
1.311568
1.311568
1.172677
1.172677
1.210976
1.210976
1.364053
1.364053
1.305909
1.305909
1.377654
1.377654
1.167623
1.167623
1.177774
1.177774
1.228710
1.228710
1.245252
1.245252
1.247133
1.247133
1.309073
1.309073
1.325477
1.325477
1.383662
1.383662
1.333614
1.333614
1.084932
1.084932
1.232200
1.232200
1.216478
1.216478
1.088762
1.088762
1.370161
1.370161
1.221861
1.221861
1.253612
1.253612
1.398945
1.398945
1.379041
1.379041
1.366693
1.366693
1.286431
1.286431
1.393834
1.393834
1.358475
1.358475
1.296076
1.296076
1.304904
1.304904
1.258077
1.258077
1.282888
1.282888
1.082073
1.082073
1.262871
1.262871
1.145853
1.145853
1.238149
1.238149
1.364207
1.364207
1.260049
1.260049
1.345192
1.345192
1.324792
1.324792
1.263974
1.263974
1.392029
1.392029
1.203003
1.203003
1.235111
1.235111
1.252403
1.252403
1.344915
1.344915
1.240890
1.240890
1.118066
1.118066
1.396808
1.396808
1.399192
1.399192
1.164325
1.164325
1.324944
1.324944
1.197652
1.197652
1.378039
1.378039
1.295236
1.295236
1.259810
1.259810
1.197234
1.197234
1.392263
1.392263
1.301182
1.301182
1.379575
1.379575
1.294004
1.294004
1.334600
1.334600
1.356694
1.356694
1.367180
1.367180
1.097330
1.097330
1.369416
1.369416
1.290350
1.290350
1.338517
1.338517
1.319566
1.319566
1.398655
1.398655
1.269751
1.269751
1.338616
1.338616
1.137761
1.137761
1.365799
1.365799
1.334798
1.334798
1.070508
1.070508
1.379819
1.379819
1.304964
1.304964
1.293622
1.293622
