1.348604
1.348604
1.375052
1.375052
1.273924
1.261251
1.261251
1.273924
1.105800
1.105800
1.235463
1.235463
1.301857
1.301857
1.263244
1.263244
1.239385
1.239385
1.149523
1.149523
1.306535
1.306535
1.318076
1.318076
1.349631
1.349631
1.336824
1.336824
1.398148
1.398148
1.201586
1.201586
1.343703
1.343703
1.395085
1.395085
1.222523
1.222523
1.155365
1.155365
1.131836
1.131836
1.329711
1.329711
1.302224
1.302224
1.070922
1.070922
1.374721
1.374721
1.201302
1.201302
1.321816
1.321816
1.365048
1.365048
1.383110
1.383110
1.334628
1.334628
1.354227
1.354227
1.284612
1.284612
1.220405
1.220405
1.330247
1.330247
1.227728
1.227728
1.370048
1.370048
1.321340
1.321340
1.151494
1.151494
1.376471
1.376471
1.286157
1.286157
1.194910
1.194910
1.327638
1.327638
1.265957
1.265957
1.346632
1.346632
1.243712
1.243712
1.155662
1.155662
1.300340
1.300340
1.345477
1.345477
1.255680
1.255680
1.260093
1.260093
1.385047
1.385047
1.326796
1.326796
1.259538
1.259538
1.378071
1.378071
1.303340
1.303340
1.391005
1.391005
1.190616
1.190616
1.361006
1.361006
1.325981
1.325981
1.361476
1.361476
1.306046
1.306046
1.366748
1.366748
1.367924
1.367924
1.266816
1.266816
1.335608
1.335608
1.120608
1.120608
1.185806
1.185806
1.117889
1.117889
1.271010
1.271010
1.341257
1.341257
1.328884
1.328884
1.086264
1.086264
1.329826
1.329826
1.248287
1.234733
1.248287
1.234733
1.370956
1.370956
1.388365
1.388365
1.273751
1.273751
1.250522
1.250522
1.213974
1.213974
1.363072
1.363072
1.358886
1.358886
1.347486
1.347486
1.396795
1.396795
1.347592
1.347592
1.258573
1.258573
1.398894
1.398894
1.318479
1.318479
1.256364
1.256364
1.238901
1.238901
1.156889
1.156889
1.360156
1.360156
1.299722
1.299722
1.352535
1.352535
1.353333
1.353333
1.161511
1.161511
1.358997
1.358997
1.202518
1.202518
1.378707
1.378707
1.180850
1.180850
1.336364
1.336364
1.345567
1.345567
1.191580
1.191580
1.350449
1.350449
1.378509
1.378509
1.207233
1.207233
1.303548
1.303548
1.329983
1.329983
1.383098
1.383098
1.322767
1.322767
1.209011
1.209011
1.234475
1.234475
1.293785
1.293785
1.383587
1.383587
1.202076
1.202076
1.298254
1.298254
1.384411
1.384411
1.328820
1.328820
1.371232
1.371232
1.375315
1.375315
1.307797
1.307797
1.307115
1.307115
1.368956
1.368956
1.181314
1.181314
1.378189
1.378189
1.241073
1.241073
1.199178
1.199178
1.360728
1.360728
1.329907
1.329907
1.331941
1.331941
1.348565
1.348565
1.159281
1.159281
1.199470
1.199470
1.394736
1.394736
1.268933
1.268933
1.369159
1.369159
1.390772
1.390772
1.240680
1.240680
1.398496
1.398496
1.173334
1.173334
1.333007
1.333007
1.358109
1.358109
1.351688
1.351688
1.386528
1.386528
1.261711
1.261711
1.326392
1.326392
1.332929
1.332929
1.287068
1.287068
1.324162
1.324162
1.333584
1.333584
1.383140
1.383140
1.384045
1.384045
1.344223
1.344223
1.103522
1.103522
1.259557
1.259557
1.271476
1.271476
1.257769
1.257769
1.184570
1.184570
1.222029
1.222029
1.295912
1.295912
1.333190
1.333190
1.311129
1.311129
1.280000
1.280000
1.367376
1.367376
1.271585
1.271585
1.154880
1.154880
1.276335
1.276335
1.291067
1.291067
1.225014
1.225014
1.193255
1.193255
1.175139
1.175139
1.202760
1.202760
1.144605
1.144605
1.345788
1.345788
1.228280
1.228280
1.297823
1.297823
1.145782
1.145782
1.337945
1.337945
1.291475
1.291475
1.174377
1.174377
1.186147
1.186147
1.348478
1.348478
1.355926
1.355926
