1.328939
1.328939
1.254668
1.254668
1.241398
1.241398
1.076755
1.076755
1.365550
1.365550
1.167087
1.167087
1.321140
1.321140
1.394572
1.394572
1.267776
1.267776
1.324541
1.324541
1.259808
1.259808
1.293412
1.293412
1.223113
1.299335
1.180103
1.223113
1.180103
1.299335
1.374128
1.374128
1.347000
1.347000
1.082990
1.082990
1.391597
1.391597
1.047769
1.047769
1.141905
1.141905
1.351684
1.351684
1.347722
1.347722
1.353420
1.353420
1.204517
1.204517
1.354652
1.354652
1.282838
1.282838
1.363662
1.363662
1.355726
1.355726
1.394231
1.394231
1.299559
1.299559
1.206584
1.206584
1.380367
1.380367
1.229719
1.229719
1.394324
1.394324
1.232215
1.232215
1.296007
1.296007
1.155029
1.155029
1.328856
1.328856
1.388130
1.388130
1.394824
1.394824
1.348242
1.348242
1.259565
1.259565
1.395916
1.395916
1.357564
1.357564
1.391299
1.391299
1.375291
1.375291
1.343015
1.343015
1.315460
1.315460
1.073519
1.073519
1.376549
1.376549
1.284106
1.284106
1.241606
1.241606
1.173972
1.173972
1.374072
1.374072
1.198253
1.198253
1.262193
1.262193
1.220819
1.220819
1.190459
1.190459
1.379957
1.379957
1.377042
1.377042
1.388348
1.388348
1.393973
1.393973
1.252969
1.252969
1.321848
1.321848
1.319527
1.319527
1.394723
1.394723
1.318986
1.318986
1.106632
1.106632
1.378712
1.378712
1.201353
1.201353
1.311542
1.311542
1.256236
1.256236
1.339060
1.339060
1.334638
1.334638
1.291405
1.291405
1.266078
1.266078
1.370917
1.370917
1.169776
1.169776
1.185777
1.185777
1.353530
1.353530
1.273621
1.273621
1.358776
1.358776
1.231439
1.231439
1.342174
1.342174
1.380284
1.380284
1.348520
1.348520
1.397502
1.397502
1.154032
1.154032
1.363797
1.363797
1.365605
1.365605
1.298232
1.298232
1.069572
1.069572
1.391702
1.391702
1.380283
1.380283
1.334249
1.334249
1.388129
1.388129
1.337950
1.337950
1.129628
1.129628
1.112437
1.112437
1.303334
1.303334
1.320809
1.320809
1.297181
1.297181
1.299852
1.299852
1.324200
1.324200
1.279710
1.279710
1.082858
1.082858
1.276493
1.276493
1.264078
1.264078
1.195788
1.195788
1.340154
1.340154
1.380691
1.380691
1.150533
1.150533
1.280724
1.280724
1.293982
1.394264
1.293982
1.394264
1.310128
1.310128
1.261949
1.261949
1.293878
1.293878
1.388051
1.388051
1.218557
1.218557
1.397605
1.397605
1.152782
1.152782
1.250625
1.250625
1.155321
1.155321
1.191763
1.191763
1.360731
1.360731
1.369972
1.369972
1.316174
1.316174
1.120348
1.120348
1.331479
1.331479
1.069335
1.069335
1.070385
1.070385
1.207328
1.207328
1.336978
1.336978
1.336312
1.336312
1.351072
1.351072
1.349032
1.349032
1.315837
1.315837
1.352643
1.352643
1.235892
1.235892
1.240473
1.240473
1.150685
1.150685
1.086300
1.086300
1.170002
1.170002
1.246239
1.246239
1.247982
1.247982
1.288329
1.288329
1.135385
1.135385
1.190262
1.190262
1.333971
1.333971
1.307624
1.307624
1.391354
1.391354
1.298889
1.298889
1.301742
1.301742
1.122187
1.122187
1.320049
1.320049
1.344337
1.344337
1.398515
1.398515
1.305491
1.305491
1.339080
1.339080
1.136505
1.136505
1.380471
1.380471
1.185074
1.185074
1.241112
1.241112
1.367674
1.367674
1.306551
1.306551
1.227263
1.227263
1.079266
1.079266
1.263591
1.263591
1.336630
1.336630
1.091004
1.091004
1.371485
1.371485
1.295573
1.295573
1.282097
1.282097
1.396486
1.396486
1.399373
1.399373
1.146136
1.146136
1.332767
1.332767
1.346591
1.346591
1.237483
1.237483
1.220743
1.220743
1.244987
1.244987
1.377946
1.377946
1.104086
1.104086
1.218343
1.218343
1.186363
1.186363
1.169775
1.169775
1.183332
1.183332
1.248642
1.248642
1.281826
1.281826
1.378291
1.378291
