1.237108
1.237108
1.221733
1.221733
1.171878
1.171878
1.361869
1.361869
1.390475
1.390475
1.342550
1.342550
1.175702
1.175702
1.340852
1.340852
1.322782
1.301647
1.322782
1.301647
1.161706
1.282210
1.161706
1.282210
1.250202
1.250202
1.233141
1.233141
1.272914
1.272914
1.259802
1.259802
1.350401
1.350401
1.202315
1.202315
1.371718
1.371718
1.183324
1.183324
1.366170
1.366170
1.155523
1.155523
1.243493
1.243493
1.374904
1.374904
1.147077
1.147077
1.343435
1.343435
1.222153
1.222153
1.067317
1.067317
1.381771
1.381771
1.349418
1.349418
1.381717
1.381717
1.310034
1.310034
1.300346
1.300346
1.318367
1.318367
1.379896
1.379896
1.387358
1.387358
1.364252
1.364252
1.297908
1.297908
1.372071
1.372071
1.364882
1.364882
1.203222
1.203222
1.291272
1.291272
1.331750
1.331750
1.175514
1.175514
1.367913
1.367913
1.327690
1.327690
1.337647
1.337647
1.345725
1.345725
1.340483
1.340483
1.355045
1.355045
1.380872
1.380872
1.222997
1.222997
1.114748
1.114748
1.248416
1.248416
1.336765
1.336765
1.072907
1.072907
1.083640
1.083640
1.274279
1.274279
1.272940
1.272940
1.276770
1.137716
1.276770
1.137716
1.186926
1.186926
1.371335
1.371335
1.158223
1.158223
1.226820
1.226820
1.285731
1.285731
1.266542
1.266542
1.311466
1.311466
1.326225
1.326225
1.390459
1.390459
1.337733
1.337733
1.088264
1.088264
1.223227
1.223227
1.390831
1.390831
1.335691
1.335691
1.324452
1.324452
1.146741
1.146741
1.386186
1.386186
1.388739
1.388739
1.293595
1.293595
1.068180
1.068180
1.074533
1.074533
1.272896
1.227572
1.227572
1.272896
1.081700
1.081700
1.333277
1.333277
1.341990
1.341990
1.267633
1.267633
1.339784
1.339784
1.358101
1.358101
1.392454
1.392454
1.393887
1.393887
1.245243
1.245243
1.313406
1.313406
1.339383
1.339383
1.390145
1.390145
1.192356
1.192356
1.345821
1.345821
1.315266
1.335150
1.315266
1.335150
1.324411
1.324411
1.152103
1.152103
1.285305
1.285305
1.221566
1.221566
1.242763
1.242763
1.302078
1.302078
1.155272
1.155272
1.216362
1.216362
1.395281
1.395281
1.322526
1.322526
1.111554
1.111554
1.244208
1.296427
1.296427
1.244208
1.375907
1.375907
1.311365
1.311365
1.365501
1.365501
1.269905
1.269905
1.154283
1.154283
1.263066
1.263066
1.175864
1.175864
1.360938
1.360938
1.051786
1.051786
1.346131
1.346131
1.171375
1.171375
1.266088
1.266088
1.193397
1.193397
1.358166
1.358166
1.246209
1.246209
1.254108
1.254108
1.387475
1.387475
1.245355
1.245355
1.385331
1.385331
1.135251
1.135251
1.381641
1.381641
1.146169
1.146169
1.362890
1.362890
1.273420
1.273420
1.346651
1.346651
1.058024
1.058024
1.174275
1.174275
1.339315
1.339315
1.391837
1.391837
1.332671
1.332671
1.353812
1.353812
1.310322
1.310322
1.013800
1.013800
1.163599
1.163599
1.368784
1.368784
1.391973
1.391973
1.336470
1.336470
1.385673
1.385673
1.384367
1.384367
1.343287
1.343287
1.352081
1.352081
1.349325
1.349325
1.186662
1.186662
1.194858
1.194858
1.286694
1.286694
1.157988
1.157988
1.369080
1.369080
1.343355
1.343355
1.206469
1.206469
1.371374
1.371374
1.378087
1.378087
1.246443
1.246443
1.355592
1.355592
1.185948
1.185948
1.256167
1.256167
1.183783
1.183783
1.369725
1.369725
1.129240
1.129240
1.243181
1.243181
1.261607
1.261607
1.250252
1.250252
1.249860
1.249860
1.087519
1.087519
1.134984
1.134984
1.095842
1.095842
1.377107
1.377107
1.227290
1.227290
1.076162
1.076162
1.375554
1.375554
1.389639
1.389639
1.330753
1.330753
1.304675
1.304675
1.346850
1.346850
1.238972
1.238972
1.317231
1.317231
1.375565
1.375565
1.392292
1.392292
1.385631
1.385631
