1.256522
1.256522
1.249993
1.249993
1.339082
1.339082
1.351575
1.351575
1.352393
1.352393
1.172466
1.172466
1.385232
1.385232
1.379390
1.379390
1.165024
1.165024
1.287813
1.287813
1.253306
1.253306
1.316080
1.316080
1.276837
1.276837
1.169119
1.169119
1.292344
1.292344
1.267935
1.267935
1.324521
1.324521
1.045935
1.045935
1.155240
1.155240
1.351249
1.351249
1.281790
1.281790
1.221628
1.221628
1.340562
1.340562
1.368809
1.368809
1.390573
1.390573
1.354379
1.354379
1.300078
1.300078
1.353241
1.353241
1.069371
1.069371
1.227303
1.227303
1.337704
1.337704
1.361723
1.361723
1.326528
1.326528
1.368678
1.368678
1.333354
1.333354
1.396835
1.396835
1.232446
1.232446
1.304507
1.304507
1.331083
1.331083
1.327270
1.327270
1.376843
1.376843
1.321930
1.321930
1.340212
1.340212
1.245280
1.245280
1.377778
1.377778
1.133540
1.133540
1.348231
1.348231
1.143840
1.143840
1.255347
1.255347
1.047605
1.047605
1.070917
1.070917
1.261133
1.261133
1.384352
1.384352
1.377966
1.377966
1.398407
1.398407
1.317248
1.317248
1.376162
1.376162
1.172409
1.172409
1.384804
1.384804
1.370384
1.370384
1.164939
1.164939
1.387613
1.387613
1.288099
1.288099
1.255130
1.255130
1.389790
1.389790
1.277399
1.297622
1.297622
1.277399
1.381554
1.381554
1.361777
1.361777
1.384983
1.384983
1.354733
1.354733
1.278864
1.278864
1.279734
1.279734
1.284705
1.284705
1.319896
1.319896
1.108141
1.108141
1.316106
1.316106
1.350629
1.350629
1.143219
1.143219
1.173863
1.173863
1.335214
1.335214
1.144186
1.144186
1.356162
1.356162
1.269341
1.269341
1.200344
1.200344
1.237475
1.237475
1.261624
1.261624
1.343462
1.343462
1.166341
1.166341
1.197188
1.197188
1.052501
1.052501
1.319404
1.319404
1.389968
1.389968
1.367842
1.367842
1.262418
1.262418
1.356109
1.356109
1.352147
1.352147
1.342248
1.342248
1.321421
1.321421
1.134598
1.134598
1.240495
1.240495
1.341630
1.341630
1.269595
1.269595
1.376780
1.376780
1.237116
1.237116
1.230618
1.230618
1.339929
1.339929
1.313655
1.313655
1.203187
1.203187
1.371254
1.371254
1.288102
1.288102
1.280459
1.280459
1.310707
1.310707
1.320833
1.320833
1.211322
1.211322
1.369949
1.369949
1.309475
1.309475
1.263713
1.263713
1.362979
1.362979
1.264216
1.264216
1.165816
1.165816
1.180188
1.180188
1.317261
1.317261
1.292025
1.292025
1.338537
1.338537
1.303799
1.303799
1.298891
1.298891
1.234110
1.234110
1.285407
1.285407
1.273723
1.273723
1.259559
1.259559
1.389304
1.389304
1.388673
1.388673
1.191879
1.191879
1.191562
1.191562
1.094604
1.094604
1.342485
1.342485
1.370311
1.370311
1.219506
1.219506
1.384252
1.384252
1.372058
1.372058
1.211709
1.211709
1.279783
1.279783
1.275567
1.275567
1.224957
1.224957
1.370421
1.370421
1.347567
1.347567
1.225650
1.225650
1.292018
1.292018
1.361246
1.361246
1.121138
1.121138
1.384761
1.384761
1.399339
1.399339
1.393712
1.393712
1.303401
1.303401
1.292889
1.292889
1.305941
1.305941
1.354545
1.354545
1.196232
1.196232
1.391893
1.391893
1.210021
1.210021
1.386919
1.386919
1.093128
1.093128
1.394805
1.394805
1.271628
1.271628
1.266764
1.266764
1.244118
1.244118
1.203643
1.203643
1.235554
1.235554
1.083991
1.083991
1.347939
1.347939
1.319445
1.319445
1.290361
1.290361
1.165772
1.165772
