1.294605
1.380702
1.294605
1.380702
1.328508
1.328508
1.238096
1.266684
1.266684
1.238096
1.298890
1.298890
1.307910
1.307910
1.356054
1.356054
1.248838
1.248838
1.366879
1.366879
1.251104
1.251104
1.189429
1.189429
1.343584
1.343584
1.323531
1.323531
1.372004
1.372004
1.350382
1.350382
1.339902
1.339902
1.224108
1.224108
1.347907
1.347907
1.132246
1.132246
1.349620
1.349620
1.295458
1.295458
1.387879
1.204887
1.387879
1.204887
1.236973
1.236973
1.363468
1.363468
1.233459
1.233459
1.383490
1.383490
1.377673
1.377673
1.389908
1.389908
1.258293
1.258293
1.277882
1.277882
1.280687
1.280687
1.318452
1.318452
1.164616
1.164616
1.316247
1.316247
1.373407
1.373407
1.273856
1.273856
1.176593
1.176593
1.229967
1.229967
1.375423
1.375423
1.243668
1.243668
1.380283
1.380283
1.387405
1.387405
1.376413
1.376413
1.267702
1.267702
1.063497
1.063497
1.340090
1.340090
1.211177
1.211177
1.332834
1.332834
1.296296
1.296296
1.326016
1.326016
1.200951
1.200951
1.373119
1.373119
1.339419
1.339419
1.198957
1.198957
1.398166
1.398166
1.313898
1.313898
1.264989
1.264989
1.398142
1.398142
1.224729
1.224729
1.300239
1.300239
1.174470
1.174470
1.079799
1.079799
1.297252
1.297252
1.359140
1.359140
1.280615
1.280615
1.315714
1.315714
1.328421
1.328421
1.237317
1.237317
1.314721
1.314721
1.208144
1.208144
1.398503
1.398503
1.291041
1.291041
1.345678
1.345678
1.158739
1.158739
1.334469
1.334469
1.311365
1.311365
1.245663
1.245663
1.394480
1.394480
1.234672
1.234672
1.361599
1.361599
1.148511
1.148511
1.278259
1.278259
1.275680
1.275680
1.288162
1.288162
1.232198
1.232198
1.366280
1.366280
1.378810
1.378810
1.132945
1.132945
1.390718
1.390718
1.369294
1.369294
1.354034
1.354034
1.383803
1.383803
1.268502
1.268502
1.246577
1.246577
1.354899
1.354899
1.399908
1.399908
1.278826
1.278826
1.296680
1.296680
1.330720
1.330720
1.283352
1.283352
1.176842
1.176842
1.353519
1.353519
1.182221
1.182221
1.358810
1.358810
1.376163
1.376163
1.226886
1.226886
1.259168
1.259168
1.391327
1.391327
1.382663
1.382663
1.297363
1.297363
1.359286
1.359286
1.264378
1.264378
1.367216
1.367216
1.178962
1.178962
1.087398
1.087398
1.219543
1.219543
1.177639
1.177639
1.175033
1.175033
1.297584
1.297584
1.399710
1.399710
1.264739
1.264739
1.347130
1.347130
1.312420
1.312420
1.399886
1.399886
1.399919
1.399919
1.162573
1.162573
1.202525
1.202525
1.328554
1.328554
1.380498
1.380498
1.388603
1.388603
1.295241
1.295241
1.397607
1.397607
1.225225
1.225225
1.399991
1.399991
1.248653
1.248653
1.262590
1.262590
1.278139
1.278139
1.276357
1.276357
1.191277
1.191277
1.381346
1.381346
1.378385
1.378385
1.288530
1.288530
1.276404
1.276404
1.345874
1.345874
1.286979
1.286979
1.310880
1.310880
1.373275
1.373275
1.291355
1.291355
1.277232
1.277232
1.311454
1.311454
