1.250289
1.250289
1.387304
1.387304
1.197902
1.197902
1.325081
1.325081
1.237400
1.237400
1.198118
1.198118
1.363479
1.309381
1.309381
1.363479
1.357991
1.357991
1.251819
1.251819
1.190476
1.190476
1.362994
1.362994
1.376401
1.376401
1.205597
1.205597
1.314348
1.314348
1.311802
1.311802
1.394059
1.394059
1.297223
1.297223
1.063526
1.063526
1.354277
1.354277
1.246340
1.246340
1.350018
1.350018
1.366590
1.366590
1.219110
1.219110
1.203819
1.203819
1.162372
1.162372
1.382175
1.382175
1.317881
1.317881
1.390796
1.390796
1.370787
1.370787
1.321565
1.321565
1.334981
1.334981
1.046384
1.046384
1.280133
1.280133
1.189195
1.189195
1.327458
1.327458
1.274500
1.274500
1.148544
1.148544
1.141801
1.141801
1.297592
1.297592
1.373745
1.373745
1.207082
1.207082
1.320858
1.320858
1.395571
1.395571
1.282997
1.282997
1.340628
1.154319
1.340628
1.154319
1.255181
1.255181
1.293947
1.293947
1.375717
1.375717
1.256978
1.322415
1.322415
1.256978
1.390735
1.390735
1.079300
1.079300
1.339362
1.339362
1.202728
1.202728
1.346688
1.346688
1.376922
1.376922
1.155251
1.155251
1.209929
1.209929
1.396118
1.396118
1.353393
1.353393
1.370156
1.370156
1.305158
1.305158
1.368848
1.368848
1.350217
1.350217
1.390690
1.390690
1.255783
1.255783
1.368281
1.368281
1.355299
1.355299
1.311732
1.311732
1.345310
1.345310
1.120070
1.120070
1.303664
1.303664
1.383086
1.383086
1.325299
1.325299
1.384208
1.384208
1.349310
1.349310
1.340669
1.340669
1.252191
1.252191
1.183892
1.183892
1.362275
1.362275
1.150567
1.150567
1.355758
1.355758
1.342644
1.342644
1.328806
1.328806
1.254192
1.254192
1.313238
1.313238
1.251936
1.251936
1.394495
1.394495
1.358437
1.358437
1.366644
1.366644
1.328230
1.328230
1.354892
1.354892
1.199745
1.199745
1.351764
1.351764
1.229461
1.229461
1.366661
1.366661
1.186214
1.186214
1.304102
1.304102
1.372968
1.372968
1.072426
1.072426
1.201006
1.201006
1.292393
1.292393
1.339496
1.339496
1.239835
1.239835
1.133083
1.133083
1.231084
1.231084
1.236513
1.236513
1.235577
1.235577
1.162895
1.162895
1.347210
1.347210
1.393300
1.393300
1.161448
1.161448
1.230908
1.230908
1.278648
1.278648
1.142489
1.142489
1.109526
1.109526
1.221826
1.221826
1.249723
1.249723
1.267541
1.267541
1.321717
1.321717
1.331072
1.331072
1.397802
1.397802
1.102727
1.102727
1.397016
1.397016
1.189729
1.189729
1.384325
1.384325
1.362082
1.362082
1.333616
1.333616
1.294211
1.294211
1.324593
1.324593
1.217827
1.217827
1.379407
1.379407
1.257529
1.257529
1.397754
1.397754
1.269669
1.269669
1.224374
1.224374
1.376431
1.376431
1.259653
1.259653
1.387136
1.387136
1.197520
1.197520
1.354793
1.354793
1.293690
1.293690
1.385443
1.385443
1.388515
1.388515
1.357069
1.357069
1.306795
1.306795
1.248169
1.248169
1.120188
1.120188
1.271663
1.271663
1.398302
1.398302
1.303542
1.303542
1.284832
1.284832
1.208996
1.208996
1.391125
1.391125
1.388462
1.388462
1.063931
1.063931
1.338081
1.338081
1.082065
1.082065
1.318031
1.318031
1.214036
1.214036
1.150773
1.150773
1.371026
1.371026
