1.163921
1.163921
1.270690
1.270690
1.343804
1.343804
1.249011
1.249011
1.366187
1.366187
1.392393
1.392393
1.299522
1.299522
1.192678
1.192678
1.256045
1.256045
1.378336
1.378336
1.034782
1.034782
1.349018
1.349018
1.378241
1.378241
1.361676
1.361676
1.381369
1.381369
1.339969
1.339969
1.357206
1.357206
1.143430
1.143430
1.381261
1.381261
1.284057
1.284057
1.386668
1.386668
1.178101
1.178101
1.365481
1.365481
1.245174
1.245174
1.376194
1.376194
1.395624
1.395624
1.297193
1.297193
1.398296
1.398296
1.382862
1.382862
1.379805
1.379805
1.253962
1.253962
1.344652
1.344652
1.391249
1.391249
1.326960
1.326960
1.392179
1.392179
1.354675
1.354675
1.236583
1.236583
1.352512
1.352512
1.354540
1.354540
1.199070
1.199070
1.290836
1.290836
1.205991
1.205991
1.354864
1.354864
1.147292
1.147292
1.149337
1.149337
1.338994
1.338994
1.388692
1.388692
1.153647
1.153647
1.385111
1.385111
1.194480
1.194480
1.229466
1.229466
1.313790
1.313790
1.180145
1.180145
1.382608
1.382608
1.392541
1.392541
1.235391
1.235391
1.342056
1.342056
1.279383
1.279383
1.217544
1.217544
1.144596
1.144596
1.383420
1.383420
1.189851
1.189851
1.255751
1.255751
1.356068
1.356068
1.386948
1.386948
1.303528
1.303528
1.252999
1.252999
1.334988
1.334988
1.330945
1.330945
1.240912
1.240912
1.228625
1.228625
1.330642
1.330642
1.349367
1.349367
1.337241
1.337241
1.268288
1.268288
1.296059
1.296059
1.095747
1.095747
1.348784
1.348784
1.209131
1.209131
1.302342
1.302342
1.269727
1.269727
1.159924
1.159924
1.198918
1.198918
1.393554
1.393554
1.389337
1.389337
1.332153
1.332153
1.371636
1.371636
1.182550
1.182550
1.336548
1.336548
1.315729
1.315729
1.218576
1.218576
1.345429
1.345429
1.124422
1.124422
1.246369
1.246369
1.293614
1.293614
1.358188
1.358188
1.391820
1.391820
1.224636
1.224636
1.274105
1.274105
1.381291
1.381291
1.324139
1.324139
1.114449
1.114449
1.111618
1.111618
1.225331
1.225331
1.399863
1.399863
1.306005
1.306005
1.343681
1.343681
1.257676
1.257676
1.372104
1.372104
1.390335
1.390335
1.393713
1.393713
1.329823
1.329823
1.242249
1.242249
1.055924
1.055924
1.290066
1.290066
1.398547
1.398547
1.315840
1.315840
1.387773
1.387773
1.316521
1.316521
1.372534
1.372534
1.169530
1.169530
1.320782
1.320782
1.070533
1.070533
1.358930
1.358930
1.198238
1.198238
1.369461
1.369461
1.249559
1.249559
1.219780
1.219780
1.383430
1.383430
1.198719
1.198719
1.192931
1.192931
1.074561
1.074561
1.339760
1.339760
1.373428
1.373428
1.246064
1.246064
1.382785
1.382785
1.326087
1.326087
1.239367
1.239367
1.140526
1.140526
1.384964
1.384964
1.389715
1.389715
1.055491
1.055491
1.343999
1.343999
1.334845
1.334845
1.380394
1.380394
1.389805
1.389805
1.373115
1.373115
1.246350
1.246350
1.233124
1.233124
1.366150
1.366150
1.279447
1.279447
1.335376
1.335376
1.091755
1.091755
1.300805
1.300805
1.291539
1.291539
1.263382
1.263382
1.224738
1.224738
1.328557
1.328557
1.251044
1.251044
1.386568
1.386568
1.361940
1.361940
1.335264
1.335264
1.349297
1.349297
1.198362
1.198362
1.090355
1.090355
1.246870
1.246870
1.278216
1.278216
1.311092
1.311092
1.098408
1.098408
1.275491
1.275491
1.307509
1.307509
1.109589
1.109589
1.256698
1.256698
1.274498
1.274498
