1.345757
1.345757
1.399996
1.393480
1.393480
1.399996
1.171077
1.171077
1.316810
1.316810
1.265054
1.265054
1.304195
1.304195
1.392254
1.392254
1.392603
1.392603
1.374151
1.374151
1.247301
1.247301
1.182853
1.182853
1.049671
1.049671
1.379055
1.379055
1.398560
1.321623
1.321623
1.398560
1.372099
1.372099
1.233054
1.233054
1.348743
1.348743
1.354793
1.354793
1.383797
1.383797
1.265245
1.265245
1.162424
1.162424
1.329158
1.329158
1.377590
1.377590
1.147603
1.147603
1.360536
1.360536
1.399670
1.399670
1.391646
1.391646
1.086845
1.086845
1.398195
1.398195
1.320960
1.320960
1.276694
1.276694
1.328929
1.328929
1.347715
1.347715
1.237313
1.237313
1.393036
1.393036
1.383280
1.360198
1.383280
1.360198
1.348300
1.348300
1.306168
1.306168
1.206583
1.206583
1.370890
1.370890
1.349037
1.349037
1.261512
1.261512
1.392971
1.392971
1.166908
1.166908
1.103015
1.103015
1.144144
1.144144
1.328149
1.328149
1.100758
1.100758
1.275200
1.275200
1.339478
1.339478
1.256954
1.256954
1.333566
1.333566
1.385244
1.385244
1.291268
1.291268
1.284725
1.284725
1.346373
1.346373
1.146528
1.146528
1.206910
1.206910
1.367036
1.367036
1.368242
1.368242
1.374782
1.374782
1.245057
1.245057
1.325715
1.325715
1.164583
1.164583
1.198385
1.198385
1.376942
1.376942
1.233860
1.233860
1.355745
1.355745
1.150293
1.150293
1.374632
1.374632
1.373420
1.373420
1.311595
1.311595
1.318129
1.318129
1.323197
1.323197
1.271600
1.271600
1.223554
1.223554
1.170761
1.170761
1.354414
1.354414
1.252574
1.252574
1.392637
1.392637
1.159119
1.159119
1.328004
1.328004
1.398732
1.398732
1.160786
1.160786
1.042072
1.042072
1.257269
1.257269
1.296701
1.296701
1.122878
1.122878
1.119823
1.119823
1.242156
1.242156
1.325042
1.325042
1.353419
1.353419
1.339634
1.339634
1.093503
1.093503
1.306484
1.306484
1.149171
1.149171
1.287973
1.287973
1.168033
1.168033
1.208351
1.208351
1.293506
1.293506
1.362524
1.362524
1.304636
1.304636
1.247869
1.247869
1.157993
1.157993
1.362660
1.362660
1.260123
1.260123
1.122906
1.122906
1.279114
1.279114
1.225897
1.225897
1.387104
1.387104
1.343335
1.343335
1.128086
1.128086
1.387451
1.387451
1.284453
1.284453
1.314747
1.314747
1.283377
1.283377
1.259509
1.259509
1.309584
1.309584
1.253329
1.253329
1.214991
1.214991
1.329485
1.329485
1.324070
1.324070
1.223185
1.223185
1.263358
1.263358
1.296829
1.296829
1.147262
1.147262
1.194703
1.194703
