1.397677
1.397677
1.269873
1.269873
1.226579
1.226579
1.309328
1.309328
1.382655
1.239204
1.382655
1.239204
1.026143
1.026143
1.314314
1.314314
1.388667
1.388667
1.344719
1.344719
1.358694
1.358694
1.201589
1.201589
1.292098
1.292098
1.157644
1.157644
1.269008
1.269008
1.319245
1.319245
1.366723
1.366723
1.376666
1.376666
1.349536
1.349536
1.291692
1.291692
1.343912
1.343912
1.099991
1.099991
1.258551
1.258551
1.173822
1.367021
1.173822
1.367021
1.079749
1.079749
1.320072
1.320072
1.368185
1.368185
1.332898
1.332898
1.157149
1.157149
1.304183
1.304183
1.295781
1.295781
1.253521
1.253521
1.046172
1.046172
1.241174
1.241174
1.231999
1.231999
1.224727
1.224727
1.364523
1.364523
1.382506
1.382506
1.390297
1.390297
1.281580
1.281580
1.336682
1.336682
1.238959
1.238959
1.142933
1.142933
1.371931
1.371931
1.394228
1.394228
1.232462
1.232462
1.333228
1.333228
1.388599
1.388599
1.300512
1.300512
1.282769
1.282769
1.356437
1.356437
1.338951
1.338951
1.221798
1.221798
1.315580
1.315580
1.256454
1.256454
1.359408
1.359408
1.183064
1.183064
1.358969
1.358969
1.037056
1.037056
1.372751
1.372751
1.187708
1.187708
1.136339
1.136339
1.277393
1.277393
1.281312
1.281312
1.229760
1.229760
1.354705
1.354705
1.279365
1.279365
1.288696
1.288696
1.104513
1.104513
1.114159
1.114159
1.178148
1.178148
1.372547
1.372547
1.092813
1.092813
1.340415
1.340415
1.361259
1.361259
1.375108
1.375108
1.200084
1.200084
1.321654
1.321654
1.392967
1.392967
1.221626
1.221626
1.282448
1.282448
1.395756
1.395756
1.291746
1.291746
1.385009
1.385009
1.268921
1.268921
1.327737
1.327737
1.357874
1.357874
1.229506
1.229506
1.342506
1.342506
1.240766
1.240766
1.207478
1.207478
1.017032
1.017032
1.301792
1.301792
1.264948
1.264948
1.261474
1.261474
1.315085
1.315085
1.134547
1.134547
1.041184
1.041184
1.226600
1.226600
1.377180
1.377180
1.380263
1.380263
1.215129
1.215129
1.398254
1.398254
1.230669
1.230669
1.342766
1.342766
1.260638
1.260638
1.070375
1.070375
1.327586
1.327586
1.398165
1.398165
1.295611
1.295611
1.182101
1.182101
1.379806
1.379806
1.251180
1.251180
1.389638
1.389638
1.305234
1.305234
1.325154
1.325154
1.291455
1.291455
1.248645
1.248645
1.334724
1.334724
1.260506
1.260506
1.120189
1.120189
1.355432
1.355432
1.376231
1.376231
1.158292
1.158292
1.319647
1.319647
1.208597
1.208597
1.343318
1.343318
1.252758
1.252758
1.386864
1.386864
1.342424
1.342424
1.384403
1.384403
1.327379
1.327379
1.193352
1.193352
1.387917
1.387917
1.281639
1.281639
1.169649
1.169649
1.130921
1.130921
1.346440
1.346440
1.353300
1.353300
1.307079
1.307079
1.334853
1.334853
1.368988
1.368988
1.193200
1.193200
1.350303
1.350303
1.259266
1.259266
1.267880
1.267880
1.102852
1.102852
1.385714
1.385714
1.134841
1.134841
1.221268
1.221268
1.337749
1.337749
1.346750
1.346750
1.277464
1.277464
1.146645
1.146645
1.211706
1.211706
1.347428
1.347428
1.374804
1.374804
1.342893
1.342893
