1.253646
1.253646
1.277709
1.277709
1.336413
1.336413
1.313228
1.313228
1.338348
1.338348
1.235422
1.235422
1.334579
1.334579
1.384384
1.384384
1.191607
1.191607
1.386478
1.386478
1.321241
1.321241
1.361985
1.361985
1.376783
1.376783
1.381638
1.381638
1.270162
1.270162
1.296457
1.296457
1.342649
1.342649
1.268884
1.268884
1.308898
1.308898
1.274793
1.274793
1.376295
1.376295
1.326581
1.326581
1.376927
1.376927
1.353879
1.353879
1.225580
1.225580
1.371063
1.371063
1.307808
1.307808
1.228072
1.228072
1.341839
1.341839
1.242411
1.242411
1.200108
1.200108
1.134316
1.134316
1.364654
1.364654
1.242276
1.242276
1.260026
1.260026
1.108540
1.108540
1.093236
1.093236
1.359353
1.359353
1.265453
1.265453
1.069277
1.069277
1.350494
1.350494
1.181077
1.181077
1.332102
1.332102
1.380256
1.380256
1.350175
1.350175
1.312626
1.312626
1.287922
1.287922
1.179443
1.179443
1.226904
1.226904
1.263386
1.263386
1.317816
1.317816
1.387011
1.387011
1.347243
1.347243
1.376970
1.376970
1.167807
1.167807
1.292822
1.292822
1.329789
1.329789
1.345747
1.345747
1.209030
1.209030
1.271342
1.271342
1.135245
1.135245
1.228508
1.228508
1.300065
1.300065
1.270479
1.270479
1.123566
1.123566
1.374834
1.374834
1.322608
1.359590
1.322608
1.359590
1.144481
1.144481
1.133124
1.133124
1.352243
1.352243
1.143213
1.143213
1.323595
1.323595
1.234713
1.234713
1.027852
1.027852
1.282381
1.282381
1.312813
1.312813
1.233591
1.233591
1.378870
1.378870
1.298694
1.298694
1.334787
1.334787
1.257240
1.257240
1.280482
1.280482
1.232131
1.232131
1.120282
1.120282
1.138234
1.138234
1.251114
1.251114
1.076266
1.076266
1.124089
1.124089
1.194615
1.194615
1.205082
1.205082
1.036775
1.036775
1.305606
1.305606
1.301715
1.301715
1.228908
1.228908
1.269708
1.269708
1.094589
1.094589
1.295297
1.295297
1.293171
1.293171
1.230932
1.230932
1.239668
1.239668
1.389991
1.389991
1.110546
1.110546
1.375458
1.375458
1.066352
1.066352
1.321635
1.321635
1.085861
1.085861
1.257666
1.257666
1.233932
1.233932
1.275279
1.275279
1.352608
1.352608
1.202499
1.202499
1.384458
1.384458
1.317501
1.317501
1.376903
1.376903
1.185809
1.185809
1.333040
1.333040
1.319604
1.319604
1.337989
1.337989
1.351584
1.351584
1.288178
1.288178
1.380353
1.380353
1.399437
1.399437
1.168323
1.168323
1.224718
1.224718
1.213498
1.213498
1.376964
1.376964
1.290956
1.290956
1.115262
1.115262
1.251171
1.251171
1.190150
1.190150
1.322811
1.322811
1.277774
1.277774
