1.360820
1.360820
1.079658
1.079658
1.328986
1.328986
1.396260
1.396260
1.207560
1.207560
1.333496
1.333496
1.152643
1.152643
1.340620
1.340620
1.368619
1.368619
1.375636
1.375636
1.108700
1.108700
1.110296
1.110296
1.240104
1.287814
1.240104
1.287814
1.364526
1.364526
1.379988
1.379988
1.252230
1.252230
1.348913
1.335697
1.335697
1.348913
1.234884
1.234884
1.368265
1.368265
1.345158
1.345158
1.357283
1.357283
1.175324
1.175324
1.295366
1.295366
1.307918
1.307918
1.375437
1.375437
1.380988
1.380988
1.344561
1.344561
1.336508
1.336508
1.336238
1.336238
1.391754
1.391754
1.167095
1.167095
1.385867
1.385867
1.311662
1.311662
1.396689
1.396689
1.332456
1.332456
1.397880
1.397880
1.398088
1.398088
1.262017
1.262017
1.179316
1.179316
1.211175
1.211175
1.273161
1.273161
1.353086
1.353086
1.352486
1.352486
1.338805
1.338805
1.347856
1.347856
1.224807
1.224807
1.254970
1.254970
1.319517
1.319517
1.239267
1.239267
1.171062
1.171062
1.348437
1.348437
1.264240
1.264240
1.393244
1.393244
1.286805
1.286805
1.158782
1.158782
1.316081
1.316081
1.341268
1.341268
1.329068
1.329068
1.316691
1.316691
1.280986
1.280986
1.386275
1.386275
1.141297
1.141297
1.091535
1.091535
1.307037
1.307037
1.343810
1.343810
1.345520
1.345520
1.392107
1.392107
1.304958
1.304958
1.369166
1.369166
1.366201
1.366201
1.310792
1.310792
1.379353
1.379353
1.288233
1.276140
1.288233
1.276140
1.218109
1.218109
1.345299
1.345299
1.376516
1.376516
1.331928
1.331928
1.204451
1.204451
1.355200
1.355200
1.267621
1.267621
1.284756
1.284756
1.103733
1.103733
1.330587
1.330587
1.256739
1.256739
1.384385
1.384385
1.396467
1.396467
1.156806
1.156806
1.211874
1.211874
1.045010
1.045010
1.348690
1.348690
1.306138
1.306138
1.386289
1.386289
1.347636
1.347636
1.124782
1.124782
1.310610
1.310610
1.251718
1.251718
1.328927
1.328927
1.349679
1.349679
1.311108
1.311108
1.119892
1.119892
1.197910
1.197910
1.392043
1.392043
1.340446
1.340446
1.198263
1.198263
1.084431
1.084431
1.334998
1.334998
1.165780
1.165780
1.133516
1.133516
1.203907
1.203907
1.331065
1.331065
1.365464
1.365464
1.327387
1.327387
1.275488
1.275488
1.392962
1.392962
1.305589
1.305589
1.213819
1.213819
1.323754
1.323754
1.366891
1.366891
1.369703
1.369703
1.327793
1.327793
1.392280
1.392280
1.257544
1.257544
1.384586
1.384586
1.120782
1.120782
1.192217
1.192217
1.192927
1.192927
1.306335
1.306335
1.108487
1.108487
1.199538
1.199538
1.388020
1.388020
1.357098
1.357098
1.290840
1.290840
1.391982
1.391982
1.208253
1.208253
1.245030
1.245030
1.347843
1.347843
1.322335
1.322335
1.380105
1.380105
1.353985
1.353985
1.342880
1.342880
1.334925
1.334925
1.161194
1.161194
1.229223
1.229223
1.327184
1.327184
1.097872
1.097872
1.057320
1.057320
1.345785
1.345785
1.336641
1.336641
1.268419
1.268419
1.111785
1.111785
1.300698
1.300698
1.219360
1.219360
1.257729
1.257729
