1.268336
1.268336
1.274161
1.274161
1.295655
1.295655
1.350365
1.350365
1.307254
1.307254
1.330243
1.330243
1.253751
1.253751
1.369887
1.369887
1.330756
1.330756
1.296631
1.296631
1.326393
1.326393
1.184045
1.184045
1.225384
1.225384
1.350744
1.350744
1.310757
1.310757
1.163930
1.163930
1.339040
1.339040
1.177977
1.177977
1.154838
1.393390
1.393390
1.154838
1.324868
1.324868
1.184974
1.184974
1.138652
1.138652
1.385215
1.385215
1.199767
1.199767
1.373102
1.373102
1.336554
1.336554
1.350533
1.350533
1.387718
1.387718
1.299669
1.299669
1.291581
1.291581
1.328986
1.328986
1.215561
1.215561
1.389299
1.389299
1.309393
1.309393
1.355906
1.355906
1.103935
1.103935
1.379933
1.379933
1.157117
1.157117
1.398022
1.398022
1.366937
1.366937
1.123219
1.123219
1.315738
1.315738
1.382150
1.382150
1.101560
1.101560
1.382855
1.382855
1.165177
1.165177
1.265482
1.265482
1.103802
1.103802
1.373810
1.373810
1.286672
1.286672
1.124008
1.124008
1.298013
1.298013
1.040773
1.040773
1.180951
1.180951
1.264676
1.264676
1.361732
1.361732
1.384441
1.384441
1.208167
1.208167
1.199732
1.199732
1.219393
1.219393
1.379320
1.379320
1.169239
1.169239
1.303878
1.303878
1.368404
1.368404
1.334748
1.334748
1.196094
1.196094
1.316072
1.316072
1.159132
1.159132
1.214583
1.214583
1.384733
1.384733
1.330774
1.330774
1.148759
1.148759
1.091769
1.091769
1.307388
1.307388
1.319950
1.319950
1.269185
1.269185
1.197113
1.197113
1.280610
1.280610
1.333735
1.333735
1.227121
1.227121
1.302073
1.302073
1.172558
1.172558
1.281477
1.281477
1.243434
1.243434
1.211401
1.211401
1.312017
1.312017
1.221205
1.221205
1.313691
1.313691
1.323425
1.323425
1.380861
1.380861
1.230476
1.230476
1.262666
1.262666
1.146306
1.146306
1.102868
1.102868
1.206359
1.206359
1.288313
1.288313
1.288889
1.288889
1.035532
1.035532
1.256868
1.256868
1.274364
1.274364
1.147692
1.147692
1.337440
1.337440
1.276883
1.276883
1.288674
1.288674
1.149179
1.149179
1.202335
1.202335
1.289424
1.289424
1.320531
1.320531
1.327186
1.327186
1.348474
1.348474
1.008052
1.008052
1.270309
1.270309
1.335259
1.335259
1.066427
1.066427
1.260220
1.260220
1.229648
1.229648
1.384437
1.384437
1.170754
1.170754
1.334038
1.334038
1.364106
1.364106
1.345738
1.345738
1.348561
1.348561
1.372743
1.372743
1.326108
1.326108
1.394647
1.394647
1.228449
1.228449
1.391938
1.391938
1.171113
1.171113
1.230388
1.230388
1.368748
1.368748
1.342550
1.342550
1.230938
1.230938
1.215838
1.215838
1.256187
1.256187
1.190056
1.190056
1.383313
1.383313
1.346682
1.346682
1.156145
1.156145
1.302690
1.302690
1.160198
1.160198
1.339634
1.339634
1.350740
1.350740
1.223195
1.223195
1.221945
1.221945
1.374164
1.374164
1.291736
1.291736
1.336869
1.336869
1.396858
1.396858
1.366148
1.366148
1.374010
1.374010
1.280005
1.280005
1.223087
1.223087
1.270510
1.270510
1.336105
1.336105
1.241831
1.241831
1.365592
1.365592
1.235568
1.235568
1.364255
1.364255
1.383387
1.383387
1.394015
1.394015
1.222345
1.222345
1.356222
1.356222
1.388121
1.388121
1.350397
1.350397
1.374372
1.374372
1.170457
1.170457
1.179074
1.179074
1.343334
1.343334
1.192247
1.192247
1.385671
1.385671
1.282230
1.282230
1.336989
1.336989
1.291544
1.291544
1.318637
1.318637
1.371919
1.371919
1.395894
1.395894
1.343852
1.343852
1.346426
1.346426
1.317667
1.317667
1.399846
1.399846
1.281510
1.281510
1.372829
1.372829
1.369299
1.369299
1.329393
1.329393
1.153787
1.153787
1.134434
1.134434
1.336843
1.336843
1.182465
1.182465
1.312662
1.312662
1.326722
1.326722
1.332995
1.332995
1.301290
1.301290
1.343614
1.343614
1.347029
1.347029
1.069100
1.069100
1.110672
1.110672
1.093573
1.093573
1.310082
1.310082
