1.121389
1.121389
1.361836
1.361836
1.373719
1.373719
1.325553
1.325553
1.342113
1.342113
1.254201
1.254201
1.353940
1.099057
1.099057
1.353940
1.347152
1.347152
1.114580
1.114580
1.210121
1.336134
1.210121
1.336134
1.198710
1.198710
1.296113
1.296113
1.117389
1.117389
1.195586
1.195586
1.244230
1.244230
1.342113
1.342113
1.378074
1.378074
1.337710
1.337710
1.242922
1.242922
1.399510
1.399510
1.373744
1.373744
1.147160
1.147160
1.398276
1.398276
1.350263
1.350263
1.064033
1.295931
1.064033
1.295931
1.232803
1.232803
1.277392
1.277392
1.390472
1.390472
1.272070
1.272070
1.398401
1.398401
1.282719
1.282719
1.180410
1.180410
1.216293
1.216293
1.268407
1.268407
1.163360
1.163360
1.376649
1.376649
1.362545
1.362545
1.197462
1.197462
1.264574
1.264574
1.201692
1.201692
1.197494
1.197494
1.375126
1.375126
1.201917
1.201917
1.297291
1.345734
1.345734
1.297291
1.362484
1.362484
1.323249
1.323249
1.362670
1.362670
1.295608
1.295608
1.227756
1.227756
1.329921
1.329921
1.146421
1.146421
1.229021
1.229021
1.385947
1.385947
1.397615
1.397615
1.397058
1.397058
1.296301
1.296301
1.150314
1.150314
1.366789
1.366789
1.387384
1.387384
1.350164
1.350164
1.208115
1.208115
1.210776
1.210776
1.320701
1.320701
1.383897
1.383897
1.275880
1.275880
1.297610
1.297610
1.399304
1.399304
1.056357
1.056357
1.313060
1.313060
1.183985
1.183985
1.353003
1.353003
1.368908
1.368908
1.394748
1.394748
1.335119
1.335119
1.211932
1.211932
1.385493
1.385493
1.378522
1.378522
1.303086
1.303086
1.098197
1.098197
1.216480
1.216480
1.237080
1.237080
1.224563
1.224563
1.259852
1.259852
1.378327
1.378327
1.301200
1.301200
1.248723
1.315718
1.315718
1.248723
1.311546
1.311546
1.354157
1.354157
1.183584
1.183584
1.237477
1.237477
1.262283
1.262283
1.367104
1.367104
1.347973
1.347973
1.377125
1.377125
1.285638
1.285638
1.357108
1.357108
1.088855
1.088855
1.225147
1.225147
1.053426
1.053426
1.131884
1.131884
1.270058
1.270058
1.321390
1.321390
1.310776
1.310776
1.235032
1.235032
1.228743
1.228743
1.083060
1.083060
1.203173
1.203173
1.360799
1.360799
1.362030
1.362030
1.210142
1.210142
1.282671
1.282671
1.219460
1.219460
1.219430
1.219430
1.172426
1.172426
1.388068
1.388068
1.395675
1.395675
1.332909
1.332909
1.265221
1.265221
1.349469
1.349469
1.343660
1.343660
1.349225
1.349225
1.306756
1.306756
1.103696
1.103696
1.359845
1.359845
1.141215
1.141215
1.395360
1.395360
1.254253
1.254253
1.320607
1.320607
1.241748
1.241748
1.348964
1.348964
1.373677
1.373677
1.232043
1.232043
1.366000
1.366000
1.180345
1.180345
1.337971
1.337971
1.365121
1.365121
1.045333
1.045333
1.225955
1.225955
1.298217
1.298217
1.305689
1.305689
1.364842
1.364842
1.133969
1.133969
1.395287
1.395287
1.391310
1.391310
1.228987
1.228987
1.301011
1.301011
1.357567
1.357567
1.289985
1.289985
1.246548
1.246548
1.125476
1.125476
1.032077
1.032077
1.256135
1.256135
1.398032
1.398032
1.302198
1.302198
1.340339
1.340339
1.398198
1.398198
1.327982
1.327982
1.239116
1.239116
1.282472
1.282472
1.394931
1.394931
1.178307
1.178307
1.277133
1.277133
1.257336
1.257336
1.307369
1.307369
1.074734
1.074734
1.012842
1.012842
1.388270
1.388270
1.294610
1.294610
1.329111
1.329111
1.376871
1.376871
1.216541
1.216541
1.095529
1.095529
1.386176
1.386176
1.317587
1.317587
1.259649
1.259649
1.302719
1.302719
