1.301162
1.301162
1.259946
1.259946
1.051049
1.051049
1.319630
1.319630
1.198321
1.198321
1.339727
1.339727
1.398336
1.239235
1.239235
1.398336
1.171450
1.171450
1.249001
1.249001
1.198674
1.198674
1.236007
1.236007
1.390631
1.390631
1.241215
1.241215
1.178701
1.178701
1.364805
1.364805
1.171773
1.171773
1.377763
1.377763
1.334512
1.334512
1.075855
1.075855
1.315110
1.315110
1.182785
1.182785
1.312873
1.312873
1.245621
1.245621
1.399952
1.399952
1.225999
1.225999
1.363469
1.363469
1.216897
1.216897
1.271261
1.271261
1.269444
1.269444
1.272383
1.272383
1.371367
1.371367
1.363449
1.363449
1.336432
1.336432
1.320283
1.320283
1.198384
1.198384
1.259937
1.259937
1.255760
1.255760
1.388909
1.388909
1.302674
1.302674
1.248564
1.248564
1.252010
1.252010
1.204278
1.204278
1.232351
1.232351
1.374104
1.374104
1.311130
1.311130
1.210683
1.210683
1.339423
1.339423
1.149734
1.149734
1.190871
1.190871
1.220991
1.220991
1.211074
1.211074
1.363165
1.363165
1.303331
1.303331
1.368700
1.368700
1.199133
1.199133
1.396279
1.396279
1.236146
1.236146
1.247659
1.247659
1.373915
1.373915
1.306060
1.306060
1.380168
1.380168
1.250171
1.250171
1.357879
1.357879
1.362005
1.362005
1.359083
1.359083
1.056205
1.056205
1.339750
1.339750
1.348727
1.348727
1.202716
1.202716
1.352603
1.352603
1.093758
1.093758
1.279217
1.279217
1.320882
1.320882
1.382814
1.382814
1.143709
1.143709
1.335191
1.335191
1.270208
1.270208
1.396367
1.396367
1.397493
1.397493
1.262116
1.262116
1.355118
1.355118
1.121357
1.121357
1.343757
1.343757
1.255969
1.255969
1.363128
1.363128
1.283404
1.283404
1.397497
1.397497
1.282325
1.282325
1.167145
1.167145
1.092273
1.092273
1.227418
1.227418
1.386560
1.386560
1.165678
1.165678
1.272132
1.272132
1.350857
1.350857
1.344471
1.344471
1.340584
1.340584
1.393403
1.393403
1.181955
1.060317
1.181955
1.060317
1.289802
1.289802
1.390427
1.390427
1.087078
1.087078
1.315563
1.315563
1.361008
1.185599
1.361008
1.185599
1.308630
1.308630
1.275208
1.275208
1.384262
1.384262
1.295015
1.295015
1.262959
1.262959
1.205063
1.205063
1.262181
1.262181
1.214821
1.214821
1.360503
1.360503
1.208020
1.208020
1.395361
1.395361
1.305285
1.305285
1.258023
1.258023
1.306981
1.306981
1.240027
1.240027
1.329352
1.329352
1.388153
1.388153
1.191648
1.191648
1.290514
1.290514
1.367894
1.367894
1.351042
1.351042
1.234282
1.234282
1.315739
1.315739
1.252570
1.252570
1.263974
1.263974
1.097785
1.097785
1.268501
1.268501
1.363815
1.363815
1.372397
1.372397
1.256019
1.256019
1.357230
1.357230
1.085879
1.085879
1.249638
1.249638
1.303342
1.303342
1.331818
1.331818
1.357475
1.357475
1.267198
1.267198
1.127517
1.127517
1.147473
1.147473
1.339684
1.339684
1.118402
1.118402
1.320681
1.320681
1.282948
1.282948
1.377092
1.377092
1.399590
1.399590
1.204320
1.204320
1.288321
1.288321
1.393909
1.393909
1.277926
1.277926
1.382816
1.382816
1.386601
1.386601
1.157847
1.157847
1.358568
1.358568
1.387861
1.387861
1.310143
1.310143
1.325835
1.325835
1.342330
1.342330
1.174041
1.174041
1.231232
1.231232
1.327601
1.327601
1.396251
1.396251
1.329592
1.329592
1.249401
1.249401
1.135989
1.135989
1.203843
1.203843
1.197432
1.197432
1.159297
1.159297
1.314475
1.314475
1.021199
1.021199
1.215129
1.215129
1.290947
1.290947
1.387511
1.387511
1.387607
1.387607
1.198737
1.198737
1.206245
1.206245
1.230034
1.230034
1.168171
1.168171
1.365078
1.365078
1.373132
1.373132
1.136582
1.136582
1.325887
1.325887
1.370138
1.370138
1.372638
1.372638
1.344223
1.344223
1.353796
1.353796
1.302848
1.302848
1.261866
1.261866
1.213380
1.213380
1.182947
1.182947
1.234680
1.234680
1.147562
1.147562
1.269535
1.269535
1.147116
1.147116
1.266710
1.266710
1.376591
1.376591
1.359127
1.359127
1.346748
1.346748
1.358612
1.358612
1.333619
1.333619
1.283016
1.283016
1.378721
1.378721
1.320013
1.320013
1.260140
1.260140
1.286431
1.286431
1.395917
1.395917
1.381176
1.381176
1.210873
1.210873
1.376227
1.376227
1.216860
1.216860
1.377272
1.377272
1.338220
1.338220
1.302540
1.302540
