1.122756
1.122756
1.389783
1.389783
1.309258
1.309258
1.325487
1.325487
1.362035
1.362035
1.333106
1.333106
1.196467
1.196467
1.216559
1.216559
1.088873
1.088873
1.352648
1.352648
1.301931
1.301931
1.267322
1.267322
1.321531
1.321531
1.281783
1.281783
1.204705
1.204705
1.149278
1.149278
1.261344
1.261344
1.217221
1.217221
1.144064
1.144064
1.148245
1.148245
1.352195
1.352195
1.307931
1.307931
1.119447
1.119447
1.071804
1.071804
1.297434
1.297434
1.022217
1.022217
1.345529
1.345529
1.374410
1.374410
1.387706
1.387706
1.399900
1.399900
1.359729
1.359729
1.385165
1.385165
1.311714
1.311714
1.264241
1.264241
1.325987
1.325987
1.157845
1.157845
1.347383
1.347383
1.386060
1.386060
1.386634
1.386634
1.395648
1.395648
1.342104
1.342104
1.398689
1.398689
1.379770
1.379770
1.293418
1.293418
1.172129
1.172129
1.178474
1.178474
1.224677
1.224677
1.133494
1.133494
1.305373
1.305373
1.277171
1.277171
1.344730
1.344730
1.275465
1.275465
1.077726
1.077726
1.209424
1.209424
1.054372
1.054372
1.388393
1.388393
1.359241
1.359241
1.333327
1.333327
1.257498
1.257498
1.354802
1.354802
1.374911
1.374911
1.340127
1.340127
1.230520
1.230520
1.361791
1.361791
1.357423
1.357423
1.262008
1.262008
1.373750
1.373750
1.353695
1.353695
1.207449
1.207449
1.342604
1.342604
1.251396
1.251396
1.172432
1.172432
1.362126
1.362126
1.163799
1.163799
1.306138
1.306138
1.268423
1.268423
1.375382
1.375382
1.382907
1.382907
1.360334
1.360334
1.353182
1.353182
1.365942
1.365942
1.310628
1.310628
1.243885
1.243885
1.177105
1.177105
1.377247
1.377247
1.385205
1.385205
1.206728
1.206728
1.225895
1.225895
1.285779
1.285779
1.357178
1.357178
1.321995
1.321995
1.109037
1.109037
1.268267
1.268267
1.381356
1.381356
1.271765
1.271765
1.169384
1.169384
1.369712
1.369712
1.149570
1.149570
1.388216
1.388216
1.372954
1.372954
1.199586
1.199586
1.395933
1.395933
1.304911
1.304911
1.132929
1.132929
1.155143
1.155143
1.130966
1.130966
1.217165
1.217165
1.292317
1.292317
1.364253
1.364253
1.378352
1.378352
1.336802
1.336802
1.119192
1.119192
1.163052
1.163052
1.123153
1.123153
1.260411
1.260411
1.128802
1.128802
1.041223
1.041223
1.299411
1.299411
1.161929
1.161929
1.286933
1.286933
1.173215
1.173215
1.178351
1.178351
1.139995
1.139995
1.325908
1.325908
1.235384
1.235384
1.357301
1.357301
1.341438
1.341438
1.365348
1.365348
1.126158
1.126158
1.026707
1.026707
1.259372
1.259372
1.371668
1.371668
1.250693
1.250693
1.091683
1.091683
1.379226
1.379226
