1.335911
1.335911
1.181754
1.377092
1.377092
1.240811
1.181754
1.240811
1.306232
1.306232
1.217994
1.217994
1.300593
1.300593
1.375989
1.375989
1.338015
1.338015
1.164282
1.164282
1.215896
1.215896
1.383221
1.383221
1.199326
1.199326
1.397847
1.397847
1.304930
1.304930
1.001447
1.001447
1.170540
1.170540
1.229373
1.229373
1.365399
1.365399
1.382615
1.382615
1.349769
1.349769
1.252946
1.252946
1.112660
1.112660
1.247048
1.247048
1.280987
1.280987
1.215108
1.215108
1.246225
1.246225
1.296632
1.296632
1.298970
1.298970
1.346303
1.346303
1.158699
1.158699
1.168904
1.168904
1.223586
1.223586
1.399500
1.399500
1.238582
1.238582
1.285843
1.285843
1.391538
1.391538
1.236762
1.236762
1.265105
1.265105
1.374569
1.374569
1.225416
1.225416
1.398676
1.398676
1.374906
1.374906
1.277516
1.277516
1.100798
1.100798
1.369998
1.369998
1.290616
1.290616
1.158608
1.158608
1.242937
1.242937
1.218860
1.218860
1.289514
1.289514
1.198942
1.198942
1.323713
1.323713
1.287979
1.287979
1.107289
1.107289
1.360011
1.360011
1.266868
1.266868
1.376094
1.376094
1.092296
1.092296
1.173204
1.173204
1.161690
1.161690
1.396778
1.396778
1.161576
1.161576
1.395369
1.395369
1.277564
1.277564
1.302484
1.302484
1.293789
1.293789
1.370364
1.370364
1.343428
1.343428
1.309221
1.309221
1.322741
1.322741
1.233103
1.233103
1.254021
1.254021
1.379459
1.379459
1.386859
1.386859
1.327235
1.327235
1.384136
1.384136
1.237101
1.237101
1.258869
1.258869
1.369695
1.369695
1.386334
1.386334
1.124072
1.124072
1.293940
1.293940
1.280598
1.280598
1.180629
1.180629
1.282981
1.282981
1.395359
1.395359
1.309531
1.309531
1.362127
1.362127
1.171924
1.171924
1.117189
1.117189
1.293894
1.293894
1.319045
1.319045
1.379751
1.379751
1.389039
1.389039
1.397475
1.397475
1.178835
1.178835
1.321988
1.321988
1.382609
1.382609
1.206320
1.206320
1.228679
1.228679
1.397104
1.397104
1.387879
1.387879
1.258412
1.258412
1.306702
1.306702
1.374651
1.374651
1.389678
1.389678
1.119556
1.119556
1.364385
1.364385
1.349114
1.349114
1.315725
1.315725
1.353634
1.353634
1.382106
1.382106
1.320892
1.320892
1.316135
1.316135
1.276067
1.276067
1.386549
1.386549
1.292961
1.292961
1.389599
1.389599
1.247357
1.247357
1.369761
1.369761
1.358385
1.358385
1.299699
1.299699
1.328851
1.328851
1.296544
1.296544
1.275978
1.275978
1.247218
1.247218
1.351618
1.351618
1.375552
1.375552
1.174249
1.174249
1.127317
1.127317
1.255776
1.255776
1.373871
1.373871
1.372230
1.372230
1.158811
1.158811
1.368767
1.368767
1.299050
1.299050
1.154622
1.154622
1.208294
1.208294
1.305457
1.305457
1.397986
1.397986
1.398693
1.398693
1.320050
1.320050
1.015957
1.015957
1.165303
1.165303
1.343799
1.343799
1.330994
1.330994
