1.285217
1.285217
1.283237
1.283237
1.169878
1.169878
1.325094
1.325094
1.297101
1.297101
1.304230
1.304230
1.375767
1.375767
1.367949
1.367949
1.028772
1.028772
1.132602
1.132602
1.313618
1.313618
1.322335
1.322335
1.318552
1.318552
1.282346
1.282346
1.349921
1.349921
1.260856
1.260856
1.300599
1.300599
1.257507
1.257507
1.349992
1.349992
1.161691
1.161691
1.359128
1.359128
1.251445
1.251445
1.287137
1.287137
1.346667
1.346667
1.247738
1.247738
1.277678
1.277678
1.308698
1.308698
1.100156
1.100156
1.218893
1.218893
