1.373007
1.373007
1.302510
1.302510
1.257880
1.257880
1.236303
1.236303
1.278122
1.278122
1.387645
1.387645
1.336161
1.336161
1.093516
1.093516
1.363850
1.363850
1.261400
1.261400
1.342905
1.342905
1.275793
1.275793
1.212251
1.212251
1.368346
1.368346
1.198814
1.198814
1.259569
1.259569
1.244099
1.244099
1.346804
1.346804
1.375688
1.375688
1.274827
1.274827
1.389649
1.389649
1.104055
1.104055
1.302169
1.302169
1.395002
1.395002
1.259809
1.259809
1.285731
1.285731
1.295990
1.295990
1.244925
1.244925
1.219649
1.219649
1.240894
1.240894
1.281615
1.281615
1.390660
1.390660
1.106289
1.106289
1.275390
1.275390
1.181699
1.181699
1.297391
1.297391
