1.157454
1.157454
1.257962
1.257962
1.278692
1.278692
1.242726
1.242726
1.205799
1.205799
1.320682
1.320682
1.331434
1.331434
1.224654
1.224654
1.126223
1.126223
1.218960
1.218960
1.365859
1.365859
1.201475
1.201475
1.190052
1.190052
1.370708
1.370708
1.325922
1.325922
1.269872
1.269872
1.140289
1.140289
1.137323
1.137323
1.321998
1.321998
1.241050
1.241050
1.226795
1.226795
1.084317
1.084317
1.237367
1.237367
1.362058
1.362058
1.076725
1.076725
1.378416
1.378416
1.383330
1.383330
1.375686
1.375686
1.250705
1.250705
1.239671
1.239671
1.332355
1.332355
