1.372515
1.372515
1.387373
1.387373
1.394120
1.394120
1.208255
1.208255
1.292185
1.292185
1.313387
1.313387
1.270313
1.270313
1.295473
1.295473
1.188221
1.188221
1.309762
1.309762
1.395552
1.395552
1.371525
1.371525
1.307415
1.307415
1.375026
1.375026
1.195121
1.195121
1.371554
1.371554
1.311211
1.311211
1.223977
1.223977
1.243325
1.243325
1.317665
1.317665
1.054544
1.054544
1.281720
1.281720
1.357848
1.357848
1.315226
1.315226
1.117909
1.117909
1.200941
1.200941
1.351612
1.351612
1.286063
1.286063
1.332478
1.332478
