1.218161
1.218161
1.332257
1.332257
1.385631
1.385631
1.181628
1.181628
1.203532
1.203532
1.380006
1.380006
1.206731
1.206731
1.278912
1.278912
1.350123
1.350123
1.094952
1.094952
1.300016
1.300016
1.158850
1.158850
1.276020
1.276020
1.361955
1.361955
1.150242
1.150242
1.289351
1.289351
1.279343
1.279343
1.379732
1.379732
1.286610
1.286610
1.389474
1.389474
1.322998
1.322998
1.189613
1.189613
1.346763
1.346763
1.383909
1.383909
1.221872
1.221872
1.350142
1.350142
1.357462
1.357462
1.367803
1.367803
