1.030011
1.030011
1.331293
1.331293
1.347367
1.347367
1.370848
1.370848
1.309352
1.309352
1.258249
1.258249
1.285504
1.285504
1.199201
1.312848
1.312848
1.199201
1.399285
1.148464
1.399285
1.148464
1.118659
1.118659
1.314283
1.314283
1.121903
1.121903
1.338317
1.338317
1.344813
1.331238
1.331238
1.344813
1.278239
1.278239
1.382705
1.382705
1.397346
1.397346
1.354688
1.354688
1.224113
1.224113
1.344653
1.344653
1.361252
1.361252
1.334619
1.334619
1.224236
1.224236
1.328447
1.328447
1.272409
1.272409
1.329542
1.329542
1.087566
1.087566
1.293428
1.293428
1.354598
1.354598
1.222173
1.222173
1.367032
1.367032
1.320951
1.176609
1.176609
1.320951
1.311420
1.311420
1.329209
1.329209
1.374544
1.374544
1.365968
1.365968
1.272543
1.272543
1.176660
1.176660
1.249450
1.249450
1.201014
1.201014
1.333013
1.333013
1.325606
1.325606
1.343709
1.343709
1.190417
1.190417
1.198876
1.198876
1.359475
1.359475
1.382154
1.382154
1.370657
1.370657
1.188822
1.188822
1.381649
1.381649
1.259631
1.259631
1.362963
1.362963
1.356018
1.356018
1.313766
1.313766
1.356358
1.356358
1.386067
1.386067
1.043873
1.043873
1.393195
1.393195
1.365791
1.365791
1.323083
1.323083
1.342982
1.342982
1.188280
1.188280
1.127044
1.127044
1.074489
1.074489
1.353769
1.353769
1.258040
1.258040
1.303400
1.303400
1.327347
1.327347
1.381082
1.381082
1.328077
1.328077
1.330308
1.134382
1.134382
1.330308
1.310953
1.310953
1.220761
1.220761
1.376359
1.376359
1.267324
1.267324
1.088216
1.088216
1.258171
1.258171
1.104159
1.104159
1.345827
1.345827
1.239236
1.239236
1.304779
1.304779
1.237850
1.237850
1.276097
1.276097
1.368373
1.368373
1.357496
1.357496
1.395138
1.395138
1.396955
1.396955
1.322284
1.322284
1.254119
1.254119
1.365928
1.365928
1.105660
1.105660
1.218611
1.218611
1.370933
1.370933
1.362135
1.362135
1.242937
1.242937
1.208820
1.208820
1.233218
1.233218
1.376861
1.376861
1.362152
1.362152
1.275343
1.275343
1.317656
1.317656
1.276759
1.276759
1.187703
1.187703
1.394162
1.394162
1.394041
1.394041
1.381325
1.381325
1.367329
1.367329
1.297564
1.297564
1.276268
1.276268
1.219008
1.219008
1.375546
1.375546
1.252718
1.252718
1.375095
1.375095
1.326810
1.326810
1.262828
1.262828
1.087997
1.087997
1.058927
1.058927
1.276039
1.276039
1.364143
1.364143
1.055763
1.055763
1.349471
1.349471
1.242738
1.242738
1.226847
1.226847
1.115875
1.115875
1.222804
1.222804
1.338398
1.338398
1.373771
1.373771
1.340470
1.340470
1.123202
1.123202
1.285548
1.285548
1.209876
1.209876
1.285871
1.285871
1.124439
1.124439
1.354138
1.354138
1.294592
1.294592
1.220773
1.220773
1.319080
1.319080
1.311470
1.311470
1.361907
1.361907
1.270723
1.270723
1.302196
1.302196
1.215430
1.215430
1.362340
1.362340
1.294988
1.294988
1.123441
1.123441
1.322796
1.322796
1.358344
1.358344
1.269940
1.269940
1.274808
1.274808
1.362125
1.362125
1.140464
1.140464
1.363414
1.363414
1.214032
1.214032
1.350628
1.350628
1.336214
1.336214
1.393488
1.393488
1.376996
1.376996
1.354620
1.354620
1.308802
1.308802
1.299023
1.299023
1.269928
1.269928
1.252931
1.252931
1.165770
1.165770
1.101214
1.101214
1.340406
1.340406
1.353369
1.353369
1.367976
1.367976
1.047993
1.047993
1.190849
1.190849
1.317217
1.317217
1.340308
1.340308
1.199903
1.199903
1.382605
1.382605
1.135870
1.135870
1.277208
1.277208
1.374348
1.374348
1.166582
1.166582
1.345318
1.345318
1.366069
1.366069
1.375773
1.375773
1.337245
1.337245
1.383925
1.383925
1.341754
1.341754
1.327729
1.327729
1.228229
1.228229
1.046712
1.046712
1.328120
1.328120
1.274624
1.274624
1.345566
1.345566
1.368900
1.368900
1.273368
1.273368
1.176947
1.176947
1.372949
1.372949
1.204785
1.204785
1.303980
1.300252
1.303980
1.300252
1.296522
1.296522
1.369696
1.369696
1.175545
1.175545
1.156081
1.156081
1.190515
1.190515
1.378317
1.378317
1.397499
1.397499
1.292729
1.292729
1.325036
1.325036
1.312610
1.312610
1.363042
1.363042
1.330058
1.330058
1.231904
1.231904
1.307366
1.307366
1.366905
1.366905
1.267249
1.267249
1.351925
1.351925
1.366854
1.366854
1.119091
1.119091
1.059928
1.059928
1.324806
1.324806
1.366289
1.366289
1.357747
1.357747
1.378819
1.378819
1.266389
1.266389
1.294581
1.294581
1.321292
1.321292
1.334728
1.334728
1.348092
1.348092
1.380068
1.380068
1.366099
1.366099
1.329536
1.329536
1.293809
1.293809
1.239746
1.239746
1.334435
1.334435
1.383217
1.383217
1.357145
1.357145
1.393048
1.393048
1.368132
1.368132
1.236665
1.236665
1.373716
1.373716
1.326983
1.326983
1.262503
1.262503
1.359102
1.359102
1.390708
1.390708
1.317344
1.317344
1.386420
1.386420
1.316208
1.316208
1.395148
1.395148
1.124604
1.124604
1.231399
1.231399
1.099227
1.099227
1.320908
1.320908
1.263544
1.263544
1.306282
1.306282
1.322531
1.322531
1.386648
1.386648
1.296473
1.296473
1.260769
1.260769
1.399921
1.399921
1.130720
1.130720
1.380902
1.380902
1.228795
1.228795
1.196390
1.196390
1.213834
1.213834
1.175471
1.175471
1.306959
1.306959
1.105030
1.105030
1.374609
1.124388
1.124388
1.374609
1.382318
1.382318
1.266813
1.266813
1.394315
1.394315
1.078892
1.078892
1.364492
1.364492
1.399131
1.399131
1.392304
1.392304
1.348546
1.348546
1.275185
1.275185
1.293033
1.293033
1.341142
1.341142
1.374655
1.374655
1.326585
1.326585
1.202676
1.202676
1.274321
1.274321
1.106897
1.106897
1.374773
1.374773
1.397307
1.397307
1.397457
1.397457
1.173109
1.173109
1.385728
1.385728
1.361315
1.361315
1.245636
1.245636
1.360591
1.360591
1.264501
1.264501
1.241837
1.241837
