1.349691
1.349691
1.180165
1.180165
1.242978
1.242978
1.192626
1.192626
1.080886
1.080886
1.368881
1.368881
1.312613
1.312613
1.204280
1.204280
1.333135
1.333135
1.270394
1.270394
1.325410
1.375366
1.325410
1.375366
1.217951
1.217951
1.276832
1.274888
1.276832
1.274888
1.195578
1.195578
1.346444
1.346444
1.063156
1.063156
1.241748
1.241748
1.256928
1.256928
1.347081
1.347081
1.196068
1.196068
1.281378
1.281378
1.311980
1.311980
1.355339
1.355339
1.355200
1.355200
1.294024
1.294024
1.315503
1.315503
1.200343
1.200343
1.377547
1.377547
1.244797
1.244797
1.320692
1.320692
1.245240
1.245240
1.305630
1.305630
1.124768
1.124768
1.267913
1.267913
1.374823
1.374823
1.246491
1.246491
1.300150
1.300150
1.330216
1.330216
1.089229
1.089229
1.337468
1.337468
1.389644
1.389644
1.281640
1.281640
1.252017
1.335215
1.252017
1.335215
1.131393
1.131393
1.196463
1.196463
1.281005
1.281005
1.311784
1.311784
1.391073
1.391073
1.084572
1.325144
1.325144
1.084572
1.150719
1.150719
1.325836
1.325836
1.395663
1.395663
1.353374
1.353374
1.241706
1.241706
1.375075
1.375075
1.302521
1.302521
1.391347
1.314174
1.391347
1.314174
1.354178
1.354178
1.276893
1.276893
1.178421
1.394564
1.394564
1.178421
1.379208
1.379208
1.266464
1.266464
1.264903
1.264903
1.089691
1.089691
1.390185
1.390185
1.027173
1.027173
1.190312
1.190312
1.338939
1.338939
1.392738
1.392738
1.213838
1.213838
1.275216
1.275216
1.293338
1.293338
1.345708
1.345708
1.251147
1.251147
1.089904
1.089904
1.137223
1.137223
1.309372
1.309372
1.257234
1.257234
1.317664
1.317664
1.115466
1.115466
1.281938
1.281938
1.385881
1.385881
1.164044
1.164044
1.220861
1.220861
1.201016
1.201016
1.140801
1.140801
1.090121
1.090121
1.361980
1.361980
1.225730
1.225730
1.346348
1.346348
1.395782
1.395782
1.074561
1.074561
1.069115
1.069115
1.318870
1.318870
1.351779
1.351779
1.220468
1.220468
1.095771
1.095771
1.232615
1.232615
1.384303
1.384303
1.141424
1.141424
1.369535
1.369535
1.371474
1.371474
1.188274
1.188274
1.341725
1.341725
1.129337
1.129337
1.235720
1.235720
1.338437
1.338437
1.389083
1.389083
1.375473
1.375473
1.373692
1.373692
1.293098
1.293098
1.074436
1.074436
1.222069
1.222069
1.382469
1.382469
1.270854
1.270854
1.127627
1.127627
1.387500
1.387500
1.389261
1.389261
1.200385
1.200385
1.333049
1.365041
1.365041
1.333049
1.322013
1.322013
1.132756
1.132756
1.244187
1.244187
1.211995
1.211995
1.316896
1.316896
1.280092
1.280092
1.140726
1.140726
1.381609
1.381609
1.186745
1.186745
1.329301
1.329301
1.220054
1.220054
1.104402
1.104402
1.314050
1.314050
1.374315
1.374315
1.291761
1.291761
1.153390
1.153390
1.376611
1.376611
1.248801
1.248801
1.385621
1.385621
1.394761
1.394761
1.340034
1.340034
1.266393
1.266393
1.320763
1.320763
1.311750
1.311750
1.356358
1.356358
1.398428
1.398428
1.382826
1.382826
1.312877
1.312877
1.322912
1.322912
1.347805
1.347805
1.279767
1.279767
1.281311
1.281311
1.169360
1.169360
1.350487
1.344536
1.344536
1.350487
1.391264
1.391264
1.187727
1.187727
1.135191
1.135191
1.273328
1.273328
1.375435
1.375435
1.279293
1.279293
1.336830
1.336830
1.324514
1.324514
1.237864
1.237864
1.381462
1.381462
1.328239
1.347681
1.347681
1.328239
1.157773
1.157773
1.381462
1.381462
1.379890
1.379890
1.071880
1.071880
1.355788
1.355788
1.372587
1.372587
1.302822
1.302822
1.388688
1.388688
1.123996
1.123996
1.390307
1.390307
1.321692
1.321692
1.154340
1.154340
1.223154
1.223154
1.394518
1.394518
1.373398
1.373398
1.387549
1.387549
1.383352
1.383352
1.222247
1.222247
1.349089
1.349089
1.264174
1.264174
1.114227
1.114227
1.169425
1.169425
1.302754
1.302754
1.217613
1.217613
1.144752
1.144752
1.370681
1.370681
1.230713
1.230713
1.115610
1.115610
1.357935
1.357935
1.341002
1.341002
1.298019
1.298019
1.392314
1.392314
1.228380
1.228380
1.359054
1.359054
1.383804
1.383804
1.342213
1.342213
1.363100
1.363100
1.353250
1.353250
1.059232
1.059232
1.351030
1.351030
1.358125
1.358125
1.285600
1.285600
1.184851
1.184851
1.376183
1.376183
1.379013
1.379013
1.372241
1.372241
1.278893
1.278893
1.333843
1.333843
1.393987
1.393987
1.323221
1.323221
1.171173
1.171173
1.222710
1.222710
1.343044
1.343044
1.158464
1.158464
1.191027
1.353608
1.191027
1.353608
1.270370
1.270370
1.189651
1.189651
1.322877
1.322877
1.362510
1.362510
1.198908
1.198908
1.164790
1.164790
1.063435
1.063435
1.335022
1.335022
1.278511
1.278511
1.219910
1.219910
1.362630
1.362630
1.391350
1.391350
1.372637
1.372637
1.204962
1.204962
1.355770
1.355770
1.268260
1.268260
1.352726
1.352726
1.374595
1.374595
1.349493
1.349493
1.271498
1.271498
1.375865
1.375865
1.399289
1.399289
1.391890
1.391890
1.227276
1.227276
1.266106
1.266106
1.120710
1.120710
1.076793
1.076793
1.301005
1.301005
1.377181
1.377181
1.292238
1.292238
1.262316
1.338397
1.338397
1.262316
1.349229
1.349229
1.374377
1.374377
1.204987
1.204987
1.296780
1.296780
1.225200
1.225200
1.074252
1.074252
1.290754
1.290754
1.352753
1.352753
1.338749
1.338749
1.365165
1.365165
1.212959
1.212959
1.377456
1.377456
1.206091
1.206091
1.276680
1.276680
1.397881
1.397881
1.268236
1.268236
1.163360
1.163360
1.321083
1.321083
1.222902
1.222902
1.177309
1.177309
1.071769
1.071769
1.277856
1.277856
1.356964
1.356964
1.346385
1.346385
1.237645
1.237645
1.397202
1.397202
1.289966
1.289966
1.025804
1.025804
1.160657
1.160657
1.358521
1.358521
1.338592
1.338592
1.296631
1.296631
1.315944
1.315944
1.101770
1.101770
1.275931
1.275931
1.367219
1.367219
1.191203
1.191203
1.360399
1.360399
1.376715
1.376715
1.251544
1.251544
1.268381
1.268381
1.313601
1.313601
1.363996
1.363996
1.275196
1.275196
1.344633
1.344633
1.355220
1.355220
1.031472
1.031472
1.370724
1.370724
1.331214
1.331214
1.292974
1.292974
1.215223
1.215223
1.215717
1.215717
1.043941
1.043941
1.312347
1.312347
1.290658
1.290658
1.306716
1.306716
1.186606
1.186606
1.396286
1.396286
1.009885
1.009885
1.254754
1.254754
1.202911
1.202911
