1.263550
1.263550
1.183887
1.183887
1.275096
1.275096
1.397139
1.397139
1.362355
1.362355
1.380942
1.380942
1.193793
1.193793
1.009899
1.009899
1.364713
1.364713
1.339883
1.339883
1.222995
1.222995
1.227680
1.227680
1.383105
1.383105
1.137153
1.137153
1.336330
1.336330
1.368579
1.368579
1.347109
1.347109
1.303508
1.303508
1.232109
1.232109
1.359173
1.359173
1.305364
1.305364
1.356540
1.356540
1.398515
1.398515
1.320516
1.320516
1.193364
1.193364
1.109417
1.109417
1.317266
1.317266
1.273438
1.273438
1.288393
1.288393
1.344606
1.344606
1.396924
1.396924
1.340713
1.340713
1.332210
1.332210
1.261413
1.261413
1.260112
1.260112
1.257598
1.257598
1.361792
1.361792
1.235178
1.235178
1.346287
1.346287
1.390140
1.390140
1.388196
1.388196
1.341773
1.341773
1.359687
1.359687
1.160301
1.160301
1.262902
1.262902
1.395704
1.395704
1.076835
1.076835
1.289525
1.289525
1.134780
1.134780
1.385187
1.385187
1.287556
1.287556
1.119761
1.119761
1.389772
1.389772
1.242230
1.242230
1.376429
1.364955
1.364955
1.376429
1.342587
1.342587
1.087655
1.087655
1.258845
1.258845
1.170518
1.170518
1.357961
1.357961
1.357642
1.357642
1.312003
1.312003
1.167149
1.167149
1.259464
1.259464
1.112255
1.112255
1.382183
1.382183
1.284125
1.284125
1.227886
1.227886
1.264115
1.264115
1.305668
1.305668
1.353557
1.353557
1.248455
1.248455
1.242775
1.242775
1.177900
1.177900
1.307832
1.307832
1.382158
1.382158
1.106571
1.106571
1.390305
1.390305
1.352872
1.352872
1.387025
1.387025
1.203852
1.203852
1.191833
1.191833
1.103604
1.103604
1.293317
1.293317
1.069045
1.069045
1.244510
1.244510
1.137041
1.137041
1.254539
1.254539
1.341423
1.341423
1.280470
1.280470
1.161378
1.161378
1.327359
1.170717
1.170717
1.327359
1.247983
1.247983
1.363031
1.363031
1.297216
1.297216
1.325336
1.325336
1.344785
1.344785
1.163867
1.163867
1.320823
1.320823
1.233742
1.233742
1.324184
1.324184
1.312748
1.312748
1.196520
1.196520
1.236430
1.308446
1.308446
1.236430
1.245242
1.245242
1.374803
1.374803
1.200773
1.200773
1.340718
1.340718
1.368902
1.368902
1.263772
1.263772
1.330578
1.330578
1.267153
1.267153
1.326287
1.326287
1.116084
1.116084
1.190997
1.190997
1.372406
1.372406
1.349145
1.349145
1.155315
1.155315
1.184685
1.184685
1.244030
1.244030
1.034679
1.034679
1.224942
1.224942
1.384328
1.384328
1.232451
1.232451
1.376597
1.376597
1.376265
1.376265
1.296251
1.296251
1.254092
1.254092
1.355839
1.355839
1.384856
1.384856
1.238881
1.238881
1.374859
1.374859
1.155635
1.155635
1.075014
1.075014
1.383554
1.383554
1.250023
1.250023
1.159707
1.159707
1.367785
1.367785
1.140960
1.140960
1.365878
1.365878
1.080236
1.080236
1.300256
1.300256
1.257248
1.257248
1.182245
1.182245
1.228257
1.228257
1.373406
1.373406
1.317024
1.317024
1.355989
1.355989
1.070883
1.070883
1.329260
1.329260
1.112469
1.112469
1.398791
1.398791
1.160587
1.160587
1.326129
1.326129
1.244982
1.244982
1.331342
1.331342
1.171321
1.171321
1.298684
1.298684
1.207713
1.207713
1.332020
1.332020
1.190005
1.190005
1.122612
1.122612
1.225709
1.225709
1.352624
1.352624
1.371529
1.371529
1.289598
1.289598
1.066851
1.066851
1.138682
1.138682
1.331163
1.331163
1.232388
1.232388
1.389753
1.389753
1.332562
1.332562
1.238610
1.238610
1.356747
1.099236
1.099236
1.356747
1.367175
1.367175
1.215287
1.215287
1.307655
1.307655
1.207571
1.207571
1.336015
1.336015
1.395122
1.395122
1.317213
1.317213
1.346995
1.346995
1.397726
1.397726
1.073388
1.073388
1.363832
1.189053
1.189053
1.363832
1.097550
1.097550
1.112063
1.112063
1.367438
1.367438
1.068830
1.068830
1.366691
1.366691
1.210066
1.210066
1.262450
1.262450
1.325942
1.325942
1.157624
1.157624
1.226973
1.226973
1.354704
1.354704
1.276213
1.276213
1.313273
1.313273
1.393132
1.393132
1.256865
1.256865
1.378286
1.378286
1.331748
1.331748
1.242517
1.242517
1.185805
1.185805
1.340037
1.340037
1.331166
1.331166
1.398333
1.398333
1.129798
1.129798
1.397218
1.397218
1.384273
1.384273
1.395106
1.395106
1.280008
1.280008
1.279121
1.279121
1.352251
1.352251
1.268408
1.268408
1.318928
1.318928
1.344803
1.344803
1.122315
1.122315
1.342827
1.342827
1.325616
1.325616
1.266233
1.266233
1.349771
1.349771
1.220792
1.220792
1.281874
1.281874
1.289766
1.289766
1.391546
1.391546
1.398003
1.398003
1.339731
1.339731
1.295126
1.295126
1.356687
1.356687
1.383319
1.383319
1.301330
1.301330
1.236518
1.236518
1.380023
1.380023
1.267160
1.267160
1.246033
1.246033
1.061686
1.061686
1.390384
1.390384
1.345123
1.345123
1.397633
1.397633
1.346808
1.346808
1.171607
1.171607
1.368849
1.368849
1.290270
1.290270
1.242404
1.242404
1.223077
1.223077
1.312772
1.312772
1.372476
1.372476
1.311529
1.311529
1.271243
1.271243
1.187888
1.187888
1.271203
1.271203
1.150852
1.150852
1.287710
1.287710
1.244387
1.244387
1.384455
1.384455
1.338925
1.338925
1.285702
1.285702
1.362368
1.362368
1.269312
1.269312
1.343102
1.343102
1.297451
1.297451
1.322829
1.322829
1.256633
1.256633
1.036016
1.036016
1.217868
1.217868
1.398714
1.398714
1.330882
1.330882
1.217805
1.217805
1.316718
1.316718
1.277371
1.277371
1.398475
1.398475
1.272008
1.272008
1.214454
1.214454
1.159881
1.159881
1.327600
1.327600
1.391799
1.391799
1.163132
1.163132
1.248004
1.248004
1.137597
1.137597
1.121915
1.121915
1.398279
1.398279
1.372264
1.372264
1.335684
1.335684
1.391480
1.391480
1.278267
1.278267
1.396489
1.396489
1.343603
1.343603
1.332305
1.332305
1.279577
1.279577
1.375959
1.375959
1.357173
1.357173
1.298306
1.298306
1.377044
1.377044
1.332066
1.332066
1.207155
1.207155
1.397755
1.397755
1.346892
1.346892
1.095709
1.095709
1.395026
1.395026
1.211175
1.211175
1.322023
1.322023
1.360233
1.360233
1.325751
1.325751
1.153907
1.153907
1.300592
1.300592
1.285273
1.285273
1.339121
1.339121
1.159506
1.159506
1.304701
1.304701
1.178454
1.178454
1.179802
1.179802
1.283895
1.283895
1.247610
1.247610
1.280005
1.280005
1.257440
1.257440
1.208534
1.208534
1.277665
1.277665
1.377696
1.377696
1.325367
1.325367
1.209090
1.209090
1.288268
1.288268
1.286777
1.286777
1.304820
1.304820
1.305144
1.305144
