1.073590
1.073590
1.297911
1.145444
1.297911
1.145444
1.365783
1.365783
1.330429
1.330429
1.254987
1.254987
1.296324
1.296324
1.261338
1.261338
1.187676
1.187676
1.373092
1.373092
1.224097
1.224097
1.103046
1.103046
1.390464
1.390464
1.394881
1.394881
1.394401
1.394401
1.250795
1.250795
1.204301
1.204301
1.240144
1.240144
1.111596
1.111596
1.265889
1.265889
1.109396
1.109396
1.172951
1.172951
1.358381
1.358381
1.219914
1.219914
1.291882
1.291882
1.361297
1.361297
1.379386
1.379386
1.028498
1.028498
1.343110
1.343110
1.085323
1.085323
1.049777
1.049777
1.295184
1.295184
1.266068
1.266068
1.167440
1.167440
1.291651
1.291651
1.303188
1.303188
1.338814
1.338814
1.364029
1.364029
1.362037
1.362037
1.155423
1.247052
1.247052
1.155423
1.366075
1.366075
1.301450
1.301450
1.212728
1.212728
1.188484
1.188484
1.241616
1.241616
1.194627
1.194627
1.385369
1.385369
1.247514
1.247514
1.209802
1.209802
1.347123
1.347123
1.384851
1.384851
1.372688
1.372688
1.203908
1.203908
1.278029
1.278029
1.387713
1.387713
1.355300
1.355300
1.094498
1.094498
1.321777
1.321777
1.292579
1.292579
1.308267
1.308267
1.340739
1.242064
1.340739
1.242064
1.362066
1.362066
1.256223
1.256223
1.316478
1.316478
1.066151
1.066151
1.275749
1.275749
1.363853
1.363853
1.371828
1.371828
1.265841
1.265841
1.262668
1.262668
1.336646
1.336646
1.372911
1.372911
1.339009
1.339009
1.390927
1.390927
1.255176
1.255176
1.175357
1.175357
1.066085
1.066085
1.333101
1.333101
1.143656
1.143656
1.209345
1.209345
1.383808
1.383808
1.111457
1.111457
1.265187
1.265187
1.281598
1.281598
1.365609
1.365609
1.289944
1.289944
1.365408
1.365408
1.158986
1.158986
1.242884
1.242884
1.357114
1.357114
1.195133
1.195133
1.274288
1.274288
1.385854
1.385854
1.391422
1.391422
1.206641
1.206641
1.393568
1.393568
1.112781
1.112781
1.076245
1.076245
1.064237
1.064237
1.317667
1.317667
1.218168
1.218168
1.390772
1.390772
1.194990
1.194990
1.330895
1.330895
1.394297
1.394297
1.353726
1.353726
1.256586
1.256586
1.269952
1.269952
1.150673
1.150673
1.334152
1.334152
1.306234
1.306234
1.211397
1.211397
1.395873
1.395873
1.375001
1.375001
1.345872
1.345872
1.301085
1.301085
1.344768
1.344768
1.322689
1.322689
1.349613
1.349613
1.156038
1.156038
1.159086
1.159086
1.272995
1.272995
1.368102
1.368102
1.207998
1.207998
1.358421
1.358421
1.264229
1.264229
1.164028
1.164028
1.111041
1.111041
1.347361
1.347361
1.171939
1.171939
1.323404
1.323404
1.209416
1.209416
1.286646
1.286646
1.275641
1.275641
1.113826
1.113826
1.087172
1.087172
1.147565
1.147565
1.269909
1.269909
1.380750
1.380750
1.306004
1.306004
1.304804
1.304804
1.350286
1.350286
1.256357
1.256357
1.335550
1.335550
1.223855
1.223855
1.376222
1.376222
1.283433
1.283433
1.360994
1.360994
1.304592
1.304592
1.313523
1.313523
1.378228
1.378228
1.348825
1.348825
1.300211
1.300211
1.159979
1.159979
1.140703
1.140703
1.234514
1.234514
1.127920
1.127920
1.139069
1.139069
1.377614
1.377614
1.393313
1.393313
1.357962
1.357962
1.383752
1.383752
1.258897
1.258897
1.152389
1.152389
1.241536
1.241536
1.332131
1.332131
1.266262
1.266262
1.373084
1.373084
1.281726
1.281726
1.277745
1.277745
1.361098
1.361098
1.223648
1.223648
1.379982
1.379982
1.141187
1.141187
1.390706
1.390706
1.251352
1.251352
1.313582
1.313582
1.146337
1.146337
1.387903
1.387903
1.377692
1.377692
1.261293
1.261293
1.260201
1.260201
1.112805
1.112805
1.143477
1.143477
1.298688
1.298688
1.314249
1.314249
1.369842
1.369842
1.224493
1.224493
1.382612
1.382612
1.291196
1.291196
1.123657
1.123657
1.338118
1.338118
1.345311
1.345311
1.145795
1.145795
1.364182
1.364182
1.241452
1.241452
1.392820
1.392820
1.239191
1.239191
1.324152
1.324152
1.194783
1.194783
1.395248
1.395248
1.200338
1.200338
1.362610
1.362610
1.178788
1.178788
1.195088
1.195088
1.333338
1.333338
1.281244
1.281244
1.227759
1.227759
1.297673
1.297673
1.194070
1.194070
1.336770
1.336770
1.360351
1.360351
1.363277
1.363277
1.386334
1.386334
1.371852
1.371852
1.188333
1.188333
1.304109
1.304109
1.327885
1.327885
1.258788
1.258788
1.067580
1.067580
1.313413
1.313413
1.196329
1.196329
1.352230
1.352230
1.384398
1.384398
1.185044
1.185044
1.239059
1.239059
1.366852
1.366852
1.287435
1.287435
1.376617
1.376617
1.093529
1.093529
1.373976
1.373976
1.346268
1.346268
1.367032
1.367032
1.371669
1.371669
1.312283
1.312283
1.349788
1.349788
1.389810
1.389810
1.382507
1.382507
1.144139
1.144139
1.266634
1.266634
1.289300
1.289300
1.387067
1.387067
1.393261
1.393261
1.267188
1.267188
1.208832
1.302336
1.302336
1.208832
1.364078
1.364078
1.075821
1.075821
1.335853
1.335853
1.343157
1.343157
1.222955
1.222955
1.352573
1.352573
1.368268
1.368268
1.252539
1.252539
1.271965
1.271965
1.339913
1.339913
1.247790
1.247790
1.326987
1.326987
1.303728
1.303728
1.213760
1.213760
1.232293
1.232293
1.303843
1.303843
1.375831
1.375831
1.351158
1.351158
1.324679
1.324679
1.391192
1.391192
1.266045
1.266045
1.349514
1.349514
1.365040
1.365040
