1.395678
1.395678
1.332258
1.332258
1.282665
1.282665
1.388664
1.388664
1.235566
1.235566
1.290283
1.290283
1.396450
1.396450
1.122764
1.122764
1.309814
1.309814
1.018821
1.018821
1.231617
1.270271
1.231617
1.270271
1.398324
1.398324
1.262174
1.262174
1.158468
1.158468
1.336241
1.336241
1.382651
1.382651
1.348751
1.394586
1.394586
1.348751
1.237348
1.237348
1.262602
1.234203
1.262602
1.234203
1.310300
1.310300
1.387568
1.387568
1.238552
1.238552
1.153287
1.153287
1.351358
1.351358
1.375067
1.375067
1.371861
1.286614
1.371861
1.286614
1.334814
1.334814
1.308908
1.223668
1.308908
1.223668
1.209932
1.209932
1.152213
1.152213
1.368188
1.368188
1.350590
1.350590
1.212150
1.212150
1.140189
1.140189
1.193717
1.193717
1.126085
1.126085
1.328366
1.328366
1.168149
1.168149
1.372588
1.372588
1.219338
1.219338
1.205285
1.205285
1.236148
1.236148
1.398015
1.398015
1.308006
1.308006
1.370147
1.370147
1.222131
1.222131
1.166038
1.166038
1.267117
1.267117
1.274562
1.274562
1.348097
1.348097
1.299300
1.299300
1.144524
1.144524
1.313594
1.313594
1.361474
1.361474
1.387527
1.387527
1.355323
1.355323
1.160144
1.160144
1.247857
1.247857
1.378870
1.378870
1.367441
1.367441
1.176872
1.176872
1.308427
1.308427
1.279193
1.279193
1.271606
1.271606
1.354969
1.354969
1.313117
1.313117
1.257791
1.257791
1.351588
1.351588
1.389838
1.389838
1.395041
1.395041
1.174707
1.174707
1.363511
1.363511
1.342765
1.342765
1.382043
1.382043
1.364287
1.364287
1.184213
1.184213
1.153674
1.153674
1.103200
1.103200
1.354972
1.354972
1.358346
1.358346
1.206556
1.206556
1.383164
1.383164
1.363021
1.363021
1.310087
1.310087
1.347562
1.347562
1.377154
1.377154
1.255739
1.255739
1.345247
1.345247
1.301790
1.301790
1.089795
1.089795
1.230140
1.230140
1.369705
1.300435
1.300435
1.369705
1.348842
1.348842
1.379773
1.379773
1.356569
1.356569
1.221297
1.221297
1.126261
1.126261
1.255899
1.255899
1.234991
1.234991
1.363657
1.363657
1.084407
1.084407
1.392715
1.392715
1.125933
1.125933
1.188843
1.188843
1.068139
1.068139
1.209049
1.209049
1.099562
1.099562
1.261579
1.368873
1.261579
1.368873
1.260915
1.260915
1.221395
1.221395
1.360307
1.360307
1.149984
1.149984
1.355921
1.355921
1.336666
1.336666
1.381960
1.381960
1.218471
1.218471
1.173240
1.173240
1.311936
1.311936
1.398715
1.398715
1.360192
1.360192
1.351676
1.351676
1.217491
1.217491
1.152150
1.152150
1.348524
1.348524
1.335763
1.335763
1.171212
1.342384
1.171212
1.342384
1.376947
1.376947
1.311625
1.311625
1.335478
1.335478
1.343588
1.343588
1.398602
1.398602
1.277391
1.277391
1.136082
1.136082
1.379322
1.379322
1.366780
1.366780
1.379267
1.379267
1.368984
1.214773
1.368984
1.257866
1.257866
1.214773
1.321818
1.321818
1.281510
1.281510
1.082863
1.082863
1.301611
1.301611
1.244020
1.244020
1.335407
1.335407
1.229568
1.229568
1.373023
1.373023
1.386316
1.386316
1.220179
1.220179
1.323782
1.323782
1.392328
1.392328
1.390837
1.390837
1.310372
1.310372
1.374950
1.374950
1.307890
1.307890
1.330232
1.330232
1.291822
1.291822
1.146607
1.146607
1.205665
1.205665
1.341400
1.341400
1.204769
1.204769
1.311551
1.311551
1.399727
1.399727
1.396290
1.396290
1.288782
1.288782
1.383598
1.383598
1.242538
1.242538
1.302804
1.302804
1.288553
1.288553
1.367435
1.367435
1.227679
1.227679
1.303764
1.303764
1.326192
1.326192
1.365181
1.365181
1.344731
1.344731
1.289408
1.289408
1.085581
1.085581
1.382436
1.382436
1.393471
1.393471
1.372774
1.372774
1.312656
1.312656
1.371930
1.371930
1.172440
1.172440
1.342967
1.342967
1.221873
1.221873
1.224027
1.224027
1.362731
1.362731
1.286145
1.286145
1.336718
1.336718
1.319029
1.319029
1.116911
1.116911
1.388839
1.388839
1.393745
1.393745
1.221226
1.221226
1.271974
1.271974
1.177428
1.177428
1.319304
1.319304
1.325224
1.325224
1.354266
1.354266
1.385735
1.385735
1.373951
1.373951
1.380741
1.380741
1.166538
1.166538
1.313228
1.367866
1.313228
1.367866
1.337572
1.337572
1.348051
1.348051
1.359350
1.359350
1.366432
1.366432
1.385789
1.385789
1.279357
1.279357
1.384401
1.384401
1.379336
1.379336
1.087630
1.087630
1.380672
1.380672
1.313628
1.313628
1.353008
1.353008
1.250683
1.250683
1.368023
1.368023
1.393742
1.393742
1.262315
1.262315
1.386536
1.386536
1.298268
1.298268
1.393082
1.393082
1.200971
1.200971
1.285685
1.285685
1.320267
1.320267
1.378591
1.378591
1.345845
1.345845
1.113343
1.113343
1.275765
1.275765
1.313216
1.313216
1.245433
1.245433
1.306886
1.306886
1.263651
1.263651
1.089972
1.089972
1.396571
1.396571
1.332617
1.332617
1.175603
1.175603
1.268563
1.268563
1.320645
1.320645
1.268113
1.268113
1.190747
1.190747
1.084137
1.084137
1.337691
1.337691
1.366133
1.366133
1.300615
1.358713
1.358713
1.300615
1.276486
1.276486
1.337325
1.337325
1.301451
1.301451
1.311137
1.311137
1.035305
1.295018
1.035305
1.295018
1.236955
1.236955
1.197812
1.197812
1.292441
1.292441
1.309091
1.309091
1.273623
1.273623
1.226969
1.226969
1.072390
1.072390
1.311965
1.311965
1.382270
1.382270
1.237009
1.237009
1.112491
1.112491
1.243653
1.243653
1.342836
1.342836
1.326675
1.326675
1.325127
1.325127
1.291916
1.291916
1.390071
1.390071
1.395908
1.395908
1.386746
1.386746
1.297852
1.297852
1.392311
1.392311
1.248185
1.248185
1.325442
1.325442
1.200806
1.200806
1.281727
1.281727
1.388937
1.388937
1.238390
1.238390
1.376816
1.376816
1.391230
1.391230
1.115864
1.115864
1.245563
1.245563
1.335832
1.335832
1.261415
1.261415
1.269718
1.269718
1.239933
1.239933
1.203079
1.203079
1.234371
1.234371
1.266178
1.266178
1.140010
1.140010
1.051049
1.051049
1.232152
1.232152
1.329146
1.329146
1.152229
1.152229
1.316054
1.316054
1.371134
1.371134
1.363735
1.363735
1.201159
1.201159
1.277893
1.277893
