1.264051
1.393292
1.264051
1.393292
1.380572
1.380572
1.393150
1.393150
1.279569
1.279569
1.260702
1.260702
1.359528
1.359528
1.264728
1.264728
1.376999
1.376999
1.382083
1.382083
1.387017
1.387017
1.377187
1.377187
1.390987
1.390987
1.289897
1.289897
1.274269
1.274269
1.299813
1.299813
1.384692
1.384692
1.384485
1.384485
1.398816
1.398816
1.322244
1.322244
1.117219
1.353117
1.353117
1.117219
1.329670
1.329670
1.326831
1.326831
1.373806
1.373806
1.383778
1.383778
1.155026
1.155026
1.286739
1.286739
1.213122
1.213122
1.312273
1.312273
1.368890
1.368890
1.150977
1.150977
1.259897
1.259897
1.322157
1.322157
1.391786
1.391786
1.368234
1.368234
1.223496
1.223496
1.243089
1.243089
1.033214
1.033214
1.164412
1.164412
1.319614
1.319614
1.334170
1.334170
1.394983
1.394983
1.347749
1.347749
1.196642
1.196642
1.391118
1.391118
1.266087
1.266087
1.254776
1.254776
1.281659
1.281659
1.281974
1.281974
1.363899
1.363899
1.357929
1.357929
1.244018
1.244018
1.108151
1.108151
1.380892
1.380892
1.391037
1.391037
1.189336
1.189336
1.306149
1.306149
1.174854
1.174854
1.138460
1.138460
1.371152
1.371152
1.336445
1.336445
1.188538
1.188538
1.364094
1.364094
1.372188
1.372188
1.188246
1.188246
1.262805
1.262805
1.391672
1.391672
1.140423
1.140423
1.292114
1.292114
1.319971
1.319971
1.192104
1.192104
1.342545
1.342545
1.353969
1.353969
1.124480
1.124480
1.077761
1.077761
1.170279
1.170279
1.391686
1.391686
1.266164
1.358994
1.358994
1.266164
1.377806
1.377806
1.343789
1.343789
1.184544
1.184544
1.294661
1.294661
1.354137
1.354137
1.263985
1.263985
1.232171
1.232171
1.157933
1.157933
1.148268
1.148268
1.280399
1.280399
1.314258
1.314258
1.266266
1.266266
1.390160
1.390160
1.356290
1.356290
1.388248
1.388248
1.235785
1.235785
1.322537
1.322537
1.380330
1.380330
1.326962
1.326962
1.263468
1.263468
1.074972
1.074972
1.329813
1.329813
1.133135
1.133135
1.397350
1.397350
1.158436
1.158436
1.221512
1.221512
1.165393
1.165393
1.370174
1.370174
1.396276
1.396276
1.055161
1.055161
1.361573
1.361573
1.298960
1.298960
1.164944
1.164944
1.170782
1.170782
1.279147
1.279147
1.285237
1.285237
1.394267
1.394267
1.301418
1.301418
1.373782
1.373782
1.381045
1.381045
1.173135
1.173135
1.385589
1.385589
1.230744
1.230744
1.311519
1.311519
1.158463
1.158463
1.202247
1.202247
1.394077
1.394077
1.393073
1.393073
1.360613
1.360613
1.325011
1.325011
1.381859
1.381859
1.234995
1.234995
1.349994
1.349994
1.257326
1.257326
1.367977
1.367977
1.121948
1.121948
1.178796
1.178796
1.328373
1.328373
1.231753
1.231753
1.350543
1.350543
1.050683
1.050683
1.370443
1.370443
1.317926
1.317926
1.265085
1.265085
1.220441
1.220441
1.292469
1.292469
1.363167
1.363167
1.315288
1.315288
1.335691
1.335691
1.339225
1.339225
1.394625
1.394625
1.389148
1.389148
1.347238
1.347238
1.187407
1.187407
1.366361
1.366361
1.350462
1.350462
1.183575
1.183575
1.344884
1.344884
1.339989
1.339989
1.398070
1.398070
1.194656
1.194656
1.264015
1.264015
1.373233
1.373233
1.243353
1.243353
1.343090
1.343090
1.136010
1.136010
1.329689
1.329689
1.272609
1.272609
1.348372
1.348372
1.258189
1.258189
1.327524
1.327524
1.365431
1.365431
1.075453
1.075453
1.108301
1.108301
1.398207
1.398207
1.391899
1.391899
1.111296
1.111296
1.274207
1.274207
1.295003
1.295003
1.380087
1.380087
1.369760
1.369760
1.137965
1.137965
1.315731
1.315731
1.220385
1.388931
1.388931
1.220385
1.212918
1.212918
1.295718
1.295718
1.386740
1.386740
1.217237
1.217237
1.379431
1.379431
1.147580
1.147580
1.267202
1.267202
1.211280
1.211280
1.072716
1.072716
1.304138
1.304138
1.380405
1.380405
1.314191
1.314191
1.392775
1.392775
1.250828
1.250828
1.319039
1.319039
1.319875
1.321161
1.319875
1.321161
1.117576
1.117576
1.224895
1.224895
1.140845
1.140845
1.241414
1.241414
1.216229
1.216229
1.379036
1.379036
1.351634
1.351634
1.230255
1.230255
1.379711
1.379711
1.346429
1.346429
1.269285
1.269285
1.314870
1.314870
1.229561
1.229561
1.355301
1.355301
1.376475
1.379935
1.376475
1.379935
1.386996
1.386996
1.243679
1.243679
1.347577
1.347577
1.385406
1.385406
1.140704
1.140704
1.376141
1.376141
1.312510
1.312510
1.228794
1.228794
1.307844
1.307844
1.301451
1.301451
1.252363
1.252363
1.348625
1.348625
1.255184
1.255184
1.329148
1.329148
1.310068
1.310068
1.158906
1.158906
1.190380
1.190380
1.378957
1.378957
1.352089
1.352089
1.381873
1.381873
1.306586
1.306586
1.310984
1.310984
1.180281
1.180281
1.353616
1.353616
1.197019
1.197019
1.264093
1.264093
1.099516
1.099516
1.269577
1.269577
1.360357
1.360357
1.137688
1.137688
1.399552
1.399552
1.128044
1.128044
1.278815
1.278815
1.264043
1.264043
1.276844
1.276844
1.352509
1.352509
1.396997
1.396997
1.202350
1.202350
1.304924
1.304924
1.359954
1.359954
1.113354
1.113354
1.268990
1.268990
1.354965
1.354965
1.337186
1.337186
1.270039
1.270039
1.334964
1.334964
1.371091
1.371091
1.317328
1.317328
1.255491
1.255491
1.293294
1.293294
1.384022
1.384022
1.350510
1.350510
1.327028
1.327028
1.392942
1.392942
1.252190
1.252190
1.364140
1.364140
1.099624
1.099624
1.156563
1.156563
1.377609
1.377609
1.380200
1.380200
1.337951
1.232535
1.337951
1.232535
1.365288
1.365288
1.257417
1.257417
1.362612
1.362612
1.212049
1.212049
1.097413
1.097413
1.271647
1.271647
1.346887
1.346887
1.359942
1.359942
1.166760
1.166760
1.227554
1.227554
1.326508
1.326508
1.336805
1.336805
1.382263
1.382263
1.319303
1.319303
1.333857
1.333857
1.350342
1.350342
1.293869
1.293869
1.377055
1.377055
1.223438
1.223438
1.293310
1.293310
1.326413
1.326413
1.042585
1.042585
1.330063
1.330063
1.391123
1.391123
1.348312
1.348312
1.288503
1.288503
1.333649
1.333649
1.326081
1.326081
1.291747
1.291747
1.163104
1.163104
1.334594
1.334594
1.315221
1.315221
1.394632
1.394632
1.303657
1.303657
1.277676
1.277676
1.161898
1.161898
1.164906
1.164906
1.208323
1.208323
1.344317
1.344317
1.318898
1.318898
1.325680
1.325680
1.192233
1.192233
1.250730
1.250730
1.391548
1.391548
1.317371
1.317371
1.218569
1.218569
1.365436
1.365436
1.306407
1.306407
1.297636
1.297636
1.293740
1.293740
