1.172415
1.172415
1.303188
1.303188
1.230014
1.230014
1.210545
1.210545
1.135002
1.135002
1.373457
1.373457
1.382773
1.382773
1.356940
1.356940
1.307770
1.339014
1.339014
1.307770
1.215230
1.215230
1.145011
1.145011
1.206369
1.206369
1.399251
1.399251
1.200608
1.200608
1.032152
1.032152
1.338498
1.338498
1.235589
1.235589
1.357909
1.357909
1.139144
1.139144
1.215262
1.215262
1.346229
1.346229
1.352970
1.352970
1.264953
1.264953
1.384188
1.384188
1.252947
1.252947
1.230118
1.230118
1.384363
1.384363
1.274677
1.274677
1.349296
1.349296
1.371066
1.371066
1.369335
1.369335
1.124668
1.124668
1.345117
1.303382
1.345117
1.303382
1.379777
1.379777
1.217459
1.217459
1.318227
1.318227
1.234639
1.234639
1.353290
1.353290
1.312550
1.312550
1.137688
1.137688
1.335878
1.335878
1.105638
1.105638
1.383417
1.383417
1.200416
1.200416
1.343765
1.343765
1.373621
1.373621
1.283605
1.283605
1.262470
1.262470
1.353933
1.353933
1.387388
1.387388
1.357939
1.357939
1.377636
1.377636
1.307042
1.307042
1.268670
1.268670
1.360883
1.310499
1.310499
1.360883
1.158154
1.158154
1.391251
1.391251
1.386730
1.386730
1.164012
1.164012
1.388105
1.388105
1.286262
1.286262
1.368636
1.368636
1.268492
1.268492
1.208909
1.208909
1.098980
1.098980
1.392337
1.392337
1.285041
1.285041
1.347293
1.347293
1.318816
1.318816
1.371343
1.205093
1.371343
1.205093
1.388776
1.388776
1.281126
1.281126
1.356422
1.356422
1.374132
1.374132
1.225276
1.225276
1.139286
1.139286
1.301823
1.301823
1.228690
1.228690
1.026728
1.026728
1.127404
1.127404
1.309921
1.309921
1.362674
1.362674
1.235490
1.235490
1.307020
1.307020
1.352567
1.352567
1.391065
1.391065
1.238496
1.151794
1.151794
1.238496
1.133997
1.133997
1.237429
1.237429
1.272169
1.272169
1.369620
1.369620
1.346106
1.346106
1.249688
1.249688
1.024683
1.024683
1.175031
1.175031
1.234896
1.234896
1.277026
1.277026
1.297362
1.297362
1.297069
1.297069
1.104463
1.104463
1.210677
1.210677
1.264391
1.264391
1.089604
1.089604
1.114058
1.114058
1.364389
1.364389
1.135417
1.135417
1.169096
1.169096
1.399400
1.399400
1.196785
1.196785
1.288488
1.288488
1.245122
1.245122
1.289469
1.271530
1.271530
1.289469
1.105389
1.105389
1.349501
1.349501
1.382877
1.382877
1.285897
1.285897
1.379753
1.379753
1.392299
1.392299
1.300982
1.300982
1.217341
1.217341
1.380817
1.380817
1.258146
1.258146
1.155427
1.155427
1.395974
1.395974
1.156148
1.156148
1.256547
1.256547
1.255630
1.255630
1.330328
1.330328
1.254257
1.272982
1.254257
1.272982
1.138711
1.138711
1.398159
1.398159
1.399133
1.399133
1.213024
1.213024
1.208798
1.208798
1.268852
1.268852
1.107898
1.107898
1.268634
1.268634
1.083537
1.083537
1.250874
1.250874
1.302569
1.302569
1.379020
1.379020
1.305025
1.305025
1.289546
1.289546
1.259700
1.259700
1.293717
1.293717
1.099747
1.099747
1.238301
1.238301
1.317618
1.317618
1.147448
1.147448
1.228251
1.228251
1.313408
1.313408
1.364382
1.364382
1.208984
1.208984
1.193912
1.193912
1.141620
1.141620
1.264318
1.264318
1.280721
1.280721
1.396219
1.396219
1.271973
1.271973
1.285770
1.285770
1.076225
1.076225
1.030214
1.030214
1.348035
1.348035
1.267373
1.267373
1.388923
1.388923
1.148806
1.148806
1.395825
1.395825
1.175246
1.175246
1.197052
1.197052
1.308931
1.308931
1.288380
1.288380
1.308279
1.308279
1.391471
1.391471
1.121221
1.121221
1.180243
1.180243
1.206761
1.206761
1.156024
1.156024
1.395247
1.395247
1.370969
1.370969
1.376381
1.376381
1.356709
1.356709
1.339698
1.339698
1.269102
1.269102
1.390678
1.390678
1.285282
1.285282
1.333108
1.333108
1.285633
1.285633
1.372468
1.372468
1.209317
1.209317
1.273849
1.273849
1.084696
1.084696
1.087361
1.183891
1.087361
1.183891
1.322121
1.322121
1.379016
1.379016
1.236218
1.236218
1.157408
1.157408
1.104352
1.104352
1.372679
1.372679
1.060088
1.060088
1.319298
1.319298
1.089635
1.089635
1.350584
1.350584
1.341952
1.341952
1.267851
1.267851
1.384759
1.384759
1.102971
1.102971
1.210853
1.210853
1.310069
1.310069
1.339993
1.339993
1.308068
1.308068
1.229400
1.229400
1.389661
1.389661
1.267370
1.267370
1.269597
1.269597
1.259676
1.259676
1.374576
1.374576
1.381397
1.381397
1.300286
1.300286
1.398179
1.398179
1.347126
1.347126
1.267263
1.267263
1.305141
1.305141
1.306584
1.306584
1.390867
1.390867
1.352105
1.352105
1.341978
1.341978
1.265748
1.265748
1.370790
1.370790
1.217159
1.217159
1.361439
1.361439
1.363386
1.363386
1.351265
1.351265
1.349581
1.295393
1.295393
1.349581
1.396137
1.396137
1.398054
1.398054
1.189536
1.189536
1.139691
1.139691
1.356087
1.356087
1.271424
1.271424
1.240167
1.240167
1.372943
1.372943
1.337238
1.337238
1.266795
1.266795
1.288948
1.288948
1.360280
1.360280
