1.231524
1.231524
1.254178
1.254178
1.353355
1.353355
1.234476
1.234476
1.263268
1.263268
1.048582
1.048582
1.219553
1.219553
1.395842
1.395842
1.192188
1.192188
1.395902
1.395902
1.358665
1.358665
1.170619
1.369222
1.170619
1.369222
1.388239
1.388239
1.098146
1.098146
1.277690
1.277690
1.378225
1.378225
1.263274
1.263274
1.259704
1.259704
1.227896
1.227896
1.338398
1.338398
1.364207
1.364207
1.310283
1.310283
1.376061
1.376061
1.276534
1.276534
1.383253
1.383253
1.297171
1.297171
1.335119
1.335119
1.393225
1.393225
1.205342
1.205342
1.201592
1.201592
1.339111
1.339111
1.090927
1.090927
1.368985
1.368985
1.183664
1.183664
1.340330
1.340330
1.211839
1.211839
1.224428
1.224428
1.202156
1.202156
1.283786
1.283786
1.391763
1.391763
1.394701
1.394701
1.280073
1.280073
1.262325
1.262325
1.268638
1.309599
1.375098
1.375098
1.268638
1.309599
1.388138
1.388138
1.368153
1.368153
1.371384
1.371384
1.261768
1.261768
1.183333
1.183333
1.274740
1.274740
1.389430
1.273222
1.389430
1.273222
1.097283
1.097283
1.385228
1.385228
1.251245
1.251245
1.389931
1.389931
1.175621
1.175621
1.348916
1.348916
1.286737
1.286737
1.283766
1.283766
1.227201
1.227201
1.320622
1.320622
1.366988
1.366988
1.363420
1.363420
1.398147
1.398147
1.338524
1.338524
1.169912
1.169912
1.321589
1.321589
1.302828
1.302828
1.390196
1.390196
1.349475
1.349475
1.358629
1.358629
1.351490
1.351490
1.372436
1.372436
1.387816
1.387816
1.344924
1.344924
1.215689
1.215689
1.203065
1.203065
1.394799
1.394799
1.283564
1.283564
1.231183
1.231183
1.116089
1.116089
1.388813
1.388813
1.229966
1.229966
1.391217
1.391217
1.297343
1.240195
1.240195
1.297343
1.249475
1.249475
1.240624
1.240624
1.304715
1.385393
1.304715
1.385393
1.324231
1.324231
1.332636
1.332636
1.370854
1.370854
1.325982
1.325982
1.207576
1.207576
1.183561
1.183561
1.363026
1.363026
1.176996
1.176996
1.310047
1.310047
1.319727
1.319727
1.312780
1.312780
1.357262
1.357262
1.161235
1.161235
1.300383
1.300383
1.274394
1.274394
1.213640
1.213640
1.396584
1.396584
1.247105
1.247105
1.340417
1.340417
1.346433
1.346433
1.281287
1.281287
1.199288
1.199288
1.336821
1.336821
1.322260
1.322260
1.333527
1.333527
1.325376
1.325376
1.374348
1.374348
1.339481
1.339481
1.079462
1.079462
1.366715
1.366715
1.394150
1.394150
1.379672
1.379672
1.150340
1.150340
1.204691
1.204691
1.219237
1.219237
1.335261
1.335261
1.330309
1.330309
1.335412
1.335412
1.287569
1.287569
1.395299
1.395299
1.360690
1.360690
1.384730
1.384730
1.394029
1.266026
1.394029
1.266026
1.343274
1.343274
1.156547
1.156547
1.147188
1.147188
1.149777
1.149777
1.310499
1.310499
1.298234
1.298234
1.376333
1.376333
1.375108
1.375108
1.277469
1.277469
1.299962
1.299962
1.293240
1.293240
1.335517
1.335517
1.310336
1.310336
1.389298
1.389298
1.393771
1.393771
1.256594
1.256594
1.244309
1.244309
1.389570
1.389570
1.388051
1.388051
1.367414
1.367414
1.271532
1.271532
1.362452
1.362452
1.278341
1.278341
1.376841
1.376841
1.355875
1.355875
1.353475
1.353475
1.286622
1.286622
1.313244
1.313244
1.393402
1.393402
1.367994
1.367994
1.259120
1.259120
1.363522
1.363522
1.108687
1.108687
1.143560
1.143560
1.368612
1.368612
1.257873
1.257873
1.377426
1.377426
1.143146
1.143146
1.378938
1.378938
1.362212
1.362212
1.102109
1.102109
1.249385
1.249385
1.298343
1.298343
1.283381
1.283381
1.189257
1.189257
1.353245
1.353245
1.219368
1.219368
1.387715
1.387715
1.231178
1.231178
1.322429
1.322429
1.380161
1.380161
1.124098
1.124098
1.381929
1.381929
1.340853
1.340853
1.233860
1.233860
1.249144
1.249144
1.399932
1.399932
1.330518
1.330518
1.312075
1.312075
1.036712
1.036712
1.381367
1.381367
1.269342
1.269342
1.281565
1.281565
1.226753
1.226753
1.140600
1.140600
1.174129
1.174129
1.202324
1.202324
1.372574
1.372574
1.270312
1.270312
1.235671
1.235671
1.370667
1.370667
1.368648
1.368648
1.217803
1.217803
1.399427
1.399427
1.380781
1.380781
1.327973
1.327973
1.340358
1.340358
1.374488
1.374488
1.371278
1.371278
