1.271827
1.271827
1.359890
1.273785
1.273785
1.359890
1.322426
1.322426
1.328073
1.328073
1.139416
1.139416
1.384780
1.384780
1.333467
1.333467
1.374997
1.266589
1.266589
1.374997
1.234703
1.134618
1.134618
1.234703
1.363478
1.363478
1.327485
1.327485
1.289345
1.289345
1.304995
1.304995
1.354111
1.354111
1.294278
1.294278
1.364016
1.364016
1.304780
1.304780
1.346315
1.346315
1.334201
1.334201
1.245033
1.321952
1.321952
1.245033
1.250958
1.250958
1.134830
1.134830
1.357219
1.357219
1.126907
1.391665
1.126907
1.391665
1.371691
1.371691
1.358569
1.358569
1.283308
1.283308
1.295682
1.295682
1.279781
1.279781
1.326884
1.326884
1.313295
1.313295
1.078235
1.078235
1.342791
1.342791
1.188827
1.188827
1.390012
1.390012
1.344733
1.344733
1.226398
1.226398
1.160260
1.160260
1.304192
1.304192
1.303179
1.303179
1.257068
1.257068
1.353922
1.353922
1.228608
1.228608
1.364848
1.364848
1.341596
1.341596
1.370379
1.370379
1.338092
1.338092
1.174857
1.174857
1.356933
1.356933
1.393819
1.393819
1.387673
1.387673
1.389400
1.389400
1.242483
1.242483
1.396132
1.396132
1.318477
1.318477
1.350222
1.350222
1.260047
1.260047
1.363451
1.363451
1.393264
1.393264
1.318022
1.318022
1.194492
1.194492
1.375938
1.375938
1.339612
1.339612
1.265525
1.265525
1.247369
1.247369
1.340938
1.340938
1.380365
1.235011
1.235011
1.380365
1.281843
1.281843
1.377083
1.377083
1.119038
1.119038
1.239026
1.239026
1.113739
1.113739
1.262337
1.262337
1.390915
1.390915
1.186852
1.186852
1.226918
1.226918
1.226994
1.226994
1.387586
1.387586
1.146356
1.146356
1.349307
1.349307
1.267550
1.267550
1.241615
1.241615
1.362816
1.362816
1.360547
1.360547
1.331307
1.331307
1.368568
1.368568
1.374446
1.374446
1.289746
1.289746
1.085872
1.085872
1.357420
1.357420
1.110571
1.300842
1.300842
1.110571
1.334346
1.154287
1.334346
1.154287
1.291377
1.291377
1.268107
1.268107
1.268032
1.268032
1.049867
1.049867
1.365009
1.365009
1.386767
1.386767
1.348712
1.348712
1.364744
1.364744
1.165596
1.165596
1.386423
1.386423
1.275189
1.275189
1.128541
1.128541
1.128347
1.128347
1.333783
1.333783
1.175684
1.175684
1.254629
1.254629
1.391189
1.391189
1.166720
1.166720
1.270805
1.270805
1.308228
1.308228
1.202035
1.202035
1.214909
1.214909
1.263011
1.263011
1.159725
1.159725
1.322083
1.322083
1.307229
1.307229
1.260275
1.260275
1.281110
1.281110
1.257149
1.257149
1.249175
1.249175
1.224233
1.224233
1.336030
1.336030
1.294390
1.294390
1.155950
1.155950
1.209941
1.338668
1.209941
1.338668
1.367164
1.367164
1.314072
1.314072
1.286872
1.286872
1.277685
1.277685
1.338342
1.338342
1.364587
1.364587
1.293880
1.293880
1.328709
1.328709
1.373480
1.373480
1.301352
1.301352
1.266012
1.266012
1.345176
1.345176
1.376998
1.376998
1.108404
1.108404
1.314264
1.314264
1.377648
1.377648
1.282164
1.282164
1.324331
1.324331
1.243671
1.243671
1.158028
1.158028
1.363220
1.363220
1.119146
1.119146
1.310195
1.310195
1.282967
1.282967
1.257283
1.257283
1.338432
1.338432
1.307069
1.307069
1.223740
1.223740
1.185561
1.185561
1.082058
1.082058
1.303339
1.303339
1.202912
1.202912
1.164844
1.164844
1.335773
1.325282
1.335773
1.325282
1.392444
1.392444
1.197614
1.197614
1.325640
1.325640
1.370108
1.370108
1.317696
1.317696
1.392336
1.392336
1.305901
1.305901
1.324616
1.324616
1.123015
1.123015
1.220407
1.220407
1.339674
1.339674
1.357802
1.357802
1.229600
1.229600
1.386736
1.304027
1.304027
1.386736
1.378782
1.378782
1.355171
1.355171
1.328445
1.328445
1.348532
1.348532
1.175060
1.175060
1.036896
1.036896
1.306367
1.306367
1.391610
1.391610
1.087431
1.087431
1.395043
1.395043
1.272785
1.272785
1.275812
1.275812
1.237702
1.237702
1.246855
1.246855
1.235592
1.235592
1.216886
1.216886
1.369959
1.369959
1.146264
1.146264
1.393160
1.393160
1.306769
1.306769
1.293828
1.293828
1.349445
1.349445
1.381847
1.381847
1.206762
1.206762
1.201007
1.201007
1.370400
1.370400
1.193193
1.193193
1.296999
1.296999
1.369422
1.369422
1.328128
1.328128
1.257727
1.348247
1.348247
1.257727
1.215790
1.215790
1.257311
1.257311
1.349740
1.272032
1.349740
1.272032
1.157554
1.157554
1.350558
1.350558
1.250885
1.250885
1.135269
1.135269
1.301069
1.301069
1.239052
1.239052
1.395045
1.395045
1.387089
1.387089
1.224107
1.224107
1.166055
1.166055
1.116608
1.116608
1.356903
1.356903
1.280580
1.280580
1.354880
1.354880
1.390553
1.390553
1.390222
1.390222
1.246027
1.246027
1.293541
1.293541
1.002452
1.002452
1.290123
1.290123
1.175638
1.175638
1.281066
1.281066
1.350085
1.350085
1.366391
1.301136
1.366391
1.301136
1.178437
1.178437
1.296143
1.296143
1.375886
1.375886
1.085241
1.085241
1.376744
1.376744
1.224008
1.224008
1.314039
1.314039
1.270394
1.270394
1.377478
1.377478
1.399482
1.399482
1.394247
1.394247
1.380417
1.380417
1.360764
1.360764
1.155837
1.155837
1.329457
1.329457
1.388627
1.388627
1.380937
1.380937
1.264061
1.264061
1.233940
1.233940
1.233389
1.233389
1.386532
1.386532
1.300258
1.300258
1.343166
1.343166
