1.345708
1.345708
1.313710
1.313710
1.092864
1.368833
1.092864
1.368833
1.388237
1.388237
1.387956
1.316349
1.265691
1.387956
1.265691
1.316349
1.105430
1.105430
1.291931
1.291931
1.340003
1.340003
1.303924
1.114571
1.303924
1.114571
1.201244
1.201244
1.352612
1.352612
1.221066
1.221066
1.311766
1.311766
1.334554
1.334554
1.115684
1.115684
1.347097
1.347097
1.335284
1.335284
1.295322
1.295322
1.139629
1.139629
1.219056
1.219056
1.396101
1.396101
1.359697
1.359697
1.399870
1.399870
1.033706
1.033706
1.156201
1.156201
1.345697
1.345697
1.195889
1.195889
1.108340
1.108340
1.354224
1.354224
1.070029
1.070029
1.203351
1.203351
1.238080
1.238080
1.199086
1.199086
1.365466
1.365466
1.368798
1.368798
1.213274
1.213274
1.092833
1.092833
1.391794
1.391794
1.246128
1.246128
1.199444
1.199444
1.179733
1.179733
1.233895
1.233895
1.358461
1.358461
1.358504
1.358504
1.261539
1.261539
1.308147
1.308147
1.384519
1.384519
1.384331
1.384331
1.361683
1.361683
1.393805
1.393805
1.182506
1.182506
1.363621
1.363621
1.188856
1.188856
1.252842
1.252842
1.333453
1.141506
1.141506
1.333453
1.319324
1.319324
1.219432
1.219432
1.237185
1.237185
1.328168
1.328168
1.360977
1.360977
1.288451
1.288451
1.241918
1.241918
1.207217
1.207217
1.213462
1.213462
1.362649
1.362649
1.365167
1.365167
1.353136
1.353136
1.290516
1.290516
1.353416
1.353416
1.251632
1.251632
1.310039
1.310039
1.303283
1.303283
1.313974
1.313974
1.247237
1.247237
1.335736
1.335736
1.391853
1.391853
1.243098
1.243098
1.361528
1.361528
1.196258
1.196258
1.213979
1.213979
1.271594
1.271594
1.299647
1.299647
1.169307
1.228253
1.169307
1.228253
1.234411
1.234411
1.266875
1.266875
1.378094
1.378094
1.350144
1.350144
1.280809
1.280809
1.181328
1.187507
1.181328
1.187507
1.356019
1.356019
1.132241
1.132241
1.399855
1.399855
1.171322
1.171322
1.199760
1.199760
1.170938
1.170938
1.360280
1.360280
1.350079
1.350079
1.360841
1.360841
1.338625
1.338625
1.289228
1.289228
1.131742
1.131742
1.337043
1.337043
1.262466
1.262466
1.343561
1.343561
1.384633
1.384633
1.217085
1.217085
1.264950
1.264950
1.205231
1.205231
1.259680
1.259680
1.314358
1.314358
1.086345
1.086345
1.205319
1.205319
1.397053
1.397053
1.274473
1.274473
1.166943
1.166943
1.209486
1.209486
1.381168
1.381168
1.305170
1.305170
1.288104
1.288104
1.260629
1.260629
1.284486
1.284486
1.185346
1.185346
1.135810
1.135810
1.314404
1.314404
1.145530
1.145530
1.306906
1.240788
1.306906
1.240788
1.127650
1.127650
1.169156
1.169156
1.382553
1.382553
1.062626
1.062626
1.304292
1.304292
1.272369
1.272369
1.286710
1.286710
1.084253
1.084253
1.239070
1.239070
1.201149
1.201149
1.148499
1.148499
1.375426
1.375426
1.360027
1.360027
1.270676
1.270676
1.374095
1.374095
1.266518
1.266518
1.255509
1.255509
1.115515
1.115515
1.299422
1.299422
1.358667
1.358667
1.231171
1.231171
1.178654
1.178654
1.143903
1.143903
1.286999
1.286999
1.076503
1.076503
1.306929
1.306929
1.285277
1.285277
1.314568
1.398995
1.314568
1.398995
1.197766
1.197766
1.215085
1.215085
1.174417
1.174417
1.318145
1.318145
1.336270
1.336270
1.128159
1.128159
1.265693
1.265693
1.099159
1.099159
1.375355
1.293457
1.293457
1.375355
1.227104
1.227104
1.185981
1.185981
1.200216
1.200216
1.020713
1.020713
1.202357
1.202357
1.370189
1.370189
1.395892
1.395892
1.150557
1.150557
1.326594
1.326594
1.152089
1.152089
1.242202
1.242202
1.251832
1.251832
1.184912
1.184912
1.106910
1.106910
1.304221
1.304221
1.273710
1.273710
1.274823
1.274823
1.371564
1.371564
1.361817
1.361817
1.207123
1.207123
1.223737
1.223737
1.365968
1.365968
1.383253
1.383253
1.397392
1.397392
1.363038
1.363038
1.251700
1.251700
1.338130
1.338130
1.099510
1.099510
1.387761
1.387761
1.299560
1.299560
1.080840
1.080840
1.368337
1.368337
1.367348
1.367348
1.320174
1.320174
1.330164
1.330164
1.258922
1.258922
1.264734
1.264734
1.342561
1.342561
1.396872
1.396872
1.393908
1.393908
1.355640
1.355640
1.250889
1.250889
1.335084
1.335084
1.326646
1.326646
1.363172
1.363172
1.344061
1.344061
1.334302
1.334302
1.348824
1.348824
1.314497
1.314497
1.383257
1.383257
1.233247
1.233247
1.362411
1.362411
1.233099
1.233099
1.136810
1.136810
1.327993
1.327993
1.378754
1.378754
1.274214
1.274214
1.228969
1.228969
1.086461
1.086461
1.370823
1.370823
1.169233
1.169233
1.158542
1.158542
1.350692
1.350692
1.320314
1.320314
1.284340
1.284340
1.279158
1.279158
1.300100
1.300100
1.255718
1.255718
1.338328
1.338328
1.276016
1.276016
1.388439
1.388439
1.356041
1.356041
1.282300
1.282300
1.313038
1.313038
1.285381
1.285381
1.271462
1.271462
1.266239
1.266239
1.209273
1.209273
1.383185
1.383185
1.329814
1.329814
1.196640
1.196640
1.303162
1.303162
1.247729
1.247729
1.244400
1.244400
1.174916
1.174916
1.351408
1.351408
1.311113
1.311113
1.319713
1.319713
1.397452
1.397452
1.319553
1.319553
1.327757
1.327757
1.359898
1.359898
1.316377
1.316377
1.384265
1.384265
1.369824
1.369824
1.311048
1.311048
1.397810
1.397810
1.338164
1.338164
1.279936
1.279936
1.227959
1.227959
1.373458
1.373458
1.388375
1.388375
1.123413
1.123413
1.356797
1.356797
1.184375
1.184375
1.314936
1.314936
1.341662
1.341662
1.108585
1.108585
1.164214
1.164214
1.331122
1.331122
1.374456
1.374456
1.250265
1.250265
1.188584
1.188584
1.386089
1.386089
1.245351
1.245351
1.286219
1.286219
1.317091
1.317091
1.223029
1.223029
1.259415
1.259415
1.162879
1.162879
1.399147
1.399147
1.201683
1.201683
1.312485
1.312485
1.303374
1.303374
1.271072
1.271072
1.229571
1.229571
1.322347
1.322347
1.368802
1.368802
1.300626
1.300626
1.395256
1.395256
1.367981
1.367981
1.369247
1.369247
1.195613
1.195613
1.396776
1.396776
1.369536
1.369536
1.322016
1.322016
1.383154
1.383154
1.359542
1.359542
1.160962
1.160962
1.052180
1.052180
1.363272
1.363272
1.244337
1.244337
1.320541
1.320541
1.357480
1.357480
1.299902
1.299902
1.295142
1.295142
1.121128
1.121128
1.364391
1.364391
1.108961
1.108961
1.335674
1.335674
1.322749
1.322749
1.363929
1.363929
1.324355
1.375443
1.375443
1.324355
1.267668
1.267668
1.153967
1.153967
1.299135
1.299135
1.313289
1.313289
1.271632
1.271632
1.361197
1.361197
1.361183
1.361183
1.312265
1.312265
1.224427
1.224427
1.371538
1.371538
1.192660
1.192660
1.279079
1.279079
1.115138
1.115138
1.230433
1.230433
1.376972
1.376972
1.293836
1.293836
1.227044
1.227044
1.397869
1.397869
1.389230
1.389230
1.163827
1.163827
1.326363
1.326363
1.253629
1.253629
1.290529
1.290529
1.339186
1.339186
1.194497
1.194497
1.306310
1.306310
1.285278
1.285278
1.294347
1.294347
1.195481
1.195481
1.311303
1.311303
1.362586
1.362586
1.395772
1.395772
1.219120
1.219120
1.165949
1.165949
1.186035
1.186035
1.340604
1.340604
1.250985
1.250985
1.083358
1.083358
1.352801
1.352801
1.311119
1.311119
1.320159
1.320159
1.128480
1.128480
1.331879
1.331879
1.153744
1.153744
1.110294
1.110294
1.351417
1.351417
1.385238
1.385238
1.121425
1.121425
1.314078
1.314078
