1.287843
1.287843
1.258956
1.258956
1.100734
1.100734
1.235093
1.235093
1.346074
1.346074
1.139026
1.204507
1.139026
1.204507
1.354090
1.354090
1.268091
1.268091
1.274332
1.293888
1.274332
1.293888
1.334250
1.334250
1.260905
1.260905
1.382188
1.382188
1.249520
1.249520
1.353503
1.353503
1.198584
1.198584
1.189519
1.189519
1.022791
1.022791
1.288062
1.288062
1.121147
1.121147
1.261417
1.261417
1.156314
1.156314
1.041727
1.041727
1.368117
1.368117
1.328065
1.328065
1.321195
1.321195
1.046479
1.046479
1.272325
1.272325
1.246498
1.246498
1.377895
1.377895
1.240612
1.240612
1.344228
1.344228
1.266502
1.196693
1.196693
1.266502
1.199965
1.199965
1.180494
1.285160
1.285160
1.180494
1.099157
1.099157
1.398088
1.398088
1.248244
1.248244
1.390541
1.390541
1.353813
1.353813
1.177492
1.177492
1.374853
1.374853
1.343256
1.343256
1.341615
1.341615
1.269053
1.348102
1.348102
1.269053
1.304095
1.304095
1.273194
1.273194
1.288184
1.288184
1.195512
1.195512
1.335516
1.335516
1.355717
1.355717
1.186557
1.186557
1.182145
1.182145
1.364297
1.364297
1.398080
1.394832
1.394832
1.398080
1.265380
1.265380
1.348879
1.348879
1.186873
1.186873
1.354847
1.354847
1.383152
1.383152
1.192761
1.192761
1.181281
1.181281
1.334067
1.334067
1.378576
1.378576
1.218141
1.218141
1.250701
1.194273
1.250701
1.194273
1.274380
1.274380
1.235625
1.235625
1.237511
1.237511
1.145120
1.145120
1.371222
1.371222
1.247291
1.247291
1.391475
1.391475
1.116318
1.116318
1.332104
1.332104
1.380506
1.380506
1.150666
1.150666
1.272927
1.272927
1.314550
1.375899
1.314550
1.375899
1.316411
1.316411
1.163905
1.163905
1.287202
1.287202
1.354009
1.354009
1.348028
1.348028
1.312204
1.396879
1.312204
1.278504
1.396879
1.278504
1.276662
1.276662
1.393054
1.393054
1.245199
1.398677
1.398677
1.245199
1.239787
1.239787
1.352027
1.352027
1.132969
1.132969
1.370396
1.370396
1.168363
1.168363
1.378132
1.378132
1.339205
1.339205
1.383757
1.383757
1.182218
1.182218
1.204583
1.204583
1.314807
1.314807
1.062283
1.062283
1.316511
1.316511
1.256114
1.256114
1.373294
1.373294
1.283397
1.283397
1.030603
1.030603
1.190601
1.190601
1.398195
1.398195
1.364123
1.364123
1.194543
1.194543
1.395718
1.395718
1.348182
1.348182
1.110337
1.110337
1.259052
1.259052
1.327638
1.327638
1.151834
1.151834
1.375722
1.375722
1.372912
1.372912
1.256237
1.328394
1.256237
1.328394
1.052547
1.052547
1.366350
1.366350
1.259843
1.259843
1.292066
1.292066
1.367031
1.367031
1.370384
1.370384
1.193011
1.193011
1.291924
1.291924
1.360891
1.360891
1.239783
1.239783
1.269635
1.269635
1.390191
1.390191
1.247040
1.247040
1.313256
1.313256
1.333824
1.333824
1.399828
1.399828
1.309558
1.309558
1.329934
1.379255
1.379255
1.329934
1.378805
1.378805
1.305432
1.305432
1.267303
1.267303
1.202851
1.202851
1.388086
1.388086
1.372463
1.372463
1.219178
1.219178
1.172835
1.172835
1.205069
1.205069
1.327494
1.327494
1.282142
1.282142
1.274023
1.274023
1.307941
1.307941
1.374909
1.374909
1.311785
1.311785
1.199963
1.199963
1.323937
1.323937
1.112954
1.112954
1.319328
1.319328
1.313517
1.313517
1.049386
1.049386
1.381504
1.381504
1.395320
1.395320
1.383121
1.383121
1.263865
1.263865
1.390213
1.390213
1.359437
1.359437
1.274598
1.274598
1.261897
1.261897
1.122520
1.122520
1.225664
1.225664
1.182221
1.182221
1.286790
1.286790
1.145275
1.145275
1.388828
1.388828
1.222901
1.222901
1.270367
1.270367
1.353631
1.353631
1.399939
1.399939
1.288498
1.288498
1.240900
1.240900
1.253121
1.253121
1.318298
1.318298
1.239965
1.239965
1.329364
1.329364
1.310625
1.310625
1.316085
1.316085
1.310494
1.310494
1.377125
1.377125
1.387165
1.387165
1.393221
1.393221
1.344748
1.344748
1.371478
1.371478
1.174841
1.174841
1.219051
1.219051
1.230520
1.230520
1.386049
1.386049
1.240789
1.240789
1.227995
1.227995
1.373912
1.373912
1.361775
1.361775
1.241501
1.241501
1.202484
1.202484
1.382159
1.382159
1.175579
1.175579
1.200732
1.200732
1.344063
1.344063
1.123271
1.123271
1.283149
1.283149
1.248358
1.248358
1.135106
1.135106
1.399686
1.399686
1.262509
1.262509
1.332458
1.332458
1.124902
1.124902
1.346540
1.346540
1.178392
1.178392
1.247987
1.247987
1.347577
1.347577
1.266773
1.266773
1.284484
1.284484
1.328156
1.328156
1.336482
1.336482
1.019824
1.019824
1.305138
1.305138
1.063202
1.063202
1.376163
1.376163
1.317852
1.317852
1.287467
1.287467
1.297842
1.297842
1.057077
1.057077
1.239256
1.239256
1.386780
1.386780
1.077559
1.077559
1.219884
1.219884
1.318239
1.318239
1.361883
1.361883
1.319740
1.319740
1.351875
1.351875
1.298223
1.298223
1.221836
1.221836
1.359630
1.359630
1.283002
1.283002
1.246193
1.246193
1.324546
1.324546
1.386680
1.386680
1.265535
1.265535
1.242476
1.242476
1.362251
1.362251
1.383550
1.383550
1.213533
1.213533
1.127734
1.127734
1.294481
1.294481
1.254034
1.254034
1.308869
1.308869
1.260775
1.260775
1.364195
1.364195
1.241349
1.241349
1.203696
1.203696
1.120567
1.120567
1.224670
1.224670
1.314384
1.314384
1.371722
1.371722
1.381108
1.381108
1.181592
1.181592
1.155971
1.155971
1.344832
1.344832
1.384666
1.384666
1.316034
1.316034
1.297190
1.297190
1.296723
1.296723
1.323080
1.323080
1.379406
1.379406
1.195853
1.195853
1.343506
1.343506
1.208241
1.208241
1.328907
1.328907
1.384563
1.384563
1.150073
1.150073
1.248166
1.248166
1.264744
1.264744
1.298466
1.298466
1.263934
1.263934
1.266629
1.133640
1.266629
1.133640
1.103173
1.103173
