1.386508
1.386508
1.358880
1.358880
1.356093
1.356093
1.205034
1.205034
1.395815
1.395815
1.388952
1.388952
1.352389
1.352389
1.386047
1.386047
1.396588
1.396588
1.242133
1.242133
1.327547
1.327547
1.363720
1.363720
1.345878
1.345878
1.372014
1.372014
1.165290
1.165290
1.367790
1.367790
1.220104
1.220104
1.350881
1.350881
1.295938
1.295938
1.352652
1.352652
1.231955
1.231955
1.293623
1.293623
1.344459
1.344459
1.276953
1.276953
1.266051
1.266051
1.286193
1.286193
1.327841
1.327841
1.198568
1.198568
1.379841
1.379841
1.213192
1.213192
1.387978
1.387978
1.158141
1.158141
1.264830
1.264830
