1.299463
1.299463
1.230013
1.230013
1.341293
1.341293
1.042065
1.042065
1.310552
1.310552
1.203060
1.203060
1.321974
1.321974
1.161731
1.161731
1.120541
1.120541
1.392193
1.392193
1.355113
1.355113
1.379067
1.379067
1.253088
1.253088
1.351654
1.351654
1.209491
1.209491
1.140281
1.140281
1.310266
1.310266
1.290934
1.290934
1.394257
1.394257
1.249365
1.249365
1.361842
1.361842
1.259137
1.259137
1.241491
1.241491
1.203730
1.203730
1.218664
1.218664
1.353913
1.353913
1.346237
1.346237
1.245386
1.245386
1.347215
1.347215
1.360599
1.360599
1.278629
1.278629
1.373294
1.373294
1.265963
1.265963
1.379183
1.379183
1.389215
1.389215
1.271697
1.271697
1.367063
1.367063
1.133506
1.133506
1.339425
1.339425
1.129213
1.129213
1.374182
1.374182
1.399495
1.399495
1.302515
1.302515
1.237175
1.237175
1.195970
1.195970
1.391760
1.391760
1.375275
1.375275
1.385494
1.385494
1.330092
1.330092
1.344342
1.344342
1.210434
1.210434
1.397646
1.397646
1.290093
1.290093
1.267722
1.267722
1.337694
1.337694
1.198970
1.198970
1.389086
1.389086
1.313455
1.313455
1.365396
1.365396
1.199302
1.199302
1.208988
1.208988
1.292058
1.292058
1.341717
1.341717
1.260854
1.260854
1.181935
1.181935
1.296365
1.296365
1.210739
1.210739
1.398037
1.398037
1.270517
1.270517
1.178243
1.178243
1.297116
1.297116
1.395106
1.395106
1.163052
1.163052
1.291219
1.291219
1.278562
1.278562
1.048612
1.048612
1.186002
1.186002
1.192406
1.192406
1.319308
1.319308
1.162871
1.162871
1.391189
1.391189
1.286178
1.286178
1.091281
1.091281
1.372307
1.372307
1.338772
1.338772
1.231197
1.231197
1.150802
1.150802
1.353965
1.353965
1.272579
1.272579
1.195116
1.195116
1.133270
1.133270
1.390968
1.390968
1.217464
1.217464
