1.365638
1.365638
1.380177
1.380177
1.188355
1.188355
1.393196
1.393196
1.178568
1.178568
1.182438
1.182438
1.384871
1.384871
1.389615
1.389615
1.358765
1.358765
1.315262
1.315262
1.290398
1.290398
1.324011
1.324011
1.194872
1.194872
1.295601
1.295601
1.367651
1.367651
1.323641
1.323641
1.371064
1.371064
1.359607
1.359607
1.330736
1.330736
1.172757
1.172757
1.387289
1.387289
1.361396
1.361396
1.367125
1.367125
1.294307
1.294307
1.387040
1.387040
1.208370
1.208370
1.356878
1.356878
1.235273
1.235273
1.265596
1.265596
1.398272
1.398272
1.130928
1.130928
1.304310
1.304310
1.376143
1.376143
1.139272
1.139272
1.238918
1.238918
1.385926
1.385926
1.285236
1.285236
1.377057
1.377057
1.063369
1.063369
1.203104
1.203104
1.199095
1.199095
1.268273
1.268273
1.306094
1.306094
1.091525
1.091525
1.337001
1.337001
1.290717
1.290717
1.376277
1.376277
