1.343247
1.343247
1.313406
1.313406
1.394118
1.394118
1.289523
1.289523
1.169898
1.169898
1.320515
1.320515
1.394719
1.394719
1.358592
1.358592
1.329042
1.329042
1.253059
1.253059
1.047180
1.047180
1.325506
1.325506
1.093523
1.093523
1.329625
1.329625
1.368504
1.368504
1.342279
1.342279
1.292153
1.292153
1.191714
1.191714
1.386578
1.386578
1.382263
1.382263
1.328975
1.328975
1.386362
1.386362
1.303031
1.303031
1.106107
1.106107
1.343867
1.343867
1.136212
1.136212
1.348167
1.348167
1.374840
1.374840
1.092148
1.092148
1.206259
1.206259
1.297785
1.297785
1.327923
1.327923
1.351183
1.351183
1.295193
1.295193
1.379327
1.379327
1.294981
1.294981
1.374997
1.374997
1.318262
1.318262
1.329381
1.329381
1.178254
1.178254
1.368676
1.368676
1.345331
1.345331
1.295101
1.295101
1.364595
1.364595
1.357260
1.357260
1.331406
1.331406
1.322817
1.322817
1.382382
1.382382
1.294244
1.294244
1.255082
1.255082
1.224766
1.224766
1.389331
1.389331
1.236811
1.236811
1.397634
1.397634
1.281498
1.281498
1.122846
1.122846
1.192839
1.192839
1.399442
1.399442
1.229297
1.229297
1.102640
1.102640
1.390159
1.390159
1.283916
1.283916
