1.242373
1.242373
1.093814
1.093814
1.301863
1.301863
1.389075
1.389075
1.235124
1.235124
1.194069
1.194069
1.375234
1.375234
1.376387
1.376387
1.355767
1.355767
1.386613
1.386613
1.399028
1.399028
1.072384
1.072384
1.214426
1.214426
1.399697
1.399697
1.227889
1.227889
1.396137
1.396137
1.356129
1.356129
1.396138
1.396138
1.217622
1.217622
1.392454
1.392454
1.267749
1.267749
1.334402
1.334402
1.351388
1.351388
1.373479
1.373479
1.397061
1.397061
1.376007
1.376007
1.251681
1.251681
1.395183
1.395183
1.316059
1.316059
1.357582
1.357582
1.221655
1.221655
1.348264
1.348264
1.289879
1.289879
1.247141
1.247141
1.188620
1.188620
1.377262
1.377262
1.337680
1.337680
1.301226
1.301226
1.294940
1.294940
1.174300
1.174300
1.378632
1.378632
1.301562
1.301562
1.366632
1.366632
1.372194
1.372194
1.380742
1.380742
