1.300373
1.300373
1.358902
1.358902
1.140270
1.140270
1.127201
1.127201
1.169485
1.169485
1.395518
1.395518
1.214571
1.214571
1.358478
1.358478
1.357244
1.357244
1.395722
1.395722
1.390340
1.390340
1.277681
1.277681
1.321203
1.321203
1.398761
1.398761
1.298778
1.298778
1.287494
1.287494
1.377319
1.377319
1.158377
1.158377
1.193958
1.193958
1.234052
1.234052
1.294334
1.294334
1.383764
1.383764
1.396536
1.396536
1.342915
1.342915
1.163085
1.163085
1.360342
1.360342
1.209794
1.209794
1.366063
1.366063
1.339686
1.339686
1.249773
1.249773
1.384723
1.384723
1.397212
1.397212
1.336946
1.336946
1.343942
1.343942
1.251953
1.251953
1.271926
1.271926
1.233350
1.233350
1.205791
1.205791
1.276104
1.276104
1.367816
1.367816
1.209349
1.209349
1.358926
1.358926
1.287227
1.287227
1.319503
1.319503
1.231615
1.231615
1.337474
1.337474
1.102010
1.102010
1.329581
1.329581
1.251584
1.251584
1.280844
1.280844
1.164775
1.164775
1.387887
1.387887
1.261490
1.261490
1.190522
1.190522
1.304284
1.304284
1.326967
1.326967
1.229105
1.229105
1.162707
1.162707
1.354492
1.354492
1.348283
1.348283
