1.329466
1.329466
1.137590
1.137590
1.248629
1.248629
1.382917
1.382917
1.290327
1.290327
1.238379
1.238379
1.207314
1.207314
1.309787
1.309787
1.197620
1.197620
1.335283
1.335283
1.320061
1.320061
1.280873
1.280873
1.259970
1.259970
1.354290
1.354290
1.208878
1.208878
1.397555
1.397555
1.299007
1.299007
1.363145
1.363145
1.166451
1.166451
1.282399
1.282399
1.173542
1.173542
1.164604
1.164604
1.278695
1.278695
1.311213
1.311213
1.374944
1.374944
1.384579
1.384579
1.098892
1.098892
1.351224
1.351224
1.309685
1.309685
1.222463
1.222463
1.381299
1.381299
1.314895
1.314895
1.167921
1.167921
1.260946
1.260946
1.388822
1.388822
1.089433
1.089433
1.193148
1.193148
1.365426
1.365426
1.398061
1.398061
1.220861
1.220861
1.210972
1.210972
1.298792
1.298792
1.223470
1.223470
1.372503
1.372503
1.348423
1.348423
1.267098
1.267098
1.362106
1.362106
1.217004
1.217004
1.330277
1.330277
1.300656
1.300656
1.254119
1.254119
1.337722
1.337722
1.090858
1.090858
1.340568
1.340568
1.343694
1.343694
1.241653
1.241653
1.184354
1.184354
1.064995
1.064995
1.358441
1.358441
1.122137
1.122137
