1.270898
1.270898
1.364302
1.364302
1.107760
1.107760
1.289027
1.289027
1.349575
1.349575
1.392974
1.392974
1.125682
1.125682
1.357654
1.357654
1.274421
1.274421
1.307305
1.307305
1.265987
1.265987
1.120315
1.120315
1.349167
1.349167
1.324265
1.324265
1.233630
1.233630
1.161491
1.161491
1.276036
1.276036
1.229354
1.229354
1.272162
1.272162
1.276448
1.276448
1.255059
1.255059
1.306113
1.306113
1.245083
1.321599
1.245083
1.321599
1.064895
1.064895
1.170926
1.170926
1.367299
1.367299
1.331796
1.331796
1.281777
1.281777
1.228774
1.228774
1.349750
1.349750
1.356175
1.356175
1.320428
1.320428
1.339249
1.339249
1.382042
1.382042
1.227096
1.227096
1.204033
1.204033
1.373207
1.373207
1.140132
1.140132
1.357193
1.357193
1.309374
1.309374
1.377872
1.377872
1.395846
1.395846
1.381530
1.381530
1.386576
1.386576
1.320631
1.320631
1.381329
1.381329
1.236564
1.236564
1.372098
1.372098
1.167680
1.167680
1.242733
1.242733
1.212032
1.212032
1.247386
1.247386
1.171217
1.171217
1.348981
1.348981
1.291721
1.291721
1.175867
1.175867
1.392485
1.392485
1.386425
1.386425
1.106287
1.106287
1.046940
1.046940
1.398815
1.398815
1.385688
1.385688
1.106122
1.106122
1.239814
1.239814
1.213308
1.213308
1.394648
1.394648
1.285852
1.285852
1.364206
1.364206
1.250706
1.250706
