1.188188
1.188188
1.353644
1.353644
1.234200
1.234200
1.235257
1.235257
1.362053
1.362053
1.151268
1.151268
1.370214
1.370214
1.325755
1.325755
1.359391
1.359391
1.300031
1.300031
1.356726
1.356726
1.346915
1.346915
1.357504
1.357504
1.073071
1.073071
1.308745
1.308745
1.377699
1.377699
1.158288
1.158288
1.318035
1.318035
1.219434
1.219434
1.130081
1.130081
1.374951
1.374951
1.120608
1.120608
1.318944
1.318944
1.097800
1.097800
1.377379
1.377379
1.304582
1.304582
1.203033
1.203033
1.200154
1.200154
1.370473
1.370473
1.361893
1.361893
1.092195
1.092195
1.213418
1.213418
1.255442
1.255442
1.339650
1.339650
1.251768
1.251768
1.296224
1.296224
1.387627
1.387627
1.180484
1.180484
1.342232
1.342232
1.227371
1.227371
1.268977
1.268977
1.249585
1.249585
1.182483
1.182483
1.120246
1.120246
1.156248
1.156248
1.271906
1.271906
1.121500
1.121500
1.378837
1.378837
1.315963
1.315963
1.276464
1.276464
1.362319
1.362319
1.129437
1.129437
