1.273677
1.273677
1.091483
1.091483
1.298684
1.298684
1.286244
1.286244
1.347757
1.347757
1.359674
1.359674
1.048367
1.048367
1.163057
1.163057
1.312609
1.312609
1.383630
1.383630
1.244810
1.244810
1.304787
1.304787
1.155902
1.155902
1.267572
1.267572
1.363479
1.363479
1.354063
1.354063
1.297479
1.297479
1.244569
1.244569
1.334030
1.334030
1.361678
1.361678
1.082186
1.082186
1.350112
1.350112
1.369146
1.369146
1.390360
1.390360
1.278663
1.278663
1.380963
1.380963
1.195636
1.195636
1.299753
1.299753
1.103307
1.103307
1.365349
1.365349
1.359791
1.359791
1.257769
1.257769
1.372966
1.372966
1.297625
1.297625
1.167387
1.167387
1.199675
1.199675
1.347236
1.347236
1.296713
1.296713
1.280443
1.280443
1.195774
1.195774
1.171554
1.171554
1.105050
1.105050
1.198335
1.198335
1.029236
1.029236
1.350675
1.350675
1.147931
1.147931
1.240698
1.240698
1.264266
1.264266
1.396961
1.396961
