1.383076
1.383076
1.345703
1.345703
1.264095
1.264095
1.387662
1.387662
1.399157
1.399157
1.310853
1.310853
1.264573
1.264573
1.120634
1.120634
1.260209
1.260209
1.320608
1.320608
1.362082
1.362082
1.342846
1.342846
1.342363
1.342363
1.390912
1.390912
1.317751
1.317751
1.397901
1.397901
1.342710
1.342710
1.372994
1.372994
1.259222
1.259222
1.062440
1.062440
1.347928
1.347928
1.311671
1.311671
1.307657
1.307657
1.373042
1.373042
1.305651
1.305651
1.370077
1.370077
1.238819
1.238819
1.381696
1.381696
1.341310
1.341310
1.191488
1.191488
1.392721
1.392721
1.318688
1.318688
1.259722
1.259722
1.323140
1.323140
1.399516
1.399516
1.190035
1.190035
1.293459
1.293459
1.111367
1.111367
1.358482
1.358482
1.285719
1.285719
1.201519
1.201519
1.246760
1.246760
1.202465
1.202465
1.344379
1.344379
1.343689
1.343689
1.297366
1.297366
1.398781
1.398781
1.296917
1.296917
1.241607
1.241607
1.385000
1.385000
1.309935
1.309935
1.397014
1.397014
1.383145
1.383145
1.272837
1.272837
1.307713
1.307713
1.330622
1.330622
1.323121
1.323121
1.124228
1.124228
1.395415
1.395415
1.285274
1.285274
1.169200
1.169200
1.172843
1.172843
1.349013
1.349013
1.287016
1.287016
1.214334
1.214334
1.336421
1.336421
1.194765
1.194765
1.302395
1.302395
1.373488
1.373488
1.391789
1.391789
1.370657
1.370657
1.389256
1.389256
1.262884
1.262884
