1.297784
1.297784
1.316682
1.316682
1.303353
1.303353
1.295930
1.295930
1.224799
1.224799
1.212557
1.212557
1.395589
1.395589
1.302052
1.302052
1.244714
1.244714
1.347371
1.347371
1.276659
1.276659
1.111243
1.111243
1.107755
1.107755
1.325427
1.325427
1.200566
1.200566
1.290856
1.290856
1.322521
1.322521
1.140835
1.140835
1.224627
1.224627
1.303814
1.303814
1.340685
1.340685
1.184732
1.184732
1.383568
1.383568
1.293414
1.293414
1.252718
1.252718
1.273057
1.273057
1.217309
1.217309
1.355755
1.355755
1.301319
1.301319
1.292491
1.292491
1.347640
1.347640
1.389260
1.389260
1.398153
1.398153
1.145204
1.145204
1.390810
1.390810
1.397700
1.397700
1.345621
1.345621
1.280986
1.280986
1.267210
1.267210
1.361228
1.361228
1.264768
1.264768
1.296997
1.296997
1.361149
1.361149
1.390762
1.390762
1.262278
1.262278
1.318536
1.318536
1.158864
1.158864
1.313591
1.313591
1.107151
1.107151
1.370749
1.370749
1.188210
1.188210
1.375952
1.375952
1.387896
1.387896
1.396016
1.396016
1.351783
1.351783
1.193881
1.193881
1.386067
1.386067
1.302862
1.302862
1.106725
1.106725
1.378401
1.378401
1.327107
1.327107
1.161299
1.161299
1.196357
1.399563
1.399563
1.196357
1.306116
1.306116
1.378080
1.378080
1.239869
1.239869
1.291182
1.291182
1.214860
1.214860
1.282499
1.282499
1.295018
1.295018
1.273776
1.273776
1.193131
1.193131
1.290302
1.290302
1.273061
1.273061
1.105460
1.105460
1.358904
1.358904
1.339284
1.339284
1.091879
1.091879
1.386538
1.386538
