1.152397
1.152397
1.329579
1.329579
1.363284
1.363284
1.219698
1.219698
1.383566
1.383566
1.371236
1.371236
1.363798
1.363798
1.226608
1.226608
1.368028
1.368028
1.317598
1.317598
1.393966
1.393966
1.269946
1.269946
1.083829
1.083829
1.374701
1.374701
1.278539
1.278539
1.242317
1.242317
1.203195
1.203195
1.259235
1.259235
1.392775
1.392775
1.354158
1.354158
1.306321
1.306321
1.186554
1.186554
1.196370
1.196370
1.372492
1.372492
1.163966
1.163966
1.397283
1.397283
1.366781
1.366781
1.177930
1.177930
1.397061
1.397061
1.257149
1.257149
1.220707
1.220707
1.368348
1.368348
1.115582
1.115582
1.363269
1.363269
1.364927
1.364927
1.304457
1.304457
1.301961
1.301961
1.374111
1.374111
1.024470
1.024470
1.272417
1.272417
1.335820
1.335820
1.392086
1.392086
1.318069
1.318069
1.198901
1.198901
1.099901
1.099901
1.353159
1.353159
1.301478
1.301478
1.181249
1.181249
1.359950
1.359950
1.399810
1.399810
1.181646
1.181646
1.277720
1.277720
1.374724
1.374724
1.317029
1.317029
1.367802
1.367802
1.281551
1.281551
1.095550
1.095550
1.119620
1.339705
1.339705
1.119620
1.214302
1.214302
1.058886
1.058886
1.179189
1.179189
1.205522
1.205522
1.393468
1.393468
1.305413
1.305413
1.232336
1.232336
1.322363
1.322363
1.208975
1.208975
1.319431
1.319431
1.193165
1.193165
1.384266
1.384266
1.270276
1.270276
1.242419
1.242419
