1.397913
1.397913
1.382882
1.382882
1.259395
1.259395
1.356640
1.356640
1.330431
1.330431
1.365808
1.365808
1.133668
1.133668
1.395722
1.395722
1.191323
1.191323
1.394158
1.394158
1.321085
1.321085
1.388386
1.388386
1.153544
1.153544
1.348778
1.348778
1.285033
1.285033
1.328819
1.328819
1.326381
1.326381
1.310081
1.310081
1.385110
1.385110
1.251413
1.251413
1.347141
1.347141
1.296339
1.296339
1.266310
1.266310
1.274404
1.274404
1.354093
1.354093
1.312492
1.312492
1.127124
1.127124
1.158708
1.158708
1.299395
1.299395
1.276847
1.276847
1.222137
1.222137
1.321253
1.321253
1.133208
1.133208
1.148993
1.148993
1.314218
1.314218
1.282203
1.282203
1.180293
1.180293
1.150325
1.150325
1.060694
1.060694
1.338018
1.338018
1.280367
1.280367
1.346951
1.346951
1.338122
1.338122
1.311775
1.311775
1.170541
1.170541
1.175608
1.175608
1.165115
1.165115
1.336025
1.336025
1.348587
1.348587
1.329644
1.329644
1.190234
1.190234
1.195007
1.195007
1.196055
1.196055
1.384762
1.384762
1.337318
1.337318
1.296824
1.296824
1.325547
1.325547
1.312779
1.312779
1.343657
1.343657
1.200079
1.200079
1.141339
1.141339
1.323857
1.323857
1.196316
1.196316
1.349551
1.349551
1.375162
1.375162
1.051031
1.051031
1.306832
1.306832
1.294606
1.294606
1.293341
1.293341
1.053872
1.053872
1.287116
1.287116
1.357874
1.357874
1.332325
1.332325
1.385567
1.385567
1.285270
1.285270
1.379407
1.379407
1.387647
1.387647
1.398975
1.398975
1.233495
1.233495
1.240262
1.240262
1.203372
1.203372
1.134265
1.134265
1.386592
1.386592
1.334035
1.334035
1.066037
1.066037
1.362504
1.362504
1.370199
1.370199
1.267843
1.267843
1.376651
1.376651
1.373529
1.373529
1.180370
1.180370
1.322358
1.322358
1.268150
1.268150
1.397111
1.397111
1.373202
1.373202
1.283255
1.283255
1.238184
1.238184
1.395210
1.395210
1.254044
1.254044
1.388580
1.388580
1.211729
1.211729
1.272835
1.272835
1.349896
1.349896
1.361162
1.361162
1.352393
1.352393
1.301799
1.301799
1.106388
1.106388
1.096792
1.096792
1.083677
1.083677
1.231870
1.231870
1.390204
1.390204
1.205764
1.205764
1.302897
1.302897
1.318875
1.318875
1.072025
1.072025
1.313384
1.313384
1.232018
1.232018
1.246130
1.246130
1.293271
1.293271
1.297513
1.297513
1.389391
1.389391
1.335304
1.335304
1.394852
1.394852
1.285583
1.285583
1.361361
1.361361
1.233214
1.233214
1.318961
1.318961
1.381665
1.381665
1.393777
1.393777
1.323638
1.323638
1.176762
1.176762
1.393832
1.393832
1.302394
1.302394
1.228654
1.228654
1.333382
1.333382
1.327332
1.327332
1.308526
1.308526
1.314239
1.314239
1.080571
1.080571
1.268578
1.268578
1.334745
1.334745
1.395959
1.395959
1.379914
1.379914
1.193050
1.193050
1.276755
1.276755
1.236500
1.236500
1.306479
1.306479
1.345649
1.345649
1.279730
1.279730
1.277370
1.277370
1.398415
1.398415
1.324522
1.324522
1.179386
1.179386
1.212829
1.212829
1.222933
1.222933
1.132790
1.132790
1.377342
1.377342
1.311380
1.311380
1.345646
1.345646
1.134494
1.134494
1.322784
1.322784
1.250697
1.250697
1.321313
1.321313
1.375924
1.375924
1.327811
1.327811
1.328191
1.328191
1.387600
1.387600
1.335601
1.335601
1.310282
1.310282
1.300640
1.300640
1.399969
1.399969
1.233339
1.233339
1.141112
1.141112
1.313350
1.313350
1.302280
1.302280
1.136730
1.136730
1.302101
1.302101
1.238158
1.238158
1.304633
1.304633
1.266155
1.266155
1.179977
1.179977
1.313741
1.313741
1.240773
1.240773
1.268937
1.268937
1.383061
1.383061
1.264469
1.264469
1.298095
1.298095
1.291620
1.291620
1.378720
1.378720
1.285593
1.285593
1.093756
1.093756
1.379784
1.379784
1.343772
1.343772
