1.356894
1.356894
1.359382
1.359382
1.384111
1.384111
1.390010
1.390010
1.336154
1.336154
1.150399
1.150399
1.313466
1.313466
1.279280
1.279280
1.340376
1.340376
1.383226
1.383226
1.233374
1.233374
1.346782
1.346782
1.396526
1.396526
1.350617
1.350617
1.385502
1.385502
1.378441
1.363524
1.378441
1.363524
1.304342
1.304342
1.326886
1.326886
1.042736
1.042736
1.349733
1.349733
1.326223
1.326223
1.322381
1.322381
1.332506
1.332506
1.280983
1.280983
1.299267
1.299267
1.261903
1.261903
1.155072
1.155072
1.376427
1.376427
1.368543
1.368543
1.365827
1.365827
1.255894
1.255894
1.336956
1.336956
1.324371
1.365586
1.324371
1.365586
1.189930
1.189930
1.373626
1.373626
1.317121
1.317121
1.348808
1.348808
1.353982
1.353982
1.344996
1.344996
1.316030
1.316030
1.272169
1.272169
1.347290
1.347290
1.244965
1.244965
1.376114
1.376114
1.380596
1.380596
1.347807
1.347807
1.368071
1.368071
1.189338
1.189338
1.305166
1.305166
1.354857
1.354857
1.344811
1.344811
1.352777
1.352777
1.366334
1.366334
1.370936
1.370936
1.190726
1.190726
1.344921
1.344921
1.278093
1.278093
1.141678
1.141678
1.296520
1.296520
1.349147
1.349147
1.353344
1.353344
1.397841
1.397841
1.280934
1.280934
1.379064
1.379064
1.229620
1.229620
1.275103
1.275103
1.098253
1.098253
1.259880
1.259880
1.359061
1.359061
1.276645
1.276645
1.104293
1.104293
1.138142
1.138142
1.226768
1.226768
1.103790
1.103790
1.356776
1.356776
1.238403
1.238403
1.224751
1.224751
1.345875
1.345875
1.262317
1.262317
1.289827
1.289827
1.134992
1.134992
1.256387
1.256387
1.357970
1.357970
1.089498
1.089498
1.265802
1.265802
1.279110
1.279110
1.233902
1.233902
1.214112
1.214112
1.216048
1.216048
1.044899
1.044899
1.388501
1.388501
1.386750
1.386750
1.178396
1.178396
1.369666
1.369666
1.289497
1.289497
1.347205
1.347205
1.110394
1.110394
1.375540
1.375540
1.381900
1.381900
1.394027
1.394027
1.243563
1.243563
