1.380509
1.380509
1.317539
1.317539
1.204561
1.204561
1.153636
1.153636
1.394901
1.394901
1.392746
1.392746
1.160198
1.160198
1.382232
1.382232
1.177652
1.177652
1.352926
1.352926
1.384197
1.384197
1.372331
1.372331
1.293442
1.293442
1.349883
1.349883
1.189714
1.189714
1.230785
1.230785
1.252925
1.252925
1.388153
1.388153
1.213765
1.213765
1.195276
1.195276
1.174781
1.174781
1.287764
1.287764
1.025711
1.025711
1.347454
1.347454
1.273284
1.273284
1.163489
1.163489
1.192185
1.192185
1.359233
1.359233
1.265396
1.265396
1.360837
1.360837
1.365824
1.365824
1.365812
1.365812
1.244355
1.244355
1.286080
1.286080
1.083659
1.083659
1.297682
1.297682
1.336689
1.336689
1.369841
1.369841
1.140711
1.140711
1.389673
1.389673
1.083947
1.083947
1.278127
1.278127
1.331276
1.331276
1.303065
1.303065
1.291797
1.291797
1.111307
1.111307
1.234044
1.234044
1.072244
1.072244
1.262602
1.262602
1.267965
1.267965
1.314496
1.314496
1.352018
1.352018
1.393482
1.393482
1.270954
1.270954
1.289114
1.289114
1.161580
1.161580
1.376700
1.376700
1.252403
1.252403
1.212828
1.212828
1.210361
1.210361
1.290935
1.290935
1.355803
1.355803
1.233237
1.233237
1.189505
1.189505
1.361358
1.361358
1.392344
1.392344
1.290598
1.290598
1.366152
1.366152
1.295186
1.295186
1.315554
1.315554
1.325484
1.325484
