1.303822
1.303822
1.316510
1.316510
1.155662
1.155662
1.317384
1.317384
1.079464
1.079464
1.377460
1.377460
1.346584
1.346584
1.186586
1.186586
1.188942
1.188942
1.178193
1.178193
1.203153
1.203153
1.163312
1.163312
1.255198
1.255198
1.332428
1.332428
1.294594
1.294594
1.319617
1.319617
1.124113
1.124113
1.385836
1.385836
1.351666
1.351666
1.154821
1.154821
1.371654
1.371654
1.399171
1.399171
1.350031
1.350031
1.387240
1.387240
1.227063
1.227063
1.328059
1.328059
1.129357
1.129357
1.385040
1.385040
1.289167
1.289167
1.336433
1.336433
1.149126
1.149126
1.195403
1.195403
1.357363
1.357363
1.245003
1.245003
1.362391
1.362391
1.270402
1.270402
1.285551
1.285551
1.361767
1.361767
1.369274
1.369274
1.394288
1.394288
1.386178
1.386178
1.359475
1.359475
1.379005
1.379005
1.354239
1.354239
1.150309
1.150309
1.218228
1.218228
1.364113
1.364113
1.322984
1.322984
1.252878
1.252878
1.246823
1.246823
1.333555
1.333555
1.351311
1.351311
1.268349
1.268349
1.315497
1.315497
1.359279
1.359279
1.374741
1.374741
1.345706
1.345706
1.213002
1.213002
1.158815
1.158815
1.332892
1.332892
1.313509
1.313509
1.068286
1.068286
1.344222
1.344222
1.379187
1.379187
1.145530
1.145530
1.262137
1.262137
1.345091
1.345091
1.391964
1.391964
