1.123746
1.123746
1.236566
1.236566
1.311789
1.311789
1.272161
1.272161
1.310529
1.310529
1.387773
1.387773
1.370106
1.370106
1.335217
1.335217
1.195393
1.195393
1.230815
1.230815
1.209379
1.209379
1.205276
1.205276
1.306286
1.306286
1.243004
1.243004
1.289313
1.289313
1.328856
1.328856
1.318031
1.318031
1.373782
1.373782
1.220458
1.220458
1.339681
1.339681
1.125467
1.125467
1.313165
1.313165
1.259192
1.259192
1.311372
1.311372
1.304328
1.304328
1.281365
1.281365
1.396117
1.396117
1.340942
1.340942
1.377579
1.377579
1.350888
1.350888
1.315724
1.315724
1.284511
1.284511
1.235106
1.235106
1.354370
1.354370
1.222214
1.222214
1.273958
1.273958
1.241398
1.241398
1.397421
1.397421
1.255249
1.255249
1.134744
1.134744
1.351151
1.351151
1.078739
1.078739
1.377162
1.385310
1.385310
1.377162
1.313160
1.313160
1.281438
1.281438
1.082830
1.082830
1.380196
1.380196
1.176074
1.176074
1.309807
1.309807
1.256593
1.256593
1.089118
1.089118
1.353528
1.353528
1.274218
1.274218
1.353353
1.353353
1.195537
1.195537
1.277871
1.277871
1.328965
1.328965
1.353622
1.353622
1.331655
1.331655
1.370893
1.370893
1.203548
1.203548
1.281135
1.281135
1.350871
1.350871
1.262699
1.262699
1.331685
1.331685
1.230645
1.230645
1.113195
1.113195
1.184599
1.184599
1.360845
1.360845
1.082152
1.082152
1.359321
1.359321
1.361486
1.361486
1.268627
1.268627
1.351411
1.351411
1.335461
1.335461
1.317155
1.317155
1.302112
1.302112
1.188254
1.188254
1.306717
1.306717
1.089426
1.089426
1.032231
1.032231
1.320652
1.320652
1.321288
1.321288
1.274486
1.274486
1.237908
1.237908
1.080424
1.080424
1.258510
1.258510
1.183228
1.183228
1.302352
1.302352
1.297429
1.297429
1.276171
1.276171
1.314476
1.314476
1.280855
1.280855
1.317441
1.317441
