1.257520
1.257520
1.397205
1.397205
1.343337
1.343337
1.258460
1.258460
1.066059
1.066059
1.319298
1.319298
1.181774
1.181774
1.306191
1.306191
1.128832
1.128832
1.304196
1.304196
1.395702
1.395702
1.223663
1.223663
1.279708
1.279708
1.309072
1.309072
1.159818
1.159818
1.064467
1.064467
1.238928
1.238928
1.256501
1.256501
1.128613
1.128613
1.349721
1.349721
1.392801
1.393091
1.392801
1.393091
1.343645
1.343645
1.166938
1.166938
1.388221
1.388221
1.173414
1.173414
1.190324
1.190324
1.386703
1.386703
1.397785
1.397785
1.378531
1.378531
1.310877
1.310877
1.306026
1.306026
1.225765
1.225765
1.334688
1.334688
1.195782
1.195782
1.212125
1.212125
1.135525
1.135525
1.210515
1.210515
1.074356
1.074356
1.369502
1.369502
1.321135
1.321135
1.381149
1.381149
1.372062
1.372062
1.079924
1.079924
1.385216
1.385216
1.378977
1.378977
1.311578
1.311578
1.307911
1.307911
1.237192
1.237192
1.289593
1.289593
1.137456
1.137456
1.225844
1.225844
1.093397
1.093397
1.396669
1.396669
1.146090
1.146090
1.230606
1.230606
1.398153
1.398153
1.366249
1.366249
1.336756
1.336756
1.164560
1.164560
1.343853
1.343853
1.399950
1.399950
1.028495
1.028495
1.365395
1.365395
1.181087
1.181087
1.290991
1.290991
1.256063
1.256063
1.391378
1.391378
1.231990
1.231990
1.341904
1.341904
1.368228
1.368228
1.227748
1.227748
1.207434
1.207434
1.248709
1.248709
1.367802
1.367802
1.399489
1.399489
1.216318
1.216318
1.381913
1.381913
1.391909
1.391909
1.346698
1.346698
1.286207
1.286207
1.118508
1.118508
1.332061
1.332061
1.379982
1.379982
1.344586
1.344586
1.296674
1.296674
1.298242
1.298242
1.321464
1.321464
1.181117
1.181117
1.118170
1.118170
1.342654
1.342654
1.165089
1.165089
1.295679
1.295679
1.170395
1.170395
1.199976
1.199976
1.138213
1.138213
1.300439
1.300439
1.319901
1.319901
1.118735
1.118735
1.134081
1.134081
1.196562
1.196562
1.223147
1.223147
1.357058
1.357058
1.291036
1.291036
1.345649
1.345649
1.388422
1.388422
1.223445
1.223445
1.307008
1.307008
1.332004
1.332004
1.240988
1.240988
1.290499
1.290499
