1.260803
1.260803
1.373277
1.373277
1.354455
1.354455
1.118166
1.118166
1.338133
1.338133
1.397308
1.397308
1.392487
1.392487
1.387643
1.387643
1.287339
1.287339
1.348311
1.348311
1.333501
1.333501
1.136514
1.136514
1.369673
1.369673
1.269766
1.269766
1.054704
1.054704
1.235536
1.235536
1.250805
1.250805
1.265136
1.265136
1.323682
1.323682
1.280063
1.280063
1.213734
1.213734
1.298894
1.298894
1.310160
1.310160
1.363794
1.363794
1.371348
1.371348
1.330520
1.330520
1.393782
1.393782
1.286412
1.286412
1.207697
1.207697
1.282746
1.282746
1.351720
1.351720
1.158598
1.158598
1.298710
1.298710
1.264047
1.264047
1.321734
1.321734
1.213806
1.213806
1.366850
1.366850
1.365605
1.365605
1.172580
1.172580
1.249233
1.249233
1.379081
1.379081
1.109998
1.109998
1.389735
1.389735
1.235429
1.235429
1.268951
1.268951
1.399047
1.399047
1.111231
1.111231
1.170266
1.170266
1.389559
1.389559
1.366701
1.366701
1.375001
1.375001
1.296112
1.296112
1.066703
1.066703
1.155735
1.155735
1.338881
1.338881
1.301581
1.301581
1.349436
1.349436
1.185339
1.185339
1.127574
1.127574
1.371428
1.371428
1.196986
1.196986
1.332864
1.332864
1.301704
1.301704
1.322650
1.322650
1.248142
1.248142
1.364709
1.364709
1.376475
1.376475
1.141932
1.141932
1.347285
1.347285
1.134414
1.134414
1.222797
1.222797
1.201261
1.201261
1.379287
1.379287
1.117734
1.117734
1.314053
1.314053
1.312378
1.312378
1.170008
1.170008
1.330593
1.330593
1.222607
1.222607
1.277790
1.277790
1.225867
1.225867
1.389845
1.389845
1.384963
1.384963
1.374287
1.374287
1.392219
1.392219
1.311175
1.311175
1.370148
1.370148
1.267717
1.267717
1.226044
1.226044
1.398848
1.398848
1.190539
1.190539
1.344446
1.344446
1.333504
1.333504
1.386391
1.386391
1.314545
1.314545
1.372576
1.372576
1.182239
1.182239
1.358172
1.358172
1.295360
1.295360
1.157105
1.157105
1.214499
1.214499
1.357355
1.357355
1.376391
1.376391
1.383634
1.383634
1.343121
1.343121
1.332463
1.332463
1.380562
1.380562
