1.037165
1.037165
1.380876
1.380876
1.381513
1.381513
1.343489
1.312840
1.312840
1.343489
1.338300
1.338300
1.318434
1.318434
1.213400
1.213400
1.209076
1.209076
1.360936
1.360936
1.163702
1.163702
1.160791
1.160791
1.233881
1.233881
1.363208
1.363208
1.239302
1.239302
1.089702
1.089702
1.229725
1.229725
1.286527
1.286527
1.363796
1.363796
1.385294
1.385294
1.389207
1.389207
1.282250
1.282250
1.149999
1.149999
1.078506
1.078506
1.365776
1.365776
1.152776
1.152776
1.317744
1.317744
1.347580
1.347580
1.234506
1.234506
1.182407
1.182407
1.176732
1.176732
1.182706
1.182706
1.348983
1.348983
1.319548
1.319548
1.216709
1.216709
1.268858
1.268858
1.396311
1.396311
1.303763
1.303763
1.295509
1.295509
1.286792
1.286792
1.259807
1.259807
1.269525
1.269525
1.241263
1.241263
1.342675
1.342675
1.359950
1.359950
1.399229
1.399229
1.083106
1.083106
1.332270
1.332270
1.271953
1.271953
1.104044
1.104044
1.332865
1.332865
1.193785
1.193785
1.178326
1.178326
1.343996
1.343996
1.129162
1.129162
1.192313
1.192313
1.356026
1.356026
1.299793
1.299793
1.308315
1.308315
1.259843
1.259843
1.359352
1.359352
1.203050
1.203050
1.375528
1.375528
1.187730
1.187730
1.331662
1.331662
1.349604
1.349604
1.385134
1.385134
1.279316
1.279316
1.206341
1.206341
1.301722
1.301722
1.293323
1.293323
1.246723
1.246723
1.305312
1.305312
1.299389
1.299389
