1.216496
1.216496
1.344829
1.344829
1.358904
1.358904
1.097040
1.097040
1.370140
1.370140
1.396375
1.281554
1.281554
1.396375
1.363390
1.363390
1.379377
1.379377
1.364502
1.292810
1.364502
1.292810
1.144976
1.144976
1.264239
1.264239
1.342123
1.342123
1.147561
1.147561
1.284975
1.284975
1.264118
1.264118
1.248960
1.248960
1.257923
1.257923
1.379986
1.379986
1.363268
1.363268
1.247373
1.367237
1.247373
1.367237
1.251542
1.251542
1.361783
1.361783
1.381199
1.381199
1.239718
1.346357
1.239718
1.346357
1.271894
1.271894
1.211124
1.211124
1.189977
1.189977
1.285659
1.285659
1.114512
1.114512
1.180911
1.180911
1.399538
1.117294
1.399538
1.117294
1.164558
1.164558
1.394981
1.394981
1.346809
1.346809
1.338907
1.196337
1.196337
1.338907
1.269967
1.269967
1.206843
1.206843
1.160432
1.160432
1.280568
1.280568
1.267341
1.267341
1.364724
1.364724
1.238738
1.238738
1.370364
1.370364
1.100386
1.100386
1.389446
1.389446
1.338684
1.338684
1.198347
1.275296
1.275296
1.198347
1.362724
1.362724
1.379638
1.379638
1.271222
1.271222
1.284868
1.284868
1.236541
1.236541
1.301474
1.301474
1.021154
1.021154
1.320497
1.320497
1.275678
1.275678
1.340039
1.378936
1.378936
1.340039
1.346287
1.346287
1.386852
1.386852
1.249061
1.249061
1.108339
1.108339
1.171196
1.171196
1.399624
1.399624
1.266148
1.266148
1.260351
1.260351
1.359052
1.359052
1.077233
1.077233
1.257364
1.257364
1.189884
1.189884
1.266844
1.266844
1.148003
1.148003
1.236596
1.236596
1.161412
1.161412
1.385860
1.385860
1.253670
1.253670
1.379058
1.379058
1.395357
1.395357
1.160825
1.160825
1.093277
1.093277
1.281170
1.390482
1.390482
1.281170
1.393949
1.393949
1.251413
1.251413
1.246960
1.246960
1.355451
1.355451
1.391681
1.391681
1.269737
1.269737
1.245833
1.245833
1.196026
1.196026
1.377732
1.377732
1.346995
1.346995
1.355154
1.355154
1.216001
1.216001
1.195688
1.195688
1.288088
1.288088
1.295706
1.295706
1.189260
1.189260
1.387854
1.387854
1.389963
1.389963
1.346743
1.346743
1.356114
1.356114
1.314460
1.314460
1.242805
1.242805
1.316688
1.316688
1.175171
1.175171
1.206107
1.206107
1.228286
1.228286
1.333421
1.333421
1.244093
1.244093
1.366869
1.366869
1.172864
1.172864
1.382710
1.382710
1.286434
1.286434
1.300320
1.300320
1.137270
1.137270
1.335696
1.335696
1.332101
1.332101
1.369070
1.369070
1.397311
1.397311
1.306583
1.306583
1.357432
1.357432
1.322581
1.322581
1.349256
1.349256
1.196203
1.196203
1.396404
1.396404
1.323239
1.323239
1.103507
1.103507
1.394755
1.394755
1.184192
1.184192
1.125778
1.125778
1.174533
1.174533
1.346932
1.346932
1.379878
1.379878
1.223863
1.223863
1.251615
1.251615
1.380816
1.380816
1.360482
1.360482
1.302095
1.302095
1.389051
1.389051
1.297062
1.297062
1.340847
1.340847
1.395953
1.395953
1.302348
1.302348
1.241455
1.241455
1.353641
1.353641
1.364216
1.364216
1.353551
1.353551
1.250189
1.250189
1.189837
1.189837
1.375169
1.375169
1.355489
1.355489
1.237395
1.237395
1.326045
1.326045
1.300803
1.300803
1.324927
1.314265
1.314265
1.324927
1.300803
1.300803
1.362268
1.362268
1.384566
1.384566
1.217910
1.217910
1.348170
1.348170
1.356594
1.356594
1.322924
1.322924
1.038373
1.343848
1.343848
1.038373
1.311544
1.311544
1.368700
1.368700
1.124790
1.124790
1.286924
1.286924
1.272493
1.272493
1.308605
1.308605
1.388023
1.388023
1.164037
1.164037
1.336702
1.336702
1.307895
1.307895
1.271411
1.271411
1.370482
1.370482
1.167787
1.167787
1.339115
1.339115
1.387479
1.387479
1.398625
1.398625
1.264698
1.264698
1.192434
1.192434
1.328870
1.328870
1.326471
1.326471
1.214068
1.214068
1.137099
1.137099
1.231056
1.231056
1.279302
1.279302
1.176467
1.176467
1.262650
1.262650
1.254727
1.254727
1.273309
1.273309
1.374547
1.374547
1.182767
1.182767
1.276139
1.276139
1.372018
1.372018
1.177289
1.177289
1.357120
1.357120
1.336994
1.336994
1.200623
1.200623
1.152172
1.152172
1.327275
1.327275
1.322127
1.322127
1.336858
1.336858
1.306400
1.306400
1.279959
1.279959
1.378881
1.378881
1.235741
1.235741
1.370687
1.370687
1.352370
1.352370
1.390437
1.390437
1.085689
1.085689
1.389554
1.389554
1.150926
1.150926
1.212903
1.212903
1.230473
1.230473
1.085930
1.085930
1.271654
1.271654
1.391715
1.391715
1.267679
1.267679
1.312182
1.312182
1.372814
1.372814
1.060559
1.060559
1.296109
1.296109
1.398413
1.398413
1.198066
1.198066
1.201886
1.201886
1.155002
1.155002
1.140435
1.140435
1.091802
1.091802
1.184627
1.184627
1.371615
1.371615
1.179729
1.179729
1.285011
1.285011
1.231893
1.231893
1.273801
1.273801
1.323174
1.323174
1.301264
1.301264
1.390356
1.390356
1.258304
1.258304
1.327055
1.327055
1.206912
1.206912
1.257327
1.257327
1.347975
1.347975
1.235817
1.235817
1.376731
1.376731
1.201210
1.201210
1.245541
1.245541
1.267869
1.267869
1.243412
1.243412
1.346383
1.346383
1.349030
1.349030
1.240678
1.240678
1.353289
1.353289
1.221315
1.221315
1.097855
1.097855
1.374199
1.374199
1.218296
1.218296
1.273669
1.273669
1.269270
1.269270
1.291986
1.291986
1.020434
1.020434
1.271062
1.271062
1.344329
1.344329
1.361223
1.361223
1.380445
1.380445
1.350150
1.350150
1.255341
1.255341
1.264589
1.264589
1.329944
1.329944
