1.361908
1.361908
1.335847
1.335847
1.215146
1.215146
1.127497
1.127497
1.283232
1.283232
1.094196
1.094196
1.078175
1.078175
1.346070
1.346070
1.307915
1.307915
1.302958
1.302958
1.396556
1.396556
1.315812
1.315812
1.392349
1.392349
1.307155
1.307155
1.330054
1.341396
1.341396
1.330054
1.387343
1.387343
1.285392
1.285392
1.342389
1.342389
1.247573
1.247573
1.056089
1.056089
1.338570
1.338570
1.351875
1.383424
1.383424
1.351875
1.059363
1.059363
1.185856
1.185856
1.378042
1.378042
1.322375
1.322375
1.232632
1.232632
1.208098
1.208098
1.166686
1.166686
1.306429
1.306429
1.328002
1.175780
1.328002
1.175780
1.384720
1.384720
1.364377
1.364377
1.362452
1.362452
1.252223
1.252223
1.352721
1.352721
1.049525
1.049525
1.270409
1.270409
1.267337
1.267337
1.305823
1.305823
1.337848
1.337848
1.350771
1.350771
1.178797
1.178797
1.303297
1.303297
1.174303
1.174303
1.398172
1.398172
1.251278
1.251278
1.342747
1.326132
1.326132
1.196207
1.196207
1.342747
1.361511
1.264503
1.264503
1.361511
1.357899
1.357899
1.204386
1.204386
1.133459
1.133459
1.200234
1.200234
1.277237
1.277237
1.333424
1.333424
1.343583
1.343583
1.326626
1.326626
1.340611
1.340611
1.235823
1.235823
1.359533
1.359533
1.357247
1.357247
1.396686
1.396686
1.368589
1.368589
1.295436
1.295436
1.252023
1.252023
1.176680
1.176680
1.264369
1.264369
1.173547
1.173547
1.283931
1.283931
1.317336
1.317336
1.314966
1.314966
1.089776
1.089776
1.324686
1.324686
1.360641
1.360641
1.220481
1.220481
1.386692
1.386692
1.337755
1.337755
1.224465
1.224465
1.286139
1.286139
1.235718
1.235718
1.394074
1.394074
1.391222
1.391222
1.316964
1.316964
1.353842
1.353842
1.329039
1.329039
1.387518
1.387518
1.388955
1.388955
1.253853
1.253853
1.396736
1.396736
1.300048
1.300048
1.252028
1.252028
1.397404
1.397404
1.109820
1.109820
1.305175
1.305175
1.398594
1.398594
1.353712
1.353712
1.246267
1.246267
1.217773
1.217773
1.205326
1.205326
1.162570
1.162570
1.313471
1.313471
1.149490
1.149490
1.346773
1.346773
1.369548
1.369548
1.238853
1.238853
1.203093
1.203093
1.156046
1.156046
1.334073
1.334073
1.359737
1.359737
1.319173
1.319173
1.243309
1.243309
1.252988
1.252988
1.294243
1.294243
1.399534
1.399534
1.242631
1.242631
1.061719
1.061719
1.203496
1.203496
1.347157
1.347157
1.308155
1.308155
1.288244
1.288244
1.397398
1.397398
1.330172
1.330172
1.147704
1.147704
1.088810
1.088810
1.361938
1.361938
1.308268
1.308268
1.287488
1.287488
1.218743
1.218743
1.297285
1.297285
1.322467
1.322467
1.174430
1.174430
1.391559
1.391559
1.392928
1.069052
1.392928
1.069052
1.124819
1.124819
1.257347
1.257347
1.294746
1.294746
1.332720
1.332720
1.155793
1.155793
1.279012
1.279012
1.171190
1.171190
1.394772
1.394772
1.299903
1.299903
1.383519
1.383519
1.266350
1.266350
1.131739
1.131739
1.180134
1.180134
1.262834
1.262834
1.100149
1.100149
1.360988
1.360988
1.349322
1.349322
1.349256
1.349256
1.382414
1.382414
1.335930
1.335930
1.176556
1.176556
1.389263
1.389263
1.395960
1.395960
1.180837
1.180837
1.385862
1.385862
1.180595
1.180595
1.267863
1.267863
1.243333
1.243333
1.326473
1.326473
1.342341
1.342341
1.274681
1.274681
1.294695
1.294695
1.308931
1.308931
1.043299
1.043299
1.265617
1.265617
1.363355
1.363355
1.303517
1.303517
1.173642
1.173642
1.344554
1.344554
1.247976
1.247976
1.265561
1.265561
1.339048
1.339048
1.393380
1.393380
1.295218
1.295218
1.397966
1.397966
1.052476
1.052476
1.150851
1.150851
1.203708
1.203708
1.260267
1.260267
1.311464
1.311464
1.397062
1.397062
1.392227
1.153535
1.392227
1.153535
1.374661
1.374661
1.393272
1.393272
1.112706
1.112706
1.187019
1.187019
1.116448
1.116448
1.335355
1.335355
1.333623
1.333623
1.275530
1.275530
1.272394
1.272394
1.241850
1.241850
1.305523
1.305523
1.389604
1.389604
1.051718
1.051718
1.281103
1.281103
1.345295
1.345295
1.352671
1.352671
1.274818
1.274818
1.315549
1.277029
1.277029
1.315549
1.228532
1.212437
1.228532
1.212437
1.341355
1.341355
1.284466
1.284466
1.263394
1.263394
1.319515
1.319515
1.357766
1.357766
1.337546
1.337546
1.296999
1.296999
1.321018
1.321018
1.372591
1.372591
1.203255
1.203255
1.153469
1.153469
1.225411
1.225411
1.354935
1.354935
1.310579
1.310579
1.117386
1.117386
1.277503
1.277503
1.383674
1.383674
1.367421
1.367421
1.303106
1.303106
1.305401
1.305401
1.161344
1.161344
1.110906
1.110906
1.358901
1.358901
1.303328
1.303328
1.363701
1.363701
1.353481
1.353481
1.248406
1.248406
1.335297
1.335297
1.313985
1.313985
1.144728
1.144728
1.392228
1.392228
1.131427
1.131427
1.371020
1.371020
1.350434
1.350434
1.247253
1.247253
1.281589
1.281589
1.121386
1.121386
1.369673
1.369673
1.165589
1.165589
1.279586
1.279586
1.386147
1.386147
1.268218
1.268218
1.362335
1.362335
1.375652
1.375652
1.263120
1.263120
1.201002
1.201002
1.067186
1.067186
1.278715
1.278715
1.090822
1.090822
1.237347
1.237347
1.339006
1.339006
1.246783
1.246783
1.268490
1.268490
1.341028
1.341028
1.379261
1.379261
1.326823
1.326823
1.220332
1.220332
1.339495
1.339495
1.267562
1.267562
1.263791
1.263791
1.392246
1.392932
1.392246
1.392932
1.235544
1.235544
1.315195
1.315195
1.381065
1.381065
1.135008
1.135008
1.370110
1.370110
1.237407
1.237407
1.149213
1.149213
1.319034
1.319034
1.370129
1.370129
1.379346
1.379346
1.114071
1.114071
1.363405
1.363405
1.389963
1.389963
1.174558
1.174558
1.395124
1.395124
1.383431
1.383431
1.289501
1.289501
1.203057
1.203057
1.369865
1.369865
1.121080
1.121080
1.367926
1.367926
1.145353
1.145353
1.313147
1.313147
1.389176
1.389176
1.172678
1.172678
1.255241
1.255241
1.296303
1.296303
1.279956
1.279956
1.322464
1.322464
1.340311
1.340311
1.374764
1.374764
1.133080
1.133080
1.390699
1.390699
1.267738
1.267738
1.257813
1.257813
1.286058
1.286058
1.339789
1.339789
1.370640
1.370640
1.233594
1.233594
1.349774
1.349774
1.370366
1.370366
1.256630
1.256630
