1.170746
1.170746
1.324968
1.324968
1.206819
1.206819
1.210912
1.210912
1.226830
1.226830
1.200812
1.200812
1.384415
1.331107
1.384415
1.331107
1.376337
1.376337
1.359487
1.359487
1.397263
1.397263
1.342902
1.342902
1.353937
1.353937
1.234989
1.234989
1.339432
1.339432
1.304227
1.304227
1.396598
1.396598
1.197089
1.197089
1.281283
1.281283
1.294474
1.294474
1.340699
1.340699
1.319927
1.319927
1.320730
1.320730
1.124331
1.369879
1.124331
1.369879
1.385096
1.385096
1.351669
1.104555
1.351669
1.104555
1.162016
1.162016
1.178814
1.178814
1.248809
1.248809
1.164088
1.164088
1.333026
1.333026
1.273228
1.273228
1.345381
1.345381
1.264187
1.264187
1.351665
1.351665
1.182647
1.182647
1.308008
1.308008
1.360593
1.360593
1.278489
1.278489
1.235824
1.235824
1.237077
1.237077
1.368597
1.368597
1.347256
1.347256
1.388114
1.388114
1.227896
1.227896
1.384423
1.384423
1.130047
1.130047
1.278758
1.148682
1.278758
1.148682
1.203947
1.203947
1.397867
1.397867
1.258343
1.258343
1.268659
1.268659
1.237586
1.237586
1.359048
1.359048
1.358214
1.358214
1.321341
1.321341
1.237540
1.237540
1.193857
1.193857
1.344487
1.344487
1.121317
1.121317
1.252208
1.252208
1.217296
1.217296
1.242921
1.242921
1.382933
1.382933
1.142961
1.142961
1.367668
1.367668
1.324956
1.324956
1.201012
1.201012
1.326024
1.326024
1.320746
1.320746
1.282213
1.282213
1.399111
1.399111
1.341263
1.341263
1.268107
1.268107
1.328089
1.328089
1.374405
1.374405
1.063880
1.063880
1.268563
1.268563
1.383016
1.383016
1.374505
1.374505
1.175232
1.175232
1.383455
1.383455
1.119376
1.119376
1.233539
1.233539
1.398729
1.398729
1.356761
1.356761
1.339179
1.339179
1.360442
1.368506
1.360442
1.368506
1.391505
1.391505
1.285488
1.285488
1.387972
1.387972
1.399765
1.399765
1.324268
1.324268
1.366802
1.366802
1.375255
1.375255
1.313688
1.313688
1.221424
1.388794
1.221424
1.388794
1.350120
1.350120
1.327607
1.327607
1.252783
1.252783
1.388230
1.388230
1.105782
1.105782
1.165174
1.165174
1.302407
1.302407
1.363739
1.363739
1.346242
1.346242
1.377889
1.377889
1.234565
1.234565
1.239850
1.239850
1.343145
1.343145
1.330010
1.330010
1.367842
1.367842
1.234933
1.234933
1.229309
1.229309
1.319090
1.319090
1.366902
1.366902
1.099103
1.099103
1.394343
1.394343
1.147860
1.147860
1.148599
1.260124
1.260124
1.148599
1.394614
1.394614
1.208003
1.208003
1.338704
1.338704
1.071526
1.071526
1.344449
1.344449
1.390291
1.390291
1.286347
1.286347
1.271141
1.271141
1.188626
1.188626
1.379566
1.379566
1.305280
1.305280
1.194497
1.194497
1.394167
1.394167
1.367979
1.367979
1.329707
1.329707
1.277800
1.277800
1.347077
1.347077
1.343233
1.343233
1.378941
1.378941
1.226767
1.226767
1.389366
1.389366
1.310849
1.310849
1.292771
1.292771
1.382705
1.382705
1.187167
1.187167
1.305804
1.305804
1.299855
1.299855
1.382953
1.382953
1.290218
1.290218
1.350270
1.350270
1.174702
1.174702
1.079125
1.079125
1.330620
1.330620
1.378202
1.378202
1.213285
1.213285
1.253323
1.253323
1.199353
1.199353
1.352008
1.295139
1.295139
1.352008
1.165408
1.165408
1.350538
1.350538
1.391032
1.391032
1.079600
1.079600
1.352711
1.352711
1.296403
1.296403
1.321276
1.321276
1.351483
1.351483
1.328544
1.328544
1.369460
1.369460
1.106682
1.106682
1.392285
1.392285
1.350606
1.350606
1.333634
1.333634
1.325174
1.325174
1.135046
1.135046
1.225488
1.225488
1.352632
1.352632
1.229818
1.229818
1.342715
1.342715
1.335519
1.335519
1.323509
1.323509
1.321627
1.321627
1.205678
1.205678
1.328983
1.328983
1.395227
1.395227
1.397352
1.397352
1.340064
1.340064
1.088371
1.088371
1.285944
1.285944
1.092595
1.092595
1.260966
1.260966
1.203842
1.203842
1.272263
1.272263
1.199098
1.199098
1.322545
1.322545
1.367143
1.367143
1.183695
1.183695
1.379829
1.379829
1.191888
1.191888
1.381597
1.381597
1.289723
1.289723
1.386324
1.386324
1.361909
1.361909
1.074904
1.074904
1.253845
1.253845
1.282092
1.282092
1.116654
1.116654
1.338283
1.338283
1.278038
1.278038
1.084521
1.250272
1.084521
1.250272
1.357224
1.357224
1.270648
1.270648
1.388750
1.388750
1.209727
1.209727
1.316219
1.316219
1.336261
1.336261
1.399413
1.399413
1.208959
1.208959
1.320791
1.320791
1.180724
1.180724
1.246828
1.246828
1.070735
1.070735
1.270753
1.270753
1.304938
1.304938
1.276398
1.276398
1.128978
1.128978
1.380374
1.380374
1.353533
1.353533
1.344000
1.344000
1.202437
1.202437
1.328340
1.328340
1.341265
1.341265
1.320991
1.320991
1.293093
1.293093
1.296139
1.296139
1.287968
1.287968
1.394851
1.394851
1.298112
1.298112
1.331968
1.331968
1.333610
1.333610
1.390032
1.390032
1.209046
1.209046
1.086890
1.086890
1.162200
1.162200
1.365289
1.365289
1.335143
1.335143
1.320187
1.320187
1.332922
1.332922
1.178957
1.178957
1.350814
1.350814
1.367852
1.367852
1.117036
1.117036
1.291447
1.291447
1.324692
1.324692
1.298866
1.298866
1.199161
1.199161
1.391086
1.391086
1.391137
1.391137
1.262595
1.262595
1.305641
1.305641
1.263809
1.263809
1.348649
1.348649
1.299817
1.299817
1.289308
1.289308
1.352221
1.352221
1.221438
1.221438
1.381715
1.381715
1.253139
1.253139
1.285267
1.285267
1.241557
1.241557
1.307018
1.307018
1.078718
1.078718
1.386316
1.386316
1.240997
1.240997
1.267115
1.267115
1.164211
1.164211
1.349349
1.349349
1.045636
1.045636
1.318259
1.318259
1.366853
1.366853
1.152794
1.152794
1.308764
1.308764
1.321664
1.321664
1.346098
1.346098
1.389601
1.389601
1.327973
1.327973
1.106790
1.106790
1.201491
1.201491
1.365209
1.365209
1.118804
1.118804
1.318374
1.318374
1.362918
1.362918
1.105972
1.105972
1.091795
1.091795
1.344558
1.344558
1.311155
1.311155
1.370173
1.370173
1.289321
1.289321
1.285614
1.285614
1.196136
1.196136
1.382386
1.382386
1.394468
1.394468
1.257318
1.257318
1.394088
1.394088
1.204105
1.204105
1.122756
1.122756
1.372374
1.372374
1.102777
1.102777
1.174608
1.174608
1.394501
1.394501
1.381031
1.381031
1.218921
1.218921
1.381662
1.381662
1.293168
1.293168
1.238720
1.238720
1.202684
1.202684
1.376609
1.376609
1.223012
1.223012
1.090759
1.090759
1.260152
1.260152
1.351424
1.351424
1.384586
1.384586
1.250361
1.250361
1.179702
1.179702
1.389002
1.389002
1.327494
1.327494
