1.365507
1.365507
1.321273
1.321273
1.390404
1.390404
1.361980
1.361980
1.232370
1.232370
1.084084
1.084084
1.118917
1.118917
1.365715
1.365715
1.217272
1.380897
1.380897
1.217272
1.374652
1.374652
1.379705
1.288512
1.379705
1.288512
1.070838
1.070838
1.396795
1.396795
1.229986
1.229986
1.373269
1.373269
1.315694
1.315694
1.155069
1.155069
1.177396
1.177396
1.297594
1.297594
1.270144
1.270144
1.386640
1.386640
1.156721
1.156721
1.185794
1.185794
1.363608
1.363608
1.368526
1.368526
1.269536
1.140138
1.269536
1.140138
1.365763
1.365763
1.170642
1.170642
1.352021
1.352021
1.368374
1.368374
1.350343
1.350343
1.354324
1.354324
1.245612
1.245612
1.297159
1.297159
1.342714
1.342714
1.320604
1.320604
1.110563
1.110563
1.217983
1.217983
1.296425
1.296425
1.277462
1.277462
1.340624
1.340624
1.393721
1.230294
1.356576
1.393721
1.230294
1.356576
1.073155
1.073155
1.381192
1.381192
1.220352
1.220352
1.141051
1.141051
1.283988
1.283988
1.186896
1.186896
1.370202
1.213763
1.396698
1.396698
1.370202
1.289870
1.289870
1.213763
1.366103
1.366103
1.297770
1.297770
1.129734
1.129734
1.213074
1.213074
1.149457
1.149457
1.349808
1.349808
1.250379
1.250379
1.059718
1.059718
1.050158
1.050158
1.117516
1.117516
1.148152
1.148152
1.073334
1.073334
1.256278
1.256278
1.355633
1.355633
1.212110
1.212110
1.251594
1.251594
1.387760
1.387760
1.172556
1.172556
1.308502
1.308502
1.397346
1.397346
1.221810
1.221810
1.231539
1.231539
1.251944
1.251944
1.058319
1.058319
1.275268
1.275268
1.237096
1.351547
1.351547
1.237096
1.329666
1.329666
1.145209
1.145209
1.321453
1.321453
1.338984
1.338984
1.367074
1.367074
1.260493
1.260493
1.368407
1.368407
1.093446
1.093446
1.313680
1.313680
1.300009
1.300009
1.277941
1.277941
1.257251
1.257251
1.304023
1.304023
1.340040
1.340040
1.116888
1.116888
1.360126
1.360126
1.304128
1.304128
1.188750
1.188750
1.179030
1.179030
1.082096
1.082096
1.289094
1.289094
1.358852
1.358852
1.349709
1.349709
1.329077
1.329077
1.134228
1.134228
1.245391
1.245391
1.171076
1.171076
1.058364
1.058364
1.335070
1.335070
1.317790
1.317790
1.258016
1.258016
1.157737
1.157737
1.243558
1.243558
1.294546
1.294546
1.312928
1.312928
1.083941
1.083941
1.246033
1.246033
1.395632
1.348333
1.348333
1.370162
1.395632
1.370162
1.321435
1.321435
1.390841
1.390841
1.390502
1.390502
1.096276
1.096276
1.389660
1.389660
1.360554
1.360554
1.310622
1.310622
1.321654
1.321654
1.135017
1.135017
1.193339
1.193339
1.297167
1.297167
1.200085
1.200085
1.235110
1.235110
1.273060
1.273060
1.105927
1.105927
1.257157
1.257157
1.397804
1.397804
1.185376
1.185376
1.326033
1.326033
1.374264
1.374264
1.349117
1.349117
1.050969
1.050969
1.143804
1.143804
1.275089
1.275089
1.332392
1.332392
1.303855
1.303855
1.239946
1.239946
1.106139
1.106139
1.074945
1.074945
1.127399
1.127399
1.367421
1.367421
1.317826
1.317826
1.339090
1.339090
1.327271
1.327271
1.118199
1.118199
1.272017
1.272017
1.228616
1.228616
1.190330
1.363460
1.363460
1.190330
1.275289
1.275289
1.383260
1.383260
1.147355
1.147355
1.336823
1.336823
1.301956
1.301956
1.350234
1.350234
1.134814
1.134814
1.303477
1.303477
1.223699
1.223699
1.263613
1.263613
1.320007
1.320007
1.387530
1.387530
1.325506
1.325506
1.399004
1.399004
1.162265
1.162265
1.390756
1.390756
1.372970
1.372970
1.397260
1.397260
1.349190
1.349190
1.185871
1.185871
1.369533
1.369533
1.138642
1.138642
1.225963
1.225963
1.359437
1.359437
1.314704
1.314704
1.222572
1.222572
1.328458
1.328458
1.164753
1.164753
1.393981
1.393981
1.212706
1.212706
1.230302
1.230302
1.398011
1.398011
1.162258
1.162258
1.277813
1.277813
1.316480
1.316480
1.307148
1.307148
1.399458
1.399458
1.249819
1.249819
1.358559
1.358559
1.331757
1.331757
1.353187
1.353187
1.371867
1.371867
1.333530
1.333530
1.276551
1.276551
1.042021
1.042021
1.371876
1.371876
1.396407
1.396407
1.290943
1.290943
1.234097
1.234097
1.391293
1.391293
1.126076
1.126076
1.399453
1.399453
1.392800
1.392800
1.324986
1.324986
1.114368
1.114368
1.119187
1.119187
1.290686
1.290686
1.378558
1.378558
1.394589
1.394589
1.156046
1.156046
1.257067
1.257067
1.382255
1.382255
1.255716
1.255716
1.383065
1.383065
1.363600
1.363600
1.268734
1.268734
1.360384
1.360384
1.146062
1.146062
1.356314
1.356314
1.360246
1.360246
1.391484
1.391484
1.370549
1.370549
1.310627
1.310627
1.351186
1.351186
1.280279
1.280279
1.094695
1.094695
1.180195
1.180195
1.283373
1.283373
1.382381
1.382381
1.284191
1.284191
1.296890
1.296890
1.318389
1.318389
1.381888
1.381888
1.162869
1.162869
1.241277
1.241277
1.214986
1.214986
1.299255
1.299255
1.195042
1.195042
1.342116
1.210792
1.342116
1.210792
1.345899
1.345899
1.275458
1.275458
1.211128
1.211128
1.349452
1.088029
1.088029
1.349452
1.262755
1.262755
1.365853
1.365853
1.292702
1.292702
1.110023
1.110023
1.389051
1.389051
1.340242
1.340242
1.315749
1.315749
1.268755
1.268755
1.365567
1.365567
1.371253
1.371253
1.218326
1.218326
1.317774
1.317774
1.342985
1.342985
1.392736
1.392736
1.337166
1.337166
1.319149
1.319149
1.356635
1.356635
1.390361
1.390361
1.389472
1.389472
1.217253
1.217253
1.260418
1.260418
1.351191
1.313190
1.351191
1.313190
1.314396
1.314396
1.225391
1.225391
1.327136
1.327136
1.172311
1.172311
1.106245
1.106245
1.149089
1.149089
1.218050
1.218050
1.374145
1.374145
1.359272
1.359272
1.339952
1.339952
1.345287
1.345287
1.248280
1.248280
1.375157
1.375157
1.168944
1.168944
1.293680
1.293680
1.303894
1.303894
1.365638
1.365638
1.195604
1.195604
1.377051
1.377051
1.325065
1.325065
1.379945
1.379945
1.274529
1.274529
1.389971
1.389971
1.295085
1.295085
1.319846
1.319846
1.311015
1.311015
1.393219
1.393219
1.125119
1.125119
1.267525
1.267525
1.357532
1.216884
1.216884
1.357532
1.264029
1.264029
1.330648
1.330648
1.217845
1.217845
1.149294
1.149294
1.175735
1.175735
1.341231
1.341231
1.375304
1.375304
1.253442
1.253442
1.274955
1.274955
1.162605
1.162605
1.336152
1.336152
1.394285
1.394285
1.094475
1.094475
1.231958
1.231958
1.353214
1.353214
1.347690
1.347690
1.389025
1.389025
1.307262
1.307262
1.027781
1.027781
1.312498
1.312498
1.025307
1.025307
1.211879
1.211879
1.348381
1.348381
1.331316
1.331316
1.299184
1.299184
1.093984
1.093984
1.326302
1.326302
1.380791
1.380791
1.381154
1.381154
1.351484
1.351484
1.350274
1.350274
1.087548
1.087548
1.392938
1.392938
1.285001
1.285001
1.143084
1.143084
1.340355
1.340355
1.098254
1.098254
1.340718
1.340718
1.360679
1.360679
1.252013
1.252013
1.294712
1.294712
1.241249
1.241249
1.144541
1.144541
1.318512
1.318512
1.345136
1.345136
1.385056
1.385056
1.347828
1.347828
1.057572
1.057572
1.205956
1.205956
1.227165
1.227165
1.275981
1.275981
1.345867
1.345867
1.336632
1.336632
1.295205
1.295205
1.261392
1.261392
1.229242
1.229242
1.386280
1.386280
