1.135373
1.135373
1.245523
1.245523
1.273710
1.273710
1.315343
1.315343
1.274743
1.274743
1.258311
1.258311
1.244164
1.244164
1.247775
1.247775
1.297189
1.297189
1.385526
1.387000
1.387000
1.385526
1.316021
1.316021
1.309888
1.309888
1.182747
1.182747
1.212245
1.212245
1.387873
1.387873
1.386490
1.386490
1.326173
1.326173
1.361073
1.361073
1.316269
1.316269
1.288505
1.288505
1.176173
1.258348
1.176173
1.258348
1.319162
1.319162
1.334348
1.334348
1.220382
1.394271
1.394271
1.220382
1.359916
1.122541
1.122541
1.359916
1.384520
1.384520
1.247588
1.247588
1.062075
1.062075
1.382222
1.382222
1.070681
1.070681
1.080937
1.080937
1.272368
1.272368
1.182987
1.182987
1.281274
1.281274
1.394679
1.394679
1.319616
1.319616
1.330032
1.330032
1.324305
1.324305
1.207298
1.207298
1.364362
1.364362
1.220596
1.220596
1.183139
1.183139
1.187902
1.187902
1.303996
1.303996
1.308794
1.308794
1.340667
1.340667
1.170829
1.170829
1.307510
1.307510
1.253817
1.253817
1.391657
1.391657
1.188853
1.188853
1.161230
1.161230
1.307850
1.307850
1.336553
1.347429
1.347429
1.336553
1.286896
1.286896
1.371114
1.371114
1.388376
1.388376
1.384563
1.384563
1.355317
1.355317
1.335633
1.335633
1.255679
1.255679
1.208926
1.208926
1.360224
1.360224
1.264493
1.264493
1.341134
1.341134
1.358515
1.358515
1.335466
1.335466
1.341435
1.341435
1.327699
1.327699
1.392874
1.392874
1.394420
1.394420
1.252599
1.252599
1.352129
1.352129
1.158179
1.158179
1.293754
1.293754
1.263811
1.263811
1.368566
1.368566
1.357148
1.357148
1.166654
1.166654
1.209707
1.209707
1.045096
1.045096
1.292945
1.292945
1.089605
1.089605
1.299841
1.299841
1.367322
1.367322
1.122075
1.122075
1.369597
1.369597
1.200090
1.200090
1.323673
1.323673
1.091156
1.091156
1.267642
1.267642
1.361259
1.361259
1.251901
1.251901
1.112169
1.112169
1.146223
1.146223
1.251588
1.251588
1.226302
1.226302
1.251830
1.251830
1.179467
1.179467
1.307178
1.307178
1.382722
1.382722
1.369622
1.369622
1.368228
1.368228
1.162751
1.162751
1.185050
1.185050
1.367547
1.367547
1.373322
1.373322
1.381427
1.381427
1.211604
1.269223
1.269223
1.211604
1.182575
1.182575
1.335502
1.335502
1.322172
1.322172
1.169481
1.169481
1.378946
1.378946
1.263334
1.263334
1.170450
1.170450
1.392205
1.392205
1.258404
1.258404
1.073247
1.073247
1.111758
1.111758
1.167146
1.288705
1.167146
1.288705
1.347888
1.347888
1.160672
1.160672
1.298868
1.298868
1.284176
1.284176
1.371645
1.371645
1.334740
1.334740
1.317018
1.317018
1.323056
1.323056
1.233629
1.233629
1.172929
1.172929
1.254203
1.254203
1.359664
1.359664
1.289211
1.289211
1.284944
1.284944
1.364680
1.364680
1.312320
1.312320
1.378940
1.378940
1.292830
1.292830
1.290004
1.290004
1.335439
1.335439
1.100401
1.100401
1.265696
1.265696
1.365085
1.351834
1.365085
1.351834
1.391722
1.391722
1.399004
1.399004
1.361145
1.361145
1.278179
1.278179
1.117555
1.117555
1.390285
1.390285
1.142768
1.142768
1.311125
1.311125
1.365765
1.365765
1.389720
1.253869
1.253869
1.389720
1.206425
1.206425
1.304705
1.304705
1.108814
1.108814
1.391297
1.391297
1.182045
1.182045
1.224481
1.224481
1.233855
1.233855
1.298820
1.298820
1.345984
1.345984
1.189232
1.189232
1.117613
1.117613
1.346714
1.346714
1.338285
1.338285
1.286094
1.286094
1.338432
1.338432
1.182569
1.182569
1.309457
1.309457
1.300147
1.300147
1.255993
1.255993
1.397180
1.397180
1.368416
1.368416
1.199775
1.199775
1.393969
1.393969
1.301863
1.301863
1.379922
1.379922
1.331991
1.331991
1.259545
1.259545
1.352693
1.352693
1.153065
1.153065
1.356496
1.356496
1.226827
1.226827
1.225497
1.225497
1.236487
1.236487
1.361364
1.361364
1.334066
1.334066
1.290281
1.290281
1.251115
1.251115
1.304006
1.304006
1.324385
1.324385
1.332333
1.332333
1.323232
1.323232
1.256038
1.256038
1.278237
1.278237
1.228951
1.228951
1.318123
1.318123
1.269645
1.269645
1.387479
1.387479
1.050210
1.050210
1.349409
1.349409
1.200430
1.200430
1.055378
1.055378
1.313316
1.313316
1.330896
1.330896
1.376026
1.376026
1.361493
1.361493
1.275587
1.275587
1.213524
1.213524
1.300177
1.300177
1.197071
1.197071
1.352281
1.352281
1.387340
1.387340
1.059749
1.059749
1.306571
1.306571
1.279663
1.279663
1.206576
1.206576
1.230425
1.230425
1.114093
1.114093
1.189985
1.189985
1.382688
1.382688
1.374539
1.374539
1.345406
1.345406
1.388490
1.388490
1.130470
1.130470
1.355377
1.355377
1.251011
1.251011
1.293602
1.293602
1.217388
1.217388
1.158771
1.158771
1.335257
1.335257
1.353723
1.353723
1.301739
1.301739
1.241551
1.241551
1.340773
1.340773
1.383411
1.383411
1.246176
1.246176
1.263714
1.263714
1.387380
1.387380
1.234157
1.234157
1.285002
1.285002
1.318096
1.318096
1.376348
1.376348
1.080857
1.080857
1.295609
1.295609
1.161886
1.161886
1.305079
1.305079
1.166435
1.166435
1.322867
1.322867
1.352064
1.352064
1.388401
1.388401
1.188156
1.188156
1.392492
1.392492
1.326256
1.326256
1.184373
1.184373
1.245237
1.245237
1.216815
1.216815
1.366715
1.366715
1.335895
1.335895
1.374597
1.374597
1.226145
1.226145
1.324139
1.324139
1.356113
1.356113
1.046628
1.046628
1.254848
1.254848
1.338752
1.338752
1.398984
1.398984
1.333852
1.333852
1.173342
1.173342
1.065009
1.065009
1.189565
1.189565
1.377250
1.377250
1.380847
1.380847
1.307029
1.307029
1.295958
1.295958
1.082016
1.082016
1.392023
1.392023
1.206027
1.206027
1.105810
1.105810
1.251067
1.251067
1.288696
1.288696
1.359443
1.359443
1.255040
1.255040
1.328501
1.328501
1.281529
1.281529
1.365227
1.365227
1.256101
1.256101
1.397714
1.397714
1.280154
1.280154
1.305520
1.305520
1.304874
1.304874
1.149022
1.149022
1.131005
1.131005
1.385623
1.385623
1.131579
1.131579
1.397639
1.397639
1.382940
1.382940
1.329176
1.329176
1.340928
1.340928
1.388231
1.388231
1.362562
1.362562
1.373205
1.373205
1.284242
1.284242
1.268090
1.268090
1.305175
1.305175
1.075826
1.075826
1.373500
1.373500
1.330484
1.330484
1.354308
1.354308
1.370923
1.370923
1.241420
1.241420
1.362405
1.362405
1.167625
1.167625
1.173215
1.173215
1.204331
1.204331
1.398632
1.398632
1.355755
1.355755
1.349305
1.349305
1.240459
1.240459
1.205705
1.205705
1.338733
1.338733
1.223287
1.223287
1.370046
1.370046
1.361481
1.361481
