1.211774
1.211774
1.348048
1.348048
1.202370
1.234569
1.234569
1.202370
1.367675
1.368611
1.368611
1.367675
1.257024
1.257024
1.304330
1.304330
1.382763
1.382763
1.326339
1.326339
1.286317
1.286317
1.369074
1.369074
1.339112
1.339112
1.363542
1.363542
1.317990
1.317990
1.274097
1.274097
1.396074
1.396074
1.249753
1.249753
1.343639
1.343639
1.249641
1.313373
1.249641
1.397386
1.397386
1.313373
1.290399
1.290399
1.376161
1.376161
1.326651
1.290740
1.326651
1.290740
1.290802
1.314237
1.290802
1.314237
1.251054
1.251054
1.267920
1.267920
1.382184
1.382184
1.333879
1.333879
1.261936
1.261936
1.105871
1.105871
1.188582
1.188582
1.307856
1.307856
1.351147
1.351147
1.363749
1.363749
1.137123
1.137123
1.353934
1.353934
1.303157
1.303157
1.320871
1.320871
1.271663
1.271663
1.226659
1.226659
1.381128
1.381128
1.219132
1.219132
1.380032
1.380032
1.344777
1.344777
1.312227
1.278984
1.278984
1.312227
1.374622
1.374622
1.311919
1.311919
1.036283
1.036283
1.244643
1.244643
1.220879
1.220879
1.375877
1.375877
1.249632
1.249632
1.219802
1.219802
1.380107
1.380107
1.239723
1.239723
1.300605
1.300605
1.260844
1.260844
1.374910
1.374910
1.363846
1.090669
1.090669
1.363846
1.376583
1.376583
1.207733
1.207733
1.369523
1.369523
1.341004
1.341004
1.114454
1.114454
1.381430
1.381430
1.297323
1.297323
1.303330
1.303330
1.093165
1.093165
1.327108
1.327108
1.323413
1.323413
1.331181
1.331181
1.361526
1.361526
1.265225
1.265225
1.379331
1.379331
1.319764
1.319764
1.378476
1.378476
1.329890
1.329890
1.216952
1.216952
1.160580
1.160580
1.050681
1.050681
1.385572
1.385572
1.385379
1.385379
1.218274
1.399090
1.399090
1.218274
1.248324
1.248324
1.359536
1.359536
1.043775
1.043775
1.057565
1.057565
1.267588
1.267588
1.146934
1.146934
1.317396
1.317396
1.322193
1.319101
1.322193
1.319101
1.326553
1.326553
1.370407
1.370407
1.393797
1.393797
1.370095
1.370095
1.161033
1.161033
1.365201
1.365201
1.049009
1.049009
1.387402
1.387402
1.288221
1.288221
1.348373
1.348373
1.303726
1.303726
1.347433
1.347433
1.366159
1.366159
1.375962
1.375962
1.378320
1.378320
1.093957
1.093957
1.357486
1.357486
1.140119
1.140119
1.337457
1.337457
1.330636
1.330636
1.019519
1.019519
1.273984
1.273984
1.379139
1.379139
1.374587
1.374587
1.292549
1.292549
1.166713
1.166713
1.304712
1.304712
1.379505
1.379505
1.332968
1.332968
1.368198
1.368198
1.338134
1.338134
1.367089
1.367089
1.380075
1.380075
1.374121
1.374121
1.385253
1.385253
1.348969
1.348969
1.374282
1.374282
1.307929
1.307929
1.280201
1.280201
1.365471
1.365471
1.366553
1.366553
1.363066
1.363066
1.335005
1.335005
1.377120
1.377120
1.164028
1.164028
1.272321
1.272321
1.307619
1.307619
1.247624
1.247624
1.268110
1.268110
1.296654
1.296654
1.351475
1.351475
1.078870
1.212169
1.212169
1.078870
1.379686
1.379686
1.338712
1.338712
1.102017
1.102017
1.282799
1.282799
1.206144
1.206144
1.371923
1.371923
1.341017
1.341017
1.082554
1.082554
1.365770
1.365770
1.260681
1.260681
1.399440
1.399440
1.341233
1.341233
1.376404
1.376404
1.386581
1.386581
1.269611
1.269611
1.173163
1.173163
1.241711
1.241711
1.180396
1.180396
1.362401
1.362401
1.154143
1.154143
1.335042
1.335042
1.231952
1.231952
1.329351
1.329351
1.278705
1.278705
1.225831
1.225831
1.237193
1.237193
1.337632
1.337632
1.324602
1.324602
1.253365
1.253365
1.223832
1.223832
1.399224
1.399224
1.319230
1.319230
1.114194
1.114194
1.388976
1.388976
1.160969
1.160969
1.311995
1.311995
1.380693
1.380693
1.254015
1.254015
1.059507
1.059507
1.312652
1.312652
1.207004
1.207004
1.353555
1.353555
1.150935
1.150935
1.138709
1.138709
1.322048
1.322048
1.327039
1.327039
1.372597
1.372597
1.374655
1.374655
1.287272
1.287272
1.383719
1.383719
1.120934
1.120934
1.344467
1.344467
1.302737
1.302737
1.180071
1.180071
1.295292
1.295292
1.129939
1.129939
1.303501
1.303501
1.326241
1.326241
1.029059
1.029059
1.021072
1.021072
1.397492
1.397492
1.136829
1.136829
1.395290
1.395290
1.350455
1.282983
1.350455
1.282983
1.133632
1.133632
1.352522
1.352522
1.366604
1.366604
1.328884
1.328884
1.085621
1.085621
1.316150
1.316150
1.365141
1.365141
1.285509
1.285509
1.399140
1.399140
1.354198
1.354198
1.359328
1.359328
1.399276
1.399276
1.304446
1.304446
1.357246
1.357246
1.236641
1.236641
1.093928
1.093928
1.379100
1.379100
1.275433
1.275433
1.295751
1.295751
1.262333
1.262333
1.314782
1.314782
1.397522
1.397522
1.340654
1.340654
1.229926
1.229926
1.105886
1.105886
1.376485
1.376485
1.075812
1.075812
1.371448
1.371448
1.362445
1.362445
1.370048
1.370048
1.318638
1.318638
1.330990
1.330990
1.306132
1.306132
1.260107
1.260107
1.393930
1.393930
1.381262
1.381262
1.232572
1.232572
1.115485
1.115485
1.320347
1.320347
1.166159
1.166159
1.322339
1.322339
1.257881
1.257881
1.368547
1.368547
1.384305
1.384305
1.282711
1.282711
1.265301
1.111022
1.265301
1.111022
1.207707
1.207707
1.353847
1.353847
1.071392
1.071392
1.333825
1.333825
1.348833
1.348833
1.391233
1.391233
1.369836
1.369836
1.347849
1.347849
1.369605
1.369605
1.285705
1.285705
1.382107
1.382107
1.191484
1.191484
1.354989
1.354989
1.387621
1.387621
1.313530
1.313530
1.077353
1.077353
1.143374
1.143374
1.208917
1.208917
1.343374
1.343374
1.296884
1.296884
1.322173
1.322173
1.207354
1.207354
1.395939
1.395939
1.092159
1.092159
1.378691
1.378691
1.277190
1.277190
1.386131
1.386131
1.290868
1.290868
1.337685
1.337685
1.323632
1.323632
1.324422
1.324422
1.336086
1.336086
1.204087
1.204087
1.392845
1.392845
1.158055
1.158055
1.131753
1.131753
1.389392
1.389392
1.306216
1.306216
1.286467
1.286467
1.230925
1.230925
1.333031
1.333031
1.368353
1.368353
1.298872
1.298872
1.346614
1.346614
1.205787
1.205787
1.291886
1.291886
1.330206
1.330206
1.321214
1.321214
1.215598
1.215598
1.249632
1.249632
1.378765
1.378765
1.388828
1.388828
1.229555
1.229555
1.144146
1.144146
1.312541
1.312541
1.234895
1.234895
1.311882
1.311882
1.389139
1.389139
1.385215
1.385215
1.337542
1.337542
1.361817
1.361817
1.321653
1.321653
1.017011
1.017011
1.365094
1.365094
1.288510
1.288510
1.227377
1.227377
1.120111
1.120111
1.366999
1.366999
1.349907
1.349907
1.314202
1.314202
1.101517
1.101517
1.397479
1.397479
1.290139
1.290139
1.229021
1.229021
1.353978
1.353978
1.394520
1.394520
1.166434
1.166434
1.314200
1.314200
1.341943
1.341943
1.291689
1.291689
1.287072
1.287072
1.392936
1.392936
1.342846
1.342846
1.123118
1.123118
1.387787
1.387787
1.284491
1.284491
1.394509
1.394509
1.385773
1.385773
1.201091
1.201091
1.386133
1.386133
1.134742
1.134742
1.338073
1.338073
1.161075
1.161075
1.241448
1.241448
1.349812
1.349812
1.323579
1.323579
1.345292
1.345292
1.179655
1.179655
1.180339
1.180339
1.340214
1.340214
1.347171
1.347171
1.347259
1.347259
1.270036
1.270036
1.347149
1.347149
1.368218
1.368218
1.327564
1.327564
1.190428
1.190428
1.075294
1.304340
1.304340
1.075294
1.398166
1.398166
1.343633
1.343633
1.310878
1.310878
1.156921
1.156921
1.126941
1.126941
1.117024
1.117024
1.336865
1.336865
1.297025
1.297025
1.243274
1.243274
1.390286
1.390286
1.092599
1.092599
1.364163
1.364163
1.151415
1.151415
