1.119584
1.119584
1.390078
1.390078
1.246343
1.246343
1.265382
1.265382
1.289993
1.289993
1.363598
1.363598
1.281654
1.281654
1.299204
1.299204
1.218625
1.218625
1.300652
1.300652
1.240698
1.240698
1.295797
1.295797
1.242608
1.242608
1.244249
1.244249
1.304217
1.304217
1.390824
1.390824
1.192036
1.192036
1.357046
1.357046
1.359472
1.359472
1.305880
1.305880
1.352623
1.352623
1.376538
1.376538
1.319917
1.319917
1.348104
1.348104
1.350362
1.350362
1.381584
1.381584
1.394958
1.394958
1.162472
1.162472
1.242155
1.242155
1.313495
1.313495
1.357029
1.357029
1.204500
1.204500
1.344150
1.344150
1.236518
1.236518
1.162126
1.162126
1.369099
1.369099
1.285426
1.285426
1.347879
1.347879
1.329768
1.329768
1.260620
1.260620
1.176638
1.176638
1.389924
1.389924
1.157545
1.338047
1.338047
1.157545
1.320973
1.320973
1.302794
1.302794
1.320481
1.320481
1.234014
1.234014
1.379335
1.379335
1.364755
1.364755
1.342151
1.342151
1.316412
1.316412
1.294275
1.294275
1.367843
1.367843
1.353011
1.353011
1.293883
1.293883
1.255389
1.255389
1.298361
1.298361
1.370220
1.370220
1.365811
1.365811
1.184155
1.184155
1.291039
1.291039
1.295800
1.295800
1.257561
1.257561
1.260677
1.260677
1.272579
1.272579
1.390506
1.204079
1.390506
1.204079
1.297094
1.297094
1.393501
1.393501
1.391494
1.391494
1.382835
1.382835
1.127607
1.127607
1.341833
1.341833
1.383977
1.383977
1.151105
1.151105
1.262842
1.262842
1.244875
1.244875
1.303230
1.303230
1.317386
1.317386
1.370417
1.370417
1.384765
1.384765
1.257517
1.257517
1.398377
1.398377
1.343635
1.343635
1.363457
1.363457
1.031003
1.031003
1.191338
1.191338
1.264265
1.264265
1.376692
1.376692
1.313891
1.313891
1.282591
1.282591
1.334767
1.339026
1.339026
1.334767
1.055734
1.055734
1.367845
1.367845
1.186494
1.186494
1.297635
1.297635
1.281763
1.281763
1.308575
1.308575
1.289039
1.289039
1.332081
1.332081
1.345346
1.345346
1.359326
1.388594
1.388594
1.359326
1.227358
1.167987
1.167987
1.227358
1.241047
1.241047
1.185754
1.185754
1.380800
1.380800
1.052707
1.052707
1.133406
1.133406
1.307256
1.307256
1.292003
1.292003
1.362679
1.362679
1.177050
1.177050
1.254321
1.254321
1.340527
1.340527
1.251245
1.251245
1.358592
1.358592
1.368722
1.368722
1.365152
1.365152
1.295608
1.295608
1.317460
1.317460
1.159611
1.159611
1.176425
1.176425
1.248384
1.248384
1.302313
1.302313
1.196304
1.196304
1.313534
1.313534
1.267348
1.267348
1.279213
1.279213
1.072260
1.072260
1.276090
1.276090
1.201389
1.201389
1.383001
1.383001
1.339123
1.339123
1.124815
1.124815
1.228268
1.228268
1.172457
1.172457
1.344311
1.344311
1.243730
1.243730
1.271578
1.271578
1.117761
1.117761
1.211440
1.211440
1.367656
1.367656
1.313499
1.313499
1.130402
1.130402
1.208352
1.208352
1.233496
1.233496
1.333307
1.333307
1.285817
1.285817
1.278410
1.278410
1.303529
1.303529
1.217743
1.217743
1.387507
1.387507
1.177039
1.177039
1.377291
1.377291
1.397722
1.397722
1.061584
1.061584
1.250064
1.250064
1.215525
1.215525
1.135143
1.135143
1.212293
1.212293
1.094878
1.094878
1.235816
1.235816
1.248295
1.248295
1.175004
1.175004
1.346477
1.346477
1.394150
1.394150
1.187325
1.187325
1.348747
1.348747
1.145446
1.145446
1.071517
1.071517
1.160208
1.160208
1.200818
1.200818
1.313728
1.313728
1.282053
1.282053
1.221597
1.221597
1.241924
1.241924
1.030193
1.030193
1.117207
1.117207
1.106392
1.106392
1.368612
1.368612
1.254978
1.254978
1.395295
1.395295
1.358908
1.358908
1.226162
1.226162
1.378355
1.378355
1.164846
1.164846
1.062317
1.062317
1.181285
1.181285
1.291360
1.291360
1.306476
1.306476
1.350440
1.350440
1.373355
1.373355
1.371775
1.371775
1.049065
1.049065
1.334767
1.334767
1.391439
1.391439
1.341018
1.341018
1.336526
1.336526
1.182474
1.182474
1.209977
1.209977
1.339457
1.339457
1.304374
1.304374
1.033024
1.033024
1.370167
1.370167
1.383756
1.383756
1.300158
1.300158
1.346518
1.346518
1.349956
1.349956
1.356653
1.356653
1.160517
1.160517
1.345148
1.345148
1.247839
1.247839
1.129569
1.129569
1.200928
1.200928
1.398787
1.398787
1.319099
1.319099
1.098617
1.098617
1.338602
1.338602
1.200452
1.200452
1.118150
1.118150
1.392991
1.392991
1.288196
1.288196
1.369052
1.369052
1.274668
1.274668
1.290871
1.290871
1.320543
1.320543
1.367527
1.367527
1.358424
1.358424
1.096856
1.096856
1.208526
1.208526
1.244180
1.244180
1.181669
1.181669
1.192179
1.192179
1.264771
1.264771
1.329343
1.329343
1.179042
1.179042
1.276139
1.276139
1.392895
1.392895
1.187932
1.187932
1.254262
1.254262
1.387189
1.387189
1.369035
1.369035
1.237508
1.237508
1.281266
1.281266
1.380122
1.380122
1.195294
1.195294
1.391954
1.391954
1.369547
1.369547
1.259961
1.259961
1.261660
1.261660
1.195983
1.195983
1.050497
1.050497
1.384910
1.384910
1.374844
1.374844
1.387323
1.387323
1.390861
1.390861
1.399666
1.399666
1.149911
1.149911
1.328787
1.328787
1.163229
1.163229
1.310535
1.310535
1.148111
1.148111
1.182856
1.182856
1.368057
1.368057
1.221724
1.221724
1.367152
1.367152
1.332451
1.332451
1.356832
1.356832
1.389145
1.389145
1.398903
1.398903
1.386945
1.386945
1.275083
1.275083
1.353183
1.353183
1.393354
1.393354
1.158236
1.158236
1.386235
1.386235
1.305091
1.305091
1.377834
1.377834
1.330079
1.330079
1.187292
1.187292
1.347253
1.347253
1.205034
1.205034
1.342521
1.342521
1.281424
1.281424
1.233601
1.233601
1.383081
1.383081
1.369857
1.369857
1.168716
1.168716
1.238263
1.238263
1.361664
1.361664
1.361977
1.361977
1.104997
1.104997
1.338957
1.338957
1.068136
1.068136
1.329048
1.329048
1.287077
1.287077
