1.393753
1.393753
1.387339
1.387339
1.334542
1.334542
1.378963
1.378963
1.351149
1.351149
1.310701
1.310701
1.194730
1.194730
1.222687
1.222687
1.387427
1.387427
1.166057
1.166057
1.313312
1.313312
1.135875
1.135875
1.136601
1.136601
1.169351
1.169351
1.281194
1.281194
1.399486
1.399486
1.268822
1.268822
1.363474
1.363474
1.213670
1.213670
1.238841
1.238841
1.201093
1.201093
1.281713
1.281713
1.382192
1.382192
1.370969
1.370969
1.332529
1.332529
1.371341
1.371341
1.390641
1.390641
1.087566
1.087566
1.166306
1.166306
1.274205
1.274205
1.048894
1.301470
1.048894
1.301470
1.321792
1.321792
1.364228
1.364228
1.151236
1.151236
1.365600
1.365600
1.358275
1.358275
1.365550
1.365550
1.159808
1.159808
1.108938
1.108938
1.138770
1.138770
1.355155
1.355155
1.306607
1.306607
1.226038
1.226038
1.283805
1.283805
1.383832
1.383832
1.391681
1.391681
1.393394
1.393394
1.230322
1.230322
1.222961
1.222961
1.193436
1.193436
1.256009
1.256009
1.351772
1.351772
1.393435
1.393435
1.390384
1.390384
1.019868
1.019868
1.338190
1.338190
1.394685
1.394685
1.337812
1.397351
1.337812
1.397351
1.123993
1.123993
1.201170
1.201170
1.391099
1.391099
1.316997
1.258116
1.258116
1.316997
1.309799
1.309799
1.166544
1.166544
1.315883
1.315883
1.289003
1.184709
1.289003
1.184709
1.383164
1.383164
1.310384
1.310384
1.082386
1.082386
1.304391
1.304391
1.321287
1.160453
1.321287
1.160453
1.332473
1.332473
1.299609
1.299609
1.172710
1.172710
1.112751
1.112751
1.253430
1.259958
1.253430
1.259958
1.399152
1.399152
1.199169
1.199169
1.397922
1.397922
1.303428
1.303428
1.364302
1.364302
1.217168
1.217168
1.255534
1.255534
1.375444
1.375444
1.240331
1.240331
1.214469
1.214469
1.240623
1.240623
1.090338
1.090338
1.137956
1.137956
1.231841
1.231841
1.026220
1.026220
1.355116
1.355116
1.175800
1.175800
1.357393
1.262675
1.262675
1.357393
1.377470
1.377470
1.188664
1.188664
1.138836
1.138836
1.394282
1.394282
1.190930
1.190930
1.385702
1.385702
1.340997
1.340997
1.278639
1.278639
1.394282
1.394282
1.378517
1.378517
1.395334
1.395334
1.226893
1.226893
1.278639
1.278639
1.385930
1.385930
1.353262
1.353262
1.362296
1.362296
1.276028
1.276028
1.256841
1.256841
1.277256
1.277256
1.374977
1.374977
1.369218
1.369218
1.361789
1.361789
1.329888
1.267038
1.267038
1.329888
1.334107
1.334107
1.133705
1.133705
1.208175
1.208175
1.150151
1.150151
1.317439
1.317439
1.361100
1.361100
1.277716
1.277716
1.162168
1.162168
1.151118
1.151118
1.358124
1.358124
1.203392
1.203392
1.316508
1.366139
1.316508
1.366139
1.311759
1.311759
1.188878
1.359731
1.359731
1.188878
1.320225
1.320225
1.202995
1.202995
1.352397
1.352397
1.223449
1.223449
1.394442
1.394442
1.324925
1.324925
1.291651
1.291651
1.388352
1.388352
1.349396
1.349396
1.173739
1.173739
1.397282
1.397282
1.152367
1.152367
1.380225
1.380225
1.223955
1.223955
1.199655
1.199655
1.305711
1.305711
1.281246
1.240336
1.281246
1.240336
1.281211
1.281211
1.077835
1.077835
1.120715
1.120715
1.340205
1.340205
1.339814
1.339814
1.271480
1.271480
1.306189
1.306189
1.375798
1.375798
1.348030
1.348030
1.119917
1.119917
1.297431
1.297431
1.195717
1.195717
1.351092
1.351092
1.260417
1.260417
1.256008
1.256008
1.330767
1.330767
1.269358
1.269358
1.387358
1.387358
1.177705
1.177705
1.350474
1.350474
1.277791
1.277791
1.140173
1.140173
1.156874
1.156874
1.328794
1.328794
1.325132
1.325132
1.271317
1.271317
1.350767
1.350767
1.239772
1.239772
1.283176
1.283176
1.371687
1.371687
1.315606
1.315606
1.324903
1.324903
1.253235
1.253235
1.134426
1.134426
1.351473
1.351473
1.272823
1.272823
1.184492
1.184492
1.339146
1.339146
1.271271
1.271271
1.278273
1.278273
1.370846
1.370846
1.337575
1.337575
1.291979
1.291979
1.216872
1.216872
1.372124
1.372124
1.368009
1.368009
1.365977
1.365977
1.376012
1.376012
1.179139
1.179139
1.349305
1.349305
1.296253
1.296253
1.354064
1.354064
1.263358
1.263358
1.201408
1.201408
1.349195
1.349195
1.267588
1.267588
1.394079
1.394079
1.367295
1.367295
1.224295
1.224295
1.329601
1.329601
1.359142
1.359142
1.355704
1.355704
1.316253
1.316253
1.392868
1.392868
1.226516
1.226516
1.399046
1.388044
1.388044
1.399046
1.386799
1.386799
1.342502
1.342502
1.396020
1.396020
1.309633
1.309633
1.354379
1.354379
1.286288
1.286288
1.284752
1.284752
1.068762
1.068762
1.335015
1.335015
1.389054
1.389054
1.389995
1.389995
1.347608
1.347608
1.388797
1.388797
1.348276
1.348276
1.161195
1.161195
1.261663
1.261663
1.182682
1.182682
1.327428
1.327428
1.376416
1.376416
1.391353
1.391353
1.381059
1.381059
1.196600
1.196600
1.309443
1.309443
1.369703
1.369703
1.360032
1.360032
1.152412
1.152412
1.378164
1.378164
1.368987
1.368987
1.350242
1.350242
1.383229
1.383229
1.379487
1.379487
1.128508
1.128508
1.365690
1.365690
1.343753
1.343753
1.254918
1.254918
1.352998
1.352998
1.154968
1.154968
1.222735
1.222735
1.313227
1.313227
1.327358
1.327358
1.221210
1.221210
1.356541
1.356541
1.167080
1.167080
1.294984
1.294984
1.330701
1.330701
1.384220
1.384220
1.332681
1.332681
1.363900
1.363900
1.274922
1.274922
1.212510
1.212510
1.290296
1.290296
1.342889
1.342889
1.328819
1.328819
1.353247
1.353247
1.395567
1.395567
1.244053
1.244053
1.367889
1.367889
1.287689
1.287689
1.396456
1.396456
1.366371
1.366371
1.378087
1.378087
1.352137
1.352137
1.090867
1.090867
1.057506
1.057506
1.378110
1.378110
1.099678
1.099678
1.341170
1.341170
1.214574
1.214574
1.182317
1.395083
1.395083
1.182317
1.259391
1.259391
1.373197
1.373197
1.358258
1.358258
1.271258
1.271258
1.322302
1.322302
1.272862
1.272862
1.058972
1.058972
1.397175
1.397175
1.375978
1.375978
1.377946
1.377946
1.368576
1.368576
1.226685
1.226685
1.315063
1.315063
1.387151
1.387151
1.276998
1.276998
1.345116
1.345116
1.257289
1.257289
1.321095
1.321095
1.241632
1.241632
1.399155
1.399155
1.343656
1.343656
