1.396049
1.396049
1.325782
1.325782
1.277067
1.277067
1.111850
1.370558
1.111850
1.370558
1.314714
1.314714
1.356546
1.356546
1.384919
1.327471
1.327471
1.384919
1.212966
1.212966
1.220290
1.220290
1.386439
1.386439
1.295165
1.295165
1.396633
1.396633
1.102640
1.102640
1.273325
1.273325
1.267143
1.267143
1.083956
1.083956
1.316429
1.316429
1.048032
1.048032
1.382143
1.382143
1.362747
1.362747
1.371396
1.371396
1.363873
1.363873
1.251608
1.251608
1.257365
1.257365
1.227542
1.227542
1.231493
1.231493
1.370441
1.370441
1.391614
1.391614
1.391361
1.391361
1.393526
1.393526
1.360895
1.360895
1.344721
1.344721
1.359864
1.359864
1.171621
1.171621
1.132144
1.132144
1.205117
1.347786
1.347786
1.205117
1.215478
1.215478
1.318425
1.318425
1.280601
1.280601
1.220126
1.220126
1.397313
1.397313
1.238022
1.238022
1.369673
1.369673
1.151924
1.151924
1.231658
1.231658
1.347128
1.347128
1.381863
1.381863
1.093012
1.093012
1.155656
1.155656
1.256589
1.256589
1.312605
1.312605
1.224492
1.224492
1.312366
1.312366
1.264942
1.264942
1.281164
1.281164
1.395021
1.395021
1.211521
1.211521
1.091926
1.091926
1.241590
1.144293
1.241590
1.144293
1.299226
1.299226
1.286957
1.286957
1.293858
1.293858
1.399073
1.399073
1.066099
1.066099
1.260077
1.260077
1.376637
1.376637
1.358172
1.358172
1.270056
1.270056
1.010215
1.010215
1.173193
1.173193
1.151316
1.151316
1.145879
1.145879
1.257634
1.257634
1.286804
1.286804
1.260971
1.260971
1.384986
1.384986
1.128109
1.128109
1.261949
1.261949
1.367241
1.367241
1.143001
1.143001
1.375147
1.375147
1.263429
1.263429
1.363862
1.363862
1.385899
1.385899
1.304267
1.304267
1.075948
1.075948
1.343226
1.343226
1.393897
1.393897
1.224817
1.224817
1.343019
1.343019
1.362422
1.362422
1.363945
1.363945
1.370939
1.370939
1.170174
1.170174
1.338790
1.338790
1.285981
1.285981
1.167981
1.167981
1.302760
1.302760
1.143544
1.143544
1.398008
1.398008
1.100351
1.100351
1.386559
1.386559
1.280218
1.280218
1.210557
1.210557
1.141960
1.141960
1.380731
1.380731
1.393864
1.393864
1.373876
1.373876
1.340400
1.340400
1.216115
1.216115
1.306671
1.306671
1.291246
1.291246
1.301774
1.301774
1.314202
1.314202
1.372031
1.372031
1.254278
1.254278
1.121527
1.121527
1.032201
1.032201
1.324657
1.324657
1.231960
1.231960
1.172157
1.172157
1.314675
1.314675
1.385817
1.385817
1.262488
1.262488
1.234259
1.234259
1.385605
1.385605
1.254964
1.254964
1.259148
1.259148
1.357205
1.357205
1.270871
1.270871
1.313613
1.313613
1.184069
1.184069
1.123979
1.123979
1.339847
1.339847
1.315723
1.315723
1.391621
1.391621
1.219870
1.219870
1.361875
1.361875
1.355461
1.355461
1.364925
1.364925
1.306582
1.306582
1.310865
1.310865
1.355301
1.355301
1.219788
1.219788
1.113777
1.113777
1.314544
1.314544
1.247456
1.247456
1.366384
1.366384
1.265988
1.265988
1.294008
1.294008
1.397607
1.397607
1.155755
1.155755
1.393923
1.393923
1.349768
1.349768
1.243172
1.243172
1.252620
1.252620
1.330780
1.330780
1.355267
1.355267
1.265958
1.265958
1.367690
1.367690
1.372469
1.372469
1.347015
1.347015
1.334541
1.334541
1.273489
1.273489
1.300029
1.300029
1.362428
1.362428
1.116655
1.116655
1.232836
1.232836
1.209492
1.209492
1.275316
1.275316
1.086338
1.086338
1.196163
1.196163
1.239565
1.239565
1.374626
1.374626
1.146774
1.146774
1.227400
1.227400
1.371447
1.371447
1.144845
1.144845
1.345571
1.345571
1.225173
1.225173
1.260963
1.260963
1.342209
1.342209
1.335518
1.335518
1.181178
1.181178
1.339982
1.339982
1.356310
1.356310
1.284138
1.284138
1.333228
1.333228
1.128996
1.128996
1.373521
1.373521
1.087695
1.087695
1.193447
1.193447
1.295869
1.295869
1.239220
1.239220
1.156394
1.156394
1.200689
1.200689
1.307889
1.307889
1.263350
1.263350
1.327861
1.327861
1.228389
1.228389
1.179063
1.179063
1.370422
1.370422
1.254791
1.254791
1.306142
1.306142
1.045406
1.045406
1.314063
1.314063
1.198467
1.198467
1.366140
1.366140
1.387945
1.387945
1.346262
1.346262
1.267101
1.267101
1.385173
1.385173
1.075803
1.075803
1.352711
1.352711
1.346401
1.346401
1.367322
1.367322
1.128033
1.128033
1.305397
1.305397
1.275224
1.275224
1.314703
1.314703
1.263779
1.263779
1.333812
1.333812
1.186348
1.186348
1.360739
1.373155
1.373155
1.360739
1.352872
1.352872
1.385287
1.385287
1.356577
1.356577
1.340823
1.340823
1.021249
1.021249
1.290376
1.290376
1.253542
1.253542
1.255971
1.255971
1.312996
1.312996
1.396143
1.396143
1.106157
1.106157
1.316792
1.316792
1.086383
1.086383
1.311924
1.311924
1.315941
1.315941
1.384818
1.384818
1.328314
1.328314
1.077607
1.077607
1.393352
1.393352
1.364390
1.364390
1.322864
1.322864
1.276284
1.276284
1.235855
1.235855
1.230620
1.235854
1.235854
1.230620
1.356963
1.356963
1.296482
1.296482
1.284056
1.284056
1.290527
1.290527
1.236289
1.236289
1.300299
1.300299
1.302614
1.302614
1.390766
1.390766
1.231731
1.231731
1.351782
1.351782
1.306512
1.306512
1.347337
1.347337
1.384830
1.384830
