1.372268
1.372268
1.373293
1.373293
1.373968
1.373968
1.314255
1.314255
1.319436
1.319436
1.338067
1.338067
1.248959
1.248959
1.304923
1.304923
1.197001
1.197001
1.253315
1.253315
1.384658
1.384658
1.385913
1.348138
1.348138
1.385913
1.311659
1.311659
1.108510
1.342348
1.108510
1.342348
1.320279
1.320279
1.348138
1.348138
1.304631
1.304631
1.037201
1.037201
1.379257
1.379257
1.370267
1.370267
1.369463
1.369463
1.385154
1.385154
1.190770
1.190770
1.363323
1.363323
1.164694
1.164694
1.365700
1.365700
1.389014
1.389014
1.108133
1.108133
1.311737
1.311737
1.384985
1.384985
1.168977
1.168977
1.197524
1.197524
1.160120
1.160120
1.223883
1.223883
1.395957
1.370444
1.395957
1.370444
1.228228
1.391857
1.228228
1.391857
1.364275
1.364275
1.227720
1.227720
1.283678
1.283678
1.352402
1.352402
1.397908
1.397908
1.382087
1.382087
1.377794
1.377794
1.261888
1.261888
1.395137
1.395137
1.182983
1.182983
1.260257
1.260257
1.148070
1.148070
1.379162
1.379162
1.302936
1.302936
1.268619
1.268619
1.368736
1.368736
1.232286
1.232286
1.206730
1.206730
1.082572
1.082572
1.358757
1.358757
1.301393
1.301393
1.242696
1.328917
1.242696
1.328917
1.256800
1.256800
1.217224
1.217224
1.284745
1.284745
1.316531
1.316531
1.395645
1.395645
1.296491
1.296491
1.202658
1.202658
1.251561
1.251561
1.345265
1.345265
1.357287
1.357287
1.203815
1.203815
1.209938
1.209938
1.159197
1.159197
1.341967
1.341967
1.398792
1.398792
1.210488
1.210488
1.334006
1.334006
1.202434
1.202434
1.355567
1.355567
1.115602
1.115602
1.214096
1.214096
1.200786
1.200786
1.077507
1.077507
1.236965
1.236965
1.227359
1.227359
1.268620
1.268620
1.291030
1.291030
1.183804
1.174253
1.183804
1.174253
1.224975
1.224975
1.258258
1.258258
1.355185
1.355185
1.348621
1.348621
1.080652
1.080652
1.299427
1.299427
1.392402
1.392402
1.346711
1.346711
1.282286
1.282286
1.185618
1.185618
1.324163
1.324163
1.190140
1.190140
1.396295
1.396295
1.276341
1.276341
1.223635
1.223635
1.338058
1.338058
1.373146
1.373146
1.195482
1.195482
1.323372
1.323372
1.256712
1.256712
1.353908
1.353908
1.266546
1.266546
1.129768
1.129768
1.195919
1.195919
1.297340
1.297340
1.370016
1.370016
1.314671
1.314671
1.361802
1.361802
1.390540
1.390540
1.282939
1.282939
1.218961
1.218961
1.180326
1.180326
1.309319
1.309319
1.246518
1.246518
1.397120
1.397120
1.284476
1.284476
1.145240
1.145240
1.271461
1.271461
1.198261
1.198261
1.185209
1.185209
1.285239
1.285239
1.265733
1.265733
1.269637
1.269637
1.273218
1.273218
1.396149
1.396149
1.323774
1.323774
1.355585
1.355585
1.317076
1.317076
1.271393
1.271393
1.056488
1.056488
1.397301
1.397301
1.053072
1.053072
1.338108
1.338108
1.138219
1.138219
1.368692
1.368692
1.163773
1.163773
1.377995
1.377995
1.328018
1.328018
1.282485
1.282485
1.371474
1.371474
1.064412
1.064412
1.315399
1.315399
1.360605
1.360605
1.397505
1.397505
1.116168
1.116168
1.374797
1.374797
1.381944
1.381944
1.297639
1.297639
1.383771
1.383771
1.373614
1.373614
1.303257
1.303257
1.254511
1.254511
1.377436
1.377436
1.397174
1.397174
1.253072
1.253072
1.242459
1.242459
1.191588
1.191588
1.128257
1.128257
1.189476
1.189476
1.135801
1.135801
1.292650
1.292650
1.130519
1.130519
1.321562
1.321562
1.307803
1.307803
1.209835
1.209835
1.082640
1.082640
1.360160
1.360160
1.289204
1.289204
1.281599
1.281599
1.145771
1.145771
1.350560
1.350560
1.154401
1.154401
1.272904
1.272904
1.177369
1.177369
1.208177
1.208177
1.320454
1.320454
1.381538
1.381538
1.388595
1.388595
1.350567
1.380242
1.350567
1.380242
1.243135
1.243135
1.273205
1.273205
1.371904
1.371904
1.305979
1.305979
1.349564
1.349564
1.208595
1.208595
1.352761
1.352761
1.398968
1.398968
1.153448
1.153448
1.162375
1.162375
1.042923
1.042923
1.301750
1.301750
1.334970
1.334970
1.343132
1.343132
1.341423
1.341423
1.290938
1.290938
1.282551
1.282551
1.358993
1.358993
1.319221
1.319221
1.369470
1.369470
1.384216
1.384216
1.363045
1.363045
1.165093
1.165093
1.234810
1.234810
1.297797
1.297797
1.356914
1.356914
1.231888
1.231888
1.274932
1.274932
1.320392
1.320392
1.389007
1.389007
1.265052
1.265052
1.059491
1.059491
1.148409
1.148409
1.281767
1.281767
1.342217
1.342217
1.377871
1.377871
1.205532
1.205532
1.397701
1.397701
1.327907
1.327907
1.219486
1.219486
1.212803
1.212803
1.379171
1.379171
1.338395
1.338395
1.140386
1.140386
1.322216
1.322216
1.305102
1.250539
1.250539
1.305102
1.098502
1.098502
1.247983
1.247983
1.392005
1.392005
1.322378
1.322378
1.082513
1.082513
1.047131
1.047131
1.172375
1.172375
1.398845
1.398845
1.356220
1.356220
1.229172
1.229172
1.215469
1.215469
1.342397
1.342397
1.183478
1.183478
1.074472
1.074472
1.184812
1.184812
1.074782
1.074782
1.337481
1.337481
1.394990
1.394990
