1.098237
1.098237
1.327810
1.327810
1.387663
1.387663
1.388896
1.388896
1.228552
1.228552
1.110079
1.110079
1.347154
1.347154
1.368739
1.368739
1.397183
1.397183
1.373066
1.373066
1.299715
1.299715
1.276275
1.276275
1.088210
1.088210
1.370022
1.370022
1.389201
1.389201
1.376906
1.376906
1.285486
1.285486
1.261211
1.261211
1.384488
1.384488
1.329577
1.329577
1.270601
1.270601
1.369937
1.369937
1.226856
1.226856
1.203004
1.203004
1.333741
1.333741
1.273062
1.273062
1.250550
1.250550
1.281577
1.281577
1.275337
1.275337
1.260652
1.260652
1.366154
1.366154
1.186745
1.186745
1.244776
1.244776
1.112264
1.215932
1.112264
1.215932
1.285942
1.285942
1.097958
1.097958
1.391011
1.391011
1.345035
1.345035
1.297095
1.297095
1.128063
1.128063
1.371938
1.371938
1.229011
1.229011
1.162821
1.162821
1.275105
1.275105
1.154065
1.154065
1.333102
1.333102
1.186802
1.186802
1.218028
1.218028
1.314748
1.314748
1.339199
1.339199
1.379277
1.379277
1.214119
1.214119
1.375677
1.375677
1.197403
1.197403
1.349453
1.349453
1.202149
1.202149
1.236754
1.236754
1.319146
1.319146
1.345338
1.345338
1.299616
1.299616
1.116122
1.116122
1.192413
1.161269
1.161269
1.192413
1.219224
1.219224
1.373424
1.373424
1.250634
1.250634
1.296405
1.296405
1.329629
1.329629
1.299629
1.223016
1.226432
1.299629
1.324945
1.324945
1.226432
1.223016
1.386685
1.386685
1.341190
1.341190
1.315436
1.315436
1.299911
1.299911
1.324921
1.324921
1.183147
1.183147
1.395968
1.395968
1.359644
1.359644
1.391798
1.391798
1.394257
1.394257
1.388878
1.388878
1.341077
1.341077
1.272428
1.272428
1.287269
1.287269
1.304464
1.334357
1.334357
1.304464
1.396283
1.396283
1.357179
1.357179
1.334962
1.334962
1.342308
1.342308
1.128389
1.128389
1.343439
1.343439
1.375753
1.375753
1.361068
1.361068
1.341032
1.341032
1.331759
1.331759
1.289786
1.289786
1.352740
1.352740
1.331574
1.331574
1.341943
1.341943
1.374131
1.374131
1.351212
1.351212
1.293783
1.293783
1.330342
1.330342
1.364835
1.364835
1.293823
1.293823
1.283350
1.283350
1.173956
1.173956
1.245096
1.245096
1.225170
1.225170
1.178814
1.178814
1.397521
1.397521
1.268404
1.268404
1.167115
1.167115
1.364721
1.364721
1.315272
1.315272
1.362174
1.362174
1.374542
1.374542
1.381592
1.381592
1.199237
1.199237
1.394908
1.394908
1.232687
1.232687
1.183541
1.183541
1.198074
1.198074
1.071673
1.071673
1.291588
1.291588
1.357872
1.357872
1.133304
1.133304
1.258340
1.258340
1.380715
1.380715
1.359101
1.359101
1.385079
1.385079
1.319082
1.319082
1.358987
1.358987
1.336007
1.336007
1.146049
1.146049
1.057238
1.057238
1.179985
1.179985
1.377713
1.377713
1.211384
1.211384
1.357308
1.357308
1.349006
1.349006
1.337019
1.337019
1.338330
1.338330
1.241837
1.241837
1.252175
1.252175
1.277872
1.277872
1.339606
1.339606
1.277392
1.277392
1.355419
1.355419
1.344684
1.344684
1.337834
1.337834
1.199759
1.199759
1.397814
1.397814
1.082659
1.082659
1.345346
1.345346
1.161131
1.161131
1.236022
1.236022
1.092710
1.092710
1.396915
1.396915
1.310677
1.310677
1.307545
1.307545
1.207245
1.207245
1.135017
1.135017
1.307785
1.307785
1.310403
1.310403
1.360121
1.360121
1.328327
1.328327
1.305437
1.305437
1.318925
1.318925
1.233354
1.233354
1.216970
1.216970
1.152492
1.152492
1.158999
1.158999
1.344849
1.344849
1.364961
1.364961
1.304951
1.304951
1.208910
1.208910
1.287408
1.287408
1.195234
1.195234
1.107980
1.107980
1.357558
1.357558
1.346302
1.346302
1.341558
1.341558
1.365808
1.365808
1.182887
1.182887
1.325092
1.325092
1.388750
1.388750
1.201636
1.201636
1.324135
1.324135
1.328506
1.328506
1.278697
1.278697
1.198346
1.198346
1.290342
1.290342
1.233925
1.233925
1.260554
1.260554
1.371564
1.371564
1.301409
1.301409
1.300466
1.300466
1.248697
1.248697
1.317874
1.317874
1.364314
1.364314
1.292878
1.292878
1.176983
1.176983
1.298374
1.298374
1.326345
1.326345
1.382479
1.382479
1.300398
1.300398
1.186485
1.201424
1.186485
1.371709
1.201424
1.371709
1.323944
1.323944
1.267747
1.267747
1.342437
1.342437
1.319672
1.319672
1.338574
1.338574
1.302509
1.302509
1.232843
1.232843
1.373586
1.373586
1.376952
1.376952
1.317252
1.317252
1.242582
1.242582
1.343473
1.343473
1.339865
1.339865
1.297404
1.297404
1.386301
1.386301
1.077618
1.077618
1.256831
1.256831
1.345887
1.345887
1.330206
1.330206
1.242892
1.242892
1.338373
1.338373
1.200392
1.200392
1.362858
1.362858
1.107657
1.107657
1.388070
1.388070
1.298175
1.298175
1.172473
1.172473
1.242189
1.242189
1.208216
1.208216
1.378158
1.378158
1.240655
1.240655
