1.266345
1.266345
1.060750
1.060750
1.100425
1.100425
1.395089
1.395089
1.387253
1.261364
1.387253
1.261364
1.160709
1.160709
1.258713
1.353763
1.153614
1.258713
1.153614
1.353763
1.086949
1.086949
1.083264
1.238019
1.238019
1.083264
1.263344
1.263344
1.333125
1.333125
1.194020
1.226364
1.226364
1.194020
1.206664
1.206664
1.364509
1.364509
1.389179
1.389179
1.343988
1.343988
1.258246
1.368882
1.258246
1.368882
1.381957
1.381957
1.392972
1.392972
1.398878
1.398878
1.226911
1.226911
1.248549
1.248549
1.360034
1.360034
1.394056
1.394056
1.297513
1.297513
1.272173
1.272173
1.289036
1.289036
1.352627
1.384763
1.352627
1.384763
1.367572
1.367572
1.102144
1.102144
1.384145
1.384145
1.396354
1.396354
1.363233
1.363233
1.369266
1.369266
1.389531
1.389531
1.393677
1.393677
1.217431
1.217431
1.362300
1.362300
1.339423
1.339423
1.261929
1.261929
1.395761
1.395761
1.341455
1.341455
1.330250
1.330250
1.201669
1.201669
1.399483
1.399483
1.394213
1.394213
1.174293
1.174293
1.258445
1.258445
1.286776
1.286776
1.232192
1.232192
1.271385
1.271385
1.166213
1.166213
1.345165
1.345165
1.267185
1.267185
1.386919
1.386919
1.351472
1.351472
1.303430
1.303430
1.398229
1.398229
1.367578
1.367578
1.020053
1.316703
1.020053
1.316703
1.138315
1.138315
1.395091
1.395091
1.385313
1.385313
1.371281
1.371281
1.361606
1.361606
1.315995
1.315995
1.343806
1.343806
1.390569
1.390569
1.347468
1.347468
1.383260
1.383260
1.146516
1.146516
1.331352
1.331352
1.265566
1.265566
1.198918
1.198918
1.395010
1.395010
1.112282
1.112282
1.187717
1.187717
1.339859
1.339859
1.282880
1.282880
1.185888
1.185888
1.373178
1.373178
1.264533
1.264533
1.089231
1.089231
1.323513
1.323513
1.320240
1.320240
1.258457
1.258457
1.398339
1.398339
1.132236
1.132236
1.034756
1.034756
1.188703
1.188703
1.151989
1.304710
1.304710
1.151989
1.294943
1.294943
1.309740
1.309740
1.264470
1.264470
1.358950
1.358950
1.354271
1.354271
1.354480
1.354480
1.345096
1.345096
1.294127
1.294127
1.319934
1.319934
1.389147
1.389147
1.207001
1.207001
1.343115
1.343115
1.302070
1.302070
1.192918
1.192918
1.147641
1.147641
1.243783
1.243783
1.382146
1.382146
1.219727
1.219727
1.322256
1.322256
1.389499
1.389499
1.162717
1.162717
1.200622
1.200622
1.387433
1.387433
1.375605
1.375605
1.330667
1.330667
1.236653
1.236653
1.215534
1.215534
1.151067
1.151067
1.344552
1.344552
1.248736
1.248736
1.097310
1.097310
1.136095
1.136095
1.166640
1.166640
1.258471
1.258471
1.074411
1.074411
1.162098
1.162098
1.185370
1.185370
1.354506
1.354506
1.377578
1.377578
1.282080
1.282080
1.196623
1.196623
1.082853
1.082853
1.150462
1.150462
1.202559
1.202559
1.226252
1.226252
1.353237
1.353237
1.311229
1.311229
1.381592
1.381592
1.287605
1.287605
1.243586
1.243586
1.298993
1.298993
1.343797
1.343797
1.283211
1.234652
1.283211
1.234652
1.301299
1.301299
1.370445
1.370445
1.055588
1.055588
1.271680
1.271680
1.243011
1.243011
1.350349
1.350349
1.200586
1.200586
1.099544
1.099544
1.369704
1.369704
1.203227
1.203227
1.348681
1.348681
1.287188
1.287188
1.229973
1.229973
1.399190
1.399190
1.359460
1.359460
1.228209
1.228209
1.162830
1.162830
1.166165
1.166165
1.315046
1.315046
1.380181
1.380181
1.390080
1.390080
1.183663
1.183663
1.293567
1.293567
1.338789
1.338789
1.325670
1.325670
1.236983
1.236983
1.212804
1.212804
1.319967
1.319967
1.159230
1.159230
1.063720
1.063720
1.251083
1.251083
1.326837
1.326837
1.170408
1.170408
1.358700
1.358700
1.265806
1.265806
1.249540
1.249540
1.372451
1.372451
1.378957
1.378957
1.206125
1.206125
1.293584
1.293584
1.134723
1.134723
1.297007
1.297007
1.394986
1.394986
1.311865
1.311865
1.292488
1.292488
1.248160
1.248160
1.313254
1.313254
1.171514
1.171514
1.090039
1.090039
1.395483
1.395483
1.176482
1.176482
1.276441
1.276441
1.396701
1.396701
1.202328
1.202328
1.268038
1.268038
1.338349
1.338349
1.294723
1.294723
1.143931
1.143931
1.369500
1.369500
1.269457
1.269457
1.332950
1.332950
1.356330
1.356330
