1.193878
1.266143
1.193878
1.266143
1.362669
1.362669
1.231320
1.231320
1.252521
1.252521
1.112625
1.112625
1.043320
1.043320
1.390449
1.390449
1.341398
1.341398
1.315185
1.315185
1.362669
1.362669
1.392109
1.392109
1.380753
1.380753
1.382982
1.382982
1.224642
1.224642
1.397143
1.301209
1.397143
1.301209
1.389037
1.389037
1.179197
1.179197
1.302347
1.319184
1.319184
1.302347
1.175756
1.374204
1.175756
1.374204
1.320551
1.320551
1.354300
1.354300
1.378590
1.378590
1.162086
1.162086
1.257347
1.257347
1.376169
1.376169
1.381836
1.381836
1.089702
1.089702
1.384589
1.384589
1.288491
1.288491
1.086021
1.086021
1.355916
1.355916
1.370197
1.370197
1.296019
1.296019
1.092290
1.092290
1.355361
1.355361
1.199835
1.199835
1.280749
1.280749
1.307676
1.355739
1.307676
1.355739
1.202839
1.202839
1.394269
1.394269
1.216972
1.216972
1.389268
1.389268
1.376221
1.299948
1.299948
1.376221
1.069101
1.069101
1.088350
1.088350
1.352568
1.352568
1.396378
1.396378
1.290298
1.370504
1.370504
1.290298
1.190731
1.190731
1.388943
1.388943
1.271034
1.271034
1.233400
1.233400
1.322439
1.322439
1.396627
1.396627
1.320320
1.320320
1.286094
1.286094
1.389761
1.389761
1.371664
1.371664
1.351113
1.351113
1.164497
1.164497
1.399080
1.399080
1.106995
1.106995
1.382563
1.382563
1.214058
1.214058
1.355377
1.355377
1.103323
1.103323
1.311064
1.311064
1.269791
1.347166
1.269791
1.347166
1.314838
1.314838
1.229167
1.229167
1.111897
1.111897
1.350900
1.350900
1.332093
1.332093
1.238644
1.238644
1.297369
1.297369
1.094347
1.094347
1.332052
1.332052
1.231343
1.231343
1.051231
1.051231
1.369855
1.369855
1.347511
1.181391
1.347511
1.181391
1.274111
1.274111
1.285314
1.285314
1.350848
1.350848
1.246515
1.246515
1.366263
1.366263
1.293441
1.293441
1.257184
1.257184
1.317295
1.317295
1.374000
1.374000
1.217228
1.217228
1.160816
1.160816
1.309863
1.309863
1.297706
1.297706
1.144952
1.144952
1.192963
1.192963
1.393117
1.393117
1.139594
1.139594
1.137550
1.137550
1.331358
1.331358
1.374804
1.374804
1.165898
1.165898
1.397926
1.397926
1.188300
1.188300
1.233187
1.233187
1.318274
1.318274
1.074806
1.074806
1.078615
1.078615
1.234751
1.234751
1.154883
1.154883
1.367133
1.367133
1.203021
1.203021
1.148138
1.148138
1.346408
1.346408
1.222148
1.222148
1.344045
1.344045
1.294063
1.294063
1.366767
1.366767
1.376461
1.376461
1.163909
1.163909
1.356322
1.356322
1.345496
1.345496
1.176869
1.176869
1.300100
1.300100
1.314492
1.314492
1.331263
1.331263
1.267927
1.267927
1.358531
1.358531
1.289566
1.289566
1.319134
1.319134
1.092564
1.092564
1.387605
1.387605
1.342314
1.342314
1.245134
1.245134
1.319599
1.319599
1.249400
1.249400
1.359943
1.359943
1.375827
1.375827
1.233400
1.233400
1.186155
1.186155
1.275800
1.275800
1.283756
1.283756
1.371699
1.371699
1.357075
1.357075
1.311133
1.311133
1.131246
1.131246
1.387917
1.387917
1.304972
1.304972
1.378928
1.378928
1.197488
1.197488
1.183423
1.183423
1.246065
1.246065
1.319542
1.319542
1.374085
1.374085
1.273414
1.273414
1.384706
1.384706
1.127285
1.127285
1.399869
1.399869
1.398914
1.398914
1.341536
1.341536
1.284426
1.284426
1.395388
1.395388
1.397938
1.397938
1.218683
1.218683
1.173111
1.173111
1.318843
1.318843
1.043953
1.043953
1.372031
1.372031
1.341981
1.341981
1.179899
1.179899
1.394523
1.394523
1.202644
1.202644
1.326969
1.326969
1.328454
1.328454
1.318888
1.318888
1.269114
1.269114
1.255573
1.255573
1.320178
1.320178
1.145997
1.145997
1.226153
1.226153
1.390503
1.390503
1.370897
1.370897
1.134946
1.134946
1.143054
1.143054
1.327687
1.327687
1.318440
1.318440
1.385989
1.385989
1.350346
1.350346
1.314738
1.314738
1.340262
1.340262
1.362675
1.362675
1.280668
1.280668
1.397417
1.397417
1.259176
1.259176
1.382303
1.382303
1.271414
1.271414
1.271628
1.271628
1.153574
1.153574
1.086211
1.086211
1.384183
1.384183
1.391620
1.391620
1.329131
1.329131
1.360463
1.360463
1.317409
1.317409
1.248801
1.248801
1.075526
1.075526
1.236361
1.236361
1.294834
1.294834
1.257540
1.257540
1.338957
1.338957
1.334211
1.334211
1.345407
1.345407
1.263846
1.263846
1.369216
1.369216
1.376710
1.376710
1.307496
1.307496
1.297624
1.297624
1.071112
1.071112
1.184200
1.184200
1.386647
1.386647
1.077553
1.077553
1.298142
1.298142
1.388970
1.388970
1.307139
1.307139
1.342575
1.342575
1.362241
1.362241
1.311782
1.311782
1.185863
1.185863
1.276265
1.276265
1.177514
1.177514
1.266976
1.266976
1.313062
1.313062
1.354318
1.354318
1.334228
1.334228
1.279798
1.279798
1.345387
1.345387
1.228643
1.228643
1.284753
1.284753
1.050538
1.050538
1.317604
1.317604
1.234183
1.234183
1.203757
1.203757
1.397674
1.397674
1.399352
1.399352
1.384286
1.384286
1.317963
1.317963
1.099722
1.099722
1.204784
1.204784
