1.317380
1.317380
1.255532
1.255532
1.383226
1.383226
1.196794
1.196794
1.337228
1.337228
1.258750
1.258750
1.203602
1.203602
1.229621
1.359941
1.359941
1.229621
1.372670
1.372670
1.335926
1.335926
1.158026
1.158026
1.396791
1.396791
1.206434
1.206434
1.244393
1.244393
1.292213
1.292213
1.194245
1.194245
1.391231
1.203375
1.391231
1.203375
1.113995
1.113995
1.380714
1.380714
1.329000
1.329000
1.321904
1.321904
1.364943
1.364943
1.399022
1.399022
1.296202
1.296202
1.276969
1.276969
1.283975
1.283975
1.375835
1.375835
1.219492
1.219492
1.383424
1.383424
1.149395
1.149395
1.240956
1.240956
1.189281
1.189281
1.151795
1.151795
1.385003
1.385003
1.388136
1.388136
1.266184
1.266184
1.250936
1.250936
1.065488
1.065488
1.346781
1.346781
1.194696
1.194696
1.114563
1.114563
1.279252
1.279252
1.322751
1.322751
1.177428
1.208505
1.208505
1.177428
1.325457
1.325457
1.396477
1.396477
1.312785
1.312785
1.220963
1.220963
1.194431
1.194431
1.295374
1.295374
1.235493
1.235493
1.370028
1.370028
1.250700
1.250700
1.374067
1.374067
1.216457
1.216457
1.373772
1.297006
1.373772
1.297006
1.220562
1.220562
1.267661
1.267661
1.347800
1.214199
1.214199
1.347800
1.129554
1.129554
1.376690
1.376690
1.306808
1.306808
1.049685
1.049685
1.363373
1.363373
1.083631
1.390121
1.083631
1.390121
1.314462
1.314462
1.367890
1.367890
1.367579
1.367579
1.331471
1.331471
1.395387
1.395387
1.208190
1.208190
1.244835
1.244835
1.399304
1.399304
1.313625
1.313625
1.384981
1.384981
1.208270
1.208270
1.340860
1.340860
1.120039
1.120039
1.275522
1.275522
1.334440
1.334440
1.245285
1.245285
1.395776
1.395776
1.334593
1.334593
1.124626
1.124626
1.303010
1.303010
1.121665
1.121665
1.182081
1.182081
1.222582
1.222582
1.245958
1.245958
1.181548
1.181548
1.292435
1.292435
1.175722
1.175722
1.348542
1.348542
1.362551
1.362551
1.298899
1.298899
1.280279
1.280279
1.055733
1.055733
1.359046
1.359046
1.374393
1.374393
1.308836
1.308836
1.386665
1.386665
1.360317
1.360317
1.305648
1.305648
1.253520
1.253520
1.264948
1.264948
1.192198
1.192198
1.367259
1.367259
1.318641
1.318641
1.266623
1.266623
1.396009
1.396009
1.325046
1.325046
1.243939
1.243939
1.192245
1.192245
1.346409
1.346409
1.300967
1.300967
1.389999
1.389999
1.352577
1.352577
1.105861
1.105861
1.399818
1.399818
1.341267
1.341267
1.345572
1.345572
1.341972
1.341972
1.379993
1.379993
1.327059
1.327059
1.305923
1.305923
1.315847
1.315847
1.297502
1.297502
1.125286
1.125286
1.290121
1.290121
1.154236
1.154236
1.305913
1.305913
1.200154
1.200154
1.316165
1.316165
1.039417
1.039417
1.351959
1.351959
1.385848
1.385848
1.255051
1.255051
1.385178
1.385178
1.164432
1.164432
1.330244
1.330244
1.359133
1.359133
1.096181
1.096181
1.176313
1.176313
1.319940
1.319940
1.212487
1.212487
1.291415
1.291415
1.390118
1.390118
1.253715
1.253715
1.368697
1.368697
1.387139
1.387139
1.233949
1.233949
1.046361
1.046361
1.336150
1.336150
1.194373
1.194373
1.375357
1.375357
1.257055
1.257055
1.398896
1.398896
1.379786
1.379786
1.288985
1.288985
1.028130
1.028130
1.148679
1.148679
1.126589
1.126589
1.359117
1.359117
1.245187
1.245187
1.334789
1.334789
1.336051
1.336051
1.383435
1.383435
1.309893
1.309893
1.199577
1.199577
1.224961
1.224961
1.201713
1.201713
1.303031
1.303031
1.358916
1.358916
1.337519
1.337519
1.350765
1.350765
1.284087
1.284087
1.161446
1.161446
1.361491
1.361491
1.297147
1.297147
1.248945
1.248945
1.378010
1.378010
1.272533
1.272533
1.320318
1.320318
1.331529
1.331529
1.325710
1.325710
1.376417
1.376417
1.293824
1.293824
1.175542
1.175542
1.376849
1.376849
1.157110
1.157110
1.183126
1.183126
1.332691
1.332691
1.188447
1.188447
1.091763
1.091763
1.398541
1.398541
1.288415
1.288415
1.292156
1.292156
1.187709
1.187709
1.118822
1.118822
1.330331
1.330331
1.227877
1.227877
1.389613
1.389613
1.304694
1.304694
1.232721
1.232721
1.377599
1.377599
1.258779
1.258779
1.344505
1.344505
