1.341313
1.341313
1.396147
1.396147
1.387549
1.387549
1.319241
1.319241
1.338041
1.338041
1.379464
1.379464
1.329494
1.329494
1.330352
1.330352
1.307073
1.307073
1.115404
1.115404
1.361081
1.361081
1.190354
1.190354
1.212890
1.212890
1.330798
1.330798
1.372332
1.372332
1.113275
1.113275
1.345311
1.345311
1.278660
1.278660
1.364436
1.364436
1.150900
1.150900
1.360480
1.360480
1.334048
1.334048
1.278281
1.278281
1.283616
1.283616
1.379299
1.379299
1.369021
1.369021
1.398528
1.398528
1.277792
1.277792
1.385716
1.385716
1.390027
1.390027
1.333796
1.333796
1.319523
1.319523
1.186485
1.186485
1.381276
1.381276
1.278504
1.278504
1.206136
1.206136
1.248053
1.248053
1.257109
1.257109
1.318645
1.318645
1.359176
1.359176
1.373506
1.373506
1.339063
1.339063
1.314419
1.314419
1.125993
1.125993
1.335113
1.335113
1.309524
1.309524
1.218675
1.317959
1.218675
1.317959
1.318076
1.318076
1.393579
1.393579
1.266039
1.266039
1.372180
1.372180
1.111654
1.111654
1.342840
1.342840
1.235135
1.235135
1.152181
1.152181
1.363877
1.363877
1.332746
1.332746
1.345458
1.345458
1.301250
1.301250
1.349294
1.349294
1.386936
1.386936
1.345023
1.345023
1.230420
1.230420
1.294318
1.294318
1.214996
1.214996
1.120858
1.120858
1.257356
1.257356
1.293162
1.293162
1.389035
1.389035
1.272343
1.272343
1.249280
1.249280
1.222741
1.222741
1.379228
1.379228
1.307471
1.307471
1.249779
1.249779
1.387804
1.306039
1.306039
1.387804
1.382733
1.382733
1.267436
1.267436
1.206681
1.206681
1.283307
1.283307
1.279403
1.279403
1.287771
1.287771
1.182798
1.182798
1.341647
1.341647
1.292648
1.292648
1.354687
1.354687
1.358194
1.358194
1.375375
1.375375
1.248049
1.248049
1.386207
1.386207
1.335697
1.335697
1.214028
1.214028
1.356584
1.356584
1.258071
1.258071
1.124735
1.124735
1.236668
1.236668
1.153175
1.153175
1.198808
1.198808
1.201990
1.201990
1.351556
1.351556
1.330718
1.330718
1.050111
1.050111
1.349719
1.349719
1.171495
1.171495
1.099660
1.099660
1.290139
1.290139
1.361639
1.361639
1.237021
1.237021
1.259839
1.259839
1.349894
1.349894
1.324885
1.324885
1.265392
1.265392
1.304047
1.304047
1.229014
1.229014
1.276519
1.276519
1.333377
1.333377
1.282828
1.098351
1.282828
1.098351
1.330794
1.330794
1.239013
1.239013
1.216644
1.216644
1.359293
1.359293
1.366850
1.366850
1.395318
1.395318
1.151415
1.151415
1.345801
1.345801
1.331334
1.331334
1.079419
1.079419
1.025649
1.025649
1.386338
1.386338
1.273239
1.273239
1.290555
1.290555
1.083598
1.083598
1.393882
1.393882
1.232987
1.232987
1.399172
1.399172
1.079631
1.079631
1.337153
1.337153
1.272936
1.272936
1.271236
1.271236
1.376640
1.376640
1.397353
1.397353
1.273843
1.273843
1.355914
1.355914
1.192979
1.192979
1.306163
1.306163
1.387747
1.387747
1.360625
1.360625
1.395749
1.395749
1.124937
1.124937
1.282321
1.282321
1.065049
1.065049
1.329741
1.329741
1.296371
1.296371
1.292025
1.292025
1.290556
1.290556
1.118181
1.118181
1.395268
1.395268
1.189639
1.189639
1.368451
1.368451
1.082907
1.082907
1.335092
1.335092
1.348690
1.348690
1.366698
1.366698
1.326165
1.326165
1.206402
1.206402
1.399449
1.399449
1.148278
1.148278
1.363090
1.363090
1.373344
1.373344
1.399167
1.399167
1.239569
1.239569
1.144332
1.144332
1.248677
1.248677
1.253460
1.253460
1.235661
1.235661
1.375682
1.375682
1.319298
1.319298
1.150050
1.150050
1.265219
1.265219
1.386731
1.386731
1.379455
1.379455
1.293230
1.293230
1.252657
1.252657
1.179784
1.179784
1.174602
1.174602
1.343923
1.343923
1.377008
1.377008
1.274550
1.274550
1.371420
1.371420
1.368916
1.368916
1.254663
1.254663
1.289355
1.289355
1.319371
1.263615
1.263615
1.319371
1.384620
1.384620
1.296764
1.296764
1.355450
1.355450
1.393214
1.393214
1.178790
1.178790
1.388642
1.388642
1.285677
1.285677
1.358757
1.358757
1.113307
1.113307
1.341265
1.341265
1.313704
1.313704
1.321362
1.321362
1.364615
1.364615
1.155559
1.155559
1.349224
1.349224
1.388829
1.388829
1.381740
1.381740
1.015493
1.015493
1.299548
1.299548
1.346366
1.346366
1.225273
1.225273
1.347873
1.347873
1.206222
1.206222
1.303500
1.303500
1.282028
1.282028
1.274735
1.274735
1.061241
1.061241
1.165849
1.165849
1.384284
1.384284
1.275207
1.275207
1.005422
1.005422
1.301457
1.301457
1.368470
1.368470
1.199684
1.199684
1.357393
1.357393
1.364879
1.364879
1.394341
1.394341
1.331707
1.331707
1.294623
1.294623
1.390180
1.390180
1.303079
1.303079
1.380515
1.380515
1.127927
1.127927
1.311713
1.311713
1.384874
1.384874
1.329714
1.380731
1.380731
1.329714
1.333129
1.333129
1.239409
1.239409
1.242917
1.242917
1.357695
1.357695
1.335016
1.335016
1.111146
1.111146
1.188570
1.188570
1.086879
1.086879
1.317568
1.317568
1.296368
1.296368
1.295451
1.295451
1.399423
1.399423
1.072616
1.072616
1.355917
1.355917
1.383998
1.383998
1.298301
1.298301
1.377964
1.377964
1.326401
1.326401
1.360633
1.360633
1.174152
1.174152
1.093066
1.093066
1.259604
1.259604
1.147455
1.147455
1.187626
1.187626
1.012549
1.012549
1.266980
1.266980
1.075359
1.075359
1.399008
1.399008
