1.321776
1.321776
1.324660
1.324660
1.201979
1.201979
1.161952
1.161952
1.369157
1.369157
1.359612
1.359612
1.397722
1.397722
1.361954
1.361954
1.243532
1.243532
1.364310
1.364310
1.380382
1.380382
1.257774
1.257774
1.253685
1.253685
1.103867
1.103867
1.134322
1.134322
1.318928
1.318928
1.196798
1.196798
1.317005
1.317005
1.225739
1.225739
1.327509
1.327509
1.203397
1.203397
1.294779
1.375642
1.375642
1.294779
1.109577
1.109577
1.160593
1.160593
1.253940
1.253940
1.351779
1.351779
1.348752
1.348752
1.267060
1.267060
1.352608
1.352608
1.360322
1.384744
1.360322
1.384744
1.345818
1.345818
1.346501
1.355942
1.346501
1.355942
1.298879
1.298879
1.040743
1.040743
1.391447
1.391447
1.107345
1.107345
1.254836
1.191508
1.191508
1.254836
1.292019
1.292019
1.065239
1.065239
1.095021
1.095021
1.368960
1.368960
1.235604
1.235604
1.313073
1.313073
1.087791
1.087791
1.356095
1.356095
1.380222
1.380222
1.348730
1.348730
1.287071
1.287071
1.257298
1.257298
1.312704
1.312704
1.264266
1.264266
1.092170
1.092170
1.399061
1.399061
1.312141
1.312141
1.332519
1.332519
1.352186
1.352186
1.333805
1.333805
1.304389
1.333065
1.304389
1.333065
1.358092
1.358092
1.330110
1.330110
1.385843
1.385843
1.327382
1.327382
1.135833
1.135833
1.265354
1.265354
1.227379
1.227379
1.372577
1.372577
1.397680
1.397680
1.187227
1.187227
1.270451
1.270451
1.267670
1.267670
1.105995
1.186067
1.186067
1.105995
1.114598
1.114598
1.177515
1.177515
1.378126
1.378126
1.185685
1.185685
1.142869
1.142869
1.105114
1.105114
1.236966
1.236966
1.112590
1.112590
1.399045
1.399045
1.380898
1.380898
1.351284
1.351284
1.173931
1.173931
1.300798
1.300798
1.232834
1.232834
1.260417
1.260417
1.211643
1.211643
1.381410
1.381410
1.323198
1.323198
1.385615
1.385615
1.399967
1.399967
1.259609
1.259609
1.356462
1.356462
1.256290
1.256290
1.246507
1.246507
1.258392
1.258392
1.397716
1.397716
1.356823
1.356823
1.313398
1.313398
1.155123
1.155123
1.264807
1.264807
1.277795
1.277795
1.340476
1.340476
1.097946
1.097946
1.255617
1.255617
1.319990
1.319990
1.288400
1.288400
1.358100
1.358100
1.329254
1.329254
1.366250
1.366250
1.382545
1.382545
1.331475
1.331475
1.336477
1.336477
1.182050
1.182050
1.166962
1.166962
1.248998
1.248998
1.361095
1.361095
1.322155
1.322155
1.168585
1.168585
1.033707
1.033707
1.370337
1.370337
1.276519
1.276519
1.274970
1.274970
1.350655
1.350655
1.282725
1.282725
1.345510
1.345510
1.184811
1.184811
1.313021
1.313021
1.306871
1.306871
1.135809
1.135809
1.341917
1.341917
1.185247
1.185247
1.203872
1.203872
1.262532
1.349837
1.262532
1.349837
1.321006
1.321006
1.181484
1.181484
1.345558
1.345558
1.393302
1.393302
1.394959
1.394959
1.096245
1.096245
1.146155
1.146155
1.253914
1.253914
1.322355
1.322355
1.238248
1.238248
1.196634
1.196634
1.214240
1.214240
1.232753
1.232753
1.333614
1.333614
1.275004
1.275004
1.196718
1.196718
1.358515
1.358515
1.082947
1.082947
1.238067
1.238067
1.383805
1.383805
1.362812
1.362812
1.321520
1.321520
1.355927
1.355927
1.246420
1.246420
1.274224
1.274224
1.194358
1.194358
1.253834
1.253834
1.236901
1.236901
1.338207
1.338207
1.294249
1.294249
1.249148
1.249148
1.375300
1.375300
1.348262
1.348262
1.113871
1.113871
1.145375
1.145375
1.307847
1.307847
1.036539
1.036539
1.391974
1.391974
1.280354
1.280354
1.341018
1.341018
1.169732
1.169732
1.333035
1.333035
1.278643
1.278643
1.143136
1.143136
1.332644
1.332644
1.357748
1.357748
1.128904
1.128904
1.295533
1.295533
1.398795
1.398795
1.235044
1.235044
1.301910
1.301910
1.234729
1.234729
1.332639
1.332639
1.392543
1.392543
1.180013
1.180013
1.389637
1.389637
1.291322
1.291322
1.383319
1.386106
1.383319
1.386106
1.354134
1.354134
1.318582
1.318582
1.381775
1.381775
1.250270
1.250270
1.357954
1.357954
1.282667
1.282667
1.354733
1.354733
1.385621
1.385621
1.347322
1.347322
1.142327
1.142327
1.322816
1.322816
1.361494
1.361494
1.232662
1.232662
1.354562
1.354562
1.356573
1.356573
1.172725
1.172725
1.146672
1.146672
1.296500
1.296500
1.354716
1.354716
1.180083
1.180083
1.371599
1.371599
1.185964
1.185964
1.383403
1.383403
1.329655
1.329655
1.317359
1.317359
1.192325
1.192325
1.380774
1.380774
1.363379
1.363379
1.212890
1.212890
1.239380
1.239380
1.264217
1.264217
1.331046
1.331046
1.287404
1.287404
1.114728
1.114728
1.182636
1.182636
1.364817
1.364817
1.395141
1.395141
1.244060
1.244060
1.373893
1.373893
1.399641
1.399641
1.339390
1.339390
1.234007
1.234007
1.366386
1.366386
1.164015
1.164015
1.287271
1.287271
1.396142
1.396142
1.369242
1.369242
1.393640
1.393640
1.209988
1.209988
1.296818
1.296818
1.311526
1.311526
1.303762
1.303762
1.375279
1.375279
1.221515
1.221515
1.166749
1.373386
1.166749
1.373386
1.043225
1.043225
1.344794
1.344794
1.100556
1.100556
1.259597
1.259597
1.377092
1.377092
1.395073
1.395073
1.254072
1.254072
1.210781
1.210781
1.335185
1.335185
1.373569
1.373569
1.293046
1.293046
1.372887
1.372887
1.389058
1.389058
1.375284
1.375284
1.332894
1.332894
1.131691
1.131691
1.349103
1.349103
