1.375292
1.375292
1.245454
1.245454
1.148695
1.148695
1.150187
1.382862
1.150187
1.382862
1.341583
1.341583
1.103119
1.103119
1.226696
1.226696
1.221225
1.376136
1.376136
1.221225
1.394717
1.394717
1.305273
1.305273
1.309625
1.309625
1.229705
1.229705
1.302149
1.302149
1.307421
1.307421
1.359898
1.359898
1.318395
1.325845
1.325845
1.318395
1.346078
1.346078
1.196542
1.196542
1.330449
1.330449
1.131072
1.131072
1.398497
1.398497
1.157413
1.157413
1.332129
1.361843
1.361843
1.332129
1.292335
1.292335
1.235206
1.235495
1.235206
1.235495
1.365558
1.365558
1.386126
1.386126
1.355837
1.355837
1.263470
1.263470
1.030214
1.030214
1.389130
1.389130
1.250024
1.359668
1.250024
1.359668
1.029411
1.029411
1.060023
1.060023
1.398097
1.398097
1.288853
1.288853
1.360802
1.360802
1.123474
1.123474
1.272735
1.272735
1.324401
1.324401
1.289925
1.289925
1.369352
1.369352
1.273210
1.273210
1.207936
1.207936
1.238543
1.238543
1.206018
1.206018
1.191724
1.191724
1.329924
1.329924
1.365969
1.365969
1.168812
1.168812
1.192875
1.192875
1.188786
1.188786
1.311787
1.311787
1.328859
1.328859
1.343089
1.343089
1.245417
1.245417
1.296957
1.386294
1.296957
1.386294
1.261059
1.261059
1.278000
1.278000
1.372214
1.372214
1.376125
1.238022
1.376125
1.238022
1.355269
1.355269
1.262329
1.262329
1.357715
1.357715
1.223757
1.223757
1.374513
1.374513
1.258858
1.233634
1.258858
1.233634
1.325008
1.325008
1.278038
1.278038
1.229023
1.229023
1.236312
1.236312
1.205456
1.205456
1.067158
1.067158
1.234803
1.234803
1.114932
1.114932
1.393875
1.393875
1.388842
1.331958
1.331958
1.388842
1.155180
1.155180
1.041254
1.041254
1.282222
1.282222
1.375723
1.375723
1.399170
1.399170
1.182857
1.182857
1.356371
1.356371
1.239779
1.239779
1.332677
1.332677
1.387232
1.387232
1.281021
1.281021
1.242290
1.242290
1.155022
1.155022
1.398263
1.398263
1.333070
1.333070
1.149749
1.149749
1.295994
1.295994
1.201348
1.201348
1.260894
1.260894
1.365969
1.279964
1.279964
1.365969
1.374206
1.374206
1.314793
1.314793
1.290967
1.290967
1.341348
1.341348
1.300015
1.300015
1.372275
1.372275
1.152254
1.152254
1.330690
1.330690
1.350430
1.350430
1.349516
1.349516
1.319821
1.319821
1.361748
1.361748
1.111760
1.111760
1.317124
1.317124
1.293931
1.293931
1.240874
1.240874
1.111514
1.111514
1.117503
1.117503
1.357880
1.357880
1.184532
1.184532
1.326048
1.326048
1.207746
1.207746
1.351123
1.351123
1.286820
1.286820
1.323563
1.323563
1.272243
1.272243
1.329966
1.329966
1.043948
1.043948
1.267100
1.267100
1.375931
1.375931
1.266691
1.266691
1.278322
1.278322
1.297158
1.297158
1.275251
1.275251
1.382870
1.235596
1.382870
1.235596
1.123574
1.123574
1.305655
1.305655
1.386330
1.386330
1.289788
1.289788
1.140211
1.140211
1.288653
1.288653
1.211105
1.211105
1.320935
1.320935
1.329336
1.305392
1.329336
1.305392
1.329111
1.329111
1.344467
1.344467
1.378720
1.378720
1.344353
1.344353
1.172024
1.172024
1.305100
1.305100
1.264754
1.264754
1.304766
1.304766
1.094970
1.094970
1.349929
1.399617
1.349929
1.399617
1.191540
1.191540
1.275319
1.275319
1.357666
1.357666
1.357089
1.357089
1.327444
1.327444
1.347034
1.347034
1.282114
1.282114
1.166276
1.166276
1.345310
1.345310
1.307373
1.307373
1.396306
1.396306
1.392717
1.392717
1.394017
1.394017
1.158471
1.158471
1.374941
1.374941
1.287973
1.287973
1.357815
1.357815
1.291596
1.291596
1.210755
1.210755
1.139341
1.139341
1.279087
1.279087
1.271045
1.271045
1.355858
1.355858
1.298956
1.298956
1.323900
1.323900
1.143419
1.143419
1.343683
1.343683
1.348932
1.348932
1.166430
1.120826
1.166430
1.120826
1.325252
1.325252
1.228194
1.228194
1.361386
1.361386
1.245233
1.245233
1.279619
1.279619
1.226592
1.226592
1.357801
1.357801
1.347305
1.347305
1.264606
1.264606
1.354144
1.354144
1.259527
1.259527
1.174915
1.174915
1.329772
1.329772
1.362736
1.362736
1.181676
1.181676
1.189134
1.189134
1.334937
1.334937
1.306047
1.306047
1.386330
1.386330
1.316046
1.316046
1.301062
1.301062
1.249204
1.249204
1.344484
1.344484
1.381044
1.381044
1.337806
1.337806
1.331462
1.331462
1.169718
1.169718
1.179305
1.179305
1.234115
1.234115
1.282830
1.282830
1.293541
1.293541
1.032458
1.032458
1.393010
1.393010
1.136381
1.136381
1.260896
1.260896
1.393747
1.393747
1.181666
1.181666
1.171292
1.171292
1.371130
1.371130
1.148626
1.148626
1.373670
1.373670
1.343869
1.343869
1.163940
1.163940
1.277892
1.277892
1.245179
1.245179
1.335654
1.335654
1.211840
1.211840
1.343944
1.343944
1.347937
1.347937
1.259224
1.259224
1.310598
1.310598
1.029252
1.029252
1.362780
1.362780
1.101185
1.101185
1.397816
1.397816
1.339944
1.339944
1.329441
1.329441
1.136340
1.136340
1.188620
1.188620
1.349436
1.349436
1.274983
1.274983
1.396327
1.396327
1.381710
1.381710
1.260708
1.260708
1.210289
1.210289
1.319992
1.319992
1.351584
1.351584
1.299056
1.337169
1.337169
1.299056
1.398730
1.398730
1.274318
1.274318
1.362050
1.362050
1.257634
1.257634
1.308259
1.308259
1.242525
1.242525
1.172357
1.172357
1.206413
1.206413
1.159022
1.159022
1.299529
1.299529
1.307859
1.307859
1.315329
1.315329
1.381497
1.381497
1.270644
1.270644
1.379148
1.379148
1.314622
1.314622
1.090132
1.090132
1.370011
1.370011
1.388613
1.388613
1.333511
1.333511
1.332325
1.332325
1.388184
1.388184
1.384338
1.384338
1.224787
1.224787
1.275977
1.275977
1.334180
1.334180
1.155467
1.155467
1.256407
1.256407
1.290449
1.290449
1.397917
1.397917
1.357714
1.357714
1.370318
1.370318
1.260130
1.260130
1.391742
1.391742
1.337926
1.337926
1.356384
1.356384
1.396495
1.396495
1.082303
1.082303
1.265320
1.265320
1.352615
1.352615
1.219428
1.219428
1.393511
1.393511
1.224288
1.224288
1.220302
1.220302
1.071575
1.071575
1.200945
1.200945
1.103625
1.103625
1.390638
1.390638
1.250037
1.250037
1.092239
1.092239
1.114153
1.114153
1.233032
1.233032
1.327616
1.327616
1.350074
1.350074
1.228282
1.228282
1.177082
1.177082
1.256232
1.256232
1.365815
1.258260
1.365815
1.258260
1.383833
1.383833
1.149505
1.149505
1.371071
1.371071
1.393870
1.393870
1.390133
1.390133
1.160671
1.160671
1.118868
1.118868
1.392999
1.392999
1.350292
1.350292
1.138217
1.138217
1.362544
1.362544
1.372363
1.372363
