1.234561
1.234561
1.217532
1.217532
1.269675
1.269675
1.075828
1.075828
1.181990
1.181990
1.183218
1.183218
1.018750
1.018750
1.207480
1.207480
1.293633
1.293633
1.360416
1.360416
1.272548
1.272548
1.255804
1.255804
1.288530
1.288530
1.179982
1.179982
1.357186
1.357186
1.278244
1.165803
1.278244
1.165803
1.218331
1.218331
1.393016
1.393016
1.393987
1.393987
1.318361
1.318361
1.373723
1.373723
1.288530
1.288530
1.199135
1.199135
1.376933
1.376933
1.312033
1.312033
1.337719
1.337719
1.140115
1.140115
1.374675
1.374675
1.387701
1.387701
1.314087
1.314087
1.254024
1.254024
1.220314
1.220314
1.027236
1.027236
1.255336
1.255336
1.151961
1.151961
1.108128
1.108128
1.124097
1.124097
1.156002
1.156002
1.177543
1.177543
1.303968
1.303968
1.176773
1.176773
1.271743
1.271743
1.246591
1.246591
1.386102
1.386102
1.144619
1.144619
1.349618
1.349618
1.194227
1.194227
1.380639
1.380639
1.383907
1.383907
1.359481
1.359481
1.382798
1.382798
1.169624
1.169624
1.104397
1.104397
1.133390
1.133390
1.344051
1.344051
1.211140
1.211140
1.382960
1.382960
1.342509
1.342509
1.346164
1.346164
1.336821
1.336821
1.397994
1.397994
1.287264
1.287264
1.338305
1.338305
1.314843
1.314843
1.079987
1.079987
1.393252
1.393252
1.395837
1.395837
1.216934
1.216934
1.351610
1.351610
1.392018
1.392018
1.343565
1.343565
1.261612
1.261612
1.372760
1.372760
1.351489
1.351489
1.314722
1.314722
1.313008
1.313008
1.359921
1.359921
1.347904
1.347904
1.315880
1.315880
1.323175
1.323175
1.389490
1.389490
1.162531
1.162531
1.394928
1.394928
1.287512
1.287512
1.388314
1.388314
1.308510
1.308510
1.165764
1.165764
1.216636
1.216636
1.189000
1.189000
1.327447
1.327447
1.350089
1.350089
1.388278
1.292238
1.388278
1.292238
1.361564
1.361564
1.175170
1.175170
1.336568
1.336568
1.300560
1.300560
1.146271
1.146271
1.389091
1.389091
1.304016
1.304016
1.392609
1.392609
1.335316
1.234390
1.335316
1.234390
1.259785
1.271327
1.259785
1.271327
1.334809
1.334809
1.252995
1.252995
1.355516
1.355516
1.347450
1.347450
1.398187
1.398187
1.293872
1.293872
1.388943
1.388943
1.299426
1.299426
1.183516
1.183516
1.338632
1.338632
1.147571
1.147571
1.340516
1.340516
1.263326
1.263326
1.397101
1.397101
1.225463
1.225463
1.384442
1.384442
1.370620
1.370620
1.270783
1.270783
1.116404
1.116404
1.346013
1.346013
1.072044
1.072044
1.320918
1.320918
1.301994
1.301994
1.354530
1.354530
1.289293
1.289293
1.364946
1.364946
1.238943
1.238943
1.364156
1.364156
1.393196
1.393196
1.356896
1.356896
1.140757
1.140757
1.358078
1.358078
1.390547
1.390547
1.286418
1.286418
1.117904
1.117904
1.262269
1.262269
1.175145
1.175145
1.362302
1.362302
1.389698
1.389698
1.318419
1.318419
1.292019
1.292019
1.321409
1.321409
1.287103
1.287103
1.326767
1.326767
1.145862
1.145862
1.170750
1.170750
1.311078
1.311078
1.316660
1.316660
1.308962
1.308962
1.316468
1.316468
1.189129
1.189129
1.192669
1.192669
1.315145
1.315145
1.251365
1.251365
1.309738
1.309738
1.098301
1.098301
1.354578
1.354578
1.192497
1.192497
1.389763
1.389763
1.206905
1.206905
1.385879
1.385879
1.197423
1.197423
1.236851
1.236851
1.230887
1.230887
1.248201
1.248201
1.387573
1.387573
1.399067
1.399067
1.324940
1.324940
1.253708
1.253708
1.171817
1.171817
1.356322
1.356322
1.361336
1.361336
1.218986
1.218986
1.249425
1.249425
1.333775
1.333775
1.334094
1.334094
1.240164
1.240164
1.376274
1.376274
1.298282
1.298282
1.152716
1.152716
1.398384
1.398384
1.296037
1.296037
1.395477
1.395477
1.334113
1.334113
1.237847
1.237847
1.366613
1.366613
1.120044
1.120044
1.370340
1.370340
1.313285
1.313285
1.381153
1.381153
1.130774
1.130774
1.399424
1.399424
1.261800
1.261800
1.255510
1.255510
1.247562
1.247562
1.398099
1.398099
1.208887
1.208887
1.336162
1.336162
1.390210
1.390210
1.197188
1.197188
1.331591
1.331591
1.383973
1.383973
1.332580
1.332580
1.240071
1.240071
1.283408
1.283408
1.258591
1.258591
1.287042
1.287042
1.233598
1.233598
1.361914
1.361914
1.107465
1.107465
1.285391
1.285391
1.355112
1.355112
1.080180
1.080180
1.369004
1.369004
1.177764
1.177764
1.304066
1.304066
1.390049
1.390049
1.280430
1.280430
1.213701
1.213701
1.356798
1.356798
1.232442
1.232442
1.348568
1.348568
1.390282
1.390282
1.341561
1.341561
1.135289
1.135289
1.294151
1.294151
1.135918
1.135918
1.351904
1.351904
1.373724
1.373724
1.228345
1.228345
1.291334
1.291334
1.231322
1.231322
1.130919
1.130919
1.370721
1.370721
1.325829
1.325829
1.381247
1.381247
1.334784
1.334784
1.381834
1.381834
1.398620
1.398620
1.211720
1.211720
1.349229
1.349229
1.177211
1.177211
1.297435
1.297435
1.315913
1.315913
1.211804
1.211804
1.366772
1.366772
1.205291
1.205291
1.322122
1.322122
1.282634
1.282634
1.208135
1.208135
1.170774
1.170774
1.140125
1.140125
1.381056
1.381056
1.166615
1.166615
1.399833
1.399833
1.386874
1.386874
1.289885
1.289885
1.346679
1.346679
1.399557
1.399557
1.383921
1.383921
1.388770
1.388770
1.360184
1.360184
1.154192
1.154192
1.213696
1.213696
1.247706
1.247706
1.396000
1.396000
1.365783
1.365783
1.111826
1.111826
1.372995
1.372995
1.398621
1.398621
1.348698
1.348698
1.198687
1.198687
1.271711
1.271711
1.341656
1.341656
1.373342
1.373342
1.300058
1.300058
1.265653
1.265653
1.343526
1.231894
1.231894
1.343526
1.202206
1.202206
1.395215
1.395215
1.222041
1.222041
1.366616
1.366616
1.135728
1.135728
1.387642
1.387642
1.304349
1.304349
1.134016
1.134016
1.356193
1.356193
1.395899
1.395899
1.264837
1.264837
1.397099
1.397099
1.144073
1.144073
1.390396
1.390396
1.291098
1.291098
1.177882
1.177882
1.330160
1.330160
1.368786
1.368786
1.045088
1.045088
1.390989
1.390989
1.388623
1.388623
1.248541
1.248541
1.331854
1.331854
1.183747
1.183747
1.167437
1.167437
1.371514
1.371514
1.340496
1.340496
1.333823
1.333823
1.184045
1.184045
1.377125
1.377125
1.095079
1.095079
1.173260
1.173260
1.365513
1.365513
1.346601
1.346601
1.346944
1.346944
1.138177
1.138177
1.313717
1.313717
1.383737
1.383737
