1.263212
1.263212
1.127446
1.127446
1.381909
1.316089
1.316089
1.381909
1.153538
1.153538
1.374147
1.374147
1.399674
1.399674
1.300204
1.300204
1.327804
1.327804
1.277056
1.277056
1.381353
1.381353
1.253574
1.253574
1.293784
1.293784
1.351152
1.351152
1.257109
1.257109
1.196229
1.196229
1.290390
1.290390
1.348943
1.348943
1.309309
1.309309
1.342480
1.342480
1.380611
1.380611
1.088774
1.088774
1.376885
1.376885
1.308289
1.308289
1.383410
1.383410
1.211607
1.211607
1.139781
1.139781
1.365516
1.365516
1.371982
1.371982
1.280093
1.280093
1.237525
1.237525
1.267606
1.267606
1.104730
1.104730
1.319262
1.319262
1.304168
1.304168
1.134147
1.134147
1.344946
1.344946
1.318050
1.318050
1.324489
1.324489
1.290699
1.290699
1.279700
1.279700
1.197632
1.197632
1.355749
1.355749
1.336923
1.336923
1.337253
1.337253
1.392728
1.392728
1.388719
1.388719
1.255814
1.255814
1.259082
1.259082
1.217314
1.217314
1.273393
1.273393
1.354683
1.354683
1.390543
1.390543
1.327260
1.327260
1.186038
1.186038
1.085426
1.085426
1.391859
1.391859
1.230029
1.230029
1.180614
1.180614
1.342354
1.342354
1.281069
1.281069
1.227799
1.227799
1.134843
1.134843
1.245753
1.245753
1.376847
1.376847
1.277845
1.277845
1.317665
1.317665
1.348921
1.348921
1.302662
1.340713
1.340713
1.302662
1.242166
1.242166
1.223962
1.223962
1.246734
1.246734
1.386363
1.386363
1.060324
1.060324
1.355573
1.355573
1.174717
1.174717
1.235128
1.235128
1.184452
1.184452
1.369883
1.369883
1.299154
1.299154
1.330684
1.330684
1.382815
1.382815
1.338925
1.338925
1.356390
1.356390
1.106215
1.106215
1.165844
1.165844
1.385149
1.385149
1.169815
1.169815
1.396687
1.396687
1.328079
1.328079
1.381771
1.381771
1.180364
1.180364
1.398679
1.398679
1.241372
1.241372
1.317004
1.317004
1.306485
1.306485
1.365874
1.365874
1.236862
1.236862
1.040964
1.040964
1.366904
1.366904
1.264130
1.264130
1.245580
1.245580
1.366048
1.366048
1.360661
1.360661
1.390695
1.390695
1.363860
1.363860
1.312261
1.312261
1.239608
1.239608
1.285608
1.285608
1.204109
1.204109
1.300440
1.300440
1.330029
1.330029
1.389702
1.389702
1.083670
1.083670
1.143622
1.143622
1.350532
1.350532
1.316549
1.316549
1.340903
1.340903
1.276780
1.276780
1.370851
1.370851
1.387755
1.387755
1.196741
1.196741
1.359162
1.359162
1.266456
1.266456
1.237124
1.237124
1.250232
1.250232
1.258318
1.258318
1.142458
1.142458
1.384232
1.384232
1.139417
1.139417
1.308638
1.308638
1.033898
1.033898
1.335294
1.335294
1.369446
1.369446
1.269308
1.269308
1.371419
1.371419
1.388130
1.388130
1.333154
1.333154
1.239718
1.239718
1.310008
1.310008
1.373874
1.373874
1.386832
1.386832
1.342788
1.342788
1.337197
1.337197
1.218941
1.218941
1.360076
1.360076
1.295464
1.295464
1.326538
1.326538
1.326172
1.326172
1.071614
1.071614
1.203143
1.203143
1.353767
1.353767
1.396964
1.396964
1.107205
1.107205
1.289621
1.289621
1.377936
1.377936
1.365632
1.365632
1.049759
1.049759
1.313430
1.313430
1.296547
1.296547
1.329459
1.329459
1.337966
1.337966
1.337643
1.337643
1.349061
1.349061
1.219830
1.219830
1.130503
1.130503
1.395661
1.395661
1.222820
1.222820
1.283057
1.283057
1.167449
1.167449
1.393519
1.393519
1.338819
1.338819
1.288332
1.288332
1.380820
1.380820
1.180428
1.180428
1.295416
1.295416
1.299916
1.299916
1.298835
1.298835
1.325104
1.325104
1.355091
1.355091
1.380711
1.380711
1.271714
1.271714
1.326594
1.326594
1.231127
1.231127
1.182953
1.182953
1.265293
1.265293
1.385814
1.385814
1.312453
1.312453
1.207658
1.207658
1.227184
1.227184
1.372234
1.372234
1.251148
1.304393
1.304393
1.251148
1.222397
1.222397
1.369277
1.369277
1.390751
1.390751
1.297885
1.297885
1.393725
1.393725
1.236822
1.236822
1.277768
1.277768
1.385863
1.385863
1.247121
1.247121
1.370657
1.370657
1.288992
1.288992
1.360670
1.360670
1.206280
1.206280
1.270349
1.270349
1.385609
1.385609
1.316319
1.316319
1.279590
1.279590
1.279410
1.279410
1.390585
1.390585
1.217128
1.217128
1.351673
1.351673
1.399044
1.399044
1.313843
1.313843
1.248463
1.248463
1.384187
1.384187
1.139126
1.139126
1.330855
1.330855
1.297175
1.297175
1.089090
1.089090
1.061670
1.061670
1.172265
1.172265
1.398528
1.398528
1.028897
1.028897
1.372063
1.372063
1.308034
1.308034
1.235561
1.235561
1.330601
1.330601
1.328433
1.328433
1.238650
1.238650
1.373828
1.373828
1.390170
1.390170
1.359816
1.359816
1.359799
1.359799
1.168618
1.168618
1.238753
1.238753
1.166706
1.166706
1.313948
1.313948
1.261368
1.261368
1.384334
1.384334
1.199607
1.199607
1.152553
1.152553
1.389577
1.389577
1.299516
1.299516
1.365634
1.365634
