1.327436
1.327436
1.370402
1.370402
1.348448
1.348448
1.399279
1.399279
1.360385
1.360385
1.334916
1.334916
1.356771
1.356771
1.227380
1.227380
1.310393
1.164742
1.310393
1.164742
1.392280
1.392280
1.168355
1.168355
1.316166
1.286476
1.316166
1.286476
1.319943
1.319943
1.354906
1.354906
1.317197
1.317197
1.237112
1.237112
1.374063
1.374063
1.278360
1.278360
1.279299
1.279299
1.297371
1.297371
1.310744
1.310744
1.111901
1.111901
1.120908
1.120908
1.242621
1.242621
1.389275
1.389275
1.059543
1.059543
1.361922
1.361922
1.165733
1.165733
1.349133
1.349133
1.279880
1.279880
1.229047
1.229047
1.217111
1.217111
1.393090
1.393090
1.077088
1.077088
1.315097
1.315097
1.341570
1.341570
1.307882
1.307882
1.311687
1.311687
1.177764
1.177764
1.315292
1.315292
1.378528
1.378528
1.377097
1.377097
1.390107
1.390107
1.335172
1.335172
1.375364
1.346498
1.346498
1.375364
1.279581
1.279581
1.344346
1.344346
1.145317
1.145317
1.166649
1.166649
1.179891
1.375603
1.375603
1.179891
1.280515
1.280515
1.322677
1.322677
1.154750
1.154750
1.364042
1.364042
1.248817
1.248817
1.200495
1.200495
1.329150
1.329150
1.320530
1.320530
1.372448
1.372448
1.295322
1.295322
1.073902
1.073902
1.379577
1.379577
1.166494
1.166494
1.296359
1.296359
1.231994
1.231994
1.080458
1.080458
1.202799
1.202799
1.142079
1.142079
1.280977
1.280977
1.043156
1.043156
1.378203
1.383626
1.383626
1.378203
1.389865
1.365903
1.389865
1.365903
1.308548
1.308548
1.260452
1.260452
1.365142
1.365142
1.332037
1.332037
1.332203
1.332203
1.111401
1.111401
1.227357
1.227357
1.166737
1.166737
1.391608
1.391608
1.170131
1.170131
1.302831
1.302831
1.143646
1.143646
1.347840
1.347840
1.283593
1.283593
1.214373
1.214373
1.388218
1.388218
1.252509
1.252509
1.397256
1.397256
1.209344
1.209344
1.243431
1.243431
1.329853
1.327467
1.327467
1.329853
1.280193
1.280193
1.347801
1.347801
1.389581
1.389581
1.236531
1.236531
1.123869
1.123869
1.316443
1.316443
1.340335
1.340335
1.234901
1.234901
1.361114
1.361114
1.250333
1.250333
1.280780
1.280780
1.361209
1.361209
1.239025
1.239025
1.266746
1.266746
1.303014
1.303014
1.397932
1.397932
1.258240
1.258240
1.267436
1.267436
1.368681
1.368681
1.273058
1.273058
1.173511
1.173511
1.287004
1.287004
1.139003
1.139003
1.038880
1.038880
1.343618
1.343618
1.364570
1.364570
1.345761
1.345761
1.266883
1.266883
1.369106
1.369106
1.387310
1.387310
1.349676
1.349676
1.255021
1.255021
1.311762
1.311762
1.299830
1.299830
1.308644
1.308644
1.314723
1.314723
1.391250
1.391250
1.158280
1.158280
1.008638
1.008638
1.336504
1.336504
1.328678
1.328678
1.331209
1.331209
1.329902
1.329902
1.381871
1.381871
1.364570
1.364570
1.152915
1.152915
1.351334
1.351334
1.352429
1.352429
1.347411
1.347411
1.328521
1.328521
1.379238
1.379238
1.306846
1.306846
1.341039
1.341039
1.378700
1.378700
1.341428
1.341428
1.101436
1.101436
1.140243
1.140243
1.391005
1.391005
1.265306
1.265306
1.274026
1.274026
1.062591
1.062591
1.127653
1.127653
1.317500
1.317500
1.078557
1.078557
1.235028
1.235028
1.310500
1.310500
1.349040
1.349040
1.383261
1.383261
1.312224
1.312224
1.101055
1.101055
1.322257
1.322257
1.228200
1.228200
1.151089
1.151089
1.275142
1.275142
1.256545
1.256545
1.377896
1.377896
1.337428
1.337428
1.299485
1.299485
1.334904
1.334904
1.380030
1.380030
1.187904
1.187904
1.229647
1.229647
1.231548
1.231548
1.346684
1.346684
1.371044
1.371044
1.371185
1.371185
1.190527
1.190527
1.374455
1.374455
1.357318
1.357318
1.246383
1.246383
1.245945
1.245945
1.324286
1.324286
1.334022
1.334022
1.340236
1.340236
1.193564
1.193564
1.145873
1.145873
1.150360
1.150360
1.388997
1.388997
1.240459
1.240459
1.334501
1.334501
1.359596
1.359596
1.386472
1.386472
1.126718
1.126718
1.253340
1.253340
1.350472
1.350472
1.047612
1.047612
1.389688
1.389688
1.398861
1.398861
1.384646
1.384646
1.315415
1.315415
1.315223
1.315223
1.308429
1.308429
1.361815
1.361815
1.388813
1.388813
1.386527
1.386527
1.268661
1.268661
1.179947
1.179947
1.331509
1.331509
1.359336
1.359336
1.205951
1.205951
1.388673
1.388673
1.338968
1.338968
1.236488
1.236488
1.379459
1.379459
1.266189
1.266189
1.271100
1.271100
1.196815
1.196815
1.233646
1.233646
1.324498
1.324498
1.244704
1.244704
1.219371
1.219371
1.373210
1.373210
1.316194
1.316194
1.332911
1.332911
1.381580
1.381580
1.279309
1.279309
1.289786
1.289786
1.348946
1.348946
1.381661
1.381661
1.356099
1.356099
1.188509
1.188509
1.356608
1.356608
