1.170700
1.170700
1.259080
1.259080
1.281217
1.281217
1.240866
1.240866
1.155786
1.155786
1.385462
1.385462
1.142792
1.142792
1.282953
1.282953
1.318386
1.318386
1.366546
1.366546
1.192965
1.192965
1.261894
1.261894
1.195720
1.236717
1.195720
1.236717
1.396971
1.396971
1.235596
1.235596
1.058940
1.058940
1.344713
1.344713
1.222758
1.222758
1.184187
1.184187
1.341105
1.341105
1.177595
1.177595
1.229212
1.229212
1.213660
1.213660
1.333793
1.333793
1.294666
1.294666
1.333961
1.333961
1.371105
1.371105
1.367033
1.367033
1.283677
1.283677
1.379739
1.379739
1.247186
1.247186
1.296990
1.296990
1.296780
1.296780
1.128752
1.128752
1.377813
1.377813
1.277476
1.277476
1.249872
1.249872
1.067408
1.067408
1.377872
1.377872
1.245470
1.245470
1.317135
1.317135
1.301914
1.301914
1.383172
1.383172
1.286207
1.279478
1.279478
1.286207
1.119524
1.119524
1.293147
1.293147
1.262365
1.262365
1.334787
1.334787
1.310275
1.310275
1.348886
1.348886
1.306622
1.306622
1.329969
1.329969
1.351994
1.351994
1.124926
1.241277
1.124926
1.241277
1.063503
1.063503
1.320984
1.320984
1.347621
1.347621
1.170627
1.170627
1.215237
1.215237
1.134874
1.134874
1.385624
1.385624
1.368843
1.368843
1.331854
1.331854
1.362433
1.362433
1.343288
1.343288
1.127390
1.127390
1.371290
1.371290
1.243286
1.243286
1.298587
1.298587
1.353768
1.353768
1.314832
1.314832
1.392794
1.392794
1.252885
1.365332
1.365332
1.252885
1.324779
1.324779
1.277984
1.277984
1.269342
1.269342
1.108575
1.108575
1.314686
1.264967
1.314686
1.264967
1.396456
1.396456
1.344751
1.344751
1.072126
1.248011
1.248011
1.072126
1.035076
1.035076
1.203260
1.203260
1.380978
1.380978
1.308098
1.308098
1.263403
1.263403
1.356779
1.356779
1.150732
1.150732
1.396945
1.396945
1.290302
1.290302
1.244011
1.244011
1.379436
1.379436
1.396845
1.396845
1.191001
1.178309
1.178309
1.191001
1.262199
1.262199
1.356175
1.356175
1.337722
1.337722
1.128034
1.128034
1.307767
1.307767
1.387581
1.387581
1.368701
1.368701
1.395825
1.395825
1.040000
1.040000
1.388619
1.388619
1.280948
1.280948
1.193852
1.193852
1.381856
1.381856
1.219369
1.219369
1.126911
1.126911
1.390225
1.390225
1.215954
1.215954
1.123713
1.123713
1.270723
1.270723
1.106360
1.106360
1.395272
1.395272
1.213678
1.213678
1.333912
1.333912
1.391495
1.391495
1.128803
1.128803
1.387511
1.387511
1.330610
1.330610
1.335683
1.335683
1.328711
1.328711
1.283734
1.283734
1.262916
1.262916
1.369084
1.369084
1.391814
1.391814
1.307191
1.307191
1.272868
1.272868
1.201165
1.201165
1.356743
1.356743
1.233133
1.233133
1.176569
1.176569
1.315195
1.315195
1.289767
1.289767
1.339950
1.339950
1.314860
1.314860
1.025029
1.025029
1.210824
1.210824
1.199536
1.199536
1.296280
1.296280
1.390148
1.390148
1.343281
1.343281
1.291022
1.291022
1.320984
1.320984
1.327600
1.327600
1.226418
1.226418
1.365141
1.365141
1.325589
1.325589
1.275994
1.275994
1.298984
1.298984
1.344218
1.344218
1.380877
1.380877
1.308512
1.308512
1.337812
1.290064
1.290064
1.337812
1.395102
1.395102
1.279182
1.150910
1.150910
1.279182
1.268079
1.268079
1.260835
1.260835
1.216415
1.216415
1.258323
1.258323
1.320215
1.320215
1.388496
1.388496
1.095237
1.095237
1.121439
1.121439
1.067292
1.067292
1.374392
1.358662
1.358662
1.374392
1.295070
1.295070
1.361927
1.361927
1.068226
1.068226
1.273941
1.273941
1.099716
1.099716
1.259261
1.259261
1.348807
1.348807
1.340615
1.340615
1.337547
1.337547
1.326404
1.326404
1.355861
1.355861
1.048797
1.048797
1.359357
1.359357
1.116613
1.116613
1.205059
1.205059
1.354807
1.354807
1.163828
1.163828
1.120270
1.120270
1.276227
1.276227
1.209221
1.209221
1.285837
1.285837
1.190906
1.190906
1.214312
1.214312
1.226412
1.226412
1.388902
1.388902
1.071369
1.071369
1.198845
1.198845
1.359506
1.359506
1.305395
1.305395
1.242139
1.242139
1.308288
1.308288
1.375495
1.375495
1.163886
1.163886
1.369457
1.369457
1.375942
1.375942
1.323135
1.398199
1.398199
1.323135
1.326196
1.326196
1.065789
1.065789
1.394839
1.394839
1.350855
1.350855
1.378665
1.378665
1.380239
1.380239
1.389214
1.389214
1.207465
1.207465
1.349709
1.349709
1.146264
1.146264
1.231288
1.231288
1.353165
1.353165
1.125290
1.125290
1.396419
1.396419
1.348323
1.348323
1.243009
1.243009
1.397739
1.397739
1.380543
1.380543
1.394041
1.394041
1.361182
1.361182
1.359283
1.359283
1.261395
1.261395
1.236559
1.236559
1.097196
1.097196
1.185283
1.185283
1.285347
1.285347
1.026392
1.026392
1.375013
1.375013
1.354399
1.354399
1.247445
1.247445
1.384452
1.384452
1.331765
1.331765
1.237850
1.237850
1.181621
1.181621
1.316484
1.316484
1.353659
1.353659
1.367907
1.367907
1.162573
1.162573
1.288981
1.288981
1.364171
1.364171
1.377752
1.322736
1.322736
1.377752
1.195578
1.195578
1.363829
1.363829
1.199717
1.199717
1.371070
1.371070
1.295140
1.295140
1.250558
1.250558
1.164589
1.164589
1.394522
1.394522
1.285022
1.285022
1.398714
1.398714
1.326780
1.326780
1.382101
1.382101
1.175396
1.175396
1.106251
1.106251
1.097812
1.097812
1.347645
1.347645
1.334881
1.334881
1.303813
1.303813
1.231187
1.231187
1.294910
1.294910
1.398486
1.398486
1.390665
1.390665
1.373983
1.373983
1.330424
1.330424
1.375750
1.375750
1.329500
1.329500
1.174893
1.174893
1.024941
1.024941
1.089619
1.089619
1.173031
1.173031
1.338890
1.338890
1.308549
1.308549
1.306643
1.306643
1.247940
1.247940
1.363610
1.363610
1.184061
1.184061
1.321395
1.321395
1.324306
1.324306
1.367061
1.367061
1.341972
1.341972
1.144109
1.144109
1.368619
1.368619
1.170221
1.170221
1.381993
1.381993
1.340185
1.340185
