1.287268
1.287268
1.166725
1.166725
1.349821
1.349821
1.344381
1.344381
1.215429
1.215429
1.309922
1.309922
1.357509
1.357509
1.347420
1.347420
1.247467
1.247467
1.398770
1.398770
1.394015
1.394015
1.307314
1.307314
1.352898
1.352898
1.272616
1.272616
1.365156
1.365156
1.258285
1.258285
1.081163
1.081163
1.113220
1.113220
1.346825
1.346825
1.317177
1.317177
1.197382
1.197382
1.348812
1.348812
1.216096
1.216096
1.234156
1.234156
1.234153
1.234153
1.251916
1.251916
1.200861
1.200861
1.277437
1.277437
1.331477
1.331477
1.155426
1.155426
1.364489
1.364489
1.325315
1.325315
1.353556
1.353556
1.291183
1.291183
1.284498
1.284498
1.366084
1.366084
1.229124
1.229124
1.321927
1.321927
1.079450
1.079450
1.343193
1.343193
1.369282
1.369282
1.123892
1.123892
1.366274
1.366274
1.053574
1.053574
1.258609
1.258609
1.383102
1.383102
1.172349
1.172349
1.345508
1.345508
1.394910
1.394910
1.344304
1.344304
1.172326
1.172326
1.348508
1.348508
1.362634
1.267759
1.362634
1.267759
1.275677
1.275677
1.160636
1.160636
1.233451
1.233451
1.249394
1.249394
1.361772
1.361772
1.258040
1.258040
1.329572
1.329572
1.393156
1.393156
1.379367
1.379367
1.306583
1.306583
1.351821
1.351821
1.330744
1.330744
1.356681
1.356681
1.273573
1.273573
1.361682
1.361682
1.111393
1.111393
1.196210
1.196210
1.112102
1.112102
1.331040
1.331040
1.394423
1.394423
1.386533
1.373531
1.386533
1.373531
1.295032
1.295032
1.349991
1.349991
1.338697
1.338697
1.367379
1.367379
1.315170
1.315170
1.068553
1.068553
1.382862
1.382862
1.211302
1.211302
1.317392
1.317392
1.230166
1.230166
1.165191
1.231982
1.231982
1.165191
1.195997
1.195997
1.283261
1.283261
1.260997
1.260997
1.249110
1.249110
1.339991
1.339991
1.355858
1.355858
1.250284
1.250284
1.245485
1.245485
1.139020
1.139020
1.366397
1.366397
1.302447
1.302447
1.020064
1.020064
1.299406
1.299406
1.285605
1.285605
1.305406
1.305406
1.313921
1.313921
1.255582
1.255582
1.337183
1.337183
1.331261
1.331261
1.294100
1.294100
1.292191
1.292191
1.062851
1.062851
1.320288
1.320288
1.223719
1.223719
1.286091
1.286091
1.388835
1.388835
1.379037
1.379037
1.317615
1.317615
1.314142
1.314142
1.389871
1.389871
1.012806
1.012806
1.357261
1.357261
1.347922
1.347922
1.376129
1.376129
1.173123
1.173123
1.044046
1.044046
1.268331
1.268331
1.398228
1.398228
1.121859
1.121859
1.313836
1.313836
1.397631
1.397631
1.269562
1.269562
1.350164
1.350164
1.385470
1.385470
1.270117
1.270117
1.373840
1.373840
1.292688
1.292688
1.297530
1.297530
1.296863
1.296863
1.217423
1.217423
1.355911
1.355911
1.268006
1.268006
1.388471
1.119702
1.119702
1.388471
1.270761
1.270761
1.357387
1.357387
1.360892
1.360892
1.241390
1.241390
1.261700
1.261700
1.224665
1.224665
1.177785
1.177785
1.396574
1.396574
1.356829
1.356829
1.288526
1.288526
1.279253
1.279253
1.219549
1.219549
1.306626
1.306626
1.386149
1.386149
1.377049
1.377049
1.394297
1.394297
1.231955
1.231955
1.392123
1.392123
1.331561
1.331561
1.364295
1.364295
1.367969
1.367969
1.300281
1.300281
1.198060
1.198060
1.312929
1.312929
1.399529
1.399529
1.183075
1.183075
1.273946
1.273946
1.124673
1.124673
1.137766
1.137766
1.217985
1.217985
1.295825
1.295825
1.383483
1.383483
1.191480
1.191480
1.141603
1.141603
1.221113
1.221113
1.333898
1.333898
1.158021
1.158021
1.323722
1.323722
1.385671
1.385671
1.196829
1.196829
1.242684
1.242684
1.220510
1.220510
1.340982
1.340982
1.385547
1.385547
1.339094
1.339094
1.109007
1.109007
1.312224
1.312224
1.222132
1.222132
1.365176
1.365176
1.221264
1.221264
1.203811
1.203811
1.343759
1.343759
1.185616
1.185616
1.290883
1.290883
1.307290
1.307290
1.201131
1.201131
1.109329
1.109329
1.378696
1.378696
1.348382
1.348382
1.387429
1.387429
1.183422
1.183422
1.326481
1.326481
1.268002
1.268002
1.276697
1.276697
1.224744
1.224744
1.208692
1.208692
1.085904
1.085904
1.338790
1.338790
1.281629
1.281629
1.262312
1.262312
1.344634
1.344634
1.342867
1.342867
1.383261
1.383261
1.247222
1.247222
1.256356
1.256356
