1.242856
1.242856
1.338102
1.338102
1.137144
1.137144
1.375558
1.375558
1.347092
1.347092
1.355480
1.355480
1.389127
1.389127
1.386940
1.386940
1.108593
1.108593
1.392319
1.392319
1.328388
1.328388
1.261245
1.261245
1.248392
1.248392
1.261227
1.261227
1.331474
1.306796
1.306796
1.331474
1.375999
1.375999
1.362132
1.362132
1.091457
1.091457
1.304700
1.304700
1.128255
1.128255
1.333488
1.333488
1.255604
1.255604
1.378482
1.378482
1.344029
1.344029
1.348255
1.348255
1.359768
1.359768
1.352076
1.352076
1.341874
1.341874
1.296909
1.296909
1.378268
1.378268
1.201333
1.201333
1.235017
1.125369
1.235017
1.125369
1.255123
1.255123
1.382955
1.382955
1.246244
1.246244
1.362734
1.362734
1.259568
1.259568
1.386321
1.386321
1.348133
1.348133
1.270320
1.270320
1.265717
1.265717
1.056824
1.275848
1.056824
1.275848
1.267917
1.267917
1.088910
1.088910
1.229256
1.229256
1.370351
1.370351
1.252591
1.252591
1.325843
1.325843
1.353085
1.353085
1.132886
1.132886
1.197210
1.197210
1.396286
1.396286
1.340653
1.340653
1.336424
1.336424
1.331113
1.331113
1.174229
1.174229
1.309272
1.309272
1.170841
1.170841
1.306465
1.306465
1.339023
1.339023
1.327687
1.327687
1.373392
1.373392
1.238990
1.238990
1.277026
1.277026
1.120664
1.120664
1.132445
1.132445
1.332911
1.332911
1.337465
1.337465
1.052666
1.052666
1.363716
1.363716
1.378255
1.378255
1.367719
1.367719
1.377591
1.377591
1.234298
1.234298
1.192197
1.192197
1.297674
1.297674
1.286058
1.286058
1.292327
1.292327
1.332973
1.332973
1.366362
1.366362
1.357443
1.357443
1.277029
1.277029
1.193716
1.193716
1.239066
1.239066
1.306402
1.306402
1.088682
1.088682
1.255291
1.238538
1.238538
1.135809
1.135809
1.255291
1.387078
1.387078
1.246297
1.246297
1.359728
1.359728
1.372506
1.372506
1.178834
1.178834
1.365536
1.365536
1.154632
1.154632
1.274026
1.274026
1.293589
1.293589
1.323695
1.323695
1.270307
1.270307
1.339416
1.339416
1.085018
1.085018
1.297767
1.297767
1.318896
1.318896
1.384644
1.384644
1.356418
1.356418
1.383587
1.383587
1.353490
1.353490
1.030820
1.030820
1.285685
1.285685
1.269632
1.269632
1.321215
1.321215
1.350896
1.350896
1.247424
1.247424
1.295691
1.295691
1.237409
1.188518
1.315941
1.237409
1.188518
1.315941
1.140338
1.140338
1.370782
1.370782
1.389329
1.389329
1.262794
1.262794
1.228668
1.228668
1.185421
1.185421
1.351119
1.351119
1.298865
1.298865
1.306675
1.306675
1.262722
1.262722
1.260479
1.260479
1.312715
1.312715
1.344236
1.344236
1.375933
1.375933
1.395275
1.395275
1.252486
1.252486
1.153793
1.153793
1.209185
1.209185
1.314756
1.314756
1.217089
1.217089
1.211148
1.211148
1.354450
1.354450
1.295907
1.295907
1.369625
1.369625
1.207929
1.207929
1.311131
1.311131
1.399559
1.399559
1.153051
1.153051
1.234103
1.234103
1.201657
1.201657
1.086436
1.086436
1.291508
1.291508
1.110321
1.110321
1.198960
1.198960
1.278226
1.278226
1.372922
1.372922
1.318486
1.318486
1.319792
1.319792
1.272814
1.272814
1.348212
1.348212
1.173898
1.173898
1.214956
1.214956
1.286086
1.286086
1.392414
1.392414
1.312899
1.312899
1.285080
1.285080
1.113218
1.113218
1.317666
1.317666
1.394699
1.394699
1.338875
1.336084
1.297196
1.336084
1.297196
1.338875
1.395898
1.395898
1.335354
1.335354
1.346774
1.346774
1.225280
1.225280
1.380141
1.380141
1.296800
1.296800
1.299615
1.299615
1.252509
1.252509
1.253968
1.253968
1.316702
1.316702
1.397800
1.397800
1.217644
1.217644
1.110721
1.110721
1.206503
1.206503
1.383054
1.383054
1.325875
1.325875
1.026757
1.026757
1.364320
1.364320
1.174386
1.174386
1.294780
1.294780
1.380669
1.380669
1.211258
1.211258
1.363884
1.363884
1.373184
1.373184
1.364472
1.364472
1.098566
1.098566
1.198077
1.198077
1.246126
1.246126
1.312234
1.312234
1.328263
1.328263
1.205376
1.205376
1.142679
1.142679
1.114543
1.114543
1.334799
1.334799
1.378787
1.378787
1.339539
1.339539
1.312173
1.312173
1.388254
1.388254
1.338056
1.338056
1.367515
1.367515
1.062330
1.062330
1.384284
1.384284
1.321167
1.321167
1.342336
1.342336
1.199492
1.199492
1.389579
1.389579
1.043453
1.043453
1.196080
1.196080
1.349159
1.349159
1.388069
1.388069
1.395577
1.395577
1.369547
1.369547
1.137470
1.137470
1.372800
1.372800
1.396387
1.396387
1.353909
1.353909
1.360558
1.360558
1.296716
1.296716
1.389245
1.389245
1.398962
1.398962
1.384201
1.384201
1.314285
1.314285
1.287349
1.287349
1.352636
1.352636
1.256114
1.256114
1.269915
1.269915
1.225992
1.225992
1.137604
1.137604
1.244069
1.244069
1.093786
1.093786
1.320223
1.320223
1.296979
1.296979
1.331281
1.331281
1.312582
1.312582
1.351501
1.351501
1.377046
1.377046
1.371160
1.253861
1.253861
1.371160
1.217634
1.217634
1.055130
1.055130
1.343297
1.343297
1.382440
1.382440
1.278518
1.278518
1.375023
1.375023
1.251252
1.251252
1.269441
1.269441
1.205841
1.205841
1.227349
1.227349
1.187597
1.187597
1.302096
1.302096
1.232941
1.232941
1.295155
1.295155
1.316961
1.316961
1.094613
1.094613
1.385853
1.385853
1.204216
1.204216
1.392924
1.392924
1.354258
1.354258
1.040567
1.040567
1.357398
1.357398
1.089294
1.089294
1.330222
1.330222
1.333674
1.333674
1.169276
1.169276
1.338928
1.338928
1.189463
1.189463
1.071651
1.071651
1.343262
1.343262
1.360915
1.360915
1.222146
1.222146
1.260245
1.260245
1.231646
1.231646
1.232376
1.232376
1.298663
1.298663
1.345434
1.345434
1.378630
1.378630
1.206980
1.206980
1.287832
1.287832
1.219018
1.219018
1.204661
1.204661
1.250893
1.250893
1.173648
1.173648
1.349559
1.349559
1.375601
1.375601
1.221454
1.221454
1.277917
1.277917
1.129414
1.129414
1.118132
1.118132
1.334249
1.334249
1.074656
1.074656
1.291294
1.291294
1.385974
1.385974
1.208574
1.208574
1.196474
1.196474
1.224052
1.224052
1.168516
1.168516
1.352852
1.352852
1.272115
1.272115
1.373697
1.373697
1.152360
1.152360
1.329191
1.329191
1.210634
1.210634
1.373717
1.373717
1.270948
1.270948
1.272306
1.272306
1.372741
1.372741
1.304462
1.304462
1.149446
1.149446
1.284960
1.284960
1.371872
1.371872
1.307759
1.307759
1.389721
1.389721
1.302228
1.302228
1.348766
1.348766
1.286116
1.286116
1.151788
1.151788
