1.383199
1.383199
1.257036
1.257036
1.162248
1.162248
1.275004
1.275004
1.298651
1.298651
1.356121
1.142149
1.142149
1.356121
1.373035
1.373035
1.388723
1.388723
1.067044
1.306111
1.067044
1.306111
1.371134
1.371134
1.360646
1.360646
1.337005
1.337005
1.215005
1.215005
1.091286
1.091286
1.327449
1.327449
1.393425
1.393425
1.366141
1.366141
1.288285
1.288285
1.203956
1.203956
1.384993
1.384993
1.189407
1.189407
1.303843
1.303843
1.102627
1.102627
1.343672
1.343672
1.345487
1.345487
1.321421
1.321421
1.393544
1.393544
1.376332
1.376332
1.347243
1.347243
1.356205
1.356205
1.224850
1.224850
1.361048
1.361048
1.394729
1.394729
1.361428
1.361428
1.193023
1.193023
1.348508
1.348508
1.393897
1.393897
1.264091
1.264091
1.345307
1.345307
1.393725
1.393725
1.272918
1.272918
1.145436
1.145436
1.283344
1.283344
1.244069
1.244069
1.134793
1.134793
1.388851
1.310016
1.310016
1.388851
1.297489
1.297489
1.250338
1.250338
1.397143
1.397143
1.380798
1.380798
1.275306
1.275306
1.359811
1.359811
1.342177
1.342177
1.343677
1.343677
1.337745
1.337745
1.243783
1.243783
1.088071
1.088071
1.282900
1.282900
1.207928
1.207928
1.335883
1.335883
1.168665
1.168665
1.237289
1.237289
1.396649
1.368291
1.368291
1.396649
1.210210
1.210210
1.331372
1.331372
1.359604
1.359604
1.198687
1.198687
1.249748
1.249748
1.307428
1.307428
1.219789
1.219789
1.337845
1.337845
1.297568
1.297568
1.399041
1.399041
1.232784
1.232784
1.188692
1.188692
1.263149
1.263149
1.303355
1.303355
1.266344
1.266344
1.288717
1.288717
1.191262
1.191262
1.149480
1.287836
1.287836
1.149480
1.365004
1.365004
1.372817
1.372817
1.228710
1.228710
1.349381
1.349381
1.296499
1.296499
1.369742
1.369742
1.273649
1.273649
1.387863
1.387863
1.314897
1.314897
1.301140
1.301140
1.178182
1.178182
1.279954
1.279954
1.081122
1.081122
1.154301
1.154301
1.048177
1.048177
1.354524
1.354524
1.375297
1.375297
1.192798
1.192798
1.251766
1.251766
1.374894
1.374894
1.398735
1.398735
1.171192
1.171192
1.387472
1.387472
1.363856
1.363856
1.126682
1.126682
1.330944
1.330944
1.238118
1.238118
1.269931
1.269931
1.330843
1.330843
1.331589
1.331589
1.323010
1.323010
1.308138
1.308138
1.301472
1.301472
1.337327
1.337327
1.345992
1.345992
1.278475
1.278475
1.318405
1.318405
1.277343
1.277343
1.367803
1.367803
1.398792
1.398792
1.384867
1.384867
1.242059
1.242059
1.229520
1.229520
1.369377
1.369377
1.310180
1.310180
1.233434
1.233434
1.370334
1.370334
1.386785
1.386785
1.105911
1.105911
1.288234
1.288234
1.371523
1.371523
1.202302
1.202302
1.211326
1.211326
1.164713
1.164713
1.365893
1.365893
1.307463
1.307463
1.201722
1.201722
1.152995
1.152995
1.398540
1.398540
1.100488
1.100488
1.163712
1.163712
1.328048
1.328048
1.048398
1.048398
1.367125
1.367125
1.332678
1.332678
1.039318
1.039318
1.372851
1.372851
1.342622
1.342622
1.098990
1.098990
1.368206
1.368206
1.392750
1.392750
1.331402
1.331402
1.042500
1.042500
1.253497
1.253497
1.338955
1.338955
1.290575
1.290575
1.143689
1.143689
1.371751
1.371751
1.287099
1.287099
1.305428
1.305428
1.268390
1.268390
1.370284
1.370284
1.325580
1.325580
1.318462
1.318462
1.378005
1.378005
1.354134
1.354134
1.245363
1.245363
1.398582
1.398582
1.365411
1.365411
1.257147
1.257147
1.278209
1.278209
1.336944
1.336944
1.310936
1.310936
1.301869
1.301869
1.269081
1.269081
1.114338
1.114338
1.377950
1.377950
1.396290
1.396290
1.377655
1.377655
1.375678
1.375678
1.296988
1.292554
1.292554
1.296988
1.290394
1.290394
1.198080
1.198080
1.165521
1.165521
1.319223
1.319223
1.154732
1.154732
1.141792
1.141792
1.323661
1.323661
1.229416
1.229416
1.151514
1.151514
1.355884
1.355884
1.246730
1.246730
1.162147
1.162147
1.368160
1.368160
1.311051
1.311051
1.316312
1.316312
1.315573
1.315573
1.376289
1.376289
1.376524
1.376524
1.354827
1.354827
1.379450
1.379450
1.091123
1.091123
1.186108
1.186108
1.359599
1.359599
1.354999
1.354999
1.249930
1.249930
1.360199
1.360199
1.365891
1.365891
1.397261
1.397261
1.130604
1.130604
1.246322
1.246322
1.384478
1.384478
1.389379
1.389379
1.280374
1.280374
1.314275
1.314275
1.298209
1.298209
1.312439
1.312439
1.149592
1.149592
1.365665
1.365665
1.213077
1.213077
1.290184
1.290184
1.018175
1.018175
1.291230
1.291230
1.295815
1.295815
1.271256
1.271256
1.311909
1.311909
1.371397
1.371397
1.333160
1.333160
1.194825
1.194825
1.207052
1.207052
1.341831
1.341831
1.347571
1.347571
1.398393
1.398393
1.230966
1.230966
1.113732
1.113732
1.349916
1.349916
1.276998
1.276998
1.379486
1.379486
1.162608
1.162608
1.174124
1.174124
1.350346
1.350346
1.147979
1.147979
1.122408
1.122408
1.203171
1.203171
1.234847
1.234847
1.209349
1.209349
1.288880
1.288880
1.154548
1.154548
1.295281
1.295281
