1.214137
1.214137
1.289222
1.289222
1.244645
1.244645
1.148439
1.148439
1.279035
1.279035
1.303640
1.303640
1.358523
1.358523
1.344938
1.344938
1.294877
1.294877
1.396263
1.396263
1.381784
1.381784
1.280192
1.151284
1.151284
1.280192
1.303957
1.303957
1.145884
1.145884
1.368193
1.368193
1.375308
1.375308
1.230784
1.230784
1.298822
1.298822
1.294364
1.271944
1.294364
1.271944
1.366769
1.366769
1.397359
1.397359
1.249137
1.249137
1.342132
1.369336
1.342132
1.369336
1.386805
1.386805
1.260258
1.260258
1.302780
1.274296
1.274296
1.302780
1.260258
1.260258
1.287810
1.287810
1.371349
1.371349
1.375262
1.375262
1.292075
1.299105
1.292075
1.299105
1.194839
1.194839
1.256443
1.256443
1.052173
1.052173
1.397146
1.397146
1.332394
1.332394
1.363225
1.363225
1.319521
1.319521
1.310071
1.310071
1.372284
1.372284
1.079994
1.079994
1.343720
1.343720
1.278912
1.278912
1.382597
1.382597
1.390141
1.390141
1.380015
1.380015
1.145876
1.145876
1.381927
1.381927
1.227469
1.227469
1.347382
1.347382
1.357561
1.357561
1.240391
1.240391
1.334453
1.334453
1.239031
1.239031
1.063581
1.063581
1.284081
1.284081
1.086996
1.086996
1.373151
1.373151
1.154027
1.154027
1.209909
1.209909
1.151652
1.151652
1.380090
1.380090
1.396750
1.396750
1.353508
1.353508
1.287334
1.287334
1.367078
1.367078
1.382432
1.382432
1.255131
1.255131
1.365448
1.365448
1.167734
1.167734
1.375879
1.375879
1.156268
1.156268
1.369297
1.369297
1.398885
1.398885
1.313723
1.313723
1.338512
1.338512
1.382202
1.382202
1.285209
1.285209
1.258966
1.258966
1.184966
1.184966
1.320538
1.320538
1.363720
1.363720
1.347333
1.347333
1.345138
1.345138
1.352885
1.352885
1.361601
1.361601
1.326611
1.326611
1.367012
1.367012
1.343018
1.343018
1.121152
1.121152
1.360247
1.360247
1.390214
1.390214
1.304035
1.304035
1.259243
1.259243
1.360468
1.360468
1.265578
1.265578
1.348375
1.348375
1.304080
1.304080
1.327764
1.327764
1.368028
1.368028
1.360898
1.360898
1.349344
1.349344
1.111267
1.111267
1.256724
1.256724
1.365073
1.365073
1.284370
1.284370
1.389531
1.389531
1.049669
1.049669
1.274501
1.274501
1.346512
1.350109
1.350109
1.346512
1.333809
1.333809
1.358480
1.358480
1.346720
1.346720
1.362639
1.362639
1.351671
1.351671
1.382711
1.382711
1.395891
1.395891
1.152901
1.152901
1.255217
1.255217
1.336650
1.336650
1.357424
1.357424
1.157257
1.157257
1.367115
1.367115
1.173010
1.173010
1.176292
1.176292
1.328792
1.328792
1.266407
1.266407
1.274546
1.274546
1.121282
1.121282
1.277922
1.277922
1.230571
1.230571
1.381671
1.381671
1.323343
1.323343
1.204356
1.204356
1.248324
1.248324
1.345828
1.345828
1.225532
1.225532
1.227121
1.227121
1.347395
1.347395
1.282115
1.362662
1.362662
1.282115
1.343128
1.343128
1.324767
1.344876
1.344876
1.324767
1.370575
1.370575
1.186404
1.186404
1.394508
1.394508
1.342978
1.342978
1.397552
1.397552
1.252718
1.252718
1.326699
1.326699
1.176803
1.176803
1.148876
1.148876
1.396577
1.396577
1.372058
1.372058
1.383503
1.383503
1.333920
1.333920
1.275102
1.275102
1.348217
1.348217
1.307697
1.307697
1.019619
1.019619
1.031452
1.031452
1.380976
1.380976
1.323845
1.323845
1.220023
1.220023
1.346574
1.346574
1.245667
1.245667
1.243296
1.243296
1.303234
1.303234
1.389941
1.389941
1.308853
1.308853
1.394623
1.394623
1.247806
1.247806
1.192337
1.192337
1.337297
1.337297
1.377312
1.377312
1.246664
1.246664
1.352311
1.352311
1.305332
1.305332
1.257866
1.257866
1.151229
1.151229
1.347781
1.347781
1.263709
1.263709
1.213462
1.213462
1.291257
1.291257
1.085099
1.085099
1.391457
1.391457
1.010273
1.010273
1.065013
1.065013
1.163344
1.163344
1.374033
1.374033
1.201274
1.201274
1.301283
1.301283
1.347482
1.347482
1.297308
1.297308
1.356510
1.356510
1.247321
1.247321
1.077630
1.077630
1.323718
1.323718
1.313116
1.313116
1.173515
1.173515
1.337211
1.337211
1.368996
1.368996
1.236045
1.236045
1.363892
1.363892
1.388845
1.388845
1.219080
1.219080
1.394118
1.394118
1.270310
1.270310
1.190376
1.190376
1.287266
1.287266
1.373191
1.373191
1.213188
1.213188
1.106970
1.106970
1.240207
1.240207
1.372984
1.372984
1.237946
1.237946
1.297480
1.297480
1.212375
1.212375
1.199814
1.199814
1.243191
1.243191
1.352413
1.352413
1.265417
1.265417
1.369542
1.369542
1.181966
1.181966
1.215265
1.215265
1.220251
1.220251
1.323947
1.323947
1.355444
1.355444
1.379889
1.379889
1.241582
1.241582
1.196343
1.196343
1.207447
1.207447
1.277502
1.277502
1.344475
1.344475
1.331411
1.331411
1.343350
1.343350
1.289962
1.289962
1.253382
1.253382
1.290029
1.290029
1.136311
1.136311
1.245089
1.245089
1.217937
1.217937
1.172483
1.172483
1.327927
1.327927
1.396242
1.396242
1.396352
1.396352
1.183386
1.183386
1.373312
1.373312
1.397088
1.397088
1.136541
1.136541
1.298607
1.298607
1.394299
1.394299
1.081949
1.081949
1.220544
1.220544
1.389932
1.389932
1.227546
1.227546
1.392785
1.392785
1.339678
1.339678
1.265370
1.265370
1.104592
1.104592
1.382646
1.382646
1.289642
1.289642
1.217567
1.217567
1.190371
1.190371
1.341045
1.341045
1.362938
1.362938
1.381152
1.381152
1.329672
1.329672
1.369220
1.369220
1.335303
1.335303
1.383135
1.383135
1.088286
1.088286
1.295984
1.295984
