1.336523
1.336523
1.306870
1.306870
1.242958
1.242958
1.361692
1.361692
1.372901
1.372901
1.113144
1.128280
1.257737
1.113144
1.128280
1.257737
1.351072
1.351072
1.214844
1.214844
1.297523
1.297523
1.355852
1.355852
1.204706
1.204706
1.361406
1.361406
1.397713
1.397713
1.206642
1.206642
1.360639
1.360639
1.387045
1.387045
1.252952
1.252952
1.099610
1.099610
1.399424
1.399424
1.313979
1.313979
1.178979
1.178979
1.319792
1.319792
1.244429
1.244429
1.214324
1.214324
1.150147
1.150147
1.243668
1.243668
1.228628
1.228628
1.113592
1.113592
1.358984
1.358984
1.086560
1.086560
1.234038
1.234038
1.382572
1.382572
1.294091
1.294091
1.325086
1.325086
1.141139
1.141139
1.232649
1.232649
1.300432
1.300432
1.332448
1.268154
1.332448
1.268154
1.313999
1.313999
1.367062
1.367062
1.330411
1.330411
1.083186
1.083186
1.117440
1.117440
1.248515
1.248515
1.010747
1.010747
1.348805
1.348805
1.284873
1.352331
1.284873
1.352331
1.378191
1.378191
1.384861
1.384861
1.279334
1.279334
1.186620
1.186620
1.397128
1.397128
1.238633
1.238633
1.208828
1.208828
1.272881
1.272881
1.378577
1.378577
1.173995
1.173995
1.359074
1.359074
1.231648
1.231648
1.384067
1.384067
1.157510
1.157510
1.305891
1.305891
1.281181
1.281181
1.281761
1.281761
1.241497
1.241497
1.357547
1.357547
1.315598
1.315598
1.341458
1.341458
1.132398
1.132398
1.362552
1.362552
1.378993
1.378993
1.390136
1.390136
1.277044
1.277044
1.399287
1.399287
1.150209
1.150209
1.375245
1.375245
1.356545
1.356545
1.186371
1.186371
1.362157
1.362157
1.379369
1.379369
1.263558
1.263558
1.346528
1.346528
1.306276
1.306276
1.229469
1.229469
1.286340
1.286340
1.180606
1.180606
1.099334
1.099334
1.375615
1.375615
1.364471
1.364471
1.303481
1.303481
1.125305
1.125305
1.246420
1.246420
1.279214
1.279214
1.267212
1.267212
1.396631
1.396631
1.371387
1.225174
1.371387
1.225174
1.227204
1.227204
1.334764
1.334764
1.232733
1.232733
1.221057
1.221057
1.295095
1.295095
1.373662
1.373662
1.314961
1.314961
1.329774
1.329774
1.381069
1.381069
1.333515
1.333515
1.392326
1.392326
1.051161
1.051161
1.219671
1.219671
1.121001
1.121001
1.341527
1.341527
1.313971
1.313971
1.361209
1.361209
1.235707
1.235707
1.396697
1.396697
1.292458
1.292458
1.370617
1.370617
1.211885
1.211885
1.305752
1.305752
1.385984
1.385984
1.397591
1.397591
1.295714
1.295714
1.302363
1.302363
1.295363
1.295363
1.343064
1.343064
1.360054
1.360054
1.272712
1.272712
1.286273
1.286273
1.239054
1.239054
1.396022
1.396022
1.296181
1.296181
1.384131
1.384131
1.281228
1.281228
1.260493
1.260493
1.261309
1.261309
1.246111
1.246111
1.147816
1.147816
1.234244
1.234244
1.367731
1.367731
1.361938
1.361938
1.255017
1.255017
1.145175
1.145175
1.199204
1.199204
1.335229
1.335229
1.299052
1.299052
1.399080
1.399080
1.149729
1.149729
1.392629
1.392629
1.270409
1.270409
1.153566
1.153566
1.348612
1.348612
1.394697
1.394697
1.367143
1.367143
1.328612
1.328612
1.389320
1.389320
1.245219
1.245219
1.313186
1.313186
1.362435
1.362435
1.253633
1.253633
1.343601
1.343601
1.334139
1.334139
1.255214
1.255214
1.348438
1.348438
1.232981
1.232981
1.218311
1.218311
1.380576
1.380576
1.233532
1.233532
1.375340
1.375340
1.313174
1.313174
1.192715
1.192715
1.102163
1.102163
1.261431
1.261431
1.386111
1.386111
1.235621
1.235621
1.215574
1.215574
1.264862
1.264862
1.368865
1.368865
1.308112
1.308112
1.317932
1.317932
1.378313
1.378313
1.269535
1.269535
1.291997
1.291997
1.381332
1.381332
1.399107
1.399107
1.386941
1.386941
1.249108
1.249108
1.321925
1.321925
1.205941
1.205941
1.350143
1.350143
1.313629
1.313629
1.350328
1.350328
1.230462
1.230462
1.150197
1.150197
1.352850
1.352850
1.186756
1.186756
1.348063
1.307184
1.348063
1.307184
1.312170
1.312170
1.215144
1.215144
1.092933
1.092933
1.180684
1.180684
1.232070
1.232070
1.333812
1.333812
1.330186
1.330186
1.247290
1.247290
1.285592
1.285592
1.098369
1.098369
1.245587
1.245587
1.092753
1.092753
1.256677
1.256677
1.172751
1.172751
1.336674
1.336674
1.318852
1.318852
1.390527
1.390527
1.383975
1.383975
1.284468
1.284468
1.119288
1.119288
1.393649
1.393649
1.192887
1.192887
1.351128
1.351128
