1.373287
1.373287
1.088788
1.088788
1.376033
1.376033
1.293758
1.293758
1.260058
1.260058
1.277608
1.277608
1.250093
1.250093
1.360784
1.360784
1.307468
1.307468
1.145952
1.145952
1.339437
1.339437
1.330995
1.330995
1.362252
1.362252
1.173432
1.173432
1.286043
1.286043
1.333494
1.333494
1.333174
1.333174
1.313606
1.313606
1.204300
1.204300
1.342375
1.342375
1.349396
1.349396
1.269534
1.269534
1.224502
1.224502
1.206710
1.206710
1.363232
1.363232
1.292745
1.292745
1.123251
1.123251
1.149293
1.149293
1.250440
1.250440
1.307079
1.307079
1.242387
1.242387
1.227693
1.227693
1.378255
1.378255
1.349749
1.349749
1.399872
1.399872
1.276348
1.276348
1.116934
1.116934
1.288993
1.288993
1.282430
1.282430
1.297735
1.297735
1.089524
1.089524
1.175560
1.175560
1.382874
1.382874
1.087338
1.087338
1.238671
1.238671
1.091644
1.091644
1.194781
1.194781
1.377668
1.377668
1.022947
1.022947
1.171471
1.171471
1.332074
1.332074
1.399468
1.399468
1.167948
1.167948
1.315976
1.315976
1.184629
1.184629
1.308886
1.308886
1.191799
1.191799
1.172338
1.172338
1.368432
1.368432
1.044729
1.044729
1.222106
1.222106
1.348039
1.061438
1.061438
1.348039
1.266919
1.266919
1.280290
1.280290
1.280655
1.280655
1.325432
1.325432
1.300516
1.396918
1.300516
1.396918
1.117095
1.117095
1.352554
1.352554
1.357475
1.357475
1.341405
1.341405
1.320571
1.297679
1.297679
1.320571
1.396434
1.396434
1.327734
1.327734
1.343548
1.343548
1.397440
1.397440
1.264717
1.264717
1.317656
1.317656
1.211127
1.211127
1.344706
1.344706
1.229311
1.229311
1.285464
1.285464
1.310428
1.310428
1.376071
1.376071
1.260023
1.260023
1.361983
1.361983
1.398503
1.398503
1.234748
1.234748
1.239668
1.239668
1.069689
1.069689
1.390118
1.390118
1.212817
1.212817
1.393340
1.393340
1.291234
1.291234
1.194893
1.194893
1.039726
1.039726
1.338572
1.338572
1.397054
1.397054
1.252106
1.252106
1.289800
1.289800
1.364898
1.364898
1.286244
1.286244
1.176320
1.176320
1.239545
1.239545
1.310105
1.310105
1.327798
1.327798
1.227350
1.227350
1.224766
1.224766
1.312953
1.312953
1.369828
1.369828
1.359415
1.359415
1.354949
1.354949
1.335572
1.335572
1.279362
1.279362
1.283051
1.283051
1.358062
1.358062
1.246163
1.246163
1.390721
1.390721
1.139664
1.139664
1.337132
1.337132
1.099798
1.099798
1.382132
1.382132
1.268675
1.268675
1.147553
1.147553
1.393916
1.393916
1.276754
1.276754
1.236989
1.236989
1.302322
1.302322
1.269857
1.269857
1.219697
1.219697
1.314469
1.314469
1.208621
1.208621
1.336887
1.336887
1.369607
1.369607
1.071551
1.071551
1.261096
1.261096
1.337082
1.337082
1.298786
1.298786
1.211741
1.211741
1.320505
1.320505
1.116654
1.116654
1.376702
1.376702
1.289149
1.289149
1.365516
1.365516
1.251019
1.251019
1.191717
1.191717
1.365641
1.365641
1.186244
1.186244
1.340051
1.340051
1.335957
1.335957
1.392491
1.392491
1.333391
1.333391
1.225498
1.225498
1.361164
1.361164
1.274004
1.341071
1.274004
1.341071
1.263378
1.263378
1.232312
1.232312
1.160013
1.160013
1.317773
1.317773
1.257121
1.257121
1.258688
1.258688
1.336429
1.336429
1.342116
1.340700
1.340700
1.342116
1.314483
1.314483
1.366600
1.366600
1.261921
1.261921
1.262883
1.262883
1.394331
1.394331
1.133768
1.133768
1.364426
1.364426
1.360707
1.360707
1.326688
1.326688
1.399354
1.399354
1.359663
1.359663
1.302807
1.302807
1.143254
1.143254
1.224800
1.224800
1.096289
1.096289
1.355080
1.355080
1.187609
1.187609
1.161568
1.161568
1.258966
1.378198
1.378198
1.258966
1.396128
1.396128
1.385840
1.385840
1.392444
1.392444
1.315692
1.315692
1.327405
1.327405
1.350000
1.350000
1.264654
1.264654
1.287568
1.287568
1.255980
1.255980
1.299501
1.299501
