1.349598
1.349598
1.372535
1.372535
1.329513
1.323472
1.329513
1.323472
1.113808
1.113808
1.390721
1.390721
1.250269
1.250269
1.243193
1.243193
1.277340
1.277340
1.314348
1.314348
1.335220
1.335220
1.375557
1.375557
1.209849
1.209849
1.347257
1.347257
1.116242
1.338037
1.338037
1.116242
1.184151
1.184151
1.210733
1.210733
1.319557
1.319557
1.361163
1.361163
1.317291
1.317291
1.325223
1.325223
1.365504
1.365504
1.389026
1.389026
1.197533
1.197533
1.333925
1.333925
1.390935
1.390935
1.353412
1.353412
1.164985
1.164985
1.242223
1.242223
1.302048
1.302048
1.250255
1.250255
1.374367
1.374367
1.179659
1.179659
1.119527
1.119527
1.375948
1.375948
1.303257
1.303257
1.349186
1.349186
1.094528
1.132597
1.094528
1.132597
1.273259
1.273259
1.258006
1.258006
1.278045
1.278045
1.325524
1.325524
1.271862
1.271862
1.221946
1.221946
1.395343
1.395343
1.193803
1.193803
1.141282
1.141282
1.333015
1.333015
1.240826
1.240826
1.322990
1.322990
1.138568
1.138568
1.311231
1.311231
1.289443
1.123627
1.289443
1.123627
1.360436
1.360436
1.368350
1.368350
1.395676
1.264632
1.264632
1.395676
1.206440
1.206440
1.279605
1.279605
1.342391
1.342391
1.202854
1.202854
1.226471
1.226471
1.230548
1.230548
1.107151
1.107151
1.328792
1.328792
1.338979
1.338979
1.323692
1.323692
1.190475
1.190475
1.333357
1.333357
1.192296
1.192296
1.368703
1.368703
1.367718
1.367718
1.317295
1.317295
1.380929
1.380929
1.378612
1.378612
1.158071
1.158071
1.223204
1.223204
1.289932
1.289932
1.305465
1.305465
1.127933
1.127933
1.300217
1.300217
1.397754
1.397754
1.315336
1.315336
1.345323
1.345323
1.375087
1.375087
1.215656
1.215656
1.396417
1.396417
1.398115
1.398115
1.112020
1.112020
1.297671
1.297671
1.301671
1.301671
1.382662
1.382662
1.296794
1.296794
1.182842
1.182842
1.343987
1.343987
1.298158
1.298158
1.320254
1.320254
1.367833
1.367833
1.389806
1.389806
1.348371
1.348371
1.248808
1.248808
1.389502
1.389502
1.247939
1.247939
1.089860
1.089860
1.393182
1.393182
1.242389
1.242389
1.366385
1.366385
1.306793
1.306793
1.399163
1.399163
1.284399
1.284399
1.273762
1.273762
1.149019
1.149019
1.215029
1.215029
1.357981
1.357981
1.376855
1.376855
1.204342
1.204342
1.153316
1.153316
1.364710
1.364710
1.338607
1.338607
1.376654
1.376654
1.397505
1.397505
1.231633
1.231633
1.200336
1.200336
1.175072
1.175072
1.388721
1.388721
1.093339
1.093339
1.343895
1.343895
1.239422
1.239422
1.302313
1.302313
1.322195
1.322195
1.259583
1.259583
1.396212
1.396212
1.357580
1.357580
1.321243
1.321243
1.398628
1.398628
1.334656
1.334656
1.188269
1.294543
1.188269
1.294543
1.290425
1.290425
1.263833
1.263833
1.357393
1.249650
1.357393
1.249650
1.296735
1.296735
1.248619
1.248619
1.366404
1.366404
1.107697
1.107697
1.294799
1.294799
1.308779
1.308779
1.155978
1.155978
1.210257
1.210257
1.342896
1.342896
1.309896
1.309896
1.373188
1.373188
1.357682
1.357682
1.223939
1.223939
1.220769
1.220769
1.221463
1.221463
1.050594
1.050594
1.339395
1.339395
1.224437
1.224437
1.396514
1.396514
1.302985
1.302985
1.360275
1.360275
1.280902
1.280902
1.277844
1.277844
1.216674
1.216674
1.129594
1.129594
1.399387
1.399387
1.177269
1.177269
1.321313
1.321313
1.322649
1.322649
1.240220
1.240220
1.324958
1.324958
1.368753
1.368753
1.332446
1.332446
1.229630
1.229630
1.256305
1.256305
1.147220
1.147220
1.354178
1.354178
1.285599
1.285599
1.370762
1.370762
1.329524
1.329524
1.347698
1.347698
1.160907
1.160907
1.119678
1.119678
1.202089
1.202089
1.372512
1.372512
1.150098
1.150098
1.158087
1.158087
1.245785
1.245785
1.370167
1.370167
1.225184
1.225184
1.348597
1.348597
1.319506
1.319506
1.357321
1.357321
1.010346
1.010346
1.296851
1.296851
1.375336
1.375336
1.195561
1.195561
1.149007
1.149007
1.224316
1.224316
1.127126
1.127126
1.319789
1.319789
1.336935
1.336935
1.176659
1.176659
1.287292
1.287292
1.263998
1.263998
1.301743
1.301743
1.297584
1.297584
1.396341
1.396341
1.375523
1.375523
1.377232
1.377232
1.225589
1.225589
1.180544
1.180544
1.202706
1.202706
1.271381
1.271381
1.308575
1.308575
1.340863
1.340863
1.306196
1.306196
1.391160
1.391160
1.364715
1.364715
1.294928
1.294928
1.311814
1.311814
1.216728
1.216728
1.284522
1.284522
1.229616
1.229616
1.110427
1.110427
1.357099
1.357099
1.164382
1.164382
1.259787
1.259787
1.331356
1.331356
1.337201
1.337201
1.337807
1.337807
1.329964
1.329964
1.084635
1.084635
1.352220
1.352220
1.382294
1.382294
1.358333
1.358333
1.216054
1.216054
1.164771
1.164771
1.076673
1.076673
1.390657
1.390657
1.350271
1.350271
1.179389
1.179389
1.316510
1.316510
1.230314
1.230314
1.269929
1.269929
1.158770
1.158770
1.341391
1.341391
1.305189
1.305189
1.332754
1.332754
1.118885
1.118885
1.090355
1.090355
1.336452
1.336452
1.377751
1.377751
1.279544
1.279544
1.361934
1.361934
1.300471
1.300471
1.279808
1.279808
1.365240
1.365240
1.359310
1.359310
1.254672
1.254672
1.286671
1.286671
1.350824
1.350824
1.252684
1.252684
1.344445
1.344445
1.337302
1.337302
1.330557
1.330557
1.394873
1.394873
1.334315
1.334315
1.196041
1.196041
1.014622
1.014622
1.387458
1.387458
1.231945
1.231945
1.357997
1.357997
1.186238
1.186238
1.163703
1.163703
1.165645
1.165645
1.322077
1.322077
1.339093
1.339093
1.276827
1.276827
1.390894
1.390894
1.231915
1.231915
1.394212
1.394212
1.264877
1.264877
1.235542
1.235542
1.383864
1.383864
1.313432
1.313432
1.268700
1.268700
1.194882
1.194882
1.157795
1.157795
1.358932
1.358932
1.357968
1.357968
1.154688
1.154688
1.384367
1.384367
1.281195
1.281195
1.298862
1.298862
1.373539
1.373539
1.215410
1.215410
1.211584
1.211584
1.351981
1.351981
1.386948
1.386948
1.090589
1.090589
1.316611
1.316611
1.272842
1.272842
1.337017
1.337017
1.235781
1.235781
1.300396
1.300396
1.253787
1.253787
1.346750
1.346750
