1.370397
1.394932
1.394932
1.370397
1.194597
1.194597
1.249308
1.249308
1.248948
1.248948
1.275370
1.275370
1.367104
1.367104
1.119468
1.119468
1.335424
1.335424
1.237701
1.374025
1.374025
1.237701
1.369495
1.369495
1.273215
1.273215
1.314178
1.314178
1.326484
1.326484
1.319838
1.319838
1.282707
1.282707
1.342626
1.342626
1.289059
1.289059
1.214231
1.214231
1.389754
1.389754
1.211338
1.211338
1.361853
1.361853
1.297221
1.297221
1.168759
1.168759
1.137641
1.137641
1.350285
1.350285
1.389321
1.129216
1.389321
1.129216
1.137039
1.137039
1.352173
1.352173
1.141410
1.141410
1.327653
1.327653
1.358853
1.358853
1.164927
1.164927
1.253371
1.253371
1.328203
1.328203
1.313302
1.313302
1.120942
1.120942
1.122668
1.122668
1.279739
1.279739
1.231958
1.231958
1.320125
1.320125
1.219490
1.219490
1.360509
1.336425
1.336425
1.360509
1.386618
1.386618
1.350964
1.350964
1.163827
1.163827
1.129741
1.129741
1.361337
1.361337
1.275129
1.275129
1.397311
1.397311
1.393002
1.393002
1.248647
1.248647
1.286065
1.286065
1.279887
1.279887
1.375801
1.375801
1.376580
1.376580
1.346506
1.346506
1.348873
1.348873
1.338617
1.338617
1.337205
1.337205
1.083908
1.083908
1.232079
1.232079
1.170121
1.170121
1.389704
1.389704
1.381445
1.381445
1.215813
1.215813
1.256262
1.256262
1.304655
1.304655
1.337748
1.337748
1.399537
1.399537
1.293801
1.293801
1.382611
1.382611
1.107782
1.107782
1.181540
1.181540
1.100809
1.100809
1.375599
1.375599
1.396021
1.396021
1.263625
1.263625
1.270237
1.270237
1.156721
1.156721
1.136367
1.136367
1.169389
1.169389
1.345911
1.345911
1.293861
1.293861
1.377561
1.377561
1.339432
1.339432
1.355432
1.355432
1.383296
1.383296
1.269474
1.269474
1.256531
1.256531
1.316645
1.316645
1.188889
1.188889
1.105758
1.105758
1.222350
1.222350
1.391024
1.391024
1.315967
1.315967
1.321627
1.321627
1.333817
1.333817
1.272272
1.272272
1.315719
1.315719
1.304048
1.304048
1.381687
1.381687
1.230149
1.230149
1.327745
1.327745
1.393011
1.393011
1.383648
1.383648
1.285000
1.285000
1.265880
1.265880
1.397146
1.397146
1.138646
1.138646
1.289363
1.289363
1.313573
1.313573
1.233219
1.233219
1.368206
1.368206
1.368933
1.368933
1.230598
1.230598
1.350446
1.350446
1.323713
1.323713
1.323233
1.336171
1.323233
1.336171
1.261814
1.261814
1.358433
1.358433
1.386198
1.386198
1.149699
1.149699
1.339507
1.339507
1.196412
1.196412
1.222280
1.222280
1.228372
1.228372
1.364249
1.364249
1.161628
1.161628
1.398129
1.398129
1.295513
1.295513
1.221499
1.221499
1.397302
1.335404
1.335404
1.397302
1.328527
1.328527
1.337715
1.337715
1.218873
1.218873
1.204986
1.204986
1.208973
1.208973
1.327440
1.327440
1.235580
1.235580
1.267602
1.267602
1.356212
1.356212
1.118872
1.118872
1.309789
1.309789
1.370273
1.370273
1.120232
1.120232
1.238655
1.238655
1.123425
1.123425
1.097009
1.097009
1.310143
1.310143
1.345785
1.345785
1.349844
1.349844
1.349898
1.349898
1.368698
1.368698
1.390773
1.390773
1.324137
1.324137
1.107838
1.107838
1.339433
1.339433
1.271469
1.271469
1.303994
1.303994
1.148037
1.148037
1.224914
1.224914
1.286984
1.286984
1.231674
1.231674
1.264137
1.264137
1.244981
1.244981
1.317207
1.317207
1.363031
1.363031
1.254299
1.254299
1.383838
1.383838
1.177266
1.220321
1.177266
1.220321
1.302184
1.302184
1.397670
1.397670
1.379232
1.379232
1.379573
1.379573
1.374574
1.374574
1.272022
1.272022
1.390820
1.390820
1.291088
1.291088
1.356536
1.356536
1.179811
1.179811
1.395882
1.395882
1.174838
1.174838
1.353032
1.353032
1.238248
1.238248
1.261548
1.261548
1.129920
1.129920
1.350660
1.350660
1.207670
1.207670
1.265665
1.265665
1.342813
1.342813
1.296956
1.296956
1.246304
1.246304
1.341814
1.341814
1.018128
1.018128
1.309295
1.309295
1.314807
1.314807
1.292298
1.292298
1.355862
1.355862
1.356528
1.356528
1.259496
1.259496
1.166793
1.166793
1.317891
1.317891
1.309600
1.309600
1.339438
1.339438
1.389109
1.389109
1.321248
1.321248
1.346567
1.346567
1.225550
1.225550
1.382486
1.382486
1.270921
1.270921
1.366136
1.366136
1.133590
1.133590
1.221601
1.221601
1.179044
1.179044
1.296797
1.296797
1.349267
1.349267
1.384518
1.384518
1.358679
1.358679
1.345181
1.345181
1.317057
1.317057
1.398576
1.398576
1.324870
1.324870
1.320012
1.345986
1.345986
1.320012
1.060481
1.060481
1.198703
1.198703
1.145188
1.145188
1.288651
1.288651
1.317636
1.317636
1.357088
1.357088
1.333915
1.333915
1.358375
1.358375
1.257975
1.257975
1.381778
1.381778
1.075567
1.075567
1.239854
1.239854
1.131406
1.131406
1.198136
1.198136
1.168423
1.168423
1.221058
1.221058
1.293310
1.293310
1.108908
1.108908
1.399113
1.399113
1.354588
1.354588
1.274893
1.274893
1.263272
1.263272
1.264575
1.264575
1.281975
1.281975
1.309643
1.309643
1.393364
1.393364
1.211544
1.211544
1.214622
1.214622
1.149217
1.149217
1.376009
1.376009
1.219331
1.219331
1.388232
1.388232
1.385451
1.385451
1.319113
1.319113
1.212733
1.212733
1.337293
1.337293
1.344147
1.344147
1.326635
1.326635
1.203963
1.203963
1.270977
1.270977
1.199750
1.199750
1.302364
1.302364
1.363979
1.363979
1.088205
1.088205
1.272190
1.272190
1.286985
1.286985
1.329126
1.329126
1.177928
1.177928
1.380096
1.380096
1.257704
1.257704
1.241448
1.241448
1.345939
1.158623
1.345939
1.158623
1.141933
1.141933
1.356216
1.356216
1.325417
1.325417
1.392340
1.392340
1.299728
1.299728
1.370632
1.370632
1.134555
1.134555
1.270785
1.270785
1.318458
1.318458
1.389561
1.389561
1.379977
1.379977
1.025718
1.025718
1.392362
1.392362
1.272095
1.272095
1.163910
1.163910
1.383543
1.383543
1.378783
1.378783
1.300311
1.300311
1.172410
1.172410
1.329843
1.329843
1.181261
1.181261
1.216228
1.216228
1.375701
1.375701
1.213957
1.213957
1.395201
1.395201
1.360100
1.360100
1.369387
1.369387
1.189603
1.189603
1.332997
1.332997
1.203033
1.203033
1.311685
1.311685
1.139132
1.139132
1.397026
1.397026
1.198405
1.198405
1.323622
1.323622
1.137701
1.137701
1.243500
1.243500
1.337827
1.337827
1.378174
1.378174
1.382967
1.382967
1.346622
1.346622
1.338457
1.338457
1.396225
1.396225
1.231498
1.231498
1.362557
1.362557
1.279996
1.279996
1.202517
1.202517
1.295720
1.295720
1.295427
1.295427
1.397533
1.397533
1.251065
1.251065
1.013280
1.013280
1.253044
1.253044
1.362551
1.362551
1.221154
1.221154
1.218535
1.233558
1.233558
1.218535
1.338227
1.338227
1.238444
1.238444
1.290510
1.290510
1.243750
1.243750
1.257978
1.257978
1.322787
1.322787
1.317463
1.317463
1.341781
1.341781
1.124422
1.124422
1.398524
1.398524
1.318751
1.318751
1.397251
1.397251
1.255737
1.255737
1.368280
1.368280
1.246711
1.246711
1.347733
1.347733
1.356593
1.356593
1.399553
1.399553
1.175903
1.175903
1.164020
1.164020
1.354038
1.354038
1.283844
1.283844
1.397931
1.397931
1.234814
1.234814
1.289575
1.289575
1.249559
1.249559
