1.227639
1.227639
1.227483
1.227483
1.318162
1.318162
1.360743
1.360743
1.314235
1.314235
1.273779
1.273779
1.396256
1.396256
1.397857
1.397857
1.178850
1.178850
1.320127
1.320127
1.305685
1.305685
1.355135
1.355135
1.184021
1.184021
1.303135
1.303135
1.259187
1.259187
1.288653
1.288653
1.358768
1.358768
1.344031
1.344031
1.337826
1.337826
1.347690
1.347690
1.303780
1.303780
1.391415
1.391415
1.374126
1.374126
1.104808
1.104808
1.325558
1.244906
1.244906
1.325558
1.329489
1.329489
1.394255
1.394255
1.321934
1.321934
1.221533
1.221533
1.342785
1.342785
1.371211
1.371211
1.395252
1.395252
1.334185
1.334185
1.322362
1.322362
1.381887
1.381887
1.216800
1.216800
1.113093
1.113093
1.383143
1.383143
1.350684
1.350684
1.343820
1.343820
1.209267
1.209267
1.256402
1.256402
1.343662
1.343662
1.309133
1.309133
1.277232
1.110588
1.277232
1.110588
1.184996
1.184996
1.341706
1.341706
1.361387
1.361387
1.271512
1.271512
1.257231
1.257231
1.382464
1.382464
1.385294
1.385294
1.153788
1.153788
1.228825
1.228825
1.279010
1.279010
1.306980
1.306980
1.358550
1.358550
1.367724
1.367724
1.348041
1.348041
1.377687
1.377687
1.360270
1.360270
1.383898
1.383898
1.180177
1.230983
1.230983
1.180177
1.365312
1.365312
1.176420
1.176420
1.272717
1.272717
1.381046
1.381046
1.249060
1.249060
1.355741
1.355741
1.370627
1.370627
1.324979
1.324979
1.264899
1.264899
1.234211
1.234211
1.269010
1.269010
1.310842
1.310842
1.060736
1.060736
1.387411
1.387411
1.377908
1.377908
1.357246
1.357246
1.306591
1.306591
1.253716
1.253716
1.371646
1.371646
1.187531
1.187531
1.367127
1.367127
1.332494
1.332494
1.337168
1.337168
1.330719
1.330719
1.380441
1.380441
1.299875
1.299875
1.384000
1.384000
1.194974
1.194974
1.205565
1.205565
1.398390
1.398390
1.220919
1.220919
1.132718
1.132718
1.373920
1.373920
1.095911
1.095911
1.247829
1.247829
1.235626
1.235626
1.366881
1.366881
1.317397
1.317397
1.319991
1.319991
1.357088
1.342382
1.342382
1.357088
1.375140
1.375140
1.381679
1.381679
1.398843
1.398843
1.326087
1.326087
1.190884
1.190884
1.293863
1.293863
1.286931
1.286931
1.396864
1.396864
1.253419
1.253419
1.311913
1.311913
1.224387
1.224387
1.224821
1.224821
1.350866
1.350866
1.378001
1.378001
1.189878
1.189878
1.337807
1.337807
1.323993
1.323993
1.074876
1.074876
1.205002
1.205002
1.258881
1.258881
1.297589
1.297589
1.089328
1.089328
1.365598
1.365598
1.356484
1.356484
1.155219
1.155219
1.244972
1.244972
1.291693
1.291693
1.226271
1.226271
1.236708
1.236708
1.381467
1.381467
1.188719
1.188719
1.328258
1.328258
1.345160
1.345160
1.255908
1.255908
1.329543
1.329543
1.371209
1.371209
1.387985
1.387985
1.334060
1.334060
1.373921
1.373921
1.314610
1.314610
1.215085
1.215085
1.160057
1.160057
1.253769
1.253769
1.399710
1.399710
1.305689
1.305689
1.184858
1.184858
1.366648
1.366648
1.233809
1.233809
1.372062
1.372062
1.323422
1.323422
1.324456
1.324456
1.348026
1.348026
1.294714
1.294714
1.197678
1.197678
1.365709
1.365709
1.186759
1.186759
1.338587
1.338587
1.280018
1.280018
1.170786
1.170786
1.350903
1.350903
1.322176
1.322176
1.269460
1.269460
1.311901
1.311901
1.326587
1.326587
1.385888
1.385888
1.088728
1.088728
1.196537
1.196537
1.058252
1.058252
1.390687
1.390687
1.324560
1.324560
1.335726
1.335726
1.339174
1.339174
1.352586
1.352586
1.374137
1.374137
1.218307
1.218307
1.370024
1.370024
1.266207
1.266207
1.391119
1.391119
1.310568
1.310568
1.173845
1.173845
1.362656
1.362656
1.335597
1.335597
1.247890
1.247890
1.243513
1.243513
1.060086
1.060086
1.206988
1.206988
1.273796
1.273796
1.215145
1.215145
1.317771
1.317771
1.345525
1.345525
1.355587
1.355587
1.274267
1.274267
1.020294
1.020294
1.326489
1.326489
1.387276
1.387276
1.336856
1.336856
1.169496
1.169496
1.327813
1.327813
1.251267
1.251267
1.332473
1.332473
1.309350
1.309350
1.277596
1.277596
1.163792
1.163792
1.089197
1.089197
1.201464
1.201464
1.280027
1.280027
1.390661
1.390661
1.390115
1.390115
1.248512
1.248512
1.388862
1.388862
1.361577
1.361577
1.044468
1.044468
1.084129
1.084129
1.275949
1.204976
1.204976
1.275949
1.368434
1.368434
1.222808
1.222808
1.398422
1.398422
1.267838
1.267838
1.249149
1.249149
1.278494
1.278494
1.320831
1.320831
1.261842
1.261842
1.339668
1.339668
1.301364
1.301364
1.389691
1.389691
1.234233
1.234233
1.330380
1.330380
1.354310
1.354310
1.301134
1.301134
1.341892
1.341892
1.395823
1.395823
1.275306
1.275306
1.245978
1.245978
1.248654
1.248654
1.058561
1.058561
1.251307
1.251307
1.361255
1.361255
1.365194
1.365194
1.330455
1.330455
1.208005
1.208005
1.370879
1.370879
1.368916
1.368916
1.302879
1.302879
