1.369500
1.369500
1.377974
1.377974
1.391670
1.391670
1.364299
1.228372
1.228372
1.364299
1.239207
1.239207
1.353130
1.353130
1.257058
1.251004
1.251004
1.257058
1.152967
1.152967
1.303459
1.303459
1.270646
1.270646
1.217603
1.217603
1.280892
1.280892
1.397014
1.273046
1.273046
1.397014
1.384098
1.384098
1.289155
1.289155
1.269179
1.269179
1.082506
1.082506
1.238473
1.238473
1.399605
1.399605
1.134084
1.134084
1.319236
1.319236
1.216952
1.216952
1.351443
1.351443
1.293356
1.293356
1.309353
1.309353
1.240963
1.136851
1.240963
1.136851
1.349347
1.349347
1.382424
1.382424
1.194850
1.194850
1.312226
1.312226
1.281312
1.281312
1.318195
1.318195
1.265004
1.265004
1.166946
1.166946
1.079867
1.384819
1.079867
1.384819
1.287172
1.287172
1.248405
1.248405
1.339623
1.339623
1.240920
1.240920
1.326878
1.326878
1.110491
1.110491
1.364032
1.364032
1.152940
1.152940
1.399721
1.399721
1.380643
1.380643
1.319248
1.319248
1.287389
1.287389
1.271040
1.271040
1.271722
1.271722
1.277103
1.277103
1.303250
1.303250
1.388860
1.294484
1.388860
1.294484
1.284382
1.284382
1.121263
1.121263
1.229553
1.229553
1.342050
1.342050
1.059421
1.059421
1.399602
1.399602
1.267840
1.267840
1.348785
1.348785
1.299615
1.299615
1.293173
1.293173
1.371144
1.371144
1.127380
1.127380
1.393001
1.393001
1.235568
1.235568
1.364767
1.313768
1.364767
1.313768
1.260335
1.260335
1.344704
1.344704
1.380661
1.380661
1.357332
1.357332
1.044267
1.044267
1.296256
1.296256
1.375980
1.375980
1.344320
1.283599
1.344320
1.283599
1.156303
1.156303
1.251580
1.251580
1.187294
1.187294
1.359505
1.359505
1.319334
1.319334
1.166002
1.166002
1.297690
1.297690
1.399647
1.399647
1.156997
1.156997
1.096626
1.096626
1.318300
1.318300
1.145522
1.145522
1.342785
1.342785
1.120282
1.120282
1.353639
1.353639
1.310193
1.310193
1.296974
1.296974
1.353688
1.353688
1.350435
1.350435
1.269176
1.269176
1.215719
1.215719
1.368540
1.368540
1.312148
1.312148
1.375379
1.375379
1.391952
1.391952
1.340181
1.340181
1.388677
1.388677
1.283255
1.283255
1.389378
1.389378
1.399804
1.399804
1.379347
1.379347
1.108536
1.108536
1.376623
1.378576
1.378576
1.376623
1.313459
1.313459
1.158780
1.158780
1.369423
1.369423
1.243539
1.243539
1.329661
1.329661
1.305774
1.305774
1.377552
1.377552
1.295328
1.295328
1.302179
1.302179
1.333605
1.333605
1.391920
1.391920
1.347139
1.347139
1.381677
1.381677
1.164889
1.164889
1.287800
1.287800
1.186398
1.186398
1.371147
1.371147
1.127174
1.127174
1.259218
1.259218
1.367843
1.367843
1.321613
1.321613
1.371394
1.371394
1.381895
1.381895
1.234411
1.234411
1.285303
1.285303
1.243784
1.243784
1.273181
1.273181
1.274527
1.274527
1.392472
1.392472
1.312053
1.312053
1.296097
1.296097
1.246580
1.246580
1.255565
1.255565
1.373305
1.373305
1.189898
1.189898
1.141909
1.141909
1.260763
1.260763
1.319363
1.319363
1.305840
1.305840
1.332040
1.332040
1.244304
1.244304
1.294363
1.294363
1.126236
1.126236
1.359218
1.359218
1.358348
1.358348
1.288292
1.288292
1.250162
1.250162
1.361858
1.361858
1.235251
1.235251
1.241349
1.241349
1.122966
1.122966
1.206595
1.206595
1.111706
1.111706
1.333872
1.333872
1.255325
1.255325
1.265306
1.265306
1.328944
1.328944
