1.275513
1.275513
1.220023
1.220023
1.313406
1.313406
1.313756
1.313756
1.274264
1.274264
1.203726
1.203726
1.272928
1.272928
1.296885
1.296885
1.241267
1.241267
1.367263
1.367263
1.318666
1.318666
1.183812
1.183812
1.369926
1.369926
1.356620
1.356620
1.090424
1.090424
1.342333
1.342333
1.320403
1.320403
1.393859
1.393859
1.363462
1.363462
1.103155
1.103155
1.257834
1.257834
1.395756
1.395756
1.124753
1.124753
1.318496
1.318496
1.204155
1.204155
1.101165
1.101165
1.342503
1.342503
1.309780
1.309780
1.121080
1.121080
1.395738
1.395738
1.388772
1.388772
1.232161
1.232161
1.394255
1.394255
1.365598
1.365598
1.248581
1.248581
1.379162
1.379162
1.398927
1.398927
1.254478
1.254478
1.298202
1.298202
1.305100
1.305100
1.366657
1.366657
1.329111
1.329111
1.364778
1.364778
1.254253
1.254253
1.330157
1.330157
1.054686
1.054686
1.284164
1.284164
1.099277
1.099277
1.191128
1.191128
1.322691
1.322691
1.315350
1.315350
1.281558
1.281558
1.162359
1.162359
1.325695
1.325695
1.144545
1.144545
1.261607
1.261607
1.321558
1.321558
1.132809
1.132809
1.186886
1.186886
1.203078
1.203078
1.300692
1.300692
1.390151
1.390151
1.350988
1.350988
1.227622
1.227622
1.344384
1.344384
1.358132
1.358132
1.341621
1.341621
1.272393
1.272393
1.164759
1.164759
1.371685
1.371685
1.385237
1.303432
1.303432
1.385237
1.300129
1.300129
1.353836
1.353836
1.213233
1.213233
1.374130
1.374130
1.179600
1.179600
1.314102
1.314102
1.111256
1.111256
1.346628
1.346628
1.172355
1.172355
1.119175
1.119175
1.301887
1.301887
1.242276
1.242276
1.172491
1.172491
1.162366
1.162366
1.356691
1.356691
1.342816
1.342816
1.304948
1.304948
1.183116
1.183116
1.205204
1.205204
1.303562
1.303562
1.260585
1.260585
1.178927
1.178927
1.110207
1.110207
1.216782
1.216782
1.278614
1.209912
1.209912
1.278614
1.390879
1.390879
1.266612
1.266612
1.355178
1.355178
1.367079
1.367079
1.366935
1.366935
1.170081
1.170081
1.341721
1.341721
1.217489
1.217489
1.339495
1.339495
1.319182
1.319182
1.268960
1.268960
1.366783
1.366783
1.304820
1.304820
1.302684
1.302684
1.243278
1.243278
1.358522
1.358522
1.392982
1.392982
1.331727
1.331727
1.229981
1.229981
1.288582
1.288582
1.025977
1.025977
1.354498
1.354498
1.322782
1.322782
1.316786
1.316786
1.187811
1.187811
1.334118
1.334118
1.260813
1.260813
1.121856
1.121856
1.389983
1.389983
1.326042
1.326042
1.363291
1.363291
1.272081
1.272081
1.244063
1.244063
1.375202
1.375202
1.140426
1.140426
1.376091
1.376091
1.295300
1.295300
1.359701
1.359701
1.162793
1.162793
1.392187
1.392187
1.225699
1.225699
1.192377
1.192377
1.347356
1.347356
1.351512
1.351512
1.374112
1.374112
1.290063
1.290063
1.274380
1.274380
1.307049
1.307049
1.243860
1.243860
1.360276
1.360276
1.364001
1.364001
1.222993
1.222993
1.352068
1.352068
1.282700
1.282700
1.239554
1.239554
1.196734
1.196734
1.257743
1.257743
1.142618
1.142618
1.282912
1.282912
1.384918
1.384918
1.399614
1.399614
1.325302
1.325302
1.246443
1.246443
1.251345
1.251345
1.273483
1.273483
1.351922
1.351922
1.142362
1.142362
1.185028
1.185028
1.140978
1.140978
1.323991
1.323991
1.317311
1.317311
1.190217
1.190217
1.192690
1.192690
1.286181
1.286181
1.260823
1.260823
1.297123
1.297123
1.248495
1.248495
1.366240
1.366240
1.381785
1.381785
1.388142
1.388142
1.305276
1.305276
1.366294
1.366294
1.316669
1.316669
1.384851
1.384851
1.275114
1.275114
1.156536
1.156536
1.169066
1.169066
1.215754
1.215754
1.272220
1.272220
1.271910
1.271910
1.235069
1.235069
1.264768
1.371622
1.371622
1.264768
1.350312
1.350312
1.241964
1.241964
1.397413
1.397413
1.359814
1.359814
1.169406
1.169406
1.289347
1.289347
1.175537
1.175537
1.385998
1.385998
1.218329
1.218329
1.380913
1.380913
1.056780
1.056780
1.130325
1.130325
1.350240
1.350240
1.202578
1.202578
1.308758
1.308758
1.376596
1.376596
1.379940
1.379940
1.221048
1.221048
1.340870
1.340870
