1.377775
1.377775
1.239992
1.239992
1.394590
1.394590
1.371527
1.371527
1.381199
1.381199
1.154410
1.154410
1.160118
1.160118
1.384084
1.384084
1.363266
1.363266
1.195543
1.195543
1.333397
1.333397
1.376666
1.376666
1.073582
1.073582
1.381200
1.381200
1.215739
1.215739
1.389037
1.389037
1.264880
1.264880
1.354717
1.354717
1.317556
1.317556
1.255891
1.255891
1.343615
1.343615
1.325446
1.325446
1.241396
1.241396
1.267484
1.267484
1.378304
1.378304
1.388426
1.388426
1.349048
1.349048
1.256109
1.256109
1.359392
1.359392
1.354899
1.354899
1.345219
1.345219
1.264831
1.264831
1.299421
1.299421
1.301223
1.301223
1.254394
1.254394
1.321669
1.321669
1.351217
1.351217
1.298245
1.298245
1.338786
1.338786
1.212048
1.212048
1.317551
1.317551
1.348703
1.348703
1.165780
1.165780
1.269682
1.269682
1.211287
1.211287
1.289955
1.289955
1.362995
1.362995
1.397322
1.397322
1.277222
1.277222
1.248382
1.248382
1.360102
1.360102
1.369530
1.369530
1.324472
1.324472
1.335084
1.335084
1.318048
1.318048
1.375130
1.375130
1.135990
1.135990
1.245286
1.245286
1.333512
1.333512
1.231341
1.231341
1.243879
1.243879
1.311671
1.311671
1.367163
1.367163
1.250296
1.250296
1.203298
1.203298
1.388286
1.388286
1.375789
1.375789
1.315987
1.315987
1.385361
1.385361
1.352388
1.352388
1.238329
1.238329
1.201607
1.201607
1.174455
1.174455
1.289804
1.289804
1.396329
1.396329
1.329182
1.329182
1.388227
1.388227
1.208311
1.208311
1.378765
1.378765
1.395597
1.395597
1.145799
1.145799
1.234975
1.234975
1.387248
1.387248
1.151393
1.151393
1.245817
1.245817
1.290448
1.290448
1.223802
1.223802
1.131584
1.131584
1.271733
1.271733
1.370481
1.370481
1.245002
1.245002
1.317121
1.317121
1.192878
1.192878
1.241953
1.241953
1.366980
1.366980
1.356448
1.356448
1.301422
1.301422
1.155811
1.155811
1.247031
1.247031
1.131583
1.131583
1.214959
1.214959
1.256289
1.256289
1.213900
1.213900
1.318801
1.318801
1.319362
1.319362
1.390684
1.390684
1.268961
1.268961
1.201493
1.201493
1.250330
1.250330
1.257748
1.257748
1.203509
1.203509
1.106543
1.106543
1.354400
1.354400
1.249326
1.249326
1.314207
1.314207
1.338300
1.338300
1.392767
1.392767
1.381283
1.381283
1.391220
1.391220
1.258255
1.258255
1.310971
1.310971
1.365719
1.365719
1.082864
1.082864
1.163783
1.163783
1.358795
1.358795
1.384624
1.384624
1.312397
1.312397
1.269973
1.269973
1.291066
1.291066
1.246967
1.246967
1.331040
1.331040
1.288973
1.288973
1.308584
1.308584
1.288255
1.288255
1.289763
1.289763
1.385767
1.385767
1.154021
1.154021
1.319313
1.319313
1.332222
1.332222
1.305025
1.305025
