1.365730
1.365730
1.371572
1.371572
1.094574
1.094574
1.397980
1.397980
1.367455
1.288437
1.367455
1.288437
1.250076
1.250076
1.396085
1.396085
1.194612
1.194612
1.312407
1.328964
1.312407
1.328964
1.212552
1.212552
1.348652
1.348652
1.384739
1.384739
1.191459
1.191459
1.185495
1.185495
1.321162
1.321162
1.073144
1.073144
1.393256
1.393256
1.216076
1.216076
1.309154
1.309154
1.259109
1.259109
1.328977
1.328977
1.255181
1.255181
1.330073
1.330073
1.366748
1.366748
1.396404
1.396404
1.139589
1.139589
1.182760
1.182760
1.230076
1.230076
1.333711
1.333711
1.374028
1.374028
1.211250
1.211250
1.228732
1.228732
1.046196
1.046196
1.385607
1.385607
1.238292
1.238292
1.210501
1.210501
1.343957
1.343957
1.227829
1.227829
1.256596
1.256596
1.373507
1.373507
1.225860
1.225860
1.391677
1.391677
1.246784
1.246784
1.378595
1.378595
1.396705
1.396705
1.017838
1.017838
1.386971
1.386971
1.375868
1.375868
1.189402
1.189402
1.388088
1.388088
1.189434
1.189434
1.393225
1.393225
1.305233
1.305233
1.360211
1.360211
1.243148
1.243148
1.208584
1.208584
1.189700
1.189700
1.220086
1.220086
1.345405
1.345405
1.291707
1.291707
1.114258
1.114258
1.220843
1.220843
1.399407
1.399407
1.388339
1.388339
1.074671
1.074671
1.166365
1.166365
1.368596
1.368596
1.397006
1.397006
1.338041
1.338041
1.156398
1.156398
1.362448
1.362448
1.396524
1.396524
1.104804
1.104804
1.166422
1.166422
1.247937
1.247937
1.263963
1.263963
1.252028
1.252028
1.306489
1.306489
1.301483
1.301483
1.228232
1.228232
1.273351
1.273351
1.129147
1.129147
1.367634
1.367634
1.379276
1.379276
1.322238
1.322238
1.395585
1.395585
1.385282
1.385282
1.292529
1.292529
1.306716
1.306716
1.363123
1.363123
1.097739
1.097739
1.126778
1.126778
1.353061
1.353061
1.325789
1.325789
1.360558
1.360558
1.248035
1.248035
1.398138
1.398138
1.296790
1.296790
1.378590
1.378590
1.269289
1.269289
1.364590
1.364590
1.359362
1.359362
1.351188
1.351188
1.199919
1.199919
1.396452
1.396452
1.363678
1.363678
1.315267
1.315267
1.100649
1.100649
1.329992
1.329992
1.074931
1.074931
1.334134
1.334134
1.306367
1.306367
1.346259
1.346259
1.303469
1.303469
1.299578
1.299578
1.281050
1.281050
1.118956
1.118956
1.177373
1.177373
1.376199
1.376199
1.297618
1.297618
1.350874
1.350874
1.243975
1.243975
1.358947
1.358947
1.335364
1.335364
1.357322
1.357322
1.336548
1.336548
1.278091
1.278091
1.349875
1.349875
1.321188
1.321188
1.341478
1.341478
1.248318
1.248318
1.278540
1.278540
1.265781
1.265781
1.293050
1.293050
1.305793
1.305793
1.350911
1.350911
1.279119
1.279119
1.261671
1.261671
1.343465
1.343465
1.292508
1.292508
1.382337
1.382337
1.354082
1.354082
1.113349
1.113349
1.314918
1.314918
1.259995
1.259995
1.372178
1.372178
1.372710
1.372710
1.304277
1.304277
1.089190
1.089190
1.380880
1.380880
1.039223
1.039223
