1.273260
1.273260
1.180671
1.180671
1.224980
1.224980
1.398387
1.398387
1.257195
1.257195
1.324022
1.324022
1.308376
1.308376
1.340149
1.340149
1.154162
1.154162
1.385967
1.385967
1.308083
1.308083
1.203856
1.203856
1.369031
1.369031
1.357223
1.357223
1.353724
1.353724
1.336946
1.336946
1.354953
1.354953
1.389278
1.389278
1.340806
1.199153
1.199153
1.340806
1.280818
1.280818
1.234805
1.234805
1.398797
1.398797
1.383671
1.383671
1.297154
1.297154
1.381671
1.381671
1.148957
1.148957
1.328142
1.328142
1.146535
1.146535
1.197218
1.197218
1.235778
1.235778
1.177606
1.177606
1.069231
1.069231
1.360576
1.360576
1.367309
1.367309
1.268982
1.268982
1.380023
1.380023
1.281864
1.281864
1.390911
1.390911
1.162710
1.162710
1.340149
1.340149
1.183520
1.183520
1.381104
1.381104
1.330636
1.330636
1.300373
1.300373
1.391294
1.391294
1.331187
1.331187
1.232510
1.232510
1.214692
1.214692
1.335723
1.335723
1.383567
1.383567
1.095991
1.095991
1.216513
1.216513
1.297352
1.297352
1.393978
1.393978
1.394547
1.394547
1.256952
1.256952
1.388978
1.388978
1.294626
1.294626
1.390655
1.390655
1.377116
1.377116
1.153919
1.153919
1.359322
1.359322
1.154743
1.154743
1.287544
1.287544
1.374490
1.374490
1.350055
1.350055
1.381138
1.381138
1.348689
1.348689
1.300749
1.300749
1.393629
1.393629
1.382973
1.382973
1.335439
1.335439
1.210201
1.210201
1.225831
1.225831
1.289129
1.289129
1.308658
1.308658
1.188618
1.197281
1.197281
1.188618
1.296460
1.296460
1.350145
1.350145
1.337598
1.337598
1.369927
1.369927
1.353300
1.353300
1.092374
1.092374
1.364547
1.364547
1.119324
1.119324
1.174281
1.174281
1.360595
1.360595
1.335047
1.335047
1.254448
1.254448
1.161834
1.161834
1.386374
1.386374
1.335787
1.335787
1.324719
1.324719
1.397285
1.397285
1.325993
1.325993
1.059164
1.059164
1.329232
1.329232
1.223228
1.223228
1.280422
1.280422
1.391171
1.391171
1.247540
1.247540
1.198583
1.198583
1.116013
1.116013
1.267975
1.267975
1.213243
1.213243
1.228260
1.228260
1.379171
1.379171
1.322190
1.322190
1.360824
1.360824
1.350650
1.350650
1.229308
1.229308
1.187296
1.187296
1.324882
1.324882
1.014518
1.014518
1.312343
1.312343
1.200957
1.200957
1.170341
1.170341
1.114217
1.114217
1.255504
1.255504
1.264560
1.264560
1.256412
1.256412
1.305857
1.305857
1.097056
1.097056
1.276435
1.276435
1.207421
1.207421
1.241248
1.241248
1.259899
1.259899
1.214948
1.214948
1.193621
1.193621
1.329211
1.329211
1.367257
1.367257
1.257818
1.257818
1.292485
1.292485
1.362873
1.362873
1.183627
1.183627
1.373800
1.373800
1.278369
1.278369
1.370877
1.370877
1.398342
1.398342
1.244735
1.244735
1.322253
1.322253
1.241534
1.241534
1.209298
1.209298
1.267636
1.267636
1.255675
1.255675
1.377787
1.377787
1.322906
1.322906
1.252628
1.252628
1.365957
1.365957
1.387103
1.387103
1.346466
1.346466
1.289723
1.289723
1.177713
1.177713
1.318456
1.318456
1.388271
1.388271
1.245852
1.245852
1.208533
1.208533
1.279367
1.279367
1.141930
1.141930
1.395467
1.395467
1.119510
1.119510
1.361455
1.361455
1.333064
1.333064
1.337076
1.337076
1.204535
1.204535
1.317451
1.317451
1.317318
1.317318
1.144330
1.144330
1.374195
1.374195
1.347843
1.347843
1.214829
1.214829
1.258601
1.258601
1.217991
1.217991
1.262501
1.262501
1.040938
1.040938
1.261694
1.261694
1.337227
1.337227
1.294621
1.294621
1.020306
1.020306
1.313969
1.313969
1.298723
1.298723
1.373483
1.373483
1.288497
1.288497
1.318078
1.318078
1.354677
1.354677
1.363375
1.363375
1.165391
1.165391
1.395195
1.395195
1.394715
1.394715
1.254098
1.254098
