1.181111
1.181111
1.396340
1.396340
1.211799
1.211799
1.068074
1.068074
1.183514
1.183514
1.397867
1.397867
1.241573
1.241573
1.326558
1.326558
1.133447
1.133447
1.257012
1.387314
1.387314
1.257012
1.365760
1.365760
1.195435
1.195435
1.356172
1.356172
1.347774
1.347774
1.315719
1.315719
1.354064
1.354064
1.373920
1.373920
1.381940
1.381940
1.320446
1.236123
1.320446
1.236123
1.218154
1.218154
1.196329
1.196329
1.343250
1.343250
1.344898
1.344898
1.386531
1.386531
1.017881
1.017881
1.256245
1.256245
1.372268
1.372268
1.313875
1.313875
1.139945
1.139945
1.309359
1.309359
1.365596
1.365596
1.210623
1.210623
1.364443
1.364443
1.255036
1.255036
1.090599
1.090599
1.189404
1.189404
1.107318
1.107318
1.391491
1.391491
1.194972
1.194972
1.203582
1.203582
1.163528
1.163528
1.190769
1.190769
1.201850
1.201850
1.316062
1.316062
1.259047
1.259047
1.348808
1.348808
1.200575
1.200575
1.310974
1.310974
1.327737
1.327737
1.337148
1.337148
1.305612
1.305612
1.361844
1.361844
1.376707
1.376707
1.391858
1.391858
1.304569
1.304569
1.346109
1.346109
1.384169
1.384169
1.303291
1.303291
1.380149
1.197436
1.197436
1.380149
1.390553
1.390553
1.388656
1.388656
1.383693
1.383693
1.395642
1.395642
1.246605
1.246605
1.304702
1.304702
1.379072
1.379072
1.299580
1.237935
1.299580
1.237935
1.211415
1.211415
1.232960
1.232960
1.354845
1.354845
1.399843
1.399843
1.385443
1.385443
1.167822
1.167822
1.315056
1.315056
1.331751
1.331751
1.084916
1.084916
1.209881
1.209881
1.367405
1.367405
1.300736
1.300736
1.333660
1.333660
1.254701
1.254701
1.287495
1.287495
1.322619
1.322619
1.357636
1.357636
1.271146
1.271146
1.336413
1.336413
1.231021
1.231021
1.131418
1.131418
1.290923
1.290923
1.385061
1.385061
1.242631
1.242631
1.354375
1.354375
1.039046
1.039046
1.313273
1.313273
1.387340
1.387340
1.172026
1.172026
1.272809
1.272809
1.378506
1.378506
1.308814
1.308814
1.380259
1.380259
1.363233
1.363233
1.381136
1.381136
1.351872
1.351872
1.338223
1.338223
1.265502
1.265502
1.078809
1.078809
1.238805
1.238805
1.332155
1.332155
1.250974
1.250974
1.152363
1.152363
1.074208
1.074208
1.281543
1.281543
1.347789
1.347789
1.204445
1.204445
1.359076
1.359076
1.291082
1.291082
1.190644
1.190644
1.325921
1.325921
1.350636
1.350636
1.325850
1.325850
1.338492
1.338492
1.252016
1.252016
1.369762
1.369762
1.359307
1.359307
1.354801
1.354801
1.329601
1.329601
1.251565
1.251565
1.330422
1.330422
1.298180
1.298180
1.369680
1.369680
1.323865
1.323865
1.174140
1.174140
1.197786
1.197786
1.248143
1.248143
1.270534
1.270534
1.180159
1.180159
1.384299
1.384299
1.330858
1.330858
1.147391
1.147391
1.132256
1.132256
1.146170
1.146170
1.319299
1.319299
1.129329
1.129329
1.349265
1.349265
1.347515
1.347515
1.101159
1.101159
1.288854
1.288854
1.384813
1.384813
1.065930
1.065930
1.316848
1.316848
1.259440
1.259440
1.393398
1.393398
1.286098
1.286098
1.317886
1.317886
1.399468
1.399468
1.368956
1.368956
1.116326
1.116326
1.391639
1.391639
1.176351
1.176351
1.374190
1.374190
1.259638
1.259638
1.366753
1.366753
1.273858
1.273858
1.373858
1.373858
1.235397
1.235397
1.240242
1.240242
1.088877
1.088877
1.385512
1.385512
1.279895
1.279895
1.207111
1.207111
1.111968
1.111968
1.012614
1.012614
1.160833
1.160833
1.265816
1.265816
1.294411
1.294411
1.356021
1.356021
1.263030
1.263030
1.156336
1.156336
1.353578
1.353578
1.296674
1.296674
1.265749
1.265749
1.385949
1.385949
1.331098
1.331098
1.360788
1.360788
1.355891
1.355891
1.286757
1.286757
1.362599
1.362599
1.189366
1.189366
1.361965
1.361965
1.094811
1.094811
1.338533
1.338533
1.184559
1.184559
1.187020
1.187020
1.357246
1.357246
1.289599
1.289599
1.381178
1.381178
1.053208
1.053208
