1.302910
1.302910
1.381799
1.381799
1.355491
1.355491
1.388020
1.388020
1.395424
1.395424
1.358883
1.358883
1.278191
1.278191
1.282685
1.282685
1.314554
1.314554
1.247359
1.235720
1.247359
1.235720
1.348478
1.348478
1.374035
1.374035
1.200129
1.200129
1.292606
1.292606
1.391019
1.391019
1.169616
1.169616
1.174300
1.174300
1.232214
1.232214
1.365057
1.365057
1.213662
1.213662
1.123442
1.123442
1.326305
1.326305
1.361095
1.361095
1.131046
1.131046
1.394620
1.394620
1.173829
1.173829
1.048854
1.048854
1.130457
1.130457
1.328528
1.328528
1.216131
1.216131
1.213430
1.213430
1.252445
1.252445
1.227085
1.227085
1.351584
1.351584
1.370353
1.370353
1.292889
1.292889
1.277821
1.277821
1.325687
1.325687
1.367131
1.367131
1.097527
1.097527
1.259638
1.259638
1.217272
1.217272
1.264078
1.264078
1.382764
1.382764
1.328414
1.328414
1.235576
1.235576
1.217892
1.217892
1.227409
1.227409
1.396512
1.396512
1.161042
1.161042
1.323668
1.323668
1.375198
1.375198
1.351329
1.351329
1.353183
1.353183
1.149821
1.149821
1.396134
1.396134
1.391902
1.391902
1.350484
1.350484
1.104837
1.104837
1.267128
1.267128
1.285208
1.285208
1.222929
1.222929
1.073319
1.073319
1.342244
1.342244
1.298835
1.298835
1.253766
1.253766
1.179349
1.179349
1.261125
1.261125
1.367919
1.367919
1.389208
1.389208
1.287345
1.287345
1.279690
1.279690
1.369642
1.369642
1.275474
1.275474
1.329522
1.329522
1.213254
1.213254
1.363410
1.363410
1.352642
1.352642
1.355511
1.355511
1.369175
1.369175
1.352220
1.352220
1.354975
1.354975
1.353199
1.353199
1.398781
1.398781
1.117587
1.117587
1.184256
1.184256
1.264679
1.264679
1.294022
1.294022
1.225752
1.225752
1.250280
1.250280
1.166760
1.166760
1.356664
1.356664
1.357211
1.357211
1.156047
1.156047
1.218682
1.218682
1.166863
1.166863
1.352470
1.352470
1.218083
1.218083
1.171002
1.171002
1.386541
1.386541
1.264876
1.264876
1.390314
1.390314
1.362609
1.362609
1.329390
1.329390
1.223216
1.223216
1.358356
1.358356
1.194208
1.194208
1.209683
1.209683
1.042000
1.042000
1.214193
1.214193
1.218716
1.218716
1.370487
1.370487
1.030966
1.030966
1.215073
1.215073
1.364477
1.364477
1.373958
1.373958
1.357413
1.357413
1.322987
1.322987
1.249005
1.249005
1.208094
1.208094
1.188877
1.188877
1.341162
1.341162
1.361109
1.361109
1.275337
1.275337
1.183584
1.183584
1.286246
1.286246
1.375215
1.375215
1.309322
1.309322
1.110615
1.110615
1.246159
1.246159
1.387195
1.387195
1.220686
1.220686
1.288661
1.288661
1.260376
1.260376
1.344060
1.344060
1.316828
1.316828
1.261928
1.261928
1.241676
1.241676
1.345390
1.345390
1.287837
1.287837
1.353253
1.353253
1.396257
1.396257
1.363311
1.363311
1.235771
1.235771
1.382260
1.382260
1.260239
1.260239
