1.280841
1.280841
1.279048
1.279048
1.045113
1.045113
1.173852
1.207651
1.207651
1.173852
1.204365
1.204365
1.392646
1.392646
1.024034
1.024034
1.295293
1.295293
1.267370
1.267370
1.324821
1.373924
1.324821
1.373924
1.219153
1.219153
1.196329
1.196329
1.255456
1.255456
1.131748
1.131748
1.310617
1.250620
1.235735
1.235735
1.250620
1.310617
1.298524
1.298524
1.255768
1.255768
1.030758
1.030758
1.228614
1.228614
1.337337
1.337337
1.290434
1.290434
1.085689
1.085689
1.176921
1.176921
1.306842
1.306842
1.205432
1.205432
1.287336
1.287336
1.351204
1.351204
1.335505
1.335505
1.254803
1.254803
1.285852
1.285852
1.242523
1.242523
1.291331
1.291331
1.362236
1.362236
1.240316
1.240316
1.156652
1.156652
1.156853
1.156853
1.354239
1.354239
1.348810
1.348810
1.224295
1.224295
1.316782
1.316782
1.292852
1.292852
1.393487
1.393487
1.342882
1.342882
1.353607
1.353607
1.332417
1.332417
1.173654
1.173654
1.247190
1.247190
1.245670
1.245670
1.211990
1.211990
1.237962
1.237962
1.309908
1.309908
1.350415
1.350415
1.379729
1.379729
1.315001
1.315001
1.147440
1.147440
1.020104
1.020104
1.257351
1.257351
1.280747
1.280747
1.336024
1.336024
1.363079
1.363079
1.262731
1.262731
1.073425
1.073425
1.199206
1.199206
1.199355
1.199355
1.258850
1.258850
1.379910
1.379910
1.321702
1.321702
1.321678
1.321678
1.325853
1.325853
1.214827
1.214827
1.199622
1.199622
1.287600
1.287600
1.257936
1.257936
1.258700
1.258700
1.398565
1.398565
1.286979
1.286979
1.265713
1.265713
1.377402
1.377402
1.278965
1.278965
1.388069
1.388069
1.366369
1.366369
1.299494
1.299494
1.265362
1.265362
1.330131
1.330131
1.227148
1.227148
1.362302
1.362302
1.333856
1.333856
1.390484
1.390484
1.174725
1.174725
1.277716
1.277716
1.350341
1.350341
1.094618
1.094618
1.345027
1.345027
1.330544
1.330544
1.318740
1.318740
1.309161
1.309161
1.370787
1.370787
1.223968
1.223968
1.351593
1.351593
1.388717
1.388717
1.354908
1.354908
1.276881
1.276881
1.380025
1.380025
1.367122
1.367122
1.182120
1.182120
1.348423
1.348423
1.356492
1.356492
1.138676
1.138676
1.226446
1.226446
1.365705
1.365705
1.237656
1.237656
1.225061
1.225061
1.320313
1.320313
1.301082
1.301082
1.220317
1.220317
1.383909
1.383909
1.382426
1.382426
1.258204
1.258204
1.395054
1.395054
1.018383
1.018383
1.350846
1.350846
1.389934
1.389934
1.386988
1.386988
1.390252
1.390252
1.157649
1.157649
1.252384
1.252384
1.197174
1.197174
1.365794
1.365794
1.344355
1.344355
1.196338
1.196338
1.223810
1.223810
1.182096
1.182096
1.217043
1.217043
1.150765
1.150765
1.243716
1.243716
1.337179
1.337179
1.364705
1.364705
1.365582
1.365582
1.253227
1.253227
1.063203
1.063203
1.360260
1.360260
1.356723
1.356723
1.161707
1.161707
1.124599
1.124599
1.229845
1.229845
1.117001
1.117001
1.385522
1.385522
1.318519
1.318519
1.338908
1.338908
1.357549
1.357549
1.387483
1.387483
1.040332
1.040332
1.350340
1.350340
1.313170
1.313170
1.203876
1.203876
1.370724
1.370724
1.367913
1.367913
1.167032
1.167032
1.399669
1.399669
1.219671
1.219671
1.321646
1.321646
