1.129368
1.129368
1.270752
1.270752
1.164170
1.164170
1.078488
1.078488
1.381808
1.381808
1.278417
1.278417
1.385656
1.385656
1.348672
1.348672
1.377865
1.377865
1.377353
1.194624
1.377353
1.194624
1.067794
1.067794
1.272404
1.272404
1.224318
1.224318
1.238788
1.238788
1.358569
1.358569
1.342703
1.342703
1.359894
1.359894
1.294774
1.294774
1.034906
1.305260
1.305260
1.034906
1.219188
1.219188
1.155958
1.155958
1.242587
1.242587
1.241052
1.241052
1.135179
1.135179
1.384031
1.384031
1.296080
1.296080
1.266499
1.266499
1.338238
1.338238
1.145803
1.145803
1.286838
1.286838
1.326794
1.326794
1.306799
1.306799
1.385983
1.385983
1.248692
1.248692
1.399377
1.399377
1.303628
1.303628
1.304669
1.304669
1.318013
1.318013
1.298232
1.298232
1.237140
1.355783
1.237140
1.355783
1.226744
1.226744
1.193338
1.193338
1.397717
1.397717
1.396285
1.396285
1.223329
1.223329
1.323646
1.323646
1.242453
1.242453
1.166401
1.166401
1.366481
1.366481
1.366513
1.366513
1.348621
1.348621
1.245182
1.245182
1.266686
1.266686
1.159525
1.159525
1.336819
1.336819
1.278657
1.278657
1.338545
1.338545
1.288884
1.288884
1.384446
1.384446
1.284822
1.284822
1.379744
1.379744
1.130479
1.130479
1.369941
1.369941
1.331582
1.331582
1.288655
1.288655
1.300157
1.119705
1.119705
1.300157
1.399641
1.399641
1.318436
1.318436
1.375518
1.375518
1.332930
1.332930
1.364218
1.364218
1.348460
1.348460
1.348642
1.348642
1.335426
1.335426
1.271459
1.271459
1.340025
1.340025
1.378153
1.378153
1.302215
1.302215
1.391268
1.391268
1.322716
1.322716
1.351086
1.351086
1.208701
1.208701
1.371207
1.371207
1.202706
1.202706
1.063080
1.063080
1.369021
1.369021
1.270683
1.270683
1.384987
1.384987
1.206552
1.206552
1.270511
1.270511
1.382425
1.382425
1.268969
1.268969
1.301330
1.301330
1.059781
1.059781
1.360091
1.360091
1.399490
1.399490
1.353484
1.353484
1.336805
1.336805
1.355751
1.355751
1.398001
1.398001
1.053516
1.053516
1.090146
1.090146
1.382651
1.382651
1.349238
1.349238
1.334623
1.334623
1.374425
1.374425
1.361714
1.361714
1.320578
1.320578
1.232935
1.232935
1.327623
1.327623
1.242405
1.242405
1.176745
1.176745
1.378902
1.378902
1.308800
1.308800
1.377950
1.377950
1.214742
1.214742
1.356808
1.356808
1.367309
1.367309
1.132337
1.132337
1.130296
1.130296
1.214742
1.214742
1.337552
1.337552
1.210162
1.210162
1.392042
1.392042
1.235358
1.235358
1.287214
1.287214
