1.244271
1.244271
1.382600
1.382600
1.336133
1.336133
1.259993
1.259993
1.390508
1.390508
1.164665
1.164665
1.289213
1.289213
1.291084
1.291084
1.290319
1.290319
1.287071
1.287071
1.333535
1.333535
1.275376
1.275376
1.370756
1.370756
1.235348
1.235348
1.218591
1.218591
1.301589
1.301589
1.291342
1.291342
1.113862
1.113862
1.375939
1.375939
1.275908
1.275908
1.355975
1.355975
1.208262
1.208262
1.144600
1.144600
1.227250
1.227250
1.091138
1.091138
1.170014
1.170014
1.333497
1.333497
1.264897
1.264897
1.332585
1.332585
1.394187
1.394187
1.335900
1.335900
1.163539
1.163539
1.202149
1.202149
1.361385
1.361385
1.295755
1.295755
1.304328
1.304328
1.316145
1.316145
1.119291
1.119291
1.321789
1.321789
1.141062
1.141062
1.326325
1.326325
1.374214
1.374214
1.394844
1.394844
1.388941
1.388941
1.185893
1.185893
1.174607
1.174607
1.268689
1.268689
1.059676
1.059676
1.332288
1.332288
1.369498
1.369498
1.387444
1.387444
1.153243
1.153243
1.332353
1.332353
1.278481
1.278481
1.277684
1.277684
1.252712
1.252712
1.371459
1.371459
1.379043
1.379043
1.184375
1.184375
1.317144
1.306051
1.317144
1.306051
1.069081
1.069081
1.359544
1.359544
1.385644
1.385644
1.297125
1.297125
1.387051
1.387051
1.231408
1.231408
1.389238
1.389238
1.268004
1.268004
1.377036
1.377036
1.368731
1.368731
1.383301
1.383301
1.344130
1.344130
1.335517
1.335517
1.247242
1.247242
1.397532
1.397532
1.300155
1.300155
1.192518
1.192518
1.276419
1.276419
1.387813
1.387813
1.311642
1.311642
1.352393
1.352393
1.200056
1.200056
1.347436
1.347436
1.195722
1.195722
1.366028
1.366028
1.312632
1.312632
1.107997
1.107997
1.397410
1.397410
1.239094
1.239094
1.190997
1.190997
1.384700
1.384700
1.091937
1.091937
1.372592
1.372592
1.068137
1.068137
1.293021
1.293021
1.327875
1.327875
1.369347
1.369347
1.318724
1.318724
1.366315
1.366315
1.350249
1.350249
1.386160
1.386160
1.370434
1.370434
1.350178
1.350178
1.297852
1.297852
1.141929
1.141929
1.153470
1.153470
1.366219
1.366219
1.197133
1.197133
1.283612
1.283612
1.147490
1.147490
1.317038
1.317038
1.365827
1.365827
1.370617
1.370617
1.305172
1.305172
1.184978
1.184978
1.346776
1.346776
1.340242
1.340242
1.128667
1.128667
1.278144
1.278144
1.380824
1.380824
1.271395
1.271395
1.297479
1.297479
1.384039
1.384039
1.173132
1.173132
1.354387
1.354387
1.348772
1.348772
1.199996
1.199996
1.380463
1.380463
1.160734
1.160734
1.366314
1.366314
1.371696
1.371696
1.282669
1.282669
1.145148
1.145148
1.388488
1.388488
1.337130
1.337130
1.385710
1.385710
