1.214063
1.214063
1.399387
1.399387
1.393459
1.393459
1.263919
1.263919
1.334700
1.334700
1.265526
1.265526
1.338344
1.338344
1.195422
1.195422
1.319226
1.319226
1.113155
1.399684
1.399684
1.113155
1.287396
1.287396
1.361775
1.361775
1.386714
1.386714
1.134129
1.134129
1.197511
1.197511
1.383282
1.383282
1.240580
1.240580
1.206856
1.206856
1.210402
1.210402
1.283753
1.283753
1.382171
1.382171
1.395739
1.395739
1.189435
1.189435
1.237134
1.237134
1.303003
1.303003
1.292425
1.292425
1.382264
1.382264
1.344071
1.344071
1.398638
1.398638
1.365176
1.365176
1.173569
1.173569
1.129915
1.129915
1.155302
1.155302
1.312413
1.312413
1.330869
1.330869
1.237561
1.237561
1.185615
1.185615
1.162586
1.162586
1.286975
1.286975
1.392016
1.392016
1.353711
1.353711
1.325218
1.325218
1.196027
1.196027
1.352490
1.352490
1.312069
1.312069
1.348505
1.348505
1.376215
1.376215
1.364646
1.364646
1.089534
1.089534
1.315034
1.315034
1.361304
1.361304
1.245069
1.245069
1.371510
1.371510
1.312369
1.312369
1.378262
1.378262
1.204156
1.204156
1.360613
1.360613
1.391474
1.391474
1.263945
1.263945
1.312224
1.312224
1.396757
1.396757
1.272206
1.272206
1.369653
1.369653
1.371199
1.371199
1.341856
1.341856
1.349443
1.349443
1.207138
1.207138
1.279986
1.279986
1.237653
1.237653
1.278883
1.278883
1.324091
1.324091
1.194984
1.194984
1.380424
1.380424
1.273812
1.273812
1.383261
1.383261
1.396403
1.396403
1.251779
1.251779
1.113976
1.113976
1.378327
1.378327
1.352157
1.352157
1.348394
1.348394
1.352390
1.352390
1.221171
1.221171
1.233252
1.233252
1.359848
1.359848
1.200010
1.200010
1.017167
1.017167
1.373795
1.373795
1.153402
1.153402
1.269166
1.269166
1.288695
1.288695
1.173113
1.173113
1.310742
1.310742
1.356242
1.356242
1.157236
1.157236
1.323217
1.323217
1.095085
1.095085
1.188080
1.188080
1.398858
1.398858
1.386655
1.386655
1.338836
1.338836
1.333825
1.333825
1.312559
1.312559
1.326378
1.326378
1.352265
1.352265
1.234696
1.234696
1.367869
1.367869
1.109659
1.109659
1.387284
1.387284
1.087288
1.087288
1.203823
1.203823
1.278533
1.278533
1.378500
1.378500
1.274930
1.274930
1.383699
1.383699
1.239988
1.239988
1.283588
1.283588
1.352176
1.352176
1.255868
1.255868
1.385637
1.385637
1.263941
1.263941
1.318500
1.318500
1.332526
1.332526
1.207849
1.207849
1.230599
1.230599
1.115924
1.115924
1.169634
1.169634
1.170512
1.170512
1.147763
1.147763
1.397450
1.397450
1.340540
1.340540
1.308164
1.308164
1.375433
1.375433
1.358664
1.358664
1.277838
1.277838
1.268357
1.268357
1.385508
1.385508
1.278551
1.278551
1.236310
1.236310
1.398523
1.398523
1.245126
1.245126
1.286527
1.286527
1.398734
1.398734
1.196991
1.196991
1.324657
1.324657
1.228936
1.228936
1.347248
1.347248
1.312636
1.312636
1.295319
1.295319
1.161409
1.161409
1.243447
1.243447
1.332215
1.332215
1.209993
1.209993
1.372258
1.372258
1.307224
1.307224
1.301243
1.301243
1.141449
1.141449
1.122629
1.122629
1.318969
1.318969
1.392882
1.392882
1.398560
1.398560
1.366980
1.366980
1.164177
1.164177
1.348501
1.348501
1.292564
1.292564
1.149896
1.149896
1.222765
1.222765
1.163177
1.163177
1.295960
1.295960
1.283728
1.283728
1.178412
1.178412
1.281630
1.281630
1.182050
1.182050
1.166355
1.166355
1.135149
1.135149
1.204831
1.204831
1.370095
1.370095
1.399695
1.399695
1.314238
1.314238
1.202283
1.202283
1.302426
1.302426
1.064640
1.064640
1.290234
1.290234
1.361506
1.361506
1.216963
1.216963
1.237047
1.237047
1.086139
1.086139
1.214737
1.214737
1.295249
1.295249
1.390736
1.390736
1.303254
1.303254
1.377949
1.377949
1.192109
1.192109
1.311829
1.311829
1.261714
1.261714
1.313321
1.313321
1.372273
1.372273
1.305700
1.305700
1.378871
1.378871
1.089684
1.089684
1.325631
1.325631
1.365508
1.365508
1.253244
1.253244
1.345802
1.345802
1.287888
1.287888
1.142805
1.142805
1.378795
1.378795
1.243039
1.243039
1.280381
1.280381
1.346230
1.346230
1.195126
1.195126
1.213581
1.213581
1.252964
1.252964
1.364015
1.364015
1.200548
1.200548
1.306644
1.306644
1.384455
1.384455
1.189566
1.189566
1.247968
1.247968
1.316395
1.316395
