1.283329
1.283329
1.152746
1.152746
1.252613
1.252613
1.164188
1.164188
1.259490
1.268257
1.268257
1.259490
1.293741
1.293741
1.337859
1.337859
1.379254
1.379254
1.282627
1.282627
1.166987
1.166987
1.293979
1.293979
1.392156
1.392156
1.213912
1.213912
1.387811
1.387811
1.328558
1.328558
1.163777
1.163777
1.045891
1.045891
1.296154
1.296154
1.241514
1.241514
1.326391
1.326391
1.207722
1.207722
1.376736
1.376736
1.376223
1.376223
1.375093
1.375093
1.315997
1.315997
1.382706
1.382706
1.108601
1.108601
1.293252
1.293252
1.245595
1.245595
1.302715
1.302715
1.386762
1.386762
1.360587
1.360587
1.393220
1.393220
1.393856
1.393856
1.186185
1.186185
1.092131
1.092131
1.319432
1.319432
1.168776
1.168776
1.353132
1.353132
1.391266
1.391266
1.274363
1.274363
1.395126
1.395126
1.385926
1.351932
1.385926
1.351932
1.118228
1.118228
1.265796
1.265796
1.356887
1.356887
1.379530
1.379530
1.138851
1.138851
1.381577
1.381577
1.345274
1.345274
1.298229
1.298229
1.272346
1.241123
1.272346
1.241123
1.362504
1.362504
1.298633
1.298633
1.394716
1.394716
1.388553
1.388553
1.375501
1.375501
1.353608
1.089096
1.353608
1.089096
1.218187
1.218187
1.359648
1.359648
1.305374
1.305374
1.359034
1.359034
1.129654
1.129654
1.205654
1.304727
1.205654
1.304727
1.350625
1.350625
1.376178
1.376178
1.198053
1.198053
1.200077
1.200077
1.355160
1.355160
1.153060
1.153060
1.315074
1.315074
1.168010
1.168010
1.155275
1.155275
1.390368
1.390368
1.169074
1.169074
1.366578
1.366578
1.309715
1.309715
1.357261
1.357261
1.391658
1.391658
1.337814
1.337814
1.335188
1.335188
1.313008
1.250524
1.313008
1.250524
1.174004
1.174004
1.228076
1.228076
1.342985
1.342985
1.385485
1.385485
1.194443
1.194443
1.109017
1.109017
1.364056
1.364056
1.381343
1.381343
1.205016
1.205016
1.317564
1.317564
1.329954
1.329954
1.168645
1.168645
1.246393
1.246393
1.350458
1.350458
1.365415
1.365415
1.378867
1.378867
1.116693
1.116693
1.325674
1.325674
1.130232
1.130232
1.360703
1.360703
1.368479
1.368479
1.262299
1.262299
1.384857
1.384857
1.343422
1.343422
1.318273
1.318273
1.272383
1.272383
1.351263
1.351263
1.175820
1.175820
1.235225
1.235225
1.355262
1.355262
1.270904
1.270904
1.337284
1.337284
1.246660
1.246660
1.236953
1.236953
1.082701
1.082701
1.316964
1.316964
1.105736
1.105736
1.337509
1.337509
1.306415
1.306415
1.332830
1.332830
1.395491
1.395491
1.334990
1.334990
1.312027
1.312027
1.396747
1.396747
1.111298
1.111298
1.333370
1.333370
1.387997
1.387997
1.300238
1.300238
1.282117
1.282117
1.263621
1.263621
1.234423
1.234423
1.367193
1.367193
1.181172
1.181172
1.355573
1.355573
1.258521
1.258521
1.290699
1.290699
1.351142
1.351142
1.343912
1.343912
1.340779
1.340779
1.374213
1.374213
1.168905
1.168905
1.235407
1.235407
1.273837
1.273837
1.318133
1.318133
1.294185
1.294185
1.344186
1.344186
1.094393
1.094393
1.209161
1.209161
1.386919
1.386919
1.104476
1.104476
1.384290
1.384290
1.228576
1.228576
1.227982
1.227982
1.366648
1.366648
1.234419
1.234419
1.370338
1.370338
1.209617
1.209617
1.393772
1.393772
1.226170
1.226170
1.282694
1.282694
1.327047
1.327047
1.346725
1.346725
1.150513
1.150513
1.323580
1.323580
1.105905
1.105905
1.341721
1.341721
1.351694
1.351694
1.090244
1.090244
1.284558
1.284558
1.167431
1.167431
1.328671
1.328671
1.213980
1.213980
1.209604
1.209604
1.357319
1.357319
1.125734
1.125734
1.366297
1.366297
1.340479
1.340479
1.274784
1.274784
1.285970
1.285970
1.333919
1.333919
1.336433
1.336433
1.119935
1.119935
1.287650
1.287650
1.255218
1.255218
1.305422
1.305422
1.324460
1.324460
1.339435
1.339435
1.376884
1.376884
1.245166
1.245166
1.397206
1.397206
1.323507
1.323507
1.217667
1.217667
1.165608
1.165608
1.253944
1.253944
1.253772
1.253772
1.292923
1.292923
1.290597
1.290597
1.187601
1.187601
1.128662
1.128662
1.396543
1.396543
1.183612
1.183612
1.281466
1.281466
1.325489
1.325489
1.393187
1.393187
1.253908
1.253908
1.314074
1.314074
1.187334
1.187334
1.378536
1.378536
1.075340
1.075340
1.379897
1.379897
1.277281
1.277281
1.359638
1.359638
1.345723
1.345723
1.242099
1.242099
1.375381
1.375381
1.283190
1.283190
1.375355
1.375355
1.189334
1.189334
