1.386482
1.386482
1.320983
1.320983
1.189992
1.154697
1.154697
1.189992
1.334100
1.376658
1.334100
1.376658
1.235866
1.235866
1.144569
1.144569
1.399097
1.399097
1.390210
1.390210
1.378328
1.378328
1.243424
1.243424
1.380530
1.380530
1.105122
1.105122
1.298425
1.298425
1.336899
1.336899
1.324562
1.324562
1.364051
1.364051
1.391502
1.391502
1.241004
1.241004
1.295496
1.295496
1.389818
1.389818
1.363182
1.363182
1.308075
1.308075
1.306971
1.306971
1.190590
1.190590
1.358348
1.358348
1.261848
1.261848
1.379530
1.379530
1.276559
1.276559
1.351935
1.351935
1.378187
1.378187
1.079218
1.079218
1.313736
1.313736
1.364467
1.364467
1.357241
1.357241
1.298823
1.298823
1.352190
1.352190
1.103341
1.103341
1.136282
1.136282
1.207721
1.207721
1.099314
1.099314
1.176187
1.176187
1.381597
1.381597
1.286292
1.286292
1.212404
1.212404
1.280158
1.280158
1.362540
1.362540
1.263650
1.263650
1.271754
1.271754
1.061805
1.061805
1.294161
1.294161
1.315185
1.315185
1.332094
1.332094
1.315903
1.315903
1.208337
1.208337
1.167115
1.167115
1.323258
1.323258
1.198955
1.198955
1.326262
1.326262
1.287566
1.287566
1.359836
1.359836
1.270828
1.270828
1.379016
1.379016
1.141635
1.141635
1.377792
1.377792
1.335164
1.335164
1.351382
1.351382
1.293103
1.293103
1.083525
1.083525
1.392938
1.392938
1.328450
1.328450
1.241045
1.241045
1.348876
1.348876
1.210221
1.210221
1.306786
1.306786
1.323028
1.323028
1.133451
1.133451
1.359091
1.359091
1.040661
1.040661
1.211766
1.211766
1.225954
1.225954
1.272399
1.272399
1.125885
1.125885
1.355550
1.355550
1.268094
1.268094
1.105830
1.105830
1.353953
1.353953
1.255392
1.255392
1.225544
1.225544
1.157292
1.157292
1.372352
1.372352
1.163093
1.163093
1.377914
1.377914
1.233272
1.233272
1.269048
1.269048
1.320895
1.320895
1.261368
1.261368
1.294538
1.294538
1.296446
1.296446
1.251951
1.251951
1.357945
1.357945
1.283563
1.283563
1.390576
1.390576
1.381203
1.381203
1.388428
1.388428
1.377641
1.377641
1.335205
1.335205
1.395912
1.395912
1.253431
1.253431
1.357723
1.357723
1.329831
1.329831
1.395129
1.395129
1.380849
1.380849
1.234080
1.234080
1.350186
1.350186
1.358253
1.358253
1.361296
1.361296
1.343140
1.343140
1.335603
1.335603
1.187552
1.187552
1.324820
1.324820
1.130199
1.130199
1.247616
1.247616
1.367060
1.367060
1.397435
1.397435
1.320823
1.320823
1.284276
1.284276
1.286583
1.286583
1.341317
1.341317
1.296874
1.296874
1.343392
1.343392
1.370156
1.370156
1.287496
1.287496
1.308213
1.308213
1.347109
1.347109
1.298260
1.298260
1.332557
1.332557
1.254222
1.254222
1.154724
1.154724
1.368584
1.368584
1.217525
1.217525
1.390831
1.390831
1.286276
1.286276
1.396717
1.396717
1.185210
1.185210
1.383091
1.383091
1.339493
1.339493
1.070506
1.070506
1.261245
1.261245
1.086356
1.086356
1.302964
1.302964
1.318726
1.318726
1.193952
1.193952
1.374746
1.374746
1.384981
1.384981
1.324872
1.324872
1.339697
1.339697
1.264749
1.264749
1.258996
1.258996
1.386840
1.386840
1.259950
1.259950
1.304635
1.304635
1.290620
1.290620
1.320389
1.320389
1.295404
1.295404
1.198505
1.198505
1.094479
1.094479
1.273938
1.273938
1.345675
1.345675
1.366264
1.366264
1.259194
1.259194
