1.204332
1.204332
1.277156
1.277156
1.364911
1.364911
1.354244
1.354244
1.152874
1.152874
1.278125
1.278125
1.327436
1.327436
1.273100
1.273100
1.383677
1.383677
1.233876
1.233876
1.308132
1.308132
1.386335
1.386335
1.362225
1.362225
1.287744
1.287744
1.309712
1.309712
1.252400
1.252400
1.369875
1.369875
1.395609
1.395609
1.185253
1.185253
1.388710
1.388710
1.313296
1.313296
1.234485
1.234485
1.244695
1.244695
1.323989
1.323989
1.319283
1.319283
1.388577
1.388577
1.399488
1.399488
1.316699
1.316699
1.309605
1.309605
1.327517
1.327517
1.340805
1.340805
1.358094
1.358094
1.245288
1.245288
1.323362
1.323362
1.146818
1.146818
1.227877
1.227877
1.089553
1.089553
1.396778
1.396778
1.172213
1.172213
1.218738
1.218738
1.397055
1.397055
1.068045
1.068045
1.340778
1.340778
1.211569
1.211569
1.165231
1.165231
1.249235
1.249235
1.392438
1.392438
1.217739
1.217739
1.115363
1.115363
1.227815
1.227815
1.245062
1.245062
1.346312
1.346312
1.260400
1.260400
1.236781
1.236781
1.317776
1.317776
1.366233
1.366233
1.172086
1.172086
1.121178
1.121178
1.353339
1.353339
1.271279
1.271279
1.370781
1.370781
1.378234
1.378234
1.399681
1.399681
1.352711
1.352711
1.355150
1.355150
1.300414
1.300414
1.336439
1.336439
1.321804
1.321804
1.384316
1.384316
1.373082
1.373082
1.186108
1.186108
1.291768
1.291768
1.320479
1.320479
1.395303
1.395303
1.325245
1.325245
1.376125
1.376125
1.032951
1.032951
1.375166
1.375166
1.311164
1.311164
1.344057
1.344057
1.364844
1.364844
1.354257
1.354257
1.369606
1.369606
1.152926
1.152926
1.211398
1.211398
1.176058
1.176058
1.297405
1.297405
1.337497
1.337497
1.205480
1.205480
1.139876
1.139876
1.376330
1.376330
1.344472
1.344472
1.364013
1.364013
1.148886
1.148886
1.302777
1.302777
1.152986
1.152986
1.300836
1.300836
1.055347
1.055347
1.209670
1.209670
1.147293
1.147293
1.309879
1.309879
1.291852
1.291852
1.269676
1.269676
1.207617
1.207617
