1.010799
1.010799
1.178395
1.178395
1.357155
1.357155
1.360082
1.360082
1.270194
1.270194
1.151923
1.189634
1.151923
1.189634
1.382388
1.382388
1.095323
1.095323
1.284826
1.284826
1.355096
1.355096
1.385134
1.385134
1.374854
1.374854
1.299717
1.299717
1.194857
1.194857
1.229550
1.229550
1.283303
1.283303
1.287372
1.287372
1.132011
1.132011
1.343888
1.343888
1.395782
1.395782
1.267107
1.267107
1.376740
1.376740
1.300130
1.300130
1.291632
1.291632
1.318848
1.318848
1.308318
1.308318
1.380801
1.380801
1.317780
1.317780
1.344838
1.344838
1.367430
1.367430
1.113910
1.113910
1.349584
1.349584
1.293976
1.293976
1.269269
1.269269
1.059571
1.059571
1.344192
1.344192
1.355866
1.355866
1.076793
1.076793
1.392599
1.392599
1.238136
1.238136
1.366076
1.366076
1.277809
1.277809
1.307322
1.307322
1.366621
1.366621
1.230122
1.230122
1.384500
1.384500
1.388771
1.388771
1.388041
1.388041
1.303426
1.303426
1.357931
1.357931
1.342438
1.342438
1.347006
1.347006
1.318101
1.318101
1.257389
1.257389
1.371941
1.371941
1.349577
1.349577
1.246805
1.246805
1.391627
1.391627
1.068418
1.068418
1.352739
1.352739
1.342807
1.342807
1.054016
1.054016
1.065253
1.065253
1.350333
1.350333
1.051369
1.051369
1.359207
1.359207
1.398907
1.398907
1.131646
1.131646
1.195751
1.195751
1.286008
1.286008
1.296373
1.296373
1.363865
1.363865
1.175825
1.175825
1.284488
1.284488
1.125889
1.125889
1.090041
1.090041
1.364783
1.364783
1.352905
1.352905
1.238043
1.238043
1.265738
1.265738
1.330310
1.330310
1.377703
1.377703
1.150341
1.033782
1.150341
1.033782
1.316970
1.316970
1.255785
1.255785
1.372746
1.372746
1.078709
1.078709
1.298439
1.298439
1.150839
1.150839
1.257439
1.257439
1.242184
1.242184
1.309916
1.309916
1.037721
1.037721
1.219594
1.219594
1.308612
1.308612
1.389402
1.389402
1.254058
1.254058
1.351636
1.351636
1.377859
1.377859
1.094369
1.094369
1.270733
1.270733
1.143589
1.143589
1.386401
1.386401
1.348873
1.348873
1.206009
1.206009
1.195287
1.195287
1.167584
1.167584
1.331416
1.331416
1.394668
1.394668
1.170680
1.170680
1.216912
1.216912
1.291437
1.291437
1.334232
1.334232
1.389295
1.389295
1.248633
1.248633
1.183727
1.183727
1.064282
1.064282
1.117209
1.117209
1.308720
1.308720
1.072133
1.072133
1.329449
1.329449
1.398261
1.398261
1.372320
1.372320
1.278234
1.278234
1.268581
1.268581
1.359623
1.359623
1.224465
1.224465
1.201589
1.201589
1.208324
1.208324
1.297378
1.297378
1.173124
1.173124
1.396123
1.396123
1.259209
1.259209
1.324522
1.324522
1.338371
1.338371
1.378100
1.378100
1.284792
1.284792
1.253097
1.253097
1.158153
1.158153
1.175494
1.175494
1.077436
1.077436
1.144359
1.144359
1.317954
1.317954
1.316444
1.316444
1.386009
1.386009
1.342079
1.342079
1.355650
1.355650
1.365449
1.365449
1.264982
1.264982
1.172674
1.172674
1.330694
1.330694
1.308673
1.308673
1.089028
1.089028
1.360660
1.360660
1.393200
1.393200
1.274316
1.274316
1.369911
1.369911
1.255805
1.255805
1.368738
1.368738
1.117287
1.117287
1.190181
1.190181
1.257795
1.257795
1.389267
1.389267
1.252854
1.252854
1.308405
1.308405
1.315077
1.315077
1.321250
1.321250
1.358294
1.358294
1.266782
1.266782
1.344603
1.344603
1.395642
1.395642
1.304661
1.304661
1.375553
1.375553
1.230357
1.230357
1.297570
1.297570
1.197349
1.197349
1.298746
1.298746
1.222557
1.222557
1.328923
1.328923
1.355413
1.355413
1.393020
1.393020
1.386055
1.386055
