1.346558
1.346558
1.154245
1.154245
1.214211
1.214211
1.347967
1.347967
1.389883
1.389883
1.225495
1.225495
1.377332
1.377332
1.359581
1.359581
1.260066
1.260066
1.270006
1.270006
1.374839
1.374839
1.369009
1.369009
1.395963
1.395963
1.373610
1.373610
1.347084
1.347084
1.162137
1.162137
1.201147
1.201147
1.286349
1.286349
1.263707
1.263707
1.231435
1.231435
1.248023
1.248023
1.359816
1.359816
1.364024
1.364024
1.331961
1.331961
1.318208
1.318208
1.274762
1.274762
1.086439
1.086439
1.392566
1.392566
1.109361
1.109361
1.384966
1.384966
1.096435
1.096435
1.312182
1.312182
1.377686
1.398490
1.398490
1.377686
1.313140
1.313140
1.179343
1.179343
1.344898
1.344898
1.398302
1.398302
1.182980
1.182980
1.176710
1.176710
1.269754
1.269754
1.283421
1.283421
1.377678
1.377678
1.127461
1.127461
1.348537
1.348537
1.277417
1.277417
1.306772
1.306772
1.322433
1.322433
1.391123
1.391123
1.391144
1.391144
1.255487
1.255487
1.384969
1.384969
1.312072
1.312072
1.268197
1.268197
1.097310
1.097310
1.330029
1.330029
1.384764
1.384764
1.258563
1.258563
1.314401
1.314401
1.378085
1.378085
1.363939
1.363939
1.165928
1.165928
1.269998
1.269998
1.273966
1.273966
1.041655
1.041655
1.362615
1.362615
1.366034
1.366034
1.351676
1.351676
1.260457
1.260457
1.099549
1.099549
1.382803
1.382803
1.323502
1.323502
1.373922
1.373922
1.343011
1.343011
1.054544
1.054544
1.327481
1.327481
1.322341
1.322341
1.353361
1.353361
1.387761
1.387761
1.366015
1.366015
1.389097
1.389097
1.317578
1.317578
1.363367
1.363367
1.371325
1.371325
1.371038
1.371038
1.382901
1.382901
1.240309
1.240309
1.245508
1.245508
1.387379
1.387379
1.317442
1.317442
1.158243
1.158243
1.271706
1.271706
1.364700
1.364700
1.305041
1.305041
1.152107
1.152107
1.382211
1.382211
1.377429
1.377429
1.275811
1.275811
1.317752
1.317752
1.387154
1.387154
1.251728
1.251728
1.386828
1.386828
1.139976
1.139976
1.245021
1.245021
1.398259
1.398259
1.385063
1.385063
1.327302
1.327302
1.256674
1.256674
1.275381
1.275381
1.219612
1.219612
1.110642
1.110642
1.286266
1.286266
1.060625
1.060625
1.288442
1.288442
1.204642
1.204642
1.387786
1.387786
1.378542
1.378542
1.363398
1.363398
1.366991
1.366048
1.366048
1.366991
1.347006
1.347006
1.259000
1.259000
1.374058
1.374058
1.125488
1.125488
1.149042
1.149042
1.165554
1.165554
1.382742
1.382742
1.373786
1.373786
1.218513
1.218513
1.317699
1.317699
1.232295
1.232295
1.157501
1.157501
1.287267
1.287267
1.302877
1.302877
1.384985
1.384985
1.350627
1.350627
1.381498
1.381498
1.203569
1.203569
1.279040
1.279040
1.342434
1.342434
1.350493
1.350493
1.164251
1.164251
1.110176
1.110176
1.399769
1.399769
1.373475
1.373475
