1.299079
1.299079
1.122311
1.122311
1.230752
1.230752
1.394242
1.394242
1.239003
1.239003
1.361519
1.361519
1.272410
1.272410
1.065938
1.065938
1.352993
1.352993
1.211644
1.211644
1.278248
1.278248
1.384579
1.384579
1.394020
1.394020
1.221222
1.221222
1.108893
1.108893
1.196371
1.196371
1.368909
1.368909
1.155887
1.155887
1.363626
1.363626
1.349082
1.349082
1.332368
1.332368
1.201062
1.201062
1.398201
1.398201
1.382227
1.382227
1.329938
1.329938
1.280559
1.280559
1.396658
1.396658
1.149039
1.149039
1.140383
1.140383
1.226376
1.226376
1.176037
1.176037
1.343049
1.343049
1.185107
1.185107
1.353692
1.353692
1.219149
1.219149
1.120834
1.120834
1.271076
1.271076
1.319479
1.319479
1.160461
1.160461
1.394211
1.394211
1.369088
1.369088
1.353049
1.353049
1.281103
1.281103
1.307959
1.307959
1.271818
1.271818
1.377274
1.377274
1.342139
1.268397
1.268397
1.342139
1.176306
1.176306
1.193678
1.193678
1.232037
1.232037
1.299529
1.299529
1.302196
1.302196
1.054094
1.054094
1.357339
1.357339
1.065742
1.065742
1.302257
1.302257
1.356799
1.356799
1.337393
1.337393
1.390418
1.390418
1.216832
1.216832
1.275521
1.275521
1.358741
1.358741
1.334667
1.334667
1.372268
1.372268
1.181385
1.181385
1.155557
1.155557
1.391046
1.391046
1.368814
1.368814
1.287601
1.287601
1.248797
1.248797
1.370124
1.370124
1.383845
1.383845
1.380132
1.380132
1.145870
1.145870
1.149612
1.149612
1.120625
1.120625
1.224105
1.224105
1.061077
1.061077
1.335365
1.335365
1.268607
1.268607
1.331385
1.331385
1.378165
1.378165
1.264107
1.264107
1.330575
1.330575
1.397485
1.397485
1.249717
1.249717
1.332389
1.332389
1.255474
1.255474
1.398572
1.398572
1.337342
1.337342
1.392225
1.392225
1.090165
1.090165
1.276866
1.276866
1.374878
1.374878
1.253742
1.253742
1.253997
1.253997
1.300147
1.300147
1.312625
1.312625
1.150889
1.150889
1.349210
1.349210
1.377156
1.377156
1.395205
1.395205
1.128688
1.128688
1.199451
1.199451
1.275132
1.275132
1.379146
1.379146
1.181087
1.181087
1.048680
1.048680
1.367357
1.367357
1.374944
1.374944
1.398054
1.398054
1.217590
1.217590
1.284871
1.284871
1.325219
1.325219
1.256221
1.256221
1.351757
1.351757
1.365815
1.365815
1.097443
1.097443
1.384969
1.384969
1.341220
1.341220
1.314906
1.314906
1.280371
1.280371
1.365711
1.365711
1.387852
1.387852
1.380361
1.380361
1.367060
1.367060
1.021112
1.021112
1.292446
1.292446
1.233954
1.233954
1.334599
1.334599
1.377299
1.377299
1.174581
1.174581
1.297506
1.297506
1.214516
1.214516
1.378363
1.378363
1.179901
1.179901
1.317390
1.317390
1.298657
1.298657
1.128855
1.128855
1.390264
1.390264
1.389384
1.389384
1.332752
1.332752
1.162720
1.162720
1.230418
1.230418
1.299014
1.299014
1.366164
1.366164
