1.368622
1.343427
1.343427
1.368622
1.314782
1.314782
1.316032
1.316032
1.303389
1.303389
1.254478
1.254478
1.363811
1.363811
1.381174
1.381174
1.166429
1.166429
1.347933
1.347933
1.100545
1.100545
1.166870
1.366148
1.166870
1.366148
1.388105
1.388105
1.223854
1.223854
1.257533
1.257533
1.309047
1.309047
1.146318
1.146318
1.310283
1.310283
1.346220
1.346220
1.333117
1.333117
1.133094
1.133094
1.262049
1.262049
1.251372
1.251372
1.379671
1.379671
1.087365
1.087365
1.176869
1.176869
1.339473
1.339473
1.388731
1.388731
1.141204
1.141204
1.074967
1.074967
1.344717
1.344717
1.303349
1.303349
1.175007
1.175007
1.253421
1.253421
1.308364
1.308364
1.227182
1.227182
1.300937
1.300937
1.392968
1.392968
1.378445
1.378445
1.111807
1.111807
1.305654
1.305654
1.304129
1.365434
1.365434
1.304129
1.387696
1.387696
1.347252
1.347252
1.337907
1.337907
1.395424
1.395424
1.324791
1.324791
1.133346
1.133346
1.197973
1.197973
1.171337
1.171337
1.049191
1.049191
1.394854
1.394854
1.345268
1.345268
1.306857
1.306857
1.357923
1.357923
1.335329
1.335329
1.325107
1.325107
1.356401
1.356401
1.144251
1.144251
1.357518
1.357518
1.393307
1.393307
1.244994
1.244994
1.361825
1.361825
1.294310
1.294310
1.323492
1.323492
1.228533
1.228533
1.349645
1.349645
1.177528
1.177528
1.232508
1.232508
1.352869
1.352869
1.098911
1.098911
1.204369
1.204369
1.220354
1.220354
1.170905
1.170905
1.246021
1.246021
1.266346
1.266346
1.071266
1.071266
1.161848
1.161848
1.251708
1.251708
1.167564
1.167564
1.393865
1.393865
1.395014
1.395014
1.199556
1.199556
1.358248
1.358248
1.246920
1.246920
1.238194
1.238194
1.382826
1.382826
1.271217
1.271217
1.281822
1.281822
1.389726
1.389726
1.359192
1.359192
1.240295
1.240295
1.290489
1.290489
1.349774
1.349774
1.223730
1.223730
1.199527
1.199527
1.350179
1.350179
1.108097
1.108097
1.278099
1.278099
1.373823
1.373823
1.215497
1.215497
1.028458
1.028458
1.168009
1.168009
1.257133
1.257133
1.348350
1.348350
1.332256
1.332256
1.374531
1.374531
1.338485
1.338485
1.223706
1.223706
1.372059
1.372059
1.349684
1.349684
1.364369
1.364369
1.337631
1.337631
1.394266
1.394266
1.311754
1.311754
1.266631
1.266631
1.291893
1.291893
1.388053
1.388053
1.233722
1.233722
1.217579
1.217579
1.315001
1.315001
1.188571
1.188571
1.367196
1.367196
1.110450
1.110450
1.367715
1.367715
1.186924
1.186924
1.196059
1.196059
1.314962
1.314962
1.211463
1.211463
1.132146
1.132146
1.385721
1.385721
1.170744
1.170744
1.294201
1.294201
1.177873
1.177873
1.201175
1.201175
1.198973
1.198973
1.320964
1.320964
1.303424
1.303424
1.374109
1.374109
1.329565
1.329565
1.317742
1.317742
1.250048
1.250048
1.295276
1.295276
1.354517
1.354517
1.301228
1.301228
