1.360407
1.360407
1.370520
1.370520
1.173748
1.173748
1.092372
1.092372
1.316212
1.316212
1.392032
1.392032
1.362369
1.362369
1.338109
1.338109
1.322250
1.322250
1.242995
1.242995
1.276533
1.276533
1.337572
1.337572
1.332431
1.332431
1.269038
1.269038
1.183971
1.183971
1.258789
1.258789
1.219944
1.219944
1.178968
1.178968
1.279569
1.279569
1.388267
1.294291
1.294291
1.388267
1.380568
1.380568
1.310165
1.310165
1.077046
1.077046
1.290835
1.290835
1.248313
1.248313
1.397389
1.397389
1.284678
1.284678
1.381079
1.381079
1.365893
1.365893
1.294686
1.294686
1.373598
1.373598
1.249574
1.249574
1.140913
1.140913
1.390824
1.390824
1.366342
1.366342
1.397578
1.397578
1.381981
1.381981
1.219733
1.219733
1.327978
1.327978
1.182996
1.182996
1.183809
1.183809
1.342634
1.342634
1.171364
1.171364
1.394511
1.394511
1.211589
1.211589
1.363909
1.363909
1.348357
1.348357
1.372283
1.372283
1.190278
1.190278
1.370832
1.370832
1.228922
1.228922
1.333868
1.333868
1.240227
1.240227
1.391507
1.391507
1.236892
1.236892
1.086470
1.086470
1.189779
1.189779
1.262364
1.262364
1.374975
1.374975
1.296083
1.296083
1.395815
1.343199
1.395815
1.343199
1.337121
1.337121
1.370283
1.370283
1.370863
1.370863
1.201389
1.201389
1.376118
1.376118
1.323005
1.323005
1.094225
1.094225
1.365998
1.365998
1.373813
1.373813
1.309759
1.309759
1.220748
1.220748
1.356343
1.356343
1.271092
1.271092
1.366357
1.366357
1.157302
1.157302
1.286666
1.286666
1.389674
1.389674
1.322698
1.322698
1.274842
1.274842
1.089490
1.089490
1.329519
1.329519
1.308006
1.308006
1.255459
1.255459
1.081254
1.081254
1.040371
1.040371
1.166276
1.166276
1.152841
1.152841
1.291558
1.291558
1.198468
1.198468
1.378976
1.378976
1.292540
1.292540
1.222548
1.222548
1.358612
1.358612
1.286431
1.286431
1.344751
1.344751
1.197421
1.197421
1.379645
1.379645
1.380761
1.380761
1.398005
1.398005
1.310515
1.310515
1.230937
1.230937
1.384921
1.384921
1.320788
1.320788
1.374387
1.374387
1.353250
1.353250
1.399953
1.399953
1.132794
1.132794
1.337865
1.337865
1.223528
1.223528
1.193068
1.193068
1.037842
1.037842
1.327023
1.327023
1.313442
1.313442
1.240766
1.240766
1.299976
1.299976
1.312448
1.312448
1.297655
1.297655
1.140731
1.140731
1.271640
1.271640
1.319499
1.319499
1.351616
1.351616
1.269703
1.269703
1.331212
1.331212
1.146514
1.146514
1.393614
1.393614
1.029854
1.029854
1.372550
1.372550
1.370870
1.370870
1.312829
1.312829
1.357626
1.357626
