1.324773
1.324773
1.269626
1.269626
1.086778
1.086778
1.300591
1.300591
1.275142
1.275142
1.353521
1.353521
1.269008
1.269008
1.111493
1.111493
1.272413
1.272413
1.368175
1.368175
1.131257
1.131257
1.386770
1.386770
1.268595
1.268595
1.158993
1.158993
1.394379
1.394379
1.328710
1.328710
1.260474
1.260474
1.398947
1.398947
1.177977
1.177977
1.389198
1.389198
1.391833
1.391833
1.395086
1.321230
1.321230
1.395086
1.272375
1.272375
1.151757
1.151757
1.310078
1.310078
1.303692
1.303692
1.307744
1.307744
1.131433
1.131433
1.206938
1.206938
1.140567
1.140567
1.253100
1.253100
1.113342
1.113342
1.304635
1.304635
1.323777
1.323777
1.131002
1.131002
1.367888
1.367888
1.307970
1.307970
1.309765
1.309765
1.323132
1.323132
1.355011
1.355011
1.389188
1.389188
1.343775
1.343775
1.146244
1.146244
1.287293
1.287293
1.165220
1.165220
1.178898
1.178898
1.180527
1.180527
1.220629
1.220629
1.313719
1.313719
1.360513
1.360513
1.358940
1.358940
1.253306
1.253306
1.296897
1.296897
1.264557
1.264557
1.292114
1.292114
1.362971
1.362971
1.358590
1.358590
1.311709
1.311709
1.023127
1.023127
1.380564
1.325961
1.380564
1.325961
1.383050
1.383050
1.336426
1.336426
1.298135
1.298135
1.304539
1.304539
1.235438
1.344290
1.344290
1.235438
1.232651
1.232651
1.292267
1.292267
1.055588
1.055588
1.209779
1.209779
1.207385
1.207385
1.289970
1.289970
1.385181
1.385181
1.239021
1.239021
1.327363
1.327363
1.255805
1.255805
1.232862
1.232862
1.299058
1.299058
1.352928
1.352928
1.345454
1.345454
1.380856
1.380856
1.341902
1.341902
1.371073
1.371073
1.163336
1.163336
1.196235
1.196235
1.297201
1.297201
1.226759
1.226759
1.363905
1.363905
1.348086
1.348086
1.238332
1.238332
1.323094
1.323094
1.372687
1.372687
1.362540
1.362540
1.218193
1.218193
1.372193
1.372193
1.302828
1.302828
1.056560
1.155381
1.155381
1.056560
1.255133
1.255133
1.379289
1.379289
1.296926
1.296926
1.115132
1.115132
1.347453
1.347453
1.278315
1.278315
1.307079
1.307079
1.236168
1.236168
1.388014
1.388014
1.385572
1.385572
1.361709
1.361709
1.282282
1.282282
1.331399
1.331399
1.247602
1.247602
1.273238
1.273238
1.367805
1.367805
1.388150
1.388150
1.251403
1.251403
1.244851
1.244851
1.119050
1.119050
1.338532
1.338532
1.090805
1.090805
1.339959
1.339959
1.333575
1.333575
1.391825
1.391825
1.388227
1.388227
1.396608
1.396608
1.308658
1.308658
1.337017
1.337017
1.222586
1.222586
1.161241
1.161241
1.147046
1.147046
1.390098
1.390098
1.270497
1.270497
1.313724
1.313724
1.222720
1.222720
1.382608
1.382608
1.141709
1.141709
1.280010
1.280010
1.305894
1.305894
1.354232
1.354232
1.082125
1.082125
1.240799
1.240799
1.264201
1.264201
1.154832
1.154832
1.258772
1.258772
1.282978
1.282978
1.385106
1.385106
1.149168
1.149168
1.107644
1.107644
1.227649
1.227649
1.229255
1.229255
1.323265
1.323265
1.329958
1.329958
