1.089783
1.228784
1.089783
1.228784
1.299343
1.299343
1.377514
1.377514
1.046204
1.046204
1.399722
1.399722
1.372653
1.372653
1.304311
1.304311
1.303193
1.303193
1.313247
1.313247
1.387087
1.387087
1.247331
1.247331
1.212694
1.212694
1.376103
1.376103
1.288141
1.288141
1.350978
1.350978
1.389605
1.389605
1.174964
1.174964
1.152062
1.152062
1.379168
1.379168
1.179892
1.253580
1.253580
1.179892
1.350048
1.350048
1.376035
1.376035
1.199799
1.199799
1.296350
1.296350
1.348885
1.348885
1.201604
1.201604
1.362138
1.362138
1.358891
1.358891
1.397215
1.397215
1.385479
1.385479
1.343519
1.343519
1.343136
1.343136
1.245218
1.245218
1.259397
1.259397
1.290112
1.290112
1.248610
1.248610
1.233458
1.233458
1.348308
1.348308
1.337893
1.337893
1.288688
1.288688
1.302638
1.302638
1.123893
1.123893
1.179404
1.179404
1.220507
1.220507
1.329766
1.329766
1.392305
1.392305
1.190229
1.190229
1.377463
1.377463
1.367401
1.367401
1.330311
1.330311
1.244010
1.244010
1.387104
1.387104
1.383148
1.383148
1.302715
1.302715
1.384483
1.384483
1.255344
1.255344
1.179206
1.179206
1.384585
1.384585
1.331543
1.331543
1.225036
1.225036
1.357732
1.357732
1.288272
1.288272
1.225416
1.225416
1.376918
1.376918
1.282966
1.282966
1.390359
1.390359
1.272695
1.272695
1.385074
1.385074
1.331971
1.331971
1.208039
1.208039
1.382482
1.382482
1.204937
1.204937
1.105269
1.105269
1.343380
1.343380
1.104973
1.104973
1.366079
1.366079
1.274131
1.274131
1.250537
1.250537
1.326063
1.326063
1.387585
1.387585
1.377684
1.377684
1.388894
1.388894
1.179701
1.179701
1.364114
1.364114
1.290804
1.290804
1.102065
1.102065
1.237786
1.237786
1.299445
1.299445
1.273911
1.273911
1.308285
1.308285
1.174284
1.174284
1.355180
1.355180
1.235507
1.235507
1.392470
1.392470
1.387623
1.387623
1.136883
1.136883
1.398124
1.398124
1.308765
1.308765
1.139966
1.139966
1.362541
1.362541
1.378388
1.378388
1.397420
1.397420
1.253410
1.253410
1.203780
1.203780
1.351692
1.351692
1.065001
1.065001
1.348857
1.348857
1.280630
1.280630
1.095315
1.095315
1.344356
1.344356
1.380037
1.380037
1.384667
1.384667
1.195611
1.195611
1.346516
1.346516
1.157549
1.157549
1.282320
1.282320
1.232204
1.232204
1.360818
1.360818
1.396624
1.396624
1.343582
1.343582
1.295798
1.295798
1.252535
1.252535
1.142883
1.142883
1.132408
1.132408
1.386858
1.386858
1.118169
1.118169
1.053075
1.053075
1.362865
1.362865
1.274951
1.274951
1.360297
1.360297
1.132423
1.132423
1.312950
1.312950
1.343431
1.343431
1.302657
1.302657
1.278382
1.278382
1.387469
1.387469
1.344113
1.331095
1.331095
1.344113
1.362665
1.362665
1.340742
1.340742
1.210644
1.210644
1.202697
1.202697
1.276780
1.276780
1.306443
1.306443
1.383586
1.383586
1.324910
1.324910
1.310836
1.310836
1.066199
1.066199
1.282061
1.282061
1.300786
1.300786
1.344696
1.344696
1.212569
1.212569
1.364840
1.364840
1.384801
1.384801
1.345051
1.345051
1.327228
1.327228
