1.325265
1.325265
1.399963
1.399963
1.382588
1.382588
1.370371
1.370371
1.383073
1.383073
1.305808
1.305808
1.281783
1.281783
1.299079
1.299079
1.176978
1.352205
1.176978
1.352205
1.260558
1.260558
1.119432
1.119432
1.148666
1.148666
1.386366
1.386366
1.283107
1.283107
1.396603
1.396603
1.336265
1.336265
1.191400
1.191400
1.036684
1.036684
1.399792
1.399792
1.220467
1.220467
1.383335
1.383335
1.326452
1.326452
1.236290
1.236290
1.301899
1.301899
1.188684
1.188684
1.359770
1.359770
1.225583
1.225583
1.102874
1.102874
1.352241
1.352241
1.071985
1.071985
1.245805
1.245805
1.180376
1.180376
1.092677
1.092677
1.058873
1.058873
1.301378
1.301378
1.068187
1.370884
1.068187
1.370884
1.363516
1.375056
1.363516
1.375056
1.393461
1.393461
1.273858
1.273858
1.210374
1.210374
1.332789
1.332789
1.397366
1.397366
1.382365
1.382365
1.130517
1.130517
1.285882
1.285882
1.381430
1.381430
1.045215
1.045215
1.296117
1.296117
1.340735
1.340735
1.389206
1.389206
1.363920
1.363920
1.389903
1.389903
1.210248
1.210248
1.133193
1.133193
1.098139
1.098139
1.336864
1.336864
1.182639
1.182639
1.080716
1.080716
1.397258
1.397258
1.164144
1.164144
1.339411
1.339411
1.250573
1.250573
1.211490
1.211490
1.111968
1.111968
1.319042
1.319042
1.129784
1.129784
1.271359
1.271359
1.112038
1.112038
1.378908
1.378908
1.351776
1.351776
1.353781
1.353781
1.326669
1.326669
1.339816
1.339816
1.220530
1.220530
1.196966
1.196966
1.308009
1.308009
1.176991
1.176991
1.171289
1.171289
1.293394
1.293394
1.379462
1.379462
1.393094
1.393094
1.393003
1.393003
1.250321
1.250321
1.312687
1.312687
1.329255
1.329255
1.399184
1.399184
1.373908
1.373908
1.145964
1.145964
1.238833
1.238833
1.314895
1.314895
1.365211
1.365211
1.221492
1.221492
1.268067
1.268067
1.152119
1.152119
1.357198
1.357198
1.274544
1.274544
1.362879
1.362879
1.249832
1.249832
1.232248
1.232248
1.316921
1.316921
1.355701
1.355701
1.377675
1.377675
1.362245
1.362245
1.181450
1.181450
1.358727
1.358727
1.315313
1.315313
1.061850
1.061850
1.195670
1.195670
1.268084
1.268084
1.164911
1.164911
1.213869
1.213869
1.347329
1.347329
1.385014
1.385014
1.125885
1.125885
1.170596
1.170596
1.280160
1.280160
1.317073
1.317073
1.340557
1.340557
1.383974
1.383974
1.398310
1.398310
1.359495
1.359495
1.383470
1.383470
1.394434
1.394434
1.313869
1.313869
1.289260
1.289260
1.295676
1.295676
1.317689
1.317689
1.334198
1.334198
1.394258
1.394258
1.340872
1.340872
1.125383
1.125383
1.160484
1.160484
1.374889
1.374889
1.201260
1.201260
1.390953
1.390953
1.348623
1.348623
1.195574
1.195574
1.267948
1.267948
1.240395
1.240395
1.084324
1.084324
1.312610
1.312610
1.157561
1.157561
1.138065
1.138065
1.274263
1.274263
1.103187
1.103187
1.391289
1.391289
1.294340
1.294340
1.128584
1.128584
1.359634
1.359634
1.280170
1.280170
1.244371
1.244371
1.313751
1.313751
1.249624
1.249624
1.192560
1.192560
1.123759
1.123759
1.291979
1.291979
1.357471
1.357471
1.099848
1.099848
1.168669
1.168669
1.313988
1.313988
1.395409
1.395409
1.351451
1.351451
1.340367
1.340367
1.303017
1.303017
1.259582
1.259582
1.389489
1.389489
1.218610
1.218610
1.236608
1.236608
1.255093
1.255093
1.333193
1.333193
1.215033
1.215033
1.196637
1.196637
1.203629
1.203629
1.331948
1.331948
1.344960
1.344960
1.270233
1.270233
1.391623
1.391623
1.222402
1.222402
1.248548
1.248548
1.351083
1.351083
1.125702
1.125702
1.276207
1.276207
1.368869
1.368869
1.291335
1.291335
1.198579
1.198579
1.279363
1.279363
1.376834
1.376834
1.273651
1.273651
1.155670
1.155670
1.337355
1.337355
1.385167
1.385167
1.209936
1.209936
1.387638
1.387638
