1.292853
1.292853
1.216422
1.216422
1.299002
1.299002
1.348975
1.348975
1.337453
1.337453
1.272166
1.272166
1.313707
1.313707
1.372809
1.372809
1.206387
1.206387
1.234313
1.234313
1.377083
1.377083
1.387270
1.387270
1.383407
1.383407
1.251086
1.251086
1.387474
1.387474
1.367609
1.367609
1.235254
1.235254
1.308564
1.308564
1.155465
1.155465
1.299020
1.299020
1.375220
1.375220
1.331465
1.331465
1.259487
1.259487
1.360977
1.360977
1.362969
1.362969
1.389884
1.389884
1.341729
1.341729
1.375699
1.375699
1.358557
1.358557
1.216914
1.216914
1.078910
1.078910
1.284655
1.284655
1.280365
1.280365
1.373727
1.373727
1.364895
1.364895
1.043558
1.043558
1.285551
1.285551
1.294761
1.294761
1.049236
1.049236
1.396131
1.396131
1.382989
1.382989
1.221088
1.221088
1.356857
1.356857
1.126987
1.126987
1.399259
1.399259
1.379961
1.379961
1.227661
1.227661
1.382447
1.382447
1.327211
1.327211
1.340848
1.340848
1.187791
1.187791
1.274245
1.274245
1.219354
1.219354
1.152914
1.152914
1.350787
1.350787
1.311649
1.311649
1.184345
1.184345
1.096390
1.096390
1.304503
1.304503
1.333443
1.333443
1.383529
1.383529
1.304273
1.304273
1.327269
1.327269
1.192363
1.192363
1.348751
1.348751
1.301416
1.301416
1.380865
1.380865
1.359299
1.359299
1.230689
1.230689
1.230689
1.230689
1.213254
1.213254
1.371233
1.371233
1.265767
1.265767
1.134100
1.134100
1.329656
1.329656
1.129901
1.129901
1.372546
1.372546
1.223276
1.223276
1.150151
1.150151
1.285357
1.285357
1.347142
1.347142
1.358003
1.358003
1.332041
1.332041
1.197020
1.197020
1.340926
1.340926
1.160420
1.160420
1.197747
1.197747
1.341982
1.341982
1.223157
1.223157
1.371359
1.371359
1.315281
1.315281
1.384004
1.384004
1.378215
1.378215
1.392942
1.392942
1.399843
1.399843
1.355605
1.355605
1.287001
1.287001
1.372579
1.372579
1.330496
1.330496
1.235066
1.235066
1.378333
1.378333
1.197878
1.197878
1.383958
1.383958
1.278861
1.278861
1.311849
1.311849
1.373520
1.373520
1.327169
1.327169
1.368377
1.368377
1.264556
1.264556
1.338593
1.338593
1.351829
1.351829
1.194186
1.194186
1.235409
1.235409
1.392797
1.392797
1.168765
1.168765
1.094266
1.094266
1.128251
1.128251
1.286095
1.286095
1.380297
1.380297
1.278831
1.278831
1.173610
1.173610
1.356664
1.356664
1.384034
1.384034
1.358534
1.358534
1.355870
1.355870
1.264916
1.264916
1.390877
1.390877
1.162903
1.162903
1.362017
1.362017
1.393143
1.393143
1.367177
1.367177
1.393009
1.393009
1.395264
1.395264
1.270251
1.270251
1.136965
1.136965
1.191265
1.191265
1.387671
1.387671
1.296609
1.296609
1.324417
1.324417
1.323510
1.323510
1.258552
1.258552
1.220426
1.220426
1.326913
1.326913
1.354467
1.354467
1.361418
1.361418
1.376633
1.376633
1.386896
1.386896
1.343533
1.343533
