1.093655
1.093655
1.243207
1.243207
1.315614
1.315614
1.369166
1.369166
1.370403
1.370403
1.254033
1.254033
1.370924
1.370924
1.360524
1.360524
1.235831
1.235831
1.269776
1.325104
1.269776
1.325104
1.231842
1.164594
1.231842
1.164594
1.173099
1.173099
1.283154
1.283154
1.306413
1.306413
1.346296
1.346296
1.235959
1.235959
1.381173
1.381173
1.203520
1.203520
1.112584
1.112584
1.316983
1.316983
1.214986
1.214986
1.204347
1.204347
1.223885
1.223885
1.202288
1.202288
1.365077
1.294541
1.294541
1.365077
1.364984
1.364984
1.373003
1.373003
1.246435
1.246435
1.347598
1.347598
1.369828
1.369828
1.378508
1.378508
1.228973
1.297715
1.228973
1.297715
1.349138
1.349138
1.311753
1.311753
1.241637
1.394738
1.241637
1.394738
1.262734
1.262734
1.135921
1.135921
1.362222
1.362222
1.241262
1.395004
1.241262
1.395004
1.387332
1.349672
1.349672
1.387332
1.110622
1.110622
1.364435
1.364435
1.392692
1.395539
1.395539
1.392692
1.359236
1.359236
1.247677
1.247677
1.241106
1.241106
1.228464
1.228464
1.285826
1.285826
1.274276
1.274276
1.367478
1.367478
1.198676
1.198676
1.261020
1.261020
1.303219
1.303219
1.358284
1.358284
1.162717
1.162717
1.250025
1.250025
1.222811
1.222811
1.394882
1.394882
1.337416
1.337416
1.309980
1.309980
1.375545
1.375545
1.209446
1.209446
1.077173
1.077173
1.381319
1.381319
1.350446
1.350446
1.275052
1.275052
1.391711
1.391711
1.363695
1.363695
1.250122
1.250122
1.200755
1.200755
1.385966
1.385966
1.394558
1.394558
1.090935
1.090935
1.268430
1.268430
1.088377
1.088377
1.070620
1.070620
1.213031
1.213031
1.237737
1.237737
1.052280
1.052280
1.290619
1.290619
1.387264
1.387264
1.249977
1.249977
1.320408
1.320408
1.135945
1.292380
1.341391
1.135945
1.292380
1.341391
1.367348
1.367348
1.324803
1.324803
1.222500
1.222500
1.264428
1.264428
1.395294
1.395294
1.289102
1.289102
1.379060
1.379060
1.358014
1.358014
1.277138
1.277138
1.192757
1.192757
1.360822
1.360822
1.246513
1.246513
1.386679
1.386679
1.191731
1.191731
1.246720
1.246720
1.339394
1.339394
1.375280
1.375280
1.146036
1.146036
1.379834
1.379834
1.141825
1.141825
1.346886
1.346886
1.372011
1.372011
1.384020
1.384020
1.145571
1.145571
1.359992
1.359992
1.299462
1.299462
1.313342
1.313342
1.235214
1.235214
1.264745
1.264745
1.328187
1.328187
1.118243
1.118243
1.272111
1.272111
1.240327
1.240327
1.309251
1.309251
1.087745
1.087745
1.370001
1.370001
1.261471
1.261471
1.298744
1.298744
1.086348
1.086348
1.336207
1.336207
1.275905
1.275905
1.248281
1.248281
1.149095
1.149095
1.142931
1.142931
1.216700
1.216700
1.368984
1.368984
1.149050
1.149050
1.222565
1.222565
1.295404
1.295404
1.195241
1.195241
1.377340
1.377340
1.133961
1.133961
1.292674
1.292674
1.382543
1.382543
1.191774
1.191774
1.370071
1.370071
1.247366
1.247366
1.318869
1.318869
1.397790
1.397790
1.267150
1.267150
1.362232
1.362232
1.307866
1.307866
1.382941
1.382941
1.344410
1.344410
1.119237
1.119237
1.379394
1.379394
1.279991
1.279991
1.125067
1.125067
1.260129
1.260129
1.277689
1.277689
1.350035
1.350035
1.318871
1.318871
1.394977
1.394977
1.356097
1.356097
1.262282
1.262282
1.393197
1.393197
1.388833
1.388833
1.162965
1.162965
1.139602
1.139602
1.335911
1.335911
1.344587
1.344587
1.376036
1.376036
1.344757
1.344757
1.363682
1.363682
1.258299
1.258299
1.382740
1.382740
1.239992
1.239992
1.292591
1.292591
1.386446
1.386446
1.370509
1.370509
1.348191
1.348191
1.353611
1.353611
1.188561
1.188561
1.398863
1.398863
1.215177
1.215177
1.354632
1.354632
1.273783
1.273783
1.273281
1.273281
1.379499
1.379499
1.348029
1.348029
1.341518
1.341518
1.266804
1.266804
1.299868
1.299868
1.283747
1.283747
1.295564
1.295564
1.222733
1.222733
1.265304
1.265304
1.389966
1.389966
1.256449
1.256449
1.351890
1.351890
1.160336
1.160336
1.259436
1.259436
1.039455
1.039455
1.157684
1.157684
1.239908
1.239908
1.342053
1.342053
1.366290
1.366290
1.254874
1.254874
1.255495
1.255495
1.262755
1.378060
1.262755
1.378060
1.368121
1.368121
1.297032
1.297032
1.313654
1.313654
1.394756
1.394756
1.369753
1.369753
1.311721
1.311721
1.387254
1.387254
1.351495
1.351495
1.377343
1.377343
1.368461
1.368461
1.297448
1.297448
1.340764
1.340764
1.129357
1.129357
1.200770
1.200770
1.387641
1.387641
1.178458
1.178458
1.175366
1.175366
1.359595
1.359595
1.353715
1.353715
1.319757
1.319757
1.390181
1.390181
1.321268
1.321268
1.170428
1.170428
1.357789
1.357789
1.208588
1.208588
1.339954
1.339954
1.371828
1.371828
1.287725
1.287725
1.272549
1.272549
1.279851
1.279851
1.309695
1.309695
1.333997
1.333997
1.383970
1.383970
1.315491
1.315491
1.351767
1.351767
1.344103
1.344103
1.298599
1.298599
1.157039
1.157039
1.128353
1.128353
1.215875
1.215875
1.295572
1.295572
1.324254
1.324254
1.208714
1.208714
1.307413
1.307413
1.285568
1.285568
1.344704
1.344704
1.365229
1.365229
1.372420
1.372420
1.265702
1.265702
1.206655
1.206655
1.011255
1.011255
1.310768
1.310768
1.231205
1.231205
1.088880
1.088880
1.359061
1.359061
1.357558
1.357558
1.210615
1.210615
1.209803
1.209803
1.366442
1.366442
1.178033
1.178033
1.098012
1.098012
1.276332
1.276332
1.160401
1.160401
1.337133
1.337133
1.113007
1.113007
1.326409
1.326409
1.326865
1.326865
1.264553
1.264553
1.033105
1.033105
1.388088
1.388088
1.195286
1.195286
1.272545
1.272545
1.229180
1.229180
1.321782
1.321782
1.316129
1.319737
1.319737
1.316129
1.298199
1.298199
1.264548
1.264548
1.222992
1.222992
1.350377
1.350377
1.390768
1.390768
1.366103
1.366103
1.154804
1.154804
1.284233
1.284233
1.304814
1.304814
1.330863
1.330863
1.302486
1.302486
1.385134
1.385134
1.312748
1.312748
1.333339
1.333339
1.283133
1.283133
1.301787
1.301787
1.211422
1.211422
1.216994
1.216994
1.070702
1.070702
1.379960
1.379960
1.249611
1.249611
1.347844
1.347844
1.183569
1.183569
1.331164
1.331164
1.245883
1.245883
1.354026
1.354026
1.383181
1.383181
1.221219
1.221219
1.390954
1.390954
1.376415
1.376415
1.379120
1.379120
1.166938
1.166938
1.311708
1.311708
1.341757
1.341757
1.112901
1.112901
1.355545
1.355545
1.228706
1.228706
1.384006
1.384006
1.186628
1.186628
1.392781
1.392781
1.229032
1.229032
1.307740
1.307740
1.285685
1.285685
1.237758
1.237758
1.133937
1.133937
1.263312
1.263312
1.374887
1.374887
1.256386
1.256386
1.176374
1.176374
1.313757
1.313757
1.388891
1.388891
1.394550
1.394550
1.232468
1.232468
1.398229
1.398229
1.398216
1.398216
1.124589
1.124589
1.364412
1.364412
1.338078
1.338078
1.249651
1.249651
1.255943
1.255943
1.123617
1.123617
1.319792
1.319792
1.356705
1.239132
1.239132
1.356705
1.046386
1.046386
1.283564
1.283564
1.354866
1.354866
1.277804
1.277804
1.215365
1.215365
1.157174
1.157174
1.291114
1.291114
1.291737
1.317440
1.317440
1.291737
1.198222
1.198222
1.243364
1.243364
1.348486
1.348486
1.240825
1.242234
1.240825
1.242234
1.359289
1.359289
1.306066
1.306066
1.325938
1.325938
1.292177
1.292177
1.299027
1.299027
1.166703
1.166703
1.260375
1.260375
1.193916
1.193916
