1.208094
1.208094
1.147939
1.147939
1.262868
1.205026
1.205026
1.262868
1.137146
1.137146
1.294914
1.294914
1.315231
1.315231
1.329934
1.329934
1.316786
1.316786
1.359273
1.359273
1.223760
1.223760
1.360242
1.360242
1.350236
1.304531
1.304531
1.350236
1.314014
1.314014
1.391238
1.391238
1.215442
1.215442
1.098929
1.098929
1.318547
1.318547
1.243690
1.243690
1.327335
1.327335
1.114732
1.114732
1.390295
1.390295
1.298337
1.298337
1.267499
1.267499
1.177929
1.177929
1.337548
1.337548
1.307169
1.307169
1.356041
1.356041
1.224466
1.224466
1.299952
1.299952
1.093280
1.093280
1.199828
1.199828
1.369078
1.369078
1.268550
1.268550
1.374813
1.374813
1.058959
1.058959
1.333436
1.333436
1.394852
1.394852
1.388854
1.388854
1.339231
1.339231
1.205931
1.205931
1.378690
1.378690
1.372656
1.372656
1.105917
1.105917
1.104412
1.104412
1.245689
1.245689
1.240178
1.240178
1.347706
1.347706
1.195040
1.195040
1.293681
1.293681
1.220288
1.220288
1.311495
1.311495
1.177366
1.177366
1.155556
1.155556
1.163663
1.163663
1.397458
1.397458
1.379404
1.379404
1.391310
1.391310
1.104809
1.104809
1.200144
1.200144
1.104988
1.104988
1.319813
1.319813
1.341130
1.341130
1.050896
1.050896
1.344089
1.344089
1.253137
1.034847
1.253137
1.034847
1.344601
1.344601
1.285599
1.285599
1.217695
1.217695
1.014676
1.162008
1.162008
1.014676
1.158308
1.158308
1.278200
1.278200
1.396254
1.201529
1.396254
1.201529
1.136940
1.338962
1.338962
1.136940
1.359649
1.359649
1.342081
1.309822
1.309822
1.251320
1.251320
1.342081
1.379793
1.379793
1.374627
1.374627
1.308352
1.308352
1.266207
1.266207
1.370973
1.370973
1.326985
1.326985
1.368496
1.368496
1.085336
1.085336
1.046365
1.046365
1.300591
1.300591
1.274073
1.274073
1.307836
1.358313
1.307836
1.358313
1.304604
1.304604
1.183361
1.183361
1.274476
1.274476
1.390460
1.390460
1.371526
1.371526
1.217361
1.217361
1.275550
1.275550
1.367957
1.367957
1.203215
1.203215
1.030976
1.030976
1.044862
1.044862
1.178604
1.178604
1.371766
1.371766
1.320108
1.320108
1.117910
1.117910
1.116322
1.116322
1.301347
1.301347
1.292108
1.292108
1.396105
1.396105
1.274233
1.274233
1.282400
1.263694
1.282400
1.263694
1.374017
1.374017
1.302892
1.302892
1.044896
1.044896
1.356959
1.356959
1.264047
1.264047
1.254483
1.254483
1.327206
1.327206
1.364590
1.364590
1.362349
1.362349
1.377783
1.377783
1.399882
1.399882
1.334980
1.334980
1.323897
1.323897
1.300479
1.300479
1.282487
1.282487
1.198684
1.198684
1.283036
1.283036
1.306106
1.306106
1.266863
1.266863
1.256530
1.256530
1.287678
1.287678
1.345814
1.345814
1.244081
1.244081
1.331702
1.331702
1.329962
1.329962
1.299307
1.299307
1.263083
1.263083
1.219538
1.219538
1.374902
1.374902
1.393849
1.393849
1.368267
1.368267
1.267089
1.267089
1.168102
1.168102
1.316743
1.316743
1.371009
1.371009
1.320914
1.320914
1.394004
1.394004
1.308358
1.308358
1.314305
1.314305
1.312185
1.312185
1.343186
1.343186
1.328511
1.328511
1.391346
1.391346
1.322246
1.322246
1.166759
1.166759
1.063637
1.301290
1.063637
1.301290
1.366731
1.366731
1.298821
1.298821
1.100916
1.100916
1.356753
1.356753
1.047445
1.047445
1.343820
1.343820
1.314489
1.314489
1.376538
1.376538
1.227097
1.227097
1.324406
1.324406
1.362425
1.362425
1.364603
1.364603
1.355202
1.275097
1.092801
1.355202
1.275097
1.092801
1.388042
1.388042
1.239154
1.239154
1.310593
1.310593
1.323617
1.323617
1.325880
1.325880
1.208748
1.208748
1.285419
1.285419
1.372493
1.372493
1.266462
1.266462
1.268976
1.268976
1.396204
1.396204
1.228706
1.228706
1.385485
1.385485
1.380093
1.380093
1.396981
1.396981
1.314193
1.314193
1.290401
1.290401
1.087528
1.087528
1.150481
1.150481
1.329922
1.329922
1.338384
1.338384
1.355646
1.355646
1.263069
1.263069
1.075931
1.075931
1.269089
1.259017
1.269089
1.259017
1.285158
1.285158
1.361532
1.361532
1.289301
1.289301
1.254802
1.254802
1.391344
1.391344
1.321624
1.321624
1.364634
1.364634
1.395958
1.395958
1.362877
1.362877
1.141212
1.141212
1.345732
1.345732
1.298849
1.298849
1.199677
1.199677
1.377063
1.377063
1.288481
1.288481
1.137003
1.137003
1.204071
1.204071
1.323435
1.323435
1.178363
1.178363
1.149662
1.291887
1.291887
1.149662
1.157304
1.157304
1.156001
1.156001
1.154972
1.154972
1.357558
1.357558
1.239139
1.239139
1.110768
1.110768
1.245679
1.245679
1.369049
1.369049
1.255937
1.255937
1.252058
1.252058
1.323654
1.323654
1.269629
1.269629
1.144404
1.144404
1.377612
1.377612
1.338223
1.338223
1.348507
1.348507
1.382863
1.382863
1.337229
1.337229
1.105047
1.105047
1.034701
1.034701
1.253647
1.253647
1.362631
1.362631
1.335210
1.335210
1.295217
1.295217
1.304734
1.304734
1.382593
1.382593
1.354491
1.354491
1.220200
1.220200
1.297569
1.297569
1.324001
1.324001
1.268711
1.268711
1.356191
1.356191
1.362761
1.362761
1.299797
1.299797
1.303305
1.303305
1.369151
1.369151
1.330694
1.330694
1.197710
1.197710
1.201457
1.201457
1.358644
1.358644
1.295230
1.295230
1.333929
1.333929
1.313720
1.313720
1.390720
1.390720
1.135747
1.135747
1.352436
1.352436
1.334939
1.334939
1.337737
1.337737
1.275338
1.275338
1.263580
1.263580
1.141207
1.141207
1.166518
1.166518
1.260779
1.260779
1.380486
1.380486
1.363323
1.363323
1.342383
1.342383
1.397189
1.397189
1.220665
1.220665
1.329530
1.329530
1.337140
1.337140
1.384874
1.384874
1.099551
1.099551
1.135788
1.135788
1.311191
1.311191
1.399844
1.399844
1.338764
1.338764
1.300827
1.300827
1.353560
1.353560
1.389087
1.389087
1.384720
1.384720
1.095560
1.095560
1.376135
1.376135
1.314150
1.314150
1.128654
1.128654
1.353949
1.353949
1.237165
1.237165
1.342532
1.342532
1.291195
1.291195
1.324888
1.324888
1.383489
1.383489
1.360513
1.360513
1.101988
1.101988
1.047332
1.047332
1.385552
1.385552
1.341090
1.341090
1.277290
1.277290
1.379974
1.379974
1.174831
1.174831
1.177369
1.177369
1.352986
1.352986
1.148603
1.148603
1.374831
1.374831
1.185854
1.185854
1.326083
1.326083
1.328292
1.328292
1.224324
1.224324
1.116692
1.116692
1.195623
1.195623
1.341563
1.341563
1.158825
1.158825
1.271276
1.271276
1.375999
1.077678
1.077678
1.375999
1.379706
1.379706
1.233590
1.233590
1.284515
1.284515
1.250853
1.250853
1.333013
1.333013
1.259086
1.259086
1.323264
1.323264
1.328894
1.328894
1.326044
1.326044
1.371222
1.371222
1.302011
1.302011
1.353731
1.353731
1.277041
1.277041
1.373036
1.373036
1.139643
1.283751
1.139643
1.283751
1.216003
1.216003
1.374782
1.374782
1.372795
1.372795
1.360068
1.360068
1.089949
1.089949
1.164877
1.164877
1.301668
1.301668
1.314581
1.314581
1.209277
1.209277
1.237787
1.237787
1.361584
1.361584
1.278840
1.278840
1.237907
1.237907
1.389153
1.389153
1.178645
1.178645
1.251934
1.251934
1.219091
1.219091
1.365961
1.365961
1.298683
1.298683
1.277349
1.277349
1.382304
1.382304
1.187836
1.187836
1.297993
1.297993
1.094855
1.094855
1.382829
1.382829
1.341524
1.341524
1.378442
1.378442
1.111756
1.111756
1.024668
1.024668
1.095037
1.095037
1.292246
1.292246
1.380370
1.380370
1.256628
1.256628
1.384091
1.384091
1.187699
1.187699
1.268290
1.268290
1.321485
1.321485
1.161541
1.161541
1.363742
1.363742
1.280122
1.280122
1.322319
1.322319
1.381833
1.381833
1.229510
1.229510
1.235095
1.235095
1.342817
1.342817
1.192090
1.192090
1.394636
1.394636
1.323021
1.323021
1.379195
1.379195
1.297561
1.297561
1.168796
1.168796
1.340091
1.340091
1.186160
1.186160
1.374931
1.374931
1.258040
1.258040
1.196118
1.196118
1.369932
1.369932
1.286615
1.286615
