1.360559
1.360559
1.122073
1.122073
1.108207
1.108207
1.266247
1.266247
1.275274
1.275274
1.386353
1.386353
1.215667
1.320287
1.320287
1.215667
1.242408
1.242408
1.249716
1.249716
1.283280
1.283280
1.326939
1.326939
1.332322
1.332322
1.335078
1.335078
1.236453
1.236453
1.265001
1.265001
1.233485
1.233485
1.256977
1.256977
1.265295
1.265295
1.355103
1.355103
1.333997
1.333997
1.183207
1.183207
1.208540
1.332987
1.332987
1.208540
1.398179
1.398179
1.223368
1.223368
1.350450
1.350450
1.363538
1.363538
1.290906
1.290906
1.267552
1.267552
1.304742
1.304742
1.164115
1.164115
1.399987
1.399987
1.331524
1.261586
1.261586
1.331524
1.188770
1.188770
1.373885
1.373885
1.340078
1.340078
1.178550
1.178550
1.026204
1.026204
1.390309
1.345145
1.345145
1.390309
1.081511
1.081511
1.327553
1.327553
1.316548
1.316548
1.353358
1.353358
1.379269
1.379269
1.196814
1.196814
1.384128
1.273824
1.384128
1.273824
1.364429
1.364429
1.394344
1.394344
1.253277
1.253277
1.147077
1.147077
1.382394
1.382394
1.394169
1.394169
1.189070
1.189070
1.386607
1.386607
1.244047
1.244047
1.134920
1.134920
1.121899
1.121899
1.069934
1.069934
1.194273
1.194273
1.221158
1.221158
1.326489
1.326489
1.217185
1.217185
1.282889
1.282889
1.217804
1.390981
1.217804
1.390981
1.321451
1.321451
1.259523
1.259523
1.373417
1.373417
1.155728
1.155728
1.355438
1.355438
1.371655
1.371655
1.391287
1.187413
1.391287
1.187413
1.383482
1.383482
1.164645
1.164645
1.277300
1.277300
1.304187
1.304187
1.293039
1.293039
1.372297
1.269327
1.372297
1.269327
1.398125
1.398125
1.398894
1.398894
1.293767
1.293767
1.335805
1.335805
1.259245
1.259245
1.358998
1.358998
1.081102
1.081102
1.354327
1.354327
1.335061
1.335061
1.032712
1.032712
1.326077
1.326077
1.182419
1.182419
1.282968
1.282968
1.079698
1.079698
1.301781
1.301781
1.275303
1.275303
1.278066
1.278066
1.315717
1.315717
1.248128
1.248128
1.313101
1.313101
1.310077
1.310077
1.353956
1.353956
1.380838
1.380838
1.191438
1.191438
1.357977
1.357977
1.152983
1.152983
1.272168
1.272168
1.251082
1.251082
1.338918
1.338918
1.362572
1.362572
1.171054
1.171054
1.196791
1.196791
1.152610
1.152610
1.320842
1.320842
1.203878
1.203878
1.360536
1.360536
1.262928
1.262928
1.351459
1.351459
1.334585
1.334585
1.026458
1.026458
1.361430
1.361430
1.181391
1.181391
1.380274
1.380274
1.349327
1.349327
1.237186
1.237186
1.311764
1.311764
1.364116
1.364116
1.399356
1.399356
1.378051
1.378051
1.378425
1.378425
1.292219
1.292219
1.353758
1.353758
1.346295
1.346295
1.117084
1.117084
1.387326
1.387326
1.163587
1.163587
1.291179
1.291179
1.374323
1.374323
1.295204
1.295204
1.282544
1.282544
1.321508
1.321508
1.357878
1.357878
1.362259
1.362259
1.274836
1.274836
1.119064
1.119064
1.227785
1.227785
1.346482
1.346482
1.391128
1.391128
1.259405
1.259405
1.271829
1.271829
1.233868
1.233868
1.197169
1.197169
1.398320
1.398320
1.388517
1.388517
1.137412
1.137412
1.311441
1.311441
1.072611
1.072611
1.165135
1.165135
1.383307
1.383307
1.347595
1.347595
1.335042
1.335042
1.224702
1.224702
1.139083
1.139083
1.160459
1.160459
1.337309
1.337309
1.382547
1.382547
1.223561
1.223561
1.245112
1.245112
1.235829
1.235829
1.119589
1.119589
1.207562
1.207562
1.339275
1.339275
1.327764
1.327764
1.360558
1.360558
1.393860
1.393860
1.301303
1.301303
1.355479
1.355479
1.222144
1.222144
1.254059
1.254059
1.211853
1.211853
1.339637
1.339637
1.354789
1.354789
1.237895
1.237895
1.161606
1.161606
1.378413
1.378413
1.377168
1.377168
1.305530
1.305530
1.377815
1.377815
1.364261
1.218659
1.364261
1.218659
1.360885
1.360885
1.244795
1.244795
1.254806
1.254806
1.225147
1.225147
1.310135
1.310135
1.337780
1.337780
1.109854
1.109854
1.377298
1.377298
1.161387
1.161387
1.224395
1.224395
1.277038
1.277038
1.279607
1.279607
1.207243
1.207243
1.344640
1.344640
1.358369
1.358369
1.226513
1.226513
1.033657
1.033657
1.350824
1.350824
1.259284
1.259284
1.366100
1.366100
1.275526
1.275526
1.304402
1.304402
1.145258
1.145258
1.336446
1.336446
1.352970
1.352970
1.252490
1.252490
1.255904
1.255904
1.188978
1.188978
1.121464
1.121464
1.379478
1.379478
1.325761
1.325761
1.149972
1.149972
1.260655
1.260655
1.327738
1.327738
1.377361
1.377361
1.152589
1.152589
1.312057
1.312057
1.283041
1.283041
1.253114
1.253114
1.372165
1.372165
1.209380
1.209380
1.340626
1.340626
1.163385
1.163385
1.311063
1.311063
1.187988
1.187988
1.263283
1.263283
1.152837
1.152837
1.301551
1.301551
1.328113
1.328113
1.344280
1.344280
1.260361
1.260361
1.387793
1.387793
1.178842
1.178842
1.291268
1.291268
1.197854
1.197854
1.268739
1.268739
1.288812
1.288812
1.254264
1.254264
1.396567
1.396567
1.342108
1.342108
1.321425
1.321425
1.354682
1.354682
1.255379
1.255379
1.386519
1.386519
1.373236
1.373236
1.189181
1.189181
1.150034
1.150034
1.363543
1.395416
1.363543
1.395416
1.307114
1.307114
1.152817
1.152817
1.182765
1.182765
1.211928
1.211928
1.367063
1.367063
1.360620
1.360620
1.194255
1.194255
1.206320
1.206320
1.106454
1.106454
1.264076
1.264076
1.304145
1.304145
1.208538
1.208538
1.344473
1.344473
1.388522
1.388522
1.316478
1.316478
1.382307
1.382307
1.382499
1.382499
1.304068
1.304068
1.252945
1.252945
1.172424
1.172424
1.367886
1.367886
1.322988
1.322988
1.244936
1.244936
1.083916
1.310193
1.083916
1.310193
1.226897
1.226897
1.289946
1.289946
1.207188
1.207188
1.393058
1.393058
1.028574
1.028574
1.280713
1.280713
1.205387
1.205387
1.245869
1.245869
1.092294
1.092294
1.241153
1.241153
1.269525
1.269525
1.301121
1.301121
1.260771
1.260771
1.221227
1.221227
1.214170
1.214170
1.231015
1.231015
1.358300
1.358300
1.301239
1.301239
1.199463
1.199463
1.307749
1.307749
1.244156
1.244156
1.388272
1.388272
1.297335
1.297335
1.149350
1.149350
1.330927
1.330927
1.201482
1.201482
1.318665
1.318665
1.366205
1.366205
1.375066
1.375066
1.394435
1.394435
1.371123
1.371123
1.047280
1.047280
1.399001
1.399001
1.304601
1.304601
1.271434
1.271434
1.307347
1.307347
1.378415
1.378415
1.118449
1.118449
1.205593
1.205593
1.373882
1.373882
1.356826
1.356826
1.362195
1.362195
1.337961
1.337961
1.289558
1.289558
1.183992
1.183992
1.170546
1.170546
1.306304
1.306304
1.368758
1.368758
1.375850
1.375850
1.327886
1.327886
1.326446
1.326446
1.363737
1.363737
1.283735
1.283735
1.345654
1.345654
1.383859
1.383859
1.297242
1.297242
1.378916
1.378916
1.247967
1.247967
1.349545
1.349545
1.371544
1.371544
1.311603
1.311603
1.123940
1.123940
1.347234
1.347234
1.126768
1.126768
1.355430
1.355430
1.111647
1.111647
