1.177095
1.177095
1.137447
1.137447
1.108376
1.108376
1.227238
1.227238
1.380073
1.101830
1.380073
1.101830
1.328418
1.328418
1.351427
1.351427
1.381805
1.381805
1.356674
1.356674
1.287812
1.287812
1.376912
1.113922
1.376912
1.113922
1.398980
1.254803
1.398980
1.353676
1.254803
1.353676
1.243315
1.243315
1.360289
1.360289
1.271530
1.271530
1.025199
1.025199
1.331974
1.331974
1.162148
1.162148
1.170503
1.170503
1.144226
1.144226
1.280331
1.280331
1.223427
1.223427
1.357501
1.357501
1.295051
1.295051
1.274091
1.274091
1.378775
1.378775
1.194672
1.194672
1.203391
1.203391
1.286580
1.286580
1.388646
1.388646
1.321471
1.321471
1.361363
1.361363
1.171018
1.171018
1.173429
1.173429
1.182210
1.182210
1.299485
1.211447
1.299485
1.211447
1.352579
1.209745
1.209745
1.352579
1.109354
1.109354
1.341267
1.341267
1.158449
1.158449
1.240427
1.240427
1.180777
1.245698
1.180777
1.245698
1.278329
1.278329
1.357236
1.357236
1.331540
1.331540
1.381622
1.381622
1.397575
1.397575
1.302746
1.302746
1.358422
1.331874
1.397554
1.358422
1.331874
1.397554
1.250627
1.250627
1.345588
1.345588
1.172999
1.172999
1.335104
1.335104
1.317819
1.317819
1.156753
1.156753
1.059912
1.059912
1.244241
1.244241
1.332814
1.332814
1.199037
1.199037
1.339661
1.339661
1.338069
1.338069
1.316321
1.316321
1.312931
1.312931
1.357885
1.357885
1.257486
1.257486
1.354518
1.354518
1.385678
1.385678
1.300851
1.300851
1.397322
1.397322
1.368541
1.368541
1.197690
1.197690
1.146565
1.146565
1.352965
1.352965
1.355415
1.355415
1.333463
1.333463
1.354601
1.354601
1.174955
1.174955
1.155954
1.155954
1.375939
1.375939
1.350770
1.350770
1.245617
1.245617
1.303995
1.303995
1.110592
1.110592
1.174164
1.174164
1.239212
1.033884
1.033884
1.239212
1.308906
1.308906
1.070712
1.070712
1.354831
1.141160
1.141160
1.354831
1.326171
1.326171
1.199686
1.199686
1.395942
1.395942
1.177568
1.177568
1.170895
1.170895
1.303575
1.303575
1.362587
1.362587
1.369960
1.369960
1.345161
1.345161
1.173654
1.173654
1.101627
1.101627
1.301848
1.301848
1.210582
1.210582
1.320779
1.320779
1.285635
1.285635
1.391934
1.391934
1.359628
1.359628
1.356938
1.356938
1.308747
1.178332
1.308747
1.178332
1.383148
1.383148
1.308719
1.308719
1.383044
1.383044
1.355420
1.355420
1.152058
1.152058
1.083667
1.083667
1.154237
1.154237
1.332811
1.332811
1.321242
1.321242
1.385841
1.385841
1.232187
1.248371
1.232187
1.248371
1.179346
1.179346
1.390368
1.390368
1.172993
1.172993
1.249019
1.249019
1.370495
1.370495
1.323464
1.323464
1.177862
1.177862
1.346060
1.346060
1.296975
1.296975
1.123196
1.123196
1.272040
1.272040
1.169902
1.232279
1.169902
1.232279
1.345931
1.345931
1.311884
1.311884
1.351212
1.351212
1.398751
1.398751
1.364066
1.364066
1.347653
1.347653
1.264214
1.264214
1.060088
1.060088
1.224841
1.224841
1.195274
1.195274
1.324497
1.324497
1.247448
1.247448
1.364787
1.364787
1.366066
1.366066
1.333359
1.333359
1.289058
1.289058
1.386118
1.386118
1.252390
1.252390
1.127949
1.127949
1.194471
1.194471
1.275936
1.275936
1.188429
1.188429
1.390414
1.390414
1.332247
1.332247
1.353974
1.353974
1.023700
1.023700
1.212424
1.212424
1.345073
1.345073
1.356406
1.356406
1.385217
1.385217
1.308704
1.308704
1.333667
1.333667
1.236705
1.236705
1.210770
1.210770
1.370337
1.370337
1.393910
1.393910
1.382166
1.382166
1.364802
1.364802
1.326265
1.326265
1.344480
1.344480
1.240859
1.116239
1.240859
1.116239
1.362398
1.362398
1.351150
1.351150
1.062373
1.062373
1.164872
1.164872
1.293148
1.293148
1.320105
1.320105
1.387215
1.387215
1.345698
1.345698
1.330495
1.330495
1.298231
1.298231
1.279784
1.279784
1.207139
1.207139
1.370611
1.363102
1.370611
1.363102
1.347849
1.347849
1.312181
1.312181
1.241580
1.241580
1.261084
1.261084
1.181231
1.181231
1.378473
1.378473
1.348118
1.142062
1.142062
1.348118
1.209119
1.209119
1.353144
1.353144
1.207165
1.207165
1.394456
1.394456
1.314465
1.314465
1.334069
1.334069
1.286648
1.286648
1.394617
1.394617
1.186254
1.186254
1.125556
1.125556
1.397589
1.397589
1.097619
1.097619
1.320209
1.320209
1.374236
1.374236
1.333931
1.333931
1.312933
1.312933
1.303669
1.303669
1.307930
1.307930
1.275099
1.275099
1.222560
1.394366
1.355688
1.355688
1.394366
1.222560
1.297197
1.297197
1.387865
1.387865
1.246319
1.246319
1.361441
1.333602
1.333602
1.361441
1.302798
1.302798
1.260210
1.260210
1.051177
1.051177
1.394338
1.394338
1.379164
1.379164
1.159290
1.159290
1.107449
1.107449
1.360137
1.360137
1.318409
1.318409
1.397084
1.397084
1.209510
1.209510
1.283088
1.283088
1.295227
1.295227
1.363829
1.363829
1.321675
1.321675
1.288796
1.288796
1.300279
1.300279
1.164896
1.164896
1.369794
1.369794
1.325024
1.325024
1.337041
1.337041
1.385576
1.385576
1.281568
1.281568
1.340945
1.340945
1.106923
1.106923
1.278421
1.278421
1.274587
1.274587
1.382229
1.382229
1.361699
1.361699
1.343425
1.343425
1.358055
1.378608
1.358055
1.378608
1.359539
1.359539
1.294312
1.294312
1.340808
1.340808
1.223128
1.223128
1.377049
1.377049
1.273310
1.273310
1.279834
1.279834
1.265279
1.265279
1.258004
1.258004
1.295023
1.295023
1.382076
1.382076
1.180440
1.180440
1.346793
1.346793
1.290916
1.290916
1.162545
1.162545
1.337146
1.337146
1.261070
1.261070
1.362367
1.362367
1.171680
1.171680
1.185943
1.185943
1.399413
1.399413
1.365709
1.365709
1.368954
1.368954
1.137253
1.137253
1.226751
1.226751
1.262265
1.262265
1.381377
1.381377
1.394536
1.394536
1.318306
1.318306
1.301583
1.301583
1.351340
1.351340
1.238334
1.238334
1.212773
1.212773
1.335296
1.335296
1.386569
1.386569
1.363994
1.363994
1.263889
1.263889
1.196904
1.196904
1.237092
1.237092
1.051537
1.051537
1.169957
1.169957
1.314910
1.314910
1.226592
1.226592
1.267812
1.267812
1.324654
1.324654
1.377824
1.377824
1.182584
1.182584
1.346466
1.346466
1.209147
1.209147
1.320442
1.320442
1.351799
1.351799
1.271527
1.271527
1.301073
1.301073
1.354884
1.354884
1.257460
1.257460
1.325885
1.325885
1.281643
1.281643
1.176303
1.176303
1.300163
1.300163
1.216610
1.216610
1.186872
1.186872
1.288632
1.288632
1.348601
1.348601
1.367287
1.367287
1.140396
1.140396
1.292675
1.292675
1.128036
1.128036
1.270934
1.270934
1.262081
1.262081
1.278177
1.278177
1.116504
1.116504
1.183626
1.183626
1.383894
1.383894
1.306050
1.306050
1.143776
1.143776
1.238537
1.238537
1.319112
1.319112
1.314615
1.314615
1.343580
1.343580
1.384553
1.384553
1.322421
1.322421
1.270777
1.270777
1.191751
1.191751
1.118072
1.118072
1.235160
1.235160
1.373037
1.373037
1.139543
1.139543
1.305639
1.305639
1.096875
1.096875
1.371139
1.371139
1.321859
1.321859
1.378302
1.378302
1.362766
1.362766
1.370840
1.370840
1.206470
1.206470
1.361959
1.361959
1.237028
1.237028
1.370515
1.370515
1.387238
1.387238
1.347501
1.347501
1.212297
1.212297
1.317216
1.317216
1.384692
1.384692
1.368158
1.368158
1.288419
1.288419
1.359562
1.359562
1.297909
1.297909
1.364250
1.364250
1.159321
1.159321
1.174944
1.174944
1.249337
1.249337
1.368451
1.368451
1.356137
1.356137
1.131123
1.131123
1.108743
1.108743
1.247735
1.378358
1.378358
1.247735
1.215728
1.215728
1.225897
1.225897
1.267717
1.267717
1.099416
1.099416
1.126187
1.126187
1.066079
1.066079
1.367608
1.367608
1.351023
1.351023
1.359842
1.269502
1.359842
1.269502
1.106589
1.106589
1.358896
1.358896
1.197374
1.197374
1.300083
1.300083
1.305963
1.305963
1.331250
1.331250
1.312055
1.312055
1.294282
1.294282
1.257599
1.257599
1.284205
1.284205
1.375163
1.375163
1.074182
1.074182
1.369500
1.369500
1.306045
1.306045
1.278062
1.278062
1.142427
1.142427
1.372617
1.372617
1.141212
1.141212
1.274085
1.274085
1.106990
1.106990
1.391546
1.391546
1.061294
1.061294
1.335080
1.335080
1.264398
1.264398
1.247553
1.247553
1.362348
1.362348
1.339662
1.339662
1.275371
1.275371
1.353665
1.353665
1.366717
1.366717
1.261928
1.261928
1.160092
1.160092
1.299062
1.299062
1.238442
1.238442
1.083678
1.083678
1.309587
1.309587
1.392674
1.392674
1.340509
1.340509
1.314725
1.314725
1.377268
1.377268
1.305629
1.305629
1.355912
1.355912
1.266298
1.266298
1.399898
1.399898
1.273511
1.273511
1.311105
1.311105
1.200124
1.200124
1.392325
1.392325
1.345406
1.345406
1.221158
1.221158
1.257865
1.257865
1.390505
1.390505
1.320078
1.320078
1.310395
1.310395
1.177971
1.177971
1.259020
1.259020
1.166953
1.166953
1.321336
1.321336
1.315914
1.315914
1.127998
1.127998
1.251123
1.251123
