1.373860
1.373860
1.218754
1.218754
1.128911
1.128911
1.369349
1.369349
1.151022
1.151022
1.372188
1.372188
1.358384
1.358384
1.349465
1.349465
1.270339
1.270339
1.337665
1.337665
1.224479
1.224479
1.318510
1.318510
1.145077
1.145077
1.219784
1.219784
1.274661
1.274661
1.196467
1.196467
1.262736
1.262736
1.374673
1.374673
1.132011
1.132011
1.269237
1.269237
1.368987
1.303118
1.303118
1.368987
1.160897
1.160897
1.223435
1.223435
1.316986
1.316986
1.175459
1.175459
1.372877
1.372877
1.142049
1.142049
1.203955
1.203955
1.290141
1.290141
1.380646
1.380646
1.380219
1.380219
1.376959
1.376959
1.305561
1.305561
1.339482
1.339482
1.387827
1.387827
1.397248
1.397248
1.391687
1.391687
1.134316
1.134316
1.111060
1.111060
1.369831
1.369831
1.218993
1.218993
1.340010
1.340010
1.304972
1.304972
1.248059
1.248059
1.375877
1.375877
1.109410
1.109410
1.371154
1.371154
1.390765
1.390765
1.319611
1.319611
1.397743
1.397743
1.253166
1.253166
1.120831
1.059835
1.059835
1.120831
1.362255
1.362255
1.213607
1.213607
1.193955
1.193955
1.070268
1.070268
1.283969
1.283969
1.273812
1.273812
1.236138
1.236138
1.226228
1.226228
1.393761
1.393761
1.361276
1.361276
1.068002
1.068002
1.175854
1.175854
1.199439
1.199439
1.390620
1.390620
1.281048
1.281048
1.202059
1.202059
1.384658
1.384658
1.235397
1.235397
1.274697
1.274697
1.359049
1.359049
1.312794
1.312794
1.302126
1.302126
1.315438
1.315438
1.367437
1.367437
1.286561
1.286561
1.128628
1.128628
1.395748
1.395748
1.335535
1.335535
1.262971
1.262971
1.290917
1.290917
1.342553
1.342553
1.379920
1.379920
1.276760
1.276760
1.290713
1.290713
1.112440
1.112440
1.381117
1.381117
1.205080
1.205080
1.366881
1.366881
1.252685
1.252685
1.363650
1.363650
1.295219
1.295219
1.349145
1.349145
1.386319
1.386319
1.256369
1.256369
1.210167
1.210167
1.347713
1.347713
1.324702
1.324702
1.387955
1.387955
1.397577
1.397577
1.101449
1.101449
1.080113
1.080113
1.373217
1.373217
1.203328
1.203328
1.299820
1.299820
1.075503
1.075503
1.055193
1.055193
1.116664
1.116664
1.353911
1.353911
1.240126
1.240126
1.304640
1.304640
1.188920
1.188920
1.121461
1.121461
1.218045
1.218045
1.289581
1.289581
1.378327
1.378327
1.230121
1.230121
1.326031
1.326031
1.332510
1.268216
1.332510
1.268216
1.389184
1.389184
1.321964
1.321964
1.397521
1.397521
1.365842
1.365842
1.243716
1.243716
1.327382
1.327382
1.346481
1.346481
1.274709
1.274709
1.224657
1.224657
1.340342
1.340342
1.127425
1.351730
1.351730
1.127425
1.305061
1.305061
1.328953
1.328953
1.333878
1.333878
1.328088
1.328088
1.371272
1.371272
1.396028
1.396028
1.080682
1.080682
1.250898
1.250898
1.293304
1.293304
1.141614
1.141614
1.266214
1.266214
1.388710
1.388710
1.059335
1.059335
1.367854
1.367854
1.098559
1.098559
1.364205
1.364205
1.070333
1.070333
1.358219
1.358219
1.145025
1.145025
1.201418
1.201418
1.328766
1.328766
1.271107
1.396850
1.271107
1.396850
1.254633
1.254633
1.360905
1.360905
1.240516
1.240516
1.381844
1.381844
1.385385
1.385385
1.272390
1.272390
1.384643
1.316769
1.316769
1.384643
1.097349
1.097349
1.334340
1.334340
1.036032
1.036032
1.379796
1.379796
1.308820
1.308820
1.108253
1.108253
1.284007
1.284007
1.329330
1.329330
1.182956
1.182956
1.176343
1.176343
1.391692
1.391692
1.154454
1.154454
1.378574
1.378574
1.227213
1.227213
1.235672
1.235672
1.204159
1.204159
1.159958
1.159958
1.329307
1.329307
1.256286
1.256286
1.244114
1.244114
1.026350
1.026350
1.389195
1.389195
1.210397
1.210397
1.325316
1.325316
1.236022
1.236022
1.275942
1.275942
1.231250
1.231250
1.387587
1.387587
1.198246
1.198246
1.371675
1.371675
1.207972
1.207972
1.164338
1.164338
1.239135
1.239135
1.349235
1.349235
1.087463
1.087463
1.244301
1.244301
1.325626
1.325626
1.173482
1.173482
1.242990
1.242990
1.340068
1.340068
1.357370
1.357370
1.057833
1.057833
1.187673
1.187673
1.231648
1.231648
1.140216
1.140216
1.317945
1.317945
1.320764
1.320764
1.333643
1.333643
1.113849
1.113849
1.344995
1.344995
1.127521
1.127521
1.310756
1.310756
1.356882
1.356882
1.303433
1.303433
1.182340
1.182340
1.260142
1.260142
1.291055
1.291055
1.255758
1.255758
1.383306
1.383306
1.343051
1.343051
1.043468
1.043468
1.214602
1.214602
1.358280
1.358280
1.248470
1.248470
1.392402
1.392402
1.191958
1.191958
1.365615
1.365615
1.370674
1.370674
1.397585
1.397585
1.253389
1.253389
1.317823
1.317823
1.210129
1.210129
1.321453
1.321453
1.256839
1.256839
1.270525
1.270525
1.032503
1.032503
1.363808
1.363808
1.314970
1.314970
1.330140
1.330140
1.396159
1.396159
1.306880
1.306880
1.279913
1.279913
1.297691
1.297691
1.297677
1.297677
1.156399
1.156399
1.306664
1.306664
1.233466
1.233466
1.307664
1.307664
1.358324
1.358324
1.217089
1.217089
1.395161
1.395161
1.226447
1.226447
1.392921
1.392921
1.334666
1.334666
1.242892
1.242892
1.376800
1.376800
1.387753
1.387753
1.314241
1.314241
1.335137
1.335137
1.196129
1.196129
1.382929
1.382929
1.297905
1.297905
1.336497
1.336497
1.266923
1.266923
1.318278
1.318278
1.391248
1.391248
1.312679
1.312679
1.231204
1.231204
1.397328
1.397328
1.365131
1.365131
1.126639
1.126639
1.305968
1.305968
1.334041
1.334041
1.386328
1.386328
1.343510
1.343510
1.349545
1.349545
1.394627
1.394627
1.062591
1.062591
1.395482
1.395482
1.341898
1.341898
1.289457
1.289457
1.305487
1.275535
1.275535
1.305487
1.128848
1.128848
1.147130
1.147130
1.354712
1.354712
1.387332
1.387332
1.313202
1.313202
1.182009
1.182009
1.068817
1.068817
1.149591
1.149591
1.124142
1.124142
1.359483
1.359483
1.345076
1.345076
1.389962
1.389962
1.129629
1.129629
1.097924
1.097924
1.289050
1.289050
1.286658
1.286658
1.187148
1.187148
1.354264
1.354264
1.395481
1.395481
1.345403
1.345403
1.132648
1.132648
1.123091
1.123091
1.200554
1.200554
1.267766
1.267766
1.151941
1.151941
1.372505
1.372505
1.398615
1.398615
1.274954
1.274954
1.268819
1.268819
1.362702
1.362702
1.115125
1.115125
1.222529
1.222529
1.320856
1.320856
1.272676
1.272676
1.235685
1.235685
1.392587
1.392587
1.387047
1.387047
1.380490
1.380490
1.041214
1.041214
1.159475
1.159475
1.080588
1.080588
1.377081
1.377081
1.171954
1.171954
1.075819
1.075819
1.282804
1.282804
1.104442
1.104442
1.282156
1.282156
1.127601
1.127601
1.249586
1.249586
1.266448
1.266448
1.361579
1.361579
1.101204
1.101204
1.169369
1.169369
1.184901
1.184901
1.383997
1.383997
1.333475
1.333475
1.391480
1.391480
1.216026
1.216026
1.331369
1.331369
1.334018
1.334018
1.356094
1.356094
1.347420
1.347420
1.120934
1.120934
1.272967
1.272967
1.241434
1.241434
1.336981
1.336981
1.395670
1.395670
1.286450
1.286450
1.198974
1.198974
1.149787
1.149787
1.292490
1.292490
1.384475
1.384475
1.240315
1.240315
1.319844
1.319844
1.332014
1.332014
1.164718
1.164718
1.292010
1.164961
1.164961
1.292010
1.314430
1.314430
1.145779
1.145779
1.130908
1.130908
1.360834
1.360834
1.356288
1.356288
1.255700
1.255700
1.348014
1.348014
1.258624
1.258624
1.395793
1.395793
1.216153
1.216153
1.249770
1.249770
1.357099
1.357099
1.370874
1.370874
1.389035
1.389035
1.383050
1.383050
1.387923
1.387923
1.156413
1.156413
1.341113
1.341113
1.377557
1.377557
1.292699
1.292699
1.092427
1.092427
1.287880
1.287880
1.182714
1.182714
1.363530
1.363530
1.192080
1.192080
1.372256
1.372256
1.297178
1.297178
1.099515
1.099515
1.196174
1.196174
1.206397
1.206397
1.378647
1.378647
1.300798
1.300798
1.225023
1.225023
1.331319
1.331319
1.198596
1.198596
1.138165
1.138165
1.342240
1.342240
1.162131
1.162131
1.269240
1.269240
1.049822
1.049822
1.248329
1.248329
1.239169
1.239169
1.397270
1.397270
1.387036
1.387036
1.311324
1.311324
1.370834
1.370834
1.180523
1.180523
1.394456
1.394456
1.351271
1.351271
