1.334736
1.334736
1.373126
1.373126
1.296075
1.296075
1.246213
1.338748
1.246213
1.338748
1.386200
1.343092
1.343092
1.386200
1.395410
1.395410
1.353268
1.353268
1.308533
1.308533
1.392074
1.392074
1.370159
1.370159
1.257333
1.257333
1.317770
1.317770
1.291429
1.291429
1.384989
1.345015
1.345015
1.384989
1.272714
1.272714
1.390639
1.390639
1.362478
1.362478
1.144082
1.144082
1.348687
1.348687
1.282880
1.282880
1.133724
1.133724
1.395105
1.395105
1.255776
1.255776
1.140233
1.140233
1.190467
1.190467
1.216438
1.216438
1.312086
1.312086
1.396345
1.396345
1.356552
1.356552
1.230565
1.344899
1.212089
1.230565
1.212089
1.344899
1.157728
1.157728
1.269097
1.269097
1.297317
1.297317
1.361116
1.361116
1.231640
1.231640
1.225099
1.225099
1.288484
1.276461
1.276461
1.288484
1.305170
1.305170
1.225756
1.225756
1.374224
1.374224
1.242094
1.242094
1.334738
1.334738
1.160829
1.160829
1.127291
1.127291
1.364568
1.364568
1.336006
1.336006
1.305472
1.305472
1.306786
1.306786
1.372116
1.372116
1.370910
1.370910
1.332189
1.332189
1.255225
1.255225
1.298207
1.298207
1.382324
1.382324
1.365503
1.365503
1.279453
1.279453
1.334338
1.334338
1.216035
1.216035
1.202541
1.202541
1.337401
1.337401
1.151405
1.151405
1.395595
1.105214
1.105214
1.395595
1.374253
1.374253
1.389915
1.389915
1.335679
1.335679
1.381886
1.381886
1.368477
1.368477
1.157938
1.157938
1.197352
1.197352
1.280105
1.280105
1.358943
1.358943
1.262770
1.262770
1.309137
1.309137
1.275933
1.275933
1.265592
1.265592
1.354875
1.354875
1.357496
1.357496
1.244743
1.244743
1.378070
1.378070
1.335119
1.335119
1.194994
1.194994
1.238417
1.238417
1.345884
1.345884
1.371270
1.371270
1.226025
1.226025
1.332242
1.332242
1.197792
1.197792
1.083994
1.347693
1.083994
1.347693
1.321165
1.321165
1.351691
1.351691
1.306271
1.306271
1.073588
1.073588
1.340108
1.340108
1.322376
1.322376
1.188461
1.188461
1.344663
1.344663
1.165978
1.165978
1.333708
1.333708
1.328540
1.328540
1.358867
1.253669
1.253669
1.358867
1.285935
1.285935
1.342008
1.342008
1.261299
1.261299
1.390392
1.390392
1.305662
1.305662
1.359223
1.359223
1.246150
1.246150
1.309327
1.328341
1.309327
1.328341
1.340057
1.340057
1.237655
1.237655
1.110718
1.110718
1.158837
1.158837
1.305816
1.305816
1.174438
1.174438
1.386419
1.386419
1.248637
1.248637
1.274087
1.274087
1.222593
1.222593
1.300186
1.340820
1.340820
1.300186
1.389463
1.389463
1.381029
1.256302
1.381029
1.256302
1.035641
1.035641
1.397637
1.397637
1.171143
1.171143
1.178086
1.178086
1.132564
1.132564
1.306955
1.306955
1.375134
1.375134
1.217793
1.217793
1.116663
1.116663
1.297393
1.297393
1.359821
1.359821
1.211530
1.211530
1.369237
1.369237
1.309411
1.309411
1.391700
1.391700
1.328420
1.328420
1.305264
1.305264
1.261508
1.261508
1.397458
1.397458
1.347303
1.347303
1.304072
1.304072
1.256122
1.256122
1.396920
1.396920
1.374859
1.374859
1.332109
1.332109
1.325706
1.325706
1.376430
1.376430
1.260245
1.260245
1.293653
1.293653
1.269608
1.269608
1.115155
1.115155
1.261072
1.261072
1.220471
1.220471
1.382798
1.382798
1.150842
1.150842
1.157094
1.157094
1.273219
1.273219
1.133830
1.133830
1.371773
1.371773
1.358662
1.358662
1.139669
1.139669
1.224139
1.224139
1.074461
1.074461
1.372749
1.372749
1.292355
1.292355
1.398562
1.314374
1.398562
1.314374
1.230591
1.230591
1.142551
1.142551
1.184136
1.184136
1.305305
1.305305
1.271157
1.271157
1.221563
1.221563
1.334912
1.334912
1.252955
1.252955
1.357739
1.357739
1.326343
1.326343
1.205790
1.205790
1.280065
1.280065
1.332679
1.332679
1.321988
1.321988
1.193340
1.193340
1.233526
1.233526
1.362223
1.362223
1.190649
1.190649
1.340736
1.340736
1.268887
1.268887
1.353496
1.353496
1.207937
1.207937
1.105757
1.105757
1.323930
1.323930
1.244752
1.244752
1.383029
1.383029
1.250273
1.250273
1.231730
1.231730
1.391665
1.391665
1.277875
1.277875
1.349727
1.349727
1.354770
1.354770
1.272929
1.272929
1.384958
1.384958
1.274509
1.274509
1.377659
1.377659
1.186804
1.186804
1.249056
1.249056
1.331689
1.331689
1.340696
1.340696
1.254118
1.254118
1.318250
1.318250
1.302261
1.302261
1.124870
1.124870
1.333848
1.333848
1.257524
1.257524
1.380613
1.380613
1.354840
1.354840
1.251535
1.251535
1.342533
1.342533
1.281451
1.281451
1.279531
1.279531
1.189464
1.189464
1.394688
1.394688
1.397053
1.397053
1.228706
1.228706
1.395861
1.395861
1.359355
1.359355
1.235619
1.235619
1.182707
1.182707
1.393079
1.393079
1.382218
1.382218
1.324936
1.324936
1.220756
1.220756
1.342431
1.342431
1.285880
1.285880
1.216022
1.216022
1.377751
1.377751
1.327803
1.327803
1.162682
1.162682
1.323278
1.323278
1.278793
1.278793
1.344756
1.344756
1.385692
1.385692
1.354094
1.354094
1.367478
1.367478
1.164559
1.164559
1.146309
1.146309
1.240549
1.240549
1.246918
1.246918
1.316053
1.316053
1.227316
1.227316
1.308403
1.308403
1.133365
1.133365
1.212478
1.212478
1.375874
1.375874
1.281972
1.263157
1.263157
1.281972
1.340167
1.340167
1.296031
1.296031
1.366170
1.366170
1.213017
1.213017
1.366548
1.366548
1.146734
1.146734
1.310287
1.310287
1.378212
1.378212
1.367122
1.367122
1.231589
1.231589
1.316855
1.316855
1.311144
1.311144
1.358674
1.358674
1.326783
1.326783
1.393555
1.393555
1.139571
1.139571
1.310072
1.310072
1.337390
1.337390
1.102901
1.102901
1.252683
1.252683
1.298279
1.298279
1.287479
1.287479
1.293348
1.293348
1.240634
1.240634
1.340658
1.340658
1.306963
1.306963
1.384297
1.384297
1.312449
1.312449
1.288035
1.288035
1.245195
1.245195
1.311780
1.311780
1.305029
1.305029
1.366582
1.366582
1.078192
1.078192
1.387915
1.387915
1.175528
1.175528
1.394484
1.394484
1.358520
1.358520
1.204005
1.204005
1.159552
1.159552
1.311298
1.311298
1.362264
1.362264
1.363861
1.363861
1.274060
1.274060
1.274457
1.274457
1.215841
1.215841
1.378412
1.378412
1.167085
1.167085
1.148014
1.148014
1.146590
1.146590
1.054603
1.054603
1.350921
1.350921
1.391698
1.391698
1.327562
1.327562
1.391592
1.391592
1.365703
1.365703
1.377071
1.377071
1.361960
1.361960
1.129830
1.129830
1.245530
1.245530
1.218018
1.218018
1.215845
1.215845
1.248812
1.248812
1.285590
1.285590
1.240655
1.240655
1.260500
1.260500
1.049732
1.049732
1.180226
1.180226
1.340140
1.340140
1.295683
1.295683
1.256267
1.256267
1.224075
1.224075
1.254860
1.254860
1.338050
1.188699
1.188699
1.338050
1.276194
1.276194
1.269443
1.269443
1.327992
1.327992
1.302860
1.302860
1.291493
1.291493
1.379020
1.379020
1.265841
1.265841
1.324982
1.324982
1.369794
1.369794
1.186804
1.186804
1.082118
1.082118
1.238166
1.238166
1.385321
1.385321
1.381108
1.381108
1.231180
1.231180
1.190820
1.190820
1.399858
1.399858
1.386827
1.336678
1.386827
1.336678
1.372259
1.372259
1.345558
1.345558
1.134944
1.134944
1.043976
1.043976
1.396263
1.396263
1.209028
1.209028
1.055996
1.055996
1.139234
1.139234
1.237203
1.237203
1.385279
1.385279
1.370497
1.370497
1.283156
1.283156
1.361392
1.305578
1.305578
1.361392
1.375822
1.375822
1.369912
1.369912
1.298321
1.298321
1.169722
1.169722
1.120828
1.120828
1.124017
1.361011
1.361011
1.124017
1.397459
1.397459
1.356980
1.356980
1.229019
1.229019
1.389763
1.389763
1.329078
1.329078
1.340980
1.340980
1.042024
1.042024
1.294081
1.294081
1.252116
1.252116
1.248912
1.248912
1.294557
1.294557
1.371133
1.371133
1.391476
1.391476
1.348381
1.348381
1.218490
1.218490
1.385160
1.385160
1.130268
1.130268
1.254807
1.254807
1.305099
1.305099
1.337842
1.337842
1.174728
1.174728
1.302328
1.302328
1.286320
1.286320
1.171994
1.171994
1.092651
1.092651
1.382552
1.382552
1.099607
1.099607
1.328347
1.328347
1.136165
1.136165
1.110826
1.110826
1.353303
1.353303
1.284053
1.284053
1.174673
1.174673
1.308114
1.308114
1.123150
1.123150
1.157886
1.157886
1.394154
1.394154
1.278937
1.278937
1.351590
1.351590
1.277643
1.277643
1.207022
1.207022
1.299079
1.299079
1.247453
1.247453
1.144843
1.144843
1.150378
1.150378
1.352364
1.352364
1.363483
1.363483
1.215955
1.215955
1.373026
1.373026
1.318494
1.318494
1.363442
1.363442
1.157223
1.157223
1.300815
1.300815
1.129042
1.129042
1.221687
1.221687
1.314130
1.314130
1.180901
1.180901
1.326169
1.326169
1.371148
1.371148
1.320812
1.320812
1.319725
1.319725
1.361680
1.361680
1.369040
1.369040
1.354323
1.354323
1.186564
1.186564
1.293520
1.293520
1.311618
1.311618
1.373132
1.373132
1.269910
1.269910
1.084369
1.084369
1.308370
1.308370
1.306969
1.306969
1.295629
1.295629
1.207748
1.207748
1.379740
1.379740
1.271799
1.271799
1.307589
1.307589
1.315665
1.315665
1.386010
1.386010
1.254756
1.254756
1.219291
1.219291
1.110443
1.110443
1.290411
1.290411
1.374957
1.374957
1.102001
1.102001
1.353984
1.353984
1.326958
1.326958
1.392187
1.392187
1.318019
1.318019
1.338416
1.338416
1.276854
1.276854
1.149103
1.149103
1.287619
1.287619
1.124485
1.124485
1.349103
1.349103
1.334048
1.334048
1.331401
1.331401
1.383584
1.383584
1.398215
1.398215
1.151124
1.151124
1.332566
1.332566
1.312974
1.312974
1.243659
1.243659
1.311362
1.311362
1.182481
1.182481
1.360689
1.216546
1.216546
1.360689
1.379675
1.379675
1.399817
1.399817
1.324577
1.324577
1.287249
1.287249
1.308287
1.308287
1.367817
1.367817
1.340940
1.340940
1.341149
1.341149
1.357131
1.357131
1.353986
1.353986
1.155298
1.155298
1.295572
1.295572
1.348245
1.348245
1.235028
1.235028
1.235484
1.235484
1.124623
1.124623
1.320850
1.320850
1.372265
1.372265
1.317869
1.317869
1.378328
1.356366
1.356366
1.378328
1.389483
1.389483
1.383245
1.383245
1.172638
1.172638
1.273421
1.273421
1.313797
1.313797
1.253731
1.253731
1.233441
1.233441
1.364078
1.364078
1.050205
1.050205
1.331933
1.331933
1.275208
1.275208
1.292492
1.292492
1.395729
1.395729
1.259860
1.259860
1.358844
1.358844
1.308627
1.308627
1.264580
1.264580
1.314170
1.141066
1.141066
1.314170
1.324741
1.324741
1.290133
1.290133
1.319947
1.319947
1.341643
1.341643
1.313494
1.313494
1.351334
1.351334
1.374890
1.374890
1.351239
1.351239
1.376115
1.376115
1.300501
1.300501
1.324885
1.324885
1.231025
1.231025
