1.052267
1.052267
1.314785
1.228419
1.228419
1.314785
1.378075
1.378075
1.346825
1.346825
1.376701
1.376701
1.368287
1.368287
1.223358
1.223358
1.377293
1.377293
1.324872
1.324872
1.261217
1.261217
1.330037
1.330037
1.312637
1.312637
1.350894
1.350894
1.214803
1.214803
1.393982
1.393982
1.271183
1.332548
1.271183
1.332548
1.285255
1.285255
1.260927
1.260927
1.229960
1.229960
1.332276
1.332276
1.131484
1.131484
1.398762
1.398762
1.386294
1.386294
1.089663
1.089663
1.356270
1.356270
1.269533
1.269533
1.370569
1.370569
1.161365
1.161365
1.273831
1.273831
1.337108
1.337108
1.321225
1.321225
1.281554
1.281554
1.314284
1.314284
1.294950
1.294950
1.398278
1.398278
1.344320
1.344320
1.292432
1.292432
1.170846
1.170846
1.126224
1.126224
1.339352
1.339352
1.281995
1.281995
1.361624
1.331501
1.331501
1.361624
1.380505
1.380505
1.308816
1.308816
1.272551
1.272551
1.316119
1.316119
1.378002
1.378002
1.262463
1.262463
1.228319
1.228319
1.233283
1.233283
1.095818
1.095818
1.350337
1.350337
1.088290
1.088290
1.359599
1.359599
1.398873
1.398873
1.399721
1.399721
1.280248
1.280248
1.330392
1.330392
1.384635
1.384635
1.327992
1.327992
1.249759
1.249759
1.387196
1.387196
1.122865
1.122865
1.280522
1.280522
1.395724
1.395724
1.290535
1.290535
1.221694
1.221694
1.363314
1.363314
1.365836
1.365836
1.220604
1.220604
1.356806
1.356806
1.144504
1.144504
1.169308
1.169308
1.387926
1.387926
1.319860
1.319860
1.331561
1.331561
1.373939
1.373939
1.341238
1.341238
1.046273
1.046273
1.300420
1.300420
1.392980
1.392980
1.336868
1.336868
1.342305
1.342305
1.296094
1.296094
1.125262
1.125262
1.298734
1.298734
1.396420
1.396420
1.392153
1.392153
1.349490
1.349490
1.251532
1.251532
1.381853
1.381853
1.316257
1.316257
1.249220
1.249220
1.307252
1.307252
1.359292
1.359292
1.340681
1.340681
1.385335
1.385335
1.172381
1.172381
1.298010
1.298010
1.280474
1.280474
1.204796
1.204796
1.359284
1.359284
1.281942
1.281942
1.208157
1.208157
1.300939
1.300939
1.102469
1.102469
1.285910
1.285910
1.187059
1.187059
1.211011
1.211011
1.341519
1.341519
1.358453
1.358453
1.368349
1.368349
1.391149
1.391149
1.383680
1.383680
1.223797
1.291652
1.291652
1.223797
1.093014
1.093014
1.374989
1.374989
1.068652
1.068652
1.340558
1.097489
1.340558
1.097489
1.197547
1.197547
1.250027
1.250027
1.295227
1.295227
1.220417
1.220417
1.331128
1.331128
1.370116
1.370116
1.375243
1.375243
1.245431
1.245431
1.303727
1.303727
1.356050
1.356050
1.303220
1.303220
1.149344
1.149344
1.047854
1.047854
1.187939
1.187939
1.257678
1.257678
1.289157
1.289157
1.099373
1.099373
1.115607
1.115607
1.281705
1.281705
1.343104
1.343104
1.271784
1.271784
1.063254
1.063254
1.031285
1.031285
1.356448
1.356448
1.290503
1.290503
1.235197
1.235197
1.250763
1.250763
1.290542
1.290542
1.378798
1.378798
1.261585
1.261585
1.286573
1.286573
1.220584
1.220584
1.313583
1.313583
1.061338
1.061338
1.286111
1.286111
1.244042
1.244042
1.382992
1.382992
1.062067
1.062067
1.164695
1.164695
1.307644
1.307644
1.275201
1.275201
1.171378
1.171378
1.369282
1.369282
1.331072
1.331072
1.382173
1.382173
1.228949
1.228949
1.371210
1.371210
1.316483
1.316483
1.385594
1.385594
1.238382
1.238382
1.366817
1.366817
1.295376
1.295376
1.309524
1.309524
1.311424
1.311424
1.048135
1.048135
1.096747
1.096747
1.399062
1.399062
1.178920
1.380519
1.178920
1.380519
1.335157
1.335157
1.208792
1.208792
1.376779
1.376779
1.390399
1.390399
1.399583
1.399583
1.258647
1.287462
1.287462
1.258647
1.317362
1.317362
1.380015
1.380015
1.145642
1.145642
1.383096
1.383096
1.364932
1.364932
1.267708
1.267708
1.262975
1.262975
1.313220
1.313220
1.153019
1.153019
1.344495
1.344495
1.307239
1.307239
1.137619
1.137619
1.094205
1.094205
1.305412
1.305412
1.305044
1.305044
1.100996
1.100996
1.296006
1.296006
1.380358
1.380358
1.357727
1.357727
1.376362
1.299015
1.376362
1.299015
1.295733
1.295733
1.376629
1.376629
1.156543
1.156543
1.297578
1.297578
1.278462
1.278462
1.196038
1.196038
1.393440
1.393440
1.396508
1.396508
1.105411
1.105411
1.348125
1.348125
1.268185
1.268185
1.369615
1.369615
1.183421
1.183421
1.368675
1.368675
1.197833
1.197833
1.215421
1.215421
1.356397
1.356397
1.147035
1.147035
1.329363
1.210137
1.210137
1.329363
1.336653
1.336653
1.353107
1.353107
1.389800
1.389800
1.375755
1.375755
1.169420
1.169420
1.242655
1.242655
1.353239
1.353239
1.323999
1.323999
1.338673
1.338673
1.320451
1.320451
1.252432
1.252432
1.322620
1.322620
1.386102
1.386102
1.127069
1.127069
1.281610
1.281610
1.227757
1.227757
1.274273
1.274273
1.234324
1.234324
1.353096
1.257204
1.257204
1.353096
1.224323
1.224323
1.115237
1.115237
1.203374
1.203374
1.202090
1.202090
1.214536
1.214536
1.341185
1.341185
1.389162
1.389162
1.282698
1.282698
1.188403
1.188403
1.301930
1.301930
1.380857
1.380857
1.370124
1.370124
1.165370
1.165370
1.360725
1.360725
1.373018
1.373018
1.332764
1.332764
1.194103
1.194103
1.263190
1.263190
1.381205
1.381205
1.281419
1.281419
1.057300
1.057300
1.371313
1.371313
1.398227
1.398227
1.326247
1.326247
1.374156
1.374156
1.323021
1.323021
1.373145
1.373145
1.240037
1.240037
1.321721
1.321721
1.315984
1.322256
1.315984
1.322256
1.147814
1.147814
1.326739
1.326739
1.196479
1.196479
1.235549
1.235549
1.350516
1.350516
1.235909
1.235909
1.123440
1.123440
1.362076
1.362076
1.238007
1.238007
1.347190
1.347190
1.263416
1.263416
1.285799
1.285799
1.119943
1.119943
1.341197
1.341197
1.131867
1.131867
1.323489
1.323489
1.349327
1.349327
1.233592
1.233592
1.326244
1.326244
1.365233
1.365233
1.042871
1.042871
1.205171
1.205171
1.336619
1.336619
1.063665
1.063665
1.124170
1.124170
1.380260
1.380260
1.328078
1.328078
1.384185
1.384185
1.318422
1.318422
1.188776
1.188776
1.144319
1.144319
1.354459
1.354459
1.388808
1.388808
1.098445
1.098445
1.327012
1.327012
1.189637
1.189637
1.311250
1.311250
1.274958
1.274958
1.196195
1.196195
1.315268
1.315268
1.092217
1.092217
1.328457
1.328457
1.357731
1.357731
1.383848
1.383848
1.278461
1.278461
1.392112
1.392112
1.391545
1.391545
1.392512
1.392512
1.362816
1.362816
1.385243
1.385243
1.245453
1.245453
1.339554
1.339554
1.234458
1.234458
1.205856
1.205856
1.326582
1.326582
1.268953
1.268953
1.204352
1.204352
1.119204
1.119204
1.272286
1.272286
1.218395
1.218395
1.035460
1.035460
1.357611
1.357611
1.097715
1.097715
1.310975
1.310975
1.366717
1.366717
1.183864
1.183864
1.307190
1.307190
1.205236
1.205236
1.252087
1.252087
1.368085
1.368085
1.197238
1.197238
1.239981
1.239981
1.227693
1.227693
1.393162
1.393162
1.215949
1.215949
1.371062
1.371062
1.356243
1.356243
1.213066
1.213066
1.354374
1.354374
1.348007
1.348007
1.370280
1.370280
1.317739
1.317739
1.230494
1.230494
1.376341
1.376341
1.174371
1.174371
