1.175379
1.175379
1.396825
1.396825
1.368181
1.368181
1.281659
1.137041
1.137041
1.281659
1.287389
1.194026
1.287389
1.194026
1.316228
1.316228
1.335861
1.335861
1.220921
1.220921
1.361760
1.361760
1.391377
1.391377
1.317585
1.317585
1.366641
1.366641
1.392523
1.218533
1.218533
1.392523
1.305022
1.305022
1.379705
1.379705
1.266191
1.266191
1.362991
1.362991
1.375451
1.375451
1.305637
1.305637
1.052771
1.052771
1.301140
1.301140
1.378720
1.378720
1.363015
1.363015
1.274072
1.274072
1.333512
1.333512
1.371504
1.371504
1.129350
1.129350
1.379854
1.336264
1.336264
1.379854
1.297870
1.297870
1.378059
1.378059
1.388441
1.388441
1.293290
1.293290
1.317466
1.317466
1.248582
1.248582
1.260983
1.260983
1.225848
1.225848
1.351809
1.351809
1.290232
1.290232
1.295766
1.295766
1.373780
1.373780
1.383895
1.383895
1.306385
1.306385
1.352390
1.352390
1.393272
1.393272
1.315394
1.315394
1.313154
1.313154
1.241142
1.241142
1.326441
1.326441
1.337712
1.337712
1.289119
1.289119
1.297545
1.297545
1.374448
1.374448
1.398722
1.398722
1.235539
1.235539
1.327407
1.327407
1.246383
1.246383
1.304609
1.304609
1.350215
1.350215
1.371890
1.371890
1.386928
1.386928
1.261856
1.261856
1.391165
1.391165
1.262579
1.262579
1.158599
1.158599
1.174349
1.174349
1.383173
1.383173
1.352069
1.352069
1.314463
1.314463
1.221112
1.221112
1.312780
1.312780
1.107464
1.107464
1.033549
1.033549
1.275813
1.275813
1.372598
1.372598
1.287246
1.287246
1.326866
1.326866
1.045336
1.045336
1.330306
1.330306
1.277802
1.277802
1.345502
1.345502
1.333549
1.333549
1.138146
1.138146
1.291030
1.291030
1.311168
1.311168
1.388675
1.388675
1.341764
1.319119
1.319119
1.341764
1.397725
1.397725
1.343702
1.343702
1.293285
1.293285
1.285577
1.285577
1.387121
1.387121
1.174218
1.174218
1.154640
1.154640
1.230914
1.333756
1.230914
1.333756
1.286367
1.286367
1.200831
1.200831
1.092827
1.092827
1.248950
1.248950
1.199367
1.199367
1.250266
1.250266
1.180827
1.180827
1.205029
1.205029
1.345683
1.345683
1.162460
1.162460
1.297190
1.297190
1.376346
1.376346
1.364679
1.364679
1.284817
1.284817
1.246163
1.246163
1.374759
1.374759
1.330446
1.330446
1.116975
1.116975
1.337358
1.337358
1.130937
1.130937
1.303729
1.303729
1.326205
1.326205
1.277648
1.277648
1.204734
1.204734
1.244078
1.244078
1.250413
1.250413
1.372554
1.372554
1.339253
1.339253
1.151365
1.334893
1.151365
1.334893
1.324292
1.324292
1.365828
1.365828
1.206504
1.206504
1.274445
1.274445
1.227981
1.227981
1.143203
1.143203
1.295543
1.295543
1.201578
1.201578
1.319503
1.319503
1.045240
1.045240
1.330623
1.330623
1.334732
1.334732
1.259245
1.259245
1.391966
1.391966
1.176863
1.176863
1.286932
1.286932
1.284728
1.284728
1.122615
1.122615
1.295108
1.295108
1.220921
1.220921
1.317357
1.317357
1.271256
1.271256
1.385237
1.385237
1.380659
1.380659
1.330551
1.330551
1.110714
1.110714
1.382768
1.382768
1.332384
1.332384
1.396551
1.396551
1.396906
1.396906
1.329395
1.329395
1.071343
1.364404
1.330235
1.330235
1.364404
1.071343
1.194389
1.194389
1.369253
1.369253
1.314037
1.314037
1.090243
1.090243
1.368819
1.368819
1.388352
1.388352
1.398930
1.398930
1.143096
1.143096
1.370207
1.370207
1.106509
1.106509
1.333180
1.333180
1.293882
1.293882
1.394446
1.394446
1.387077
1.335021
1.387077
1.335021
1.084225
1.084225
1.308361
1.308361
1.363145
1.363145
1.182400
1.182400
1.197175
1.197175
1.314429
1.314429
1.128700
1.128700
1.375166
1.375166
1.279230
1.279230
1.232656
1.232656
1.394737
1.394737
1.368806
1.368806
1.381214
1.381214
1.246810
1.246810
1.361299
1.361299
1.251024
1.251024
1.296248
1.296248
1.374085
1.374085
1.359872
1.359872
1.393794
1.393794
1.257026
1.257026
1.041596
1.041596
1.174891
1.174891
1.259239
1.259239
1.257349
1.257349
1.118681
1.118681
1.141492
1.141492
1.376017
1.376017
1.365715
1.365715
1.151156
1.151156
1.071353
1.071353
1.204989
1.204989
1.170083
1.170083
1.348935
1.348935
1.397568
1.397568
1.297333
1.297333
1.227055
1.227055
1.138748
1.138748
1.378019
1.378019
1.261519
1.261519
1.340389
1.340389
1.119985
1.119985
1.233083
1.233083
1.337838
1.337838
1.165304
1.165304
1.350085
1.350085
1.254871
1.254871
1.110840
1.110840
1.350903
1.350903
1.297548
1.297548
1.344453
1.344453
1.154106
1.154106
1.344905
1.344905
1.396209
1.396209
1.259467
1.259467
1.347261
1.347261
1.389701
1.389701
1.078148
1.078148
1.141772
1.141772
1.329853
1.329853
1.225268
1.225268
1.216327
1.149204
1.149204
1.216327
1.126288
1.126288
1.349811
1.349811
1.155935
1.155935
1.307442
1.307442
1.129064
1.129064
1.372549
1.372549
1.249577
1.249577
1.230564
1.230564
1.167965
1.167965
1.263098
1.263098
1.078434
1.078434
1.019549
1.019549
1.386898
1.386898
1.200002
1.200002
1.364856
1.364856
1.318799
1.318799
1.364231
1.364231
1.122984
1.122984
1.214140
1.214140
1.279743
1.279743
1.347913
1.347913
1.248485
1.248485
1.256939
1.256939
1.316878
1.316878
1.375718
1.375718
1.341978
1.341978
1.320707
1.320707
1.291467
1.291467
1.336104
1.336104
1.238008
1.238008
1.214094
1.214094
1.396396
1.396396
1.285187
1.285187
1.069629
1.069629
1.335921
1.335921
1.249600
1.249600
1.382586
1.382586
1.057342
1.057342
1.398084
1.398084
1.167047
1.167047
1.122849
1.122849
1.198679
1.198679
1.215542
1.215542
1.132441
1.132441
1.171031
1.171031
1.201346
1.201346
1.331801
1.331801
1.131045
1.131045
1.321512
1.321512
1.364216
1.364216
1.293600
1.293600
1.089233
1.089233
1.198228
1.198228
1.141801
1.141801
1.356419
1.356419
1.264869
1.264869
1.242915
1.242915
1.357208
1.357208
1.264029
1.264029
1.309986
1.309986
1.374724
1.374724
1.348943
1.348943
1.372654
1.372654
1.191005
1.191005
1.381172
1.381172
1.310469
1.310469
1.160821
1.160821
1.380194
1.380194
1.357205
1.357205
1.386132
1.386132
1.257261
1.257261
1.072184
1.072184
1.133937
1.133937
1.304089
1.304089
1.104496
1.104496
1.256197
1.256197
1.201715
1.201715
1.356920
1.356920
1.380824
1.380824
1.302562
1.302562
1.217228
1.217228
1.342410
1.342410
1.308754
1.308754
1.296453
1.296453
1.398673
1.398673
1.200786
1.200786
1.379642
1.379642
1.155378
1.155378
1.332118
1.332118
1.211232
1.211232
1.384662
1.384662
1.368021
1.368021
1.329204
1.329204
1.328278
1.328278
1.370409
1.370409
1.397346
1.397346
1.251464
1.251464
1.171957
1.171957
1.362668
1.362668
1.292275
1.292275
1.275763
1.275763
1.162152
1.162152
1.326684
1.326684
1.268913
1.268913
1.294223
1.294223
1.101820
1.101820
1.069400
1.069400
1.069866
1.069866
1.198731
1.198731
1.398904
1.398904
1.310875
1.310875
1.210368
1.210368
1.347633
1.347633
1.315035
1.315035
1.346930
1.346930
1.176470
1.176470
1.374015
1.374015
1.345072
1.345072
1.162868
1.162868
1.360303
1.360303
1.263479
1.263479
1.365088
1.365088
1.396152
1.396152
1.148845
1.148845
1.271850
1.271850
1.251085
1.251085
1.304452
1.304452
1.301842
1.301842
1.351497
1.351497
1.190727
1.190727
1.173382
1.173382
1.178700
1.178700
1.167350
1.167350
1.208416
1.208416
1.286884
1.286884
1.316500
1.316500
1.224845
1.224845
1.398215
1.398215
1.354949
1.354949
1.315753
1.315753
1.227972
1.227972
1.192623
1.192623
1.347598
1.347598
1.386121
1.386121
1.085746
1.085746
1.376555
1.376555
1.337840
1.337840
