1.320148
1.320148
1.041552
1.339566
1.339566
1.041552
1.388806
1.388806
1.284240
1.352667
1.352667
1.284240
1.333040
1.333040
1.263799
1.263799
1.309134
1.309134
1.383773
1.383773
1.328902
1.328902
1.135092
1.135092
1.247746
1.247746
1.257043
1.390019
1.390019
1.257043
1.281424
1.281424
1.276112
1.077851
1.276112
1.077851
1.314700
1.314700
1.184415
1.184415
1.344389
1.048635
1.048635
1.344389
1.295454
1.295454
1.284254
1.284254
1.053643
1.053643
1.366290
1.366290
1.276717
1.367395
1.276717
1.367395
1.340453
1.340453
1.350389
1.350389
1.376345
1.376345
1.370491
1.370491
1.386412
1.386412
1.395116
1.395116
1.312624
1.312624
1.227266
1.227266
1.378609
1.378609
1.315773
1.315773
1.198291
1.198291
1.343412
1.343412
1.385349
1.385349
1.372006
1.372006
1.394254
1.394254
1.377685
1.377685
1.265476
1.265476
1.147548
1.147548
1.148230
1.148230
1.228070
1.228070
1.353221
1.353221
1.204787
1.204787
1.383790
1.271122
1.383790
1.271122
1.366728
1.361222
1.366728
1.361222
1.313534
1.313534
1.306359
1.306359
1.367234
1.367234
1.241078
1.241078
1.253444
1.253444
1.165186
1.165186
1.223680
1.223680
1.339102
1.339102
1.386290
1.386290
1.075550
1.075550
1.257293
1.257293
1.198339
1.198339
1.206439
1.206439
1.322914
1.322914
1.166333
1.166333
1.252798
1.252798
1.291095
1.291095
1.349751
1.349751
1.383153
1.383153
1.199269
1.199269
1.348811
1.348811
1.381867
1.381867
1.264075
1.264075
1.253544
1.253544
1.298700
1.373054
1.298700
1.373054
1.308528
1.308528
1.208917
1.208917
1.247535
1.247535
1.372618
1.372618
1.211888
1.211888
1.200412
1.200412
1.391120
1.391120
1.390470
1.277681
1.277681
1.390470
1.236843
1.236843
1.266896
1.266896
1.217092
1.217092
1.252288
1.252288
1.339844
1.339844
1.390557
1.390557
1.318870
1.318870
1.249674
1.249674
1.333809
1.333809
1.196350
1.196350
1.398810
1.398810
1.353458
1.353458
1.305373
1.305373
1.210082
1.210082
1.235636
1.235636
1.325527
1.325527
1.337064
1.337064
1.235316
1.235316
1.350532
1.350532
1.381703
1.381703
1.126311
1.126311
1.395996
1.395996
1.178711
1.178711
1.294297
1.294297
1.268872
1.268872
1.354500
1.354500
1.256586
1.256586
1.346706
1.346706
1.121104
1.121104
1.377755
1.377755
1.381775
1.381775
1.274389
1.274389
1.367113
1.367113
1.367028
1.367028
1.062777
1.062777
1.352126
1.352126
1.391479
1.391479
1.110625
1.110625
1.388742
1.388742
1.299685
1.299685
1.319379
1.059562
1.059562
1.319379
1.190617
1.190617
1.303145
1.303145
1.162966
1.162966
1.352926
1.352926
1.158399
1.158399
1.267773
1.267773
1.280349
1.280349
1.266400
1.266400
1.293819
1.293819
1.273558
1.273558
1.263792
1.263792
1.308445
1.308445
1.129660
1.129660
1.339971
1.339971
1.193929
1.193929
1.362055
1.362055
1.062430
1.062430
1.363390
1.363390
1.205239
1.205239
1.145482
1.145482
1.092514
1.092514
1.296888
1.296888
1.354865
1.354865
1.314342
1.314342
1.185812
1.185812
1.371256
1.371256
1.392779
1.392779
1.163056
1.163056
1.306855
1.306855
1.228553
1.228553
1.368916
1.368916
1.381774
1.381774
1.369726
1.369726
1.224458
1.224458
1.285246
1.285246
1.044080
1.044080
1.310726
1.310726
1.199055
1.199055
1.314467
1.314467
1.226403
1.226403
1.264213
1.264213
1.229997
1.229997
1.313007
1.313007
1.256624
1.256624
1.301297
1.301297
1.303922
1.303922
1.224833
1.224833
1.205047
1.323209
1.205047
1.323209
1.263777
1.263777
1.167822
1.167822
1.276692
1.276692
1.206462
1.206462
1.311502
1.311502
1.258112
1.258112
1.151092
1.151092
1.254042
1.254042
1.268896
1.268896
1.337137
1.337137
1.345702
1.345702
1.265632
1.265632
1.325375
1.325375
1.393669
1.393669
1.326003
1.326003
1.385729
1.298552
1.385729
1.298552
1.393559
1.393559
1.294695
1.294695
1.397237
1.397237
1.261295
1.261295
1.136761
1.136761
1.323066
1.323066
1.051762
1.051762
1.286857
1.286857
1.208680
1.208680
1.303786
1.303786
1.343578
1.343578
1.318173
1.160382
1.318173
1.160382
1.356266
1.356266
1.245850
1.245850
1.252097
1.252097
1.370970
1.370970
1.300189
1.300189
1.093491
1.093491
1.355407
1.355407
1.356237
1.356237
1.320084
1.320084
1.331218
1.331218
1.238976
1.238976
1.233170
1.233170
1.276159
1.276159
1.380152
1.380152
1.368758
1.231810
1.231810
1.368758
1.359164
1.359164
1.334010
1.334010
1.313492
1.313492
1.348364
1.348364
1.302756
1.302756
1.232387
1.232387
1.135648
1.135648
1.141338
1.141338
1.114421
1.114421
1.332255
1.332255
1.383122
1.383122
1.330963
1.330963
1.302811
1.302811
1.214738
1.214738
1.220381
1.220381
1.347156
1.347156
1.363548
1.363548
1.325630
1.325630
1.335783
1.335783
1.371377
1.371377
1.364931
1.364931
1.146076
1.146076
1.291401
1.291401
1.197806
1.197806
1.382706
1.382706
1.362240
1.362240
1.382063
1.382063
1.371736
1.371736
1.293721
1.293721
1.127518
1.367524
1.367524
1.127518
1.327811
1.327811
1.231305
1.231305
1.196889
1.196889
1.360753
1.360753
1.101611
1.101611
1.396314
1.396314
1.385013
1.385013
1.307060
1.307060
1.367232
1.367232
1.373197
1.373197
1.140207
1.140207
1.336634
1.336634
1.263346
1.263346
1.265376
1.265376
1.397922
1.397922
1.369803
1.369803
1.388333
1.388333
1.269134
1.269134
1.331225
1.331225
1.347318
1.347318
1.380867
1.399506
1.399506
1.380867
1.283187
1.283187
1.261514
1.261514
1.269240
1.269240
1.238155
1.238155
1.276687
1.276687
1.300596
1.300596
1.118917
1.118917
1.389763
1.389763
1.337483
1.337483
1.188031
1.188031
1.398108
1.398108
1.132843
1.132843
1.272842
1.272842
1.150313
1.150313
1.352777
1.352777
1.254011
1.254011
1.162617
1.162617
1.145530
1.145530
1.398920
1.398920
1.141419
1.141419
1.163198
1.163198
1.228513
1.228513
1.302266
1.302266
1.232438
1.232438
1.345791
1.345791
1.307389
1.307389
1.286250
1.286250
1.374458
1.374458
1.393644
1.393644
1.351796
1.351796
1.397539
1.397539
1.378817
1.378817
1.113777
1.113777
1.203300
1.203300
1.090027
1.090027
1.197099
1.197099
1.360276
1.360276
1.358585
1.358585
1.248170
1.248170
1.396777
1.396777
1.380604
1.380604
1.193732
1.193732
1.371397
1.371397
1.212414
1.212414
1.359291
1.359291
1.050868
1.050868
1.302425
1.302425
1.265202
1.265202
1.181433
1.181433
1.365733
1.365733
1.396416
1.396416
1.311496
1.311496
1.251938
1.251938
1.385272
1.387473
1.387473
1.385272
1.170106
1.170106
1.363685
1.363685
1.376121
1.376121
1.271765
1.271765
1.155093
1.155093
1.288354
1.206523
1.206523
1.288354
1.333976
1.333976
1.270521
1.270521
1.282028
1.282028
1.328265
1.328265
1.398725
1.398725
1.359609
1.359609
1.199525
1.199525
1.350912
1.350912
1.375321
1.375321
1.229420
1.229420
1.263123
1.263123
1.397492
1.397492
1.345674
1.345674
1.354931
1.354931
1.334900
1.334900
1.284960
1.284960
1.256543
1.256543
1.302143
1.302143
1.315709
1.315709
1.320646
1.320646
1.180160
1.180160
1.330766
1.330766
1.318753
1.318753
1.394216
1.394216
1.118702
1.118702
1.270721
1.270721
1.310393
1.310393
1.301596
1.301596
1.342791
1.342791
1.265061
1.265061
1.391873
1.391873
1.392090
1.392090
1.274653
1.274653
1.333459
1.333459
1.266453
1.266453
1.293730
1.293730
1.244397
1.244397
1.394374
1.394374
1.113377
1.113377
1.342681
1.342681
1.371454
1.371454
1.343901
1.343901
1.396039
1.396039
1.207055
1.207055
1.246638
1.246638
1.292241
1.292241
1.382730
1.382730
1.392719
1.392719
1.340676
1.340676
1.348700
1.348700
1.246987
1.246987
1.340605
1.340605
1.280358
1.280358
1.150748
1.150748
1.225548
1.225548
1.284232
1.284232
1.328073
1.328073
1.275978
1.275978
1.246243
1.246243
1.248990
1.248990
1.183689
1.183689
1.327235
1.327235
1.321616
1.321616
1.363566
1.363566
1.276506
1.276506
1.357052
1.357052
1.051624
1.051624
1.373346
1.373346
1.333797
1.333797
1.393574
1.393574
1.213336
1.213336
1.277341
1.277341
1.221842
1.221842
1.303705
1.303705
1.377558
1.377558
1.238564
1.238564
1.145874
1.145874
1.220177
1.220177
1.186602
1.186602
1.380683
1.380683
1.332043
1.332043
1.256363
1.256363
1.312062
1.312062
1.040331
1.040331
1.243139
1.243139
1.383832
1.383832
1.355304
1.355304
1.353663
1.353663
1.332490
1.332490
1.341361
1.341361
1.298870
1.298870
1.220104
1.220104
1.304012
1.304012
