1.342932
1.342932
1.232847
1.232847
1.379423
1.379423
1.349577
1.349577
1.178453
1.178453
1.139145
1.139145
1.138249
1.138249
1.237119
1.237119
1.184892
1.184892
1.322112
1.322112
1.369645
1.369645
1.269649
1.269649
1.294287
1.294287
1.364970
1.364970
1.214781
1.214781
1.116478
1.116478
1.361196
1.361196
1.398328
1.398328
1.333388
1.333388
1.365209
1.365209
1.149259
1.149259
1.364317
1.364317
1.342683
1.342683
1.316267
1.316267
1.195557
1.195557
1.282993
1.282993
1.367555
1.367555
1.246837
1.246837
1.397380
1.397380
1.185899
1.185899
1.292666
1.292666
1.231006
1.231006
1.036644
1.036644
1.266496
1.266496
1.178227
1.178227
1.049519
1.049519
1.327540
1.327540
1.390184
1.390184
