1.324794
1.324794
1.351551
1.351551
1.321604
1.321604
1.084790
1.084790
1.206761
1.206761
1.273462
1.273462
1.246175
1.246175
1.120511
1.120511
1.273284
1.273284
1.318956
1.318956
1.213278
1.213278
1.326611
1.326611
1.067546
1.067546
1.229027
1.229027
1.288111
1.288111
1.058990
1.058990
1.399876
1.399876
1.362041
1.362041
1.375752
1.375752
1.179018
1.179018
1.349495
1.349495
1.320081
1.320081
1.367955
1.367955
1.181289
1.181289
1.351975
1.351975
1.319638
1.319638
1.340987
1.340987
1.288137
1.288137
1.278618
1.278618
1.176124
1.176124
1.329458
1.329458
1.195898
1.195898
1.309492
1.309492
1.238775
1.238775
1.352427
1.352427
1.351253
1.351253
1.306665
1.306665
1.300391
1.300391
1.228334
1.228334
1.382572
1.382572
1.324586
1.324586
1.327170
1.327170
1.373561
1.373561
