1.248539
1.248539
1.372960
1.372960
1.272756
1.272756
1.371563
1.371563
1.353334
1.353334
1.288363
1.288363
1.381910
1.381910
1.113579
1.113579
1.243640
1.243640
1.074453
1.074453
1.398203
1.398203
1.227420
1.227420
1.351349
1.351349
1.226659
1.226659
1.269467
1.269467
1.255074
1.255074
1.304189
1.304189
1.229022
1.229022
1.277787
1.277787
1.237865
1.237865
1.215348
1.215348
1.228221
1.228221
1.255941
1.255941
1.162095
1.162095
1.227993
1.227993
1.181566
1.181566
1.357231
1.357231
1.258226
1.258226
1.105210
1.105210
1.239133
1.239133
1.385149
1.385149
1.142904
1.142904
1.347201
1.347201
1.391047
1.391047
1.385953
1.385953
1.385477
1.385477
1.293514
1.293514
1.261412
1.261412
1.250107
1.250107
1.293456
1.293456
1.280389
1.280389
1.399000
1.399000
1.392603
1.392603
1.243144
1.243144
1.310183
1.310183
1.122140
1.122140
1.331214
1.331214
