1.262822
1.262822
1.348984
1.348984
1.358344
1.358344
1.278074
1.278074
1.316352
1.316352
1.396206
1.396206
1.353587
1.353587
1.231201
1.231201
1.089434
1.089434
1.140086
1.140086
1.279927
1.279927
1.105465
1.105465
1.166584
1.166584
1.231930
1.231930
1.192491
1.192491
1.260244
1.260244
1.271238
1.271238
1.289239
1.289239
1.384849
1.384849
1.181754
1.181754
1.364324
1.364324
1.337730
1.337730
1.267013
1.267013
1.276418
1.276418
1.382797
1.382797
1.383334
1.383334
1.122184
1.122184
1.083848
1.083848
1.194304
1.194304
1.367385
1.367385
1.337111
1.337111
1.283705
1.283705
1.079356
1.079356
