1.300000
1.300000
1.293163
1.293163
1.204227
1.204227
1.395774
1.395774
1.313848
1.313848
1.352743
1.352743
1.049519
1.049519
1.203656
1.203656
1.396642
1.396642
1.249281
1.249281
1.386572
1.386572
1.372135
1.372135
1.392642
1.392642
1.152307
1.152307
1.330750
1.330750
1.106607
1.106607
1.205806
1.205806
1.196970
1.196970
1.385699
1.385699
1.292439
1.292439
1.197427
1.197427
1.346986
1.346986
1.331634
1.331634
1.279892
1.279892
1.376698
1.376698
1.397455
1.397455
1.396538
1.396538
1.260588
1.260588
1.211294
1.211294
1.376176
1.376176
1.254758
1.254758
