1.194711
1.194711
1.398634
1.398634
1.391251
1.391251
1.272097
1.272097
1.361325
1.361325
1.124431
1.124431
1.290564
1.290564
1.381067
1.381067
1.172766
1.172766
1.338951
1.338951
1.218423
1.218423
1.325380
1.325380
1.373198
1.373198
1.305614
1.305614
1.287943
1.287943
1.241066
1.241066
1.201999
1.201999
1.203416
1.203416
1.346373
1.346373
1.386800
1.386800
1.276413
1.276413
1.197276
1.197276
1.094243
1.094243
1.318536
1.318536
1.394169
1.394169
1.397603
1.397603
1.368079
1.368079
1.340529
1.340529
1.382404
1.382404
1.323945
1.323945
1.368061
1.368061
1.363872
1.363872
1.296249
1.296249
1.333591
1.333591
1.391406
1.391406
1.365948
1.365948
1.367897
1.367897
1.160800
1.160800
1.199081
1.199081
1.152983
1.152983
1.348331
1.348331
1.351853
1.351853
1.285199
1.285199
1.285240
1.285240
1.371140
1.371140
1.373500
1.373500
1.381584
1.381584
1.273361
1.273361
1.201758
1.201758
1.378925
1.378925
1.368494
1.368494
1.069599
1.069599
1.374352
1.374352
1.324050
1.324050
1.332444
1.332444
1.361413
1.361413
1.044846
1.044846
