1.315938
1.315938
1.361135
1.361135
1.365652
1.365652
1.311182
1.311182
1.249067
1.249067
1.298033
1.298033
1.318464
1.318464
1.186716
1.186716
1.388247
1.388247
1.370817
1.370817
1.169192
1.169192
1.307413
1.307413
1.250562
1.250562
1.256998
1.256998
1.314232
1.314232
1.311991
1.311991
1.341289
1.341289
1.057120
1.057120
1.110293
1.110293
1.352410
1.352410
1.329569
1.329569
1.395010
1.395010
1.323236
1.323236
1.238241
1.238241
1.031700
1.031700
1.100783
1.100783
1.273312
1.273312
1.135438
1.135438
1.387816
1.387816
1.321740
1.321740
1.309245
1.309245
1.379574
1.379574
1.199030
1.199030
1.385333
1.385333
1.293277
1.293277
1.272996
1.272996
1.327962
1.327962
1.291605
1.291605
1.393057
1.393057
