1.194254
1.395870
1.194254
1.395870
1.350577
1.350577
1.354684
1.354684
1.302732
1.302732
1.326910
1.326910
1.215159
1.215159
1.249655
1.249655
1.294662
1.294662
1.323158
1.323158
1.195039
1.195039
1.243822
1.243822
1.310273
1.310273
1.292098
1.292098
1.140880
1.140880
1.302061
1.302061
1.305936
1.305936
1.387160
1.387160
1.366301
1.366301
1.286674
1.286674
1.190320
1.190320
1.314741
1.314741
1.328092
1.328092
1.240777
1.240777
1.294308
1.294308
1.284690
1.284690
1.378888
1.378888
1.159359
1.159359
1.382210
1.382210
1.348485
1.348485
1.223515
1.223515
1.192484
1.192484
1.389625
1.389625
1.346318
1.346318
1.391014
1.391014
1.097906
1.097906
