1.269245
1.269245
1.087416
1.087416
1.239749
1.239749
1.146549
1.146549
1.381450
1.381450
1.205657
1.205657
1.236048
1.236048
1.397955
1.397955
1.390165
1.390165
1.165768
1.165768
1.314598
1.314598
1.059935
1.059935
1.279701
1.279701
1.176044
1.176044
1.350938
1.350938
1.375838
1.375838
1.313345
1.313345
1.185306
1.185306
1.216403
1.216403
1.315254
1.315254
1.352727
1.352727
1.091444
1.091444
1.304768
1.304768
1.241338
1.241338
1.372583
1.372583
1.398719
1.398719
1.295927
1.295927
1.313527
1.313527
