1.327517
1.327517
1.124185
1.124185
1.330703
1.330703
1.178887
1.178887
1.350298
1.350298
1.170050
1.170050
1.294553
1.294553
1.322992
1.322992
1.353155
1.353155
1.399976
1.399976
1.366842
1.366842
1.336021
1.336021
1.241307
1.241307
1.369609
1.369609
1.103346
1.103346
1.372952
1.372952
1.385110
1.385110
1.349628
1.349628
1.257824
1.257824
1.360852
1.360852
1.363897
1.363897
1.184219
1.184219
1.361721
1.361721
1.215234
1.215234
1.180379
1.180379
1.340795
1.340795
1.177105
1.177105
1.220139
1.220139
1.275752
1.275752
1.272679
1.272679
1.345359
1.345359
1.393659
1.393659
1.340725
1.340725
1.356549
1.356549
1.363072
1.363072
1.161199
1.161199
1.391033
1.391033
1.373741
1.373741
1.248625
1.248625
1.105513
1.105513
1.397497
1.397497
1.368350
1.368350
1.191569
1.191569
1.191534
1.191534
1.276382
1.276382
1.256897
1.256897
1.349949
1.349949
1.398436
1.398436
1.260129
1.260129
1.368820
1.368820
1.385091
1.385091
1.236011
1.236011
1.382935
1.382935
1.116336
1.116336
1.285815
1.285815
1.299455
1.299455
1.358364
1.358364
1.262822
1.262822
1.383267
1.383267
1.358078
1.358078
1.234516
1.234516
1.343513
1.343513
1.126876
1.126876
1.397895
1.397895
1.377635
1.377635
1.255254
1.255254
1.366886
1.366886
1.353981
1.353981
1.267634
1.267634
1.395429
1.395429
1.353990
1.353990
1.354300
1.354300
1.123743
1.123743
1.357474
1.357474
1.100109
1.100109
1.361679
1.361679
1.337726
1.337726
1.240062
1.240062
1.363534
1.363534
1.201592
1.201592
1.378576
1.378576
1.153191
1.153191
1.161107
1.161107
1.208835
1.208835
1.137812
1.137812
1.291543
1.291543
1.050371
1.050371
1.336305
1.336305
1.389611
1.389611
1.365312
1.365312
1.358636
1.358636
