1.276373
1.276373
1.312743
1.312743
1.291169
1.291169
1.291206
1.291206
1.193072
1.193072
1.383246
1.383246
1.323844
1.323844
1.374512
1.374512
1.396410
1.396410
1.188321
1.188321
1.207582
1.207582
1.096692
1.096692
1.059568
1.059568
1.391809
1.391809
1.182875
1.182875
1.370462
1.370462
1.274065
1.274065
1.190286
1.190286
1.350845
1.350845
1.361353
1.361353
1.149543
1.149543
1.259054
1.259054
1.173337
1.173337
1.292774
1.292774
1.206646
1.206646
1.198705
1.198705
1.255199
1.255199
1.374105
1.374105
1.184919
1.184919
1.077086
1.077086
1.282399
1.282399
1.120773
1.120773
1.325784
1.325784
1.373642
1.373642
1.327289
1.327289
1.219719
1.219719
1.228193
1.228193
1.338020
1.338020
1.102648
1.102648
1.246663
1.246663
1.164624
1.164624
1.293345
1.293345
1.307731
1.307731
1.227879
1.227879
1.144421
1.144421
1.352410
1.352410
1.333100
1.333100
1.319165
1.319165
1.348140
1.348140
1.345891
1.345891
1.350850
1.350850
1.129657
1.129657
