1.380897
1.380897
1.378741
1.378741
1.284615
1.284615
1.238681
1.238681
1.358300
1.358300
1.393446
1.393446
1.377246
1.377246
1.395326
1.395326
1.302621
1.302621
1.229370
1.229370
1.280891
1.280891
1.128083
1.128083
1.289200
1.289200
1.147529
1.147529
1.317282
1.317282
1.316529
1.316529
1.399798
1.399798
1.217131
1.217131
1.228427
1.228427
1.319127
1.319127
1.365803
1.365803
1.327564
1.327564
1.260627
1.260627
1.082633
1.082633
1.233896
1.233896
1.245602
1.245602
1.278899
1.278899
1.150759
1.150759
1.203659
1.203659
1.133685
1.133685
1.314476
1.314476
