1.336540
1.336540
1.254415
1.254415
1.393498
1.393498
1.364679
1.364679
1.399861
1.399861
1.372725
1.372725
1.338588
1.338588
1.355224
1.355224
1.155548
1.155548
1.061786
1.061786
1.281660
1.281660
1.286003
1.286003
1.398700
1.398700
1.380283
1.380283
1.267232
1.267232
1.290378
1.290378
1.170610
1.170610
1.259101
1.259101
1.304148
1.304148
1.228910
1.228910
1.189593
1.189593
1.257890
1.257890
1.178447
1.178447
1.369787
1.369787
1.352887
1.352887
1.337239
1.337239
1.258167
1.258167
1.207234
1.207234
1.252866
1.252866
1.385604
1.385604
1.144931
1.144931
1.371059
1.371059
1.347953
1.347953
1.250857
1.250857
1.260851
1.260851
1.343709
1.343709
1.215707
1.215707
1.075220
1.075220
1.378887
1.378887
1.309752
1.309752
1.315954
1.315954
1.134971
1.134971
1.324694
1.324694
1.262143
1.262143
1.151982
1.151982
1.343067
1.343067
1.156117
1.156117
1.213752
1.213752
1.360986
1.360986
1.387242
1.387242
1.377309
1.377309
1.174919
1.174919
1.265995
1.265995
1.162688
1.162688
1.314247
1.314247
1.308811
1.308811
1.301255
1.301255
1.263830
1.263830
1.384426
1.384426
1.172998
1.172998
1.397628
1.397628
1.253958
1.253958
