1.323761
1.323761
1.273087
1.273087
1.379401
1.379401
1.361188
1.361188
1.333179
1.333179
1.338364
1.338364
1.390244
1.390244
1.148131
1.148131
1.367991
1.367991
1.272502
1.272502
1.336683
1.336683
1.383876
1.383876
1.238411
1.238411
1.056288
1.056288
1.145417
1.145417
1.354829
1.354829
1.273682
1.273682
1.321151
1.321151
1.280225
1.280225
1.164084
1.164084
1.223250
1.223250
1.155856
1.155856
1.289044
1.289044
1.187997
1.187997
1.357492
1.357492
1.397387
1.397387
1.221425
1.221425
1.296376
1.296376
1.230284
1.230284
1.361152
1.361152
1.261297
1.261297
1.260297
1.260297
1.391133
1.391133
1.369168
1.369168
1.380709
1.380709
1.271266
1.271266
1.149990
1.149990
