1.397552
1.397552
1.147372
1.147372
1.130141
1.130141
1.381296
1.381296
1.330612
1.330612
1.282367
1.282367
1.127050
1.127050
1.054244
1.054244
1.232673
1.354135
1.354135
1.232673
1.337700
1.337700
1.331321
1.331321
1.254499
1.254499
1.271663
1.271663
1.292603
1.292603
1.392104
1.392104
1.296023
1.296023
1.293848
1.293848
1.270220
1.270220
1.350652
1.350652
1.370586
1.370586
1.369054
1.369054
1.193447
1.193447
1.376547
1.376547
1.337844
1.337844
1.370248
1.370248
1.373122
1.373122
1.096157
1.096157
1.300669
1.300669
