1.301832
1.301832
1.224641
1.224641
1.215820
1.215820
1.186789
1.186789
1.298304
1.298304
1.275433
1.275433
1.295996
1.295996
1.374744
1.374744
1.372360
1.372360
1.363052
1.363052
1.160725
1.160725
1.317834
1.317834
1.364260
1.364260
1.387803
1.387803
1.217923
1.217923
1.225328
1.225328
1.016224
1.016224
1.334466
1.334466
1.190909
1.190909
1.120719
1.120719
1.340843
1.340843
1.327417
1.327417
1.381223
1.381223
1.235240
1.235240
1.194416
1.194416
1.142421
1.142421
1.382112
1.382112
1.387719
1.387719
1.399029
1.399029
1.111560
1.111560
1.149621
1.149621
1.211647
1.211647
1.361821
1.361821
