1.082412
1.082412
1.355144
1.355144
1.356827
1.356827
1.333319
1.333319
1.361582
1.361582
1.340744
1.340744
1.373367
1.373367
1.181602
1.181602
1.264271
1.264271
1.399591
1.399591
1.353634
1.353634
1.275162
1.275162
1.384282
1.384282
1.154183
1.154183
1.303785
1.303785
1.276518
1.276518
1.359805
1.359805
1.391835
1.391835
1.365023
1.365023
1.312850
1.312850
1.097705
1.097705
1.322761
1.322761
1.386970
1.386970
1.378622
1.378622
1.072940
1.072940
1.198788
1.198788
1.321179
1.321179
1.194120
1.194120
1.353510
1.353510
1.210538
1.210538
1.364439
1.364439
1.277187
1.277187
1.258645
1.258645
1.211619
1.211619
1.262060
1.262060
1.333736
1.333736
1.261658
1.261658
1.355968
1.355968
1.388347
1.388347
1.188929
1.188929
1.193485
1.193485
1.324269
1.324269
1.380182
1.380182
1.328683
1.328683
1.239401
1.239401
