1.292441
1.292441
1.374431
1.374431
1.254828
1.254828
1.206569
1.206569
1.304489
1.304489
1.357635
1.357635
1.326952
1.326952
1.295778
1.295778
1.364413
1.364413
1.388877
1.388877
1.094216
1.094216
1.398739
1.398739
1.381148
1.381148
1.388474
1.388474
1.344962
1.344962
1.262397
1.262397
1.389501
1.389501
1.337368
1.337368
1.341564
1.341564
1.287051
1.287051
1.348374
1.348374
1.268213
1.268213
1.368112
1.368112
1.277207
1.277207
1.195365
1.195365
1.312860
1.312860
1.221927
1.221927
1.312438
1.312438
1.240951
1.240951
1.332820
1.332820
1.331279
1.331279
1.393697
1.393697
1.156648
1.156648
1.229617
1.151463
1.229617
1.151463
1.392484
1.392484
1.083720
1.083720
1.352312
1.352312
1.149471
1.149471
1.392867
1.392867
1.194678
1.194678
1.128163
1.128163
1.228984
1.228984
1.250205
1.250205
1.309292
1.309292
1.339097
1.339097
1.169023
1.169023
1.376579
1.376579
1.353299
1.353299
1.347579
1.347579
1.323676
1.323676
1.241714
1.241714
1.287236
1.287236
1.384559
1.384559
1.279143
1.279143
1.236549
1.236549
1.200554
1.200554
1.217328
1.217328
1.200081
1.200081
1.374947
1.374947
1.309689
1.309689
1.312677
1.312677
1.220034
1.220034
1.227103
1.227103
1.140182
1.140182
1.347141
1.347141
1.159965
1.159965
1.356640
1.356640
