1.315337
1.315337
1.230589
1.230589
1.269293
1.269293
1.126222
1.126222
1.371054
1.371054
1.132872
1.132872
1.370268
1.370268
1.378624
1.378624
1.171212
1.212973
1.212973
1.171212
1.315255
1.315255
1.112617
1.112617
1.307147
1.307147
1.059854
1.301015
1.059854
1.301015
1.375070
1.375070
1.340471
1.340471
1.290812
1.290812
1.356800
1.356800
1.367504
1.367504
1.371994
1.371994
1.167923
1.167923
1.361579
1.361579
1.223579
1.223579
1.321853
1.321853
1.357268
1.357268
1.177770
1.177770
1.341186
1.341186
1.243493
1.243493
1.393011
1.393011
1.222572
1.222572
1.271846
1.286807
1.286807
1.271846
1.077481
1.077481
1.352818
1.352818
1.378285
1.378285
1.248414
1.248414
1.376629
1.376629
1.305738
1.305738
1.337801
1.337801
1.312652
1.312652
1.352244
1.352244
1.266539
1.266539
1.389810
1.389810
1.258928
1.258928
1.384025
1.384025
1.325403
1.325403
1.374750
1.374750
1.378299
1.378299
1.234875
1.234875
1.201779
1.201779
1.278571
1.278571
1.398198
1.398198
1.316609
1.316609
1.323324
1.323324
1.395155
1.395155
1.251387
1.251387
1.364018
1.364018
1.264844
1.264844
1.304535
1.304535
1.395008
1.395008
1.052350
1.052350
1.391871
1.391871
1.257879
1.257879
1.366970
1.366970
1.352308
1.352308
1.278819
1.245522
1.278819
1.245522
1.342662
1.342662
1.382239
1.382239
1.261233
1.261233
1.254130
1.254130
1.252216
1.315923
1.315923
1.252216
1.342008
1.342008
1.197072
1.197072
1.344413
1.344413
1.264830
1.264830
1.291785
1.291785
1.317935
1.317935
1.261742
1.261742
1.236854
1.236854
1.341664
1.341664
1.352612
1.352612
1.390979
1.390979
1.357582
1.357582
1.321378
1.321378
1.391111
1.391111
1.055450
1.055450
1.359139
1.359139
1.288699
1.288699
1.151046
1.151046
1.355901
1.355901
1.260744
1.260744
1.348110
1.348110
1.332060
1.332060
1.391229
1.391229
1.193308
1.161431
1.161431
1.193308
1.283421
1.283421
1.283540
1.283540
1.335029
1.335029
1.151559
1.151559
1.349503
1.349503
1.339608
1.339608
1.393835
1.393835
1.214043
1.214043
1.241548
1.241548
1.147255
1.147255
1.301714
1.301714
1.303228
1.303228
1.273122
1.273122
1.280872
1.280872
1.392818
1.392818
1.352525
1.352525
1.228950
1.228950
1.376361
1.280923
1.376361
1.280923
1.314560
1.314560
1.279543
1.279543
1.337248
1.337248
1.279830
1.279830
1.317104
1.317104
1.329223
1.329223
1.187907
1.187907
1.342935
1.342935
1.328216
1.328216
1.367111
1.367111
1.223797
1.223797
1.307258
1.307258
1.227227
1.227227
1.388285
1.388285
1.257228
1.257228
1.260227
1.260227
1.214054
1.214054
1.177294
1.177294
1.201450
1.201450
1.092685
1.092685
1.275899
1.275899
1.368593
1.368593
1.237738
1.237738
1.284574
1.284574
1.234297
1.234297
1.312008
1.312008
1.341567
1.341567
1.193962
1.193962
1.347317
1.347317
1.395333
1.395333
1.293782
1.293782
1.388062
1.388062
1.283938
1.283938
1.271331
1.271331
1.040399
1.040399
1.379734
1.379734
1.395293
1.395293
1.179237
1.179237
1.392833
1.392833
1.371922
1.371922
1.315763
1.315763
1.108948
1.108948
1.111163
1.111163
1.286558
1.286558
1.256713
1.256713
1.377261
1.377261
1.197760
1.197760
1.284670
1.284670
1.355768
1.355768
1.297271
1.297271
1.378557
1.378557
1.310454
1.310454
1.330605
1.330605
1.292972
1.292972
1.282096
1.282096
1.127852
1.127852
1.363503
1.363503
1.396690
1.396690
1.308310
1.308310
1.236244
1.236244
1.198805
1.198805
1.348810
1.348810
1.075504
1.075504
1.386041
1.386041
1.298050
1.298050
1.146372
1.146372
1.186425
1.186425
1.321704
1.321704
1.097608
1.097608
1.356665
1.356665
1.367560
1.367560
1.347026
1.347026
1.334720
1.334720
1.372489
1.372489
1.279240
1.279240
