1.360373
1.360373
1.393641
1.393641
1.116995
1.116995
1.372861
1.372861
1.303773
1.303773
1.169886
1.169886
1.206813
1.206813
1.307270
1.307270
1.377898
1.377898
1.234670
1.234670
1.362447
1.362447
1.356767
1.098819
1.098819
1.356767
1.395052
1.395052
1.333082
1.333082
1.360477
1.360477
1.260472
1.260472
1.212098
1.212098
1.284432
1.284432
1.139110
1.139110
1.205708
1.205708
1.375171
1.375171
1.148537
1.148537
1.380121
1.354414
1.380121
1.257688
1.257688
1.354414
1.360810
1.360810
1.373134
1.373134
1.256790
1.256790
1.375420
1.375420
1.348858
1.348858
1.362665
1.362665
1.097759
1.097759
1.262138
1.262138
1.344988
1.344988
1.117767
1.117767
1.385603
1.385603
1.371530
1.371530
1.396577
1.396577
1.398325
1.398325
1.318531
1.318531
1.303971
1.303971
1.237044
1.237044
1.398574
1.326074
1.398574
1.326074
1.357096
1.357096
1.351038
1.351038
1.225486
1.225486
1.355306
1.355306
1.256574
1.256574
1.393753
1.393753
1.364977
1.364977
1.048600
1.048600
1.310120
1.310120
1.312585
1.312585
1.261080
1.261080
1.278042
1.278042
1.192775
1.192775
1.203615
1.203615
1.399538
1.399538
1.350976
1.350976
1.224092
1.224092
1.257209
1.257209
1.350902
1.350902
1.202357
1.202357
1.389010
1.389010
1.118092
1.118092
1.326516
1.326516
1.257015
1.257015
1.251992
1.277648
1.277648
1.251992
1.376898
1.376898
1.367457
1.367457
1.301067
1.301067
1.212278
1.212278
1.220162
1.220162
1.146569
1.146569
1.361346
1.361346
1.350895
1.350895
1.210446
1.223386
1.223386
1.210446
1.384132
1.384132
1.345617
1.345617
1.205198
1.205198
1.204868
1.204868
1.397433
1.397433
1.337314
1.337314
1.377588
1.377588
1.200817
1.200817
1.245870
1.245870
1.312969
1.312969
1.319813
1.319813
1.398624
1.398624
1.125221
1.125221
1.287333
1.287333
1.381750
1.223308
1.381750
1.223308
1.192019
1.192019
1.139653
1.139653
1.377322
1.377322
1.374772
1.374772
1.348920
1.348920
1.385197
1.385197
1.316055
1.316055
1.136290
1.136290
1.379677
1.379677
1.160468
1.160468
1.219662
1.219662
1.338484
1.338484
1.295445
1.295445
1.386311
1.386311
1.202838
1.202838
1.111555
1.111555
1.364053
1.364053
1.334056
1.334056
1.317083
1.317083
1.164304
1.164304
1.295288
1.295288
1.368172
1.368172
1.372683
1.372683
1.388023
1.388023
1.307915
1.307915
1.198302
1.198302
1.306727
1.306727
1.322616
1.322616
1.366914
1.366914
1.107743
1.107743
1.232926
1.232926
1.259641
1.259641
1.286297
1.286297
1.258804
1.258804
1.325663
1.325663
1.262994
1.262994
1.290839
1.290839
1.301008
1.301008
1.037450
1.037450
1.337665
1.337665
1.349910
1.349910
1.298193
1.298193
1.325620
1.325620
1.067207
1.067207
1.232768
1.232768
1.216010
1.216010
1.388814
1.388814
1.392024
1.392024
1.396307
1.396307
1.354284
1.354284
1.288204
1.288204
1.241361
1.241361
1.333142
1.333142
1.071099
1.071099
1.393226
1.393226
1.392018
1.392018
1.290799
1.290799
1.222315
1.222315
1.264442
1.264442
1.257239
1.257239
1.281509
1.281509
1.108659
1.108659
1.179108
1.179108
1.239462
1.239462
1.224806
1.224806
1.317222
1.317222
1.156126
1.156126
1.350250
1.350250
1.334959
1.334959
1.383869
1.383869
1.326631
1.326631
1.258255
1.258255
1.284181
1.284181
1.231897
1.231897
1.292448
1.292448
1.377151
1.377151
1.273258
1.273258
1.225939
1.225939
1.344355
1.344355
1.399929
1.399929
1.321138
1.321138
1.113488
1.113488
1.338314
1.338314
1.118707
1.118707
1.251537
1.251537
1.384080
1.384080
1.316315
1.316315
1.373072
1.373072
1.310197
1.310197
1.350141
1.350141
1.159585
1.159585
1.374837
1.374837
1.337675
1.337675
1.114658
1.114658
1.322792
1.322792
1.377871
1.377871
1.081379
1.081379
1.336452
1.336452
1.033830
1.033830
1.232726
1.232726
1.087584
1.087584
1.316617
1.316617
1.270790
1.270790
1.177710
1.177710
1.325735
1.325735
1.361496
1.361496
1.357026
1.357026
1.219102
1.219102
1.349147
1.349147
1.035097
1.035097
1.279725
1.279725
1.359524
1.359524
1.334600
1.392951
1.392951
1.334600
1.363828
1.363828
1.153113
1.153113
1.361655
1.361655
1.292551
1.292551
1.392848
1.392848
1.300444
1.300444
1.301503
1.301503
1.375172
1.375172
1.048010
1.048010
1.315247
1.315247
1.381444
1.381444
1.372706
1.372706
1.285521
1.285521
1.330548
1.330548
1.316685
1.316685
1.351944
1.351944
1.230557
1.230557
1.076465
1.076465
1.370421
1.370421
1.388335
1.388335
1.275623
1.275623
1.354774
1.354774
1.190175
1.190175
1.136262
1.136262
1.236931
1.236931
1.270698
1.270698
1.337611
1.337611
1.313517
1.313517
1.326625
1.326625
1.368410
1.368410
1.298005
1.298005
1.308973
1.308973
1.306409
1.306409
1.273709
1.273709
