1.326745
1.326745
1.192400
1.192400
1.272620
1.272620
1.372267
1.372267
1.317736
1.317736
1.190670
1.190670
1.374709
1.374709
1.158471
1.158471
1.378604
1.378604
1.211688
1.211688
1.383556
1.383556
1.277439
1.277439
1.347248
1.347248
1.281452
1.281452
1.200984
1.200984
1.091537
1.091537
1.289076
1.257588
1.289076
1.257588
1.399960
1.399960
1.087966
1.087966
1.133440
1.133440
1.359955
1.359955
1.219254
1.219254
1.395234
1.395234
1.080178
1.080178
1.092708
1.092708
1.357856
1.357856
1.192773
1.192773
1.305098
1.305098
1.283878
1.283878
1.295567
1.295567
1.351924
1.351924
1.349079
1.349079
1.275482
1.275482
1.349462
1.349462
1.224418
1.224418
1.353036
1.353036
1.247639
1.247639
1.284673
1.284673
1.329184
1.329184
1.247457
1.247457
1.186686
1.186686
1.003443
1.003443
1.357860
1.357860
1.350754
1.350754
1.202020
1.202020
1.333904
1.333904
1.257751
1.257751
1.096868
1.096868
1.232752
1.232752
1.376594
1.376594
1.306404
1.306404
1.233432
1.233432
1.323355
1.367094
1.323355
1.367094
1.233635
1.233635
1.336024
1.336024
1.380115
1.380115
1.399223
1.399223
1.325970
1.325970
1.252418
1.252418
1.310632
1.310632
1.332789
1.332789
1.360170
1.360170
1.387571
1.387571
1.397437
1.397437
1.174198
1.174198
1.248098
1.333179
1.333179
1.248098
1.223460
1.223460
1.282136
1.282136
1.287970
1.287970
1.134264
1.134264
1.217459
1.217459
1.168087
1.168087
1.211359
1.211359
1.342744
1.342744
1.331248
1.331248
1.280818
1.280818
1.196016
1.196016
1.379454
1.379454
1.342469
1.342469
1.318718
1.318718
1.242647
1.242647
1.283861
1.283861
1.356500
1.356500
1.279376
1.279376
1.273455
1.273455
1.298725
1.298725
1.381824
1.381824
1.353117
1.353117
1.280835
1.280835
1.177962
1.177962
1.377439
1.377439
1.369782
1.369782
1.121022
1.121022
1.212972
1.212972
1.126823
1.126823
1.060476
1.060476
1.289060
1.289060
1.164869
1.164869
1.298351
1.298351
1.319379
1.319379
1.393034
1.393034
1.132603
1.132603
1.162229
1.162229
1.258204
1.258204
1.177181
1.177181
1.258995
1.258995
1.377062
1.377062
1.208791
1.208791
1.310227
1.310227
1.266662
1.266662
1.275098
1.275098
1.233114
1.233114
1.375650
1.375650
1.391972
1.391972
1.335182
1.335182
1.397227
1.397227
1.376126
1.376126
1.190547
1.190547
1.220357
1.220357
1.353506
1.353506
1.300641
1.300641
1.153488
1.153488
1.239179
1.239179
1.313976
1.313976
1.282799
1.282799
1.187432
1.187432
1.172791
1.172791
1.346864
1.346864
1.377334
1.377334
1.207228
1.207228
1.384367
1.384367
1.160427
1.160427
1.177195
1.177195
1.320695
1.320695
1.208670
1.208670
1.345083
1.345083
1.203294
1.203294
1.350589
1.350589
1.306395
1.306395
1.279378
1.279378
1.178773
1.178773
1.096723
1.096723
1.328871
1.328871
1.330833
1.330833
1.055117
1.055117
1.301618
1.301618
1.167795
1.167795
1.320100
1.320100
1.262370
1.262370
1.081399
1.081399
1.230220
1.230220
1.387539
1.387539
1.246528
1.246528
1.284046
1.284046
1.320571
1.320571
1.327176
1.327176
1.379330
1.379330
1.290389
1.290389
1.226172
1.226172
1.194424
1.194424
1.274285
1.274285
1.340037
1.340037
1.354245
1.354245
1.220930
1.220930
1.399131
1.399131
1.395987
1.395987
1.277744
1.277744
1.399823
1.399823
1.187217
1.187217
1.332151
1.332151
1.359896
1.359896
1.285748
1.285748
1.296107
1.296107
1.287788
1.287788
1.288676
1.288676
1.311806
1.311806
1.312081
1.312081
1.365405
1.365405
1.318235
1.318235
1.254570
1.254570
1.374590
1.374590
1.360519
1.360519
1.329137
1.329137
1.386845
1.386845
1.198042
1.198042
1.265681
1.265681
1.169882
1.169882
1.250655
1.250655
1.288777
1.288777
1.352202
1.352202
1.168982
1.168982
1.235453
1.235453
1.286991
1.286991
1.248019
1.248019
1.358502
1.358502
1.310771
1.310771
1.281182
1.281182
1.344583
1.344583
1.288084
1.288084
1.391088
1.391088
1.382309
1.382309
1.363664
1.363664
1.134800
1.134800
1.170634
1.170634
1.322507
1.322507
1.302458
1.302458
1.242385
1.242385
1.367361
1.367361
1.083507
1.083507
1.336210
1.336210
1.359909
1.359909
1.230577
1.230577
1.337557
1.337557
1.347572
1.347572
1.161888
1.161888
1.369017
1.369017
1.327649
1.327649
1.304523
1.304523
