1.388277
1.388277
1.352678
1.352678
1.373102
1.373102
1.359669
1.359669
1.331598
1.331598
1.317433
1.317433
1.293134
1.293134
1.330773
1.330773
1.256064
1.256064
1.191535
1.191535
1.350173
1.350173
1.219018
1.219018
1.392625
1.392625
1.267036
1.267036
1.257084
1.257084
1.336290
1.269510
1.269510
1.336290
1.252044
1.252044
1.356368
1.356368
1.123111
1.123111
1.364645
1.364645
1.348454
1.348454
1.236480
1.236480
1.277795
1.277795
1.312631
1.340153
1.312631
1.340153
1.399080
1.399080
1.394504
1.394504
1.321298
1.321298
1.202001
1.202001
1.321535
1.321535
1.225375
1.225375
1.373725
1.373725
1.251811
1.251811
1.379796
1.379796
1.297495
1.297495
1.393687
1.393687
1.063523
1.063523
1.336768
1.336768
1.365321
1.365321
1.254195
1.254195
1.114463
1.114463
1.376440
1.376440
1.320760
1.320760
1.391362
1.391362
1.358309
1.358309
1.286959
1.286959
1.300200
1.300200
1.300027
1.300027
1.328586
1.328586
1.394706
1.394706
1.375681
1.375681
1.271721
1.271721
1.121851
1.121851
1.044899
1.044899
1.307807
1.307807
1.275061
1.275061
1.222894
1.210189
1.222894
1.210189
1.298695
1.298695
1.353879
1.353879
1.314148
1.286145
1.314148
1.286145
1.171695
1.171695
1.188170
1.188170
1.217785
1.217785
1.380650
1.380650
1.287256
1.287256
1.337853
1.337853
1.188259
1.188259
1.149758
1.149758
1.332141
1.332141
1.184816
1.184816
1.186743
1.186743
1.309184
1.309184
1.254296
1.254296
1.362430
1.362430
1.321779
1.321779
1.177164
1.177164
1.317522
1.317522
1.201311
1.201311
1.302270
1.302270
1.389565
1.389565
1.279043
1.279043
1.264693
1.264693
1.298063
1.298063
1.299359
1.299359
1.379040
1.379040
1.168958
1.168958
1.368980
1.368980
1.242689
1.242689
1.337429
1.337429
1.311914
1.311914
1.397535
1.397535
1.143944
1.143944
1.228030
1.228030
1.389811
1.389811
1.344358
1.344358
1.268139
1.268139
1.265937
1.265937
1.381806
1.381806
1.389130
1.389130
1.166091
1.166091
1.184322
1.184322
1.349210
1.349210
1.350090
1.350090
1.234916
1.234916
1.345107
1.345107
1.366869
1.366869
1.326036
1.326036
1.282909
1.282909
1.226561
1.226561
1.314619
1.314619
1.246144
1.246144
1.153576
1.153576
1.385845
1.385845
1.314756
1.314756
1.384220
1.384220
1.340859
1.340859
1.297072
1.297072
1.208698
1.208698
1.188900
1.188900
1.295757
1.295757
1.390376
1.390376
1.376422
1.376422
1.327949
1.327949
1.308070
1.308070
1.352529
1.352529
1.208901
1.208901
1.218969
1.218969
1.294272
1.294272
1.358966
1.358966
1.297955
1.297955
1.288690
1.288690
1.336261
1.336261
1.297883
1.297883
1.316758
1.316758
1.362699
1.362699
1.201793
1.201793
1.287687
1.287687
1.345653
1.345653
1.315960
1.315960
1.360894
1.360894
1.276260
1.276260
1.059939
1.059939
1.237102
1.237102
1.178090
1.178090
1.259635
1.259635
1.185880
1.185880
