1.329699
1.329699
1.187815
1.187815
1.360308
1.360308
1.234499
1.375566
1.234499
1.375566
1.117843
1.117843
1.095037
1.095037
1.309205
1.309205
1.293415
1.293415
1.131274
1.131274
1.326737
1.326737
1.340204
1.340204
1.243863
1.243863
1.183078
1.183078
1.360713
1.360713
1.092575
1.092575
1.293522
1.293522
1.358621
1.358621
1.285513
1.285513
1.328632
1.328632
1.233670
1.233670
1.366714
1.366714
1.279881
1.279881
1.365346
1.365346
1.337543
1.337543
1.126696
1.126696
1.029880
1.029880
1.330124
1.330124
1.293140
1.293140
1.321896
1.321896
1.347401
1.347401
1.399785
1.399785
1.183619
1.183619
1.380026
1.324102
1.324102
1.380026
1.390290
1.390290
1.313552
1.313552
1.184068
1.184068
1.204139
1.204139
1.341100
1.341100
1.358839
1.358839
1.315862
1.315862
1.320836
1.334527
1.334527
1.320836
1.218958
1.218958
1.368942
1.368942
1.358925
1.358925
1.355269
1.355269
1.376312
1.376312
1.327362
1.327362
1.312099
1.312099
1.240938
1.240938
1.370843
1.370843
1.285057
1.285057
1.355209
1.355209
1.191698
1.191698
1.200169
1.200169
1.300244
1.300244
1.330090
1.330090
1.351587
1.351587
1.367899
1.367899
1.350753
1.350753
1.214491
1.214491
1.172667
1.172667
1.377705
1.377705
1.241201
1.241201
1.263521
1.263521
1.264395
1.264395
1.375400
1.375400
1.385892
1.385892
1.388624
1.388624
1.328770
1.328770
1.383588
1.383588
1.292107
1.292107
1.297109
1.297109
1.304225
1.304225
1.273226
1.273226
1.386673
1.386673
1.392906
1.392906
1.364161
1.364161
1.341035
1.341035
1.204838
1.204838
1.297845
1.297845
1.293348
1.293348
1.276613
1.276613
1.255493
1.255493
1.267129
1.267129
1.337955
1.337955
1.374508
1.374508
1.289011
1.289011
1.332138
1.332138
1.134724
1.134724
1.145167
1.145167
1.312562
1.312562
1.170937
1.170937
1.315208
1.315208
1.144675
1.144675
1.350325
1.350325
1.343503
1.343503
1.361585
1.361585
1.384071
1.384071
1.203059
1.203059
1.280581
1.280581
1.335227
1.335227
1.382626
1.382626
1.128166
1.128166
1.263919
1.263919
1.250267
1.250267
1.223953
1.223953
1.135595
1.135595
1.332690
1.332690
1.344345
1.344345
1.156907
1.156907
1.371781
1.371781
1.281162
1.281162
1.388195
1.388195
1.247708
1.247708
1.260222
1.260222
1.224248
1.224248
1.078963
1.078963
1.388982
1.388982
1.117728
1.117728
1.387050
1.387050
1.369852
1.369852
1.306782
1.306782
1.184483
1.184483
1.382034
1.382034
1.399647
1.399647
1.223354
1.223354
1.339094
1.339094
1.196638
1.196638
1.358454
1.358454
1.167071
1.167071
1.241671
1.241671
1.178468
1.178468
1.289612
1.289612
1.333432
1.333432
1.327511
1.327511
1.308410
1.308410
1.375841
1.375841
1.197298
1.197298
1.307071
1.307071
1.159755
1.159755
1.378953
1.378953
1.330882
1.330882
1.379507
1.379507
1.384684
1.384684
1.061989
1.061989
1.301711
1.301711
1.156288
1.156288
1.342073
1.342073
1.189032
1.189032
1.238829
1.238829
1.250777
1.250777
1.357850
1.372297
1.357850
1.372297
1.279263
1.279263
1.240539
1.240539
1.286572
1.286572
1.316710
1.316710
1.394811
1.394811
1.327401
1.327401
1.324516
1.324516
1.389420
1.389420
1.378397
1.378397
1.353164
1.353164
1.321011
1.321011
1.334624
1.334624
1.249906
1.249906
1.341856
1.341856
1.379555
1.379555
1.398508
1.398508
1.298276
1.298276
1.387051
1.387051
1.186928
1.186928
1.298316
1.298316
1.294643
1.294643
1.365366
1.365366
1.369248
1.369248
1.114686
1.114686
1.091732
1.091732
1.283126
1.283126
1.384779
1.384779
1.325601
1.325601
1.238678
1.238678
1.394945
1.394945
1.395635
1.395635
1.346784
1.346784
1.056970
1.056970
1.284414
1.284414
1.338026
1.338026
1.347531
1.347531
1.392902
1.392902
1.324513
1.324513
1.308680
1.308680
1.386054
1.386054
1.320054
1.320054
1.324110
1.324110
1.389610
1.389610
1.299668
1.299668
1.282802
1.282802
1.262304
1.262304
1.222764
1.222764
1.347878
1.347878
1.285215
1.285215
1.379790
1.379790
1.180880
1.180880
1.238079
1.238079
1.332036
1.332036
1.102936
1.102936
1.266942
1.266942
1.389937
1.389937
1.390830
1.390830
1.399261
1.399261
