1.293352
1.293352
1.347183
1.347183
1.299444
1.299444
1.380592
1.380592
1.149853
1.149853
1.381902
1.381902
1.320145
1.320145
1.336712
1.336712
1.385618
1.385618
1.332208
1.332208
1.372683
1.372683
1.044254
1.044254
1.239598
1.239598
1.308248
1.308248
1.273724
1.273724
1.286752
1.286752
1.351139
1.351139
1.156351
1.156351
1.206081
1.206081
1.253052
1.253052
1.356032
1.356032
1.358286
1.358286
1.304582
1.304582
1.062607
1.062607
1.324630
1.324630
1.377176
1.377176
1.372341
1.372341
1.211149
1.211149
1.260531
1.260531
1.211823
1.211823
1.079558
1.079558
1.186418
1.186418
1.255539
1.255539
1.285786
1.285786
1.393969
1.393969
1.378496
1.378496
1.076285
1.076285
1.338853
1.338853
1.384952
1.384952
1.392226
1.392226
1.215387
1.115461
1.215387
1.115461
1.377774
1.377774
1.383044
1.383044
1.320484
1.319098
1.319098
1.320484
1.268659
1.268659
1.370948
1.370948
1.377655
1.377655
1.353754
1.353754
1.144120
1.144120
1.152405
1.152405
1.310873
1.257471
1.310873
1.257471
1.356817
1.356817
1.292268
1.292268
1.378056
1.378056
1.247369
1.247369
1.128267
1.128267
1.111480
1.111480
1.212822
1.212822
1.387514
1.387514
1.230304
1.230304
1.117424
1.117424
1.295809
1.295809
1.358770
1.358770
1.192061
1.192061
1.393081
1.393081
1.380975
1.380975
1.141135
1.141135
1.363450
1.363450
1.374467
1.374467
1.332207
1.332207
1.333265
1.333265
1.316881
1.316881
1.111588
1.111588
1.313379
1.313379
1.340054
1.340054
1.345252
1.345252
1.243868
1.243868
1.103687
1.103687
1.174183
1.174183
1.316209
1.316209
1.349411
1.349411
1.369405
1.369405
1.338896
1.338896
1.344642
1.344642
1.350029
1.350029
1.389919
1.389919
1.298292
1.298292
1.347630
1.347630
1.277158
1.277158
1.255707
1.255707
1.309613
1.309613
1.366534
1.366534
1.372313
1.372313
1.284551
1.284551
1.278510
1.278510
1.395288
1.395288
1.333574
1.333574
1.290605
1.290605
1.322449
1.322449
1.320447
1.320447
1.208434
1.208434
1.397114
1.397114
1.351893
1.351893
1.309321
1.309321
1.398201
1.398201
1.345175
1.345175
1.278020
1.278020
1.320010
1.320010
1.395090
1.395090
1.290857
1.290857
1.305709
1.305709
1.217073
1.217073
1.382622
1.382622
1.120753
1.120753
1.272244
1.272244
1.347573
1.347573
1.308661
1.308661
1.356614
1.356614
1.287306
1.287306
1.274314
1.274314
1.387687
1.387687
1.368024
1.368024
1.060478
1.060478
1.359953
1.359953
1.133678
1.133678
1.159127
1.159127
1.392083
1.392083
1.157370
1.157370
1.249671
1.249671
1.213836
1.213836
1.356904
1.356904
1.320881
1.320881
1.392788
1.392788
1.198229
1.198229
1.062922
1.062922
1.201184
1.201184
1.170755
1.170755
1.159375
1.159375
1.392429
1.392429
1.381739
1.381739
1.207777
1.207777
1.255403
1.255403
1.253774
1.253774
1.396967
1.396967
1.377504
1.377504
1.330875
1.330875
1.386713
1.386713
1.180657
1.180657
1.081610
1.081610
1.241559
1.241559
1.159309
1.159309
1.278565
1.278565
1.053869
1.053869
1.173845
1.173845
1.204450
1.204450
1.368215
1.368215
1.341945
1.341945
1.190783
1.190783
1.362147
1.362147
1.275366
1.275366
1.292061
1.292061
1.361204
1.361204
1.337246
1.337246
1.179489
1.179489
1.381951
1.381951
1.354233
1.354233
1.396006
1.396006
1.304087
1.304087
1.189751
1.189751
