1.243623
1.243623
1.305781
1.305781
1.101549
1.101549
1.304448
1.304448
1.246354
1.246354
1.373744
1.373744
1.271769
1.271769
1.372451
1.372451
1.306028
1.306028
1.273135
1.273135
1.100089
1.318651
1.318651
1.100089
1.293326
1.293326
1.340891
1.340891
1.344587
1.344587
1.263432
1.263432
1.291935
1.291935
1.371849
1.371849
1.369077
1.369077
1.173007
1.173007
1.201008
1.201008
1.174485
1.187451
1.187451
1.174485
1.319568
1.319568
1.370342
1.370342
1.370807
1.370807
1.318809
1.318809
1.126580
1.126580
1.370658
1.370658
1.320962
1.320962
1.383882
1.383882
1.237223
1.220896
1.220896
1.237223
1.374916
1.374916
1.342138
1.342138
1.362354
1.362354
1.393854
1.393854
1.058306
1.058306
1.355699
1.291256
1.355699
1.291256
1.223207
1.223207
1.247530
1.247530
1.368016
1.368016
1.318388
1.318388
1.383092
1.383092
1.307677
1.307677
1.323110
1.323110
1.345577
1.345577
1.189237
1.189237
1.149913
1.149913
1.344548
1.344548
1.157964
1.157964
1.362273
1.362273
1.301138
1.301138
1.299068
1.299068
1.074959
1.074959
1.387448
1.387448
1.163589
1.163589
1.100427
1.100427
1.298220
1.298220
1.385147
1.385147
1.399478
1.399478
1.371060
1.371060
1.260672
1.260672
1.302861
1.302861
1.368759
1.368759
1.306989
1.306989
1.387969
1.387969
1.370085
1.370085
1.376119
1.376119
1.385155
1.385155
1.316018
1.316018
1.341539
1.341539
1.114095
1.114095
1.205399
1.205399
1.293642
1.293642
1.322019
1.322019
1.397572
1.397572
1.253278
1.253278
1.301791
1.301791
1.221466
1.221466
1.210940
1.357757
1.210940
1.357757
1.278183
1.173208
1.173208
1.278183
1.382268
1.382268
1.304475
1.304475
1.152057
1.152057
1.325135
1.325135
1.102524
1.102524
1.252470
1.252470
1.364863
1.364863
1.204443
1.204443
1.232490
1.232490
1.383495
1.383495
1.155925
1.155925
1.319232
1.319232
1.239343
1.239343
1.393639
1.393639
1.199883
1.199883
1.235040
1.235040
1.388823
1.388823
1.213211
1.321745
1.213211
1.321745
1.285800
1.285800
1.174413
1.174413
1.071304
1.071304
1.264364
1.264364
1.357174
1.357174
1.296733
1.392877
1.296733
1.392877
1.398314
1.398314
1.149658
1.149658
1.298477
1.298477
1.280633
1.280633
1.322602
1.322602
1.279030
1.279030
1.268532
1.268532
1.279179
1.279179
1.396894
1.396894
1.268320
1.268320
1.067354
1.067354
1.393585
1.393585
1.184759
1.184759
1.078779
1.078779
1.189392
1.189392
1.184197
1.184197
1.293572
1.293572
1.338492
1.338492
1.288082
1.288082
1.124377
1.124377
1.316549
1.316549
1.067808
1.067808
1.105780
1.105780
1.343310
1.343310
1.310521
1.310521
1.242558
1.242558
1.199376
1.199376
1.378437
1.380883
1.380883
1.378437
1.365794
1.365794
1.086690
1.086690
1.235263
1.235263
1.380953
1.380953
1.171382
1.171382
1.337585
1.337585
1.398558
1.398558
1.371004
1.371004
1.311344
1.311344
1.272431
1.272431
1.383351
1.383351
1.095017
1.095017
1.190688
1.190688
1.340408
1.340408
1.344629
1.344629
1.348260
1.348260
1.324731
1.324731
1.276428
1.276428
1.051617
1.051617
1.299233
1.299233
1.312441
1.312441
1.301795
1.301795
1.134182
1.134182
1.289173
1.289173
1.186792
1.186792
1.353591
1.353591
1.391813
1.391813
1.398641
1.398641
1.136025
1.136025
1.389225
1.389225
1.206491
1.206491
1.300378
1.300378
1.214913
1.214913
1.280956
1.280956
1.047589
1.047589
1.366554
1.366554
1.179159
1.179159
1.384467
1.384467
1.380845
1.380845
1.278796
1.278796
1.240946
1.240946
1.394335
1.394335
1.332129
1.332129
1.195035
1.195035
1.293537
1.293537
1.364056
1.364056
1.057295
1.057295
1.266908
1.266908
1.169754
1.169754
1.340526
1.340526
1.073909
1.073909
1.372710
1.372710
1.323329
1.323329
1.281453
1.281453
1.205830
1.205830
1.291796
1.291796
1.339500
1.339500
1.306924
1.306924
1.195705
1.195705
1.398613
1.398613
1.163137
1.163137
1.368510
1.368510
1.366894
1.366894
1.124244
1.124244
1.350926
1.350926
1.153048
1.153048
1.307320
1.307320
1.366402
1.366402
1.124269
1.124269
1.199886
1.199886
1.345810
1.345810
1.203658
1.203658
1.398095
1.398095
1.164753
1.164753
1.343625
1.343625
1.344776
1.344776
1.357208
1.357208
1.283669
1.283669
1.399877
1.399877
1.395486
1.395486
1.326137
1.326137
1.385888
1.385888
1.302170
1.302170
1.220009
1.220009
1.366062
1.366062
1.349037
1.349037
