1.234304
1.234304
1.254101
1.254101
1.300041
1.300041
1.220927
1.220927
1.335284
1.335284
1.171429
1.171429
1.383335
1.383335
1.090093
1.090093
1.198716
1.308153
1.198716
1.308153
1.241594
1.241594
1.062857
1.062857
1.384897
1.384897
1.389881
1.389881
1.308443
1.308443
1.112743
1.112743
1.207140
1.207140
1.159723
1.159723
1.204159
1.204159
1.367849
1.367849
1.128908
1.128908
1.287537
1.287537
1.389012
1.389012
1.286911
1.286911
1.357131
1.357131
1.350661
1.350661
1.265306
1.265306
1.119447
1.119447
1.370757
1.370757
1.201464
1.201464
1.308521
1.149795
1.149795
1.308521
1.146043
1.146043
1.145033
1.145033
1.228159
1.228159
1.328315
1.328315
1.303108
1.303108
1.371966
1.361071
1.371966
1.361071
1.341386
1.341386
1.328315
1.328315
1.255024
1.255024
1.263466
1.263466
1.138629
1.138629
1.116275
1.116275
1.384014
1.384014
1.346993
1.346993
1.354786
1.354786
1.389970
1.389970
1.302090
1.302090
1.064745
1.064745
1.254035
1.254035
1.110453
1.110453
1.367803
1.367803
1.264727
1.264727
1.352879
1.352879
1.355560
1.355560
1.356275
1.356275
1.212652
1.212652
1.343830
1.343830
1.161722
1.161722
1.338264
1.338264
1.321868
1.321868
1.377982
1.377982
1.371259
1.371259
1.150473
1.150473
1.268722
1.268722
1.197481
1.197481
1.381184
1.381184
1.295712
1.295712
1.348348
1.348348
1.214495
1.214495
1.385287
1.385287
1.154636
1.154636
1.181128
1.181128
1.355748
1.355748
1.322459
1.322459
1.329084
1.329084
1.399112
1.399112
1.388708
1.388708
1.357767
1.357767
1.223392
1.223392
1.395744
1.395744
1.280839
1.280839
1.181339
1.181339
1.100587
1.100587
1.036480
1.036480
1.197966
1.197966
1.225445
1.225445
1.164233
1.164233
1.385139
1.385139
1.375490
1.375490
1.328775
1.328775
1.323682
1.323682
1.326764
1.326764
1.398514
1.398514
1.323458
1.323458
1.332117
1.332117
1.368908
1.368908
1.260785
1.260785
1.217332
1.217332
1.331513
1.331513
1.075056
1.075056
1.174157
1.174157
1.088523
1.088523
1.122555
1.122555
1.197188
1.197188
1.397648
1.397648
1.161894
1.161894
1.359299
1.359299
1.178580
1.178580
1.280222
1.280222
1.346846
1.346846
1.303727
1.303727
1.273675
1.273675
1.156758
1.156758
1.313769
1.313769
1.282070
1.282070
1.160209
1.160209
1.308166
1.308166
1.323099
1.323099
1.197067
1.197067
1.374547
1.374547
1.308050
1.308050
1.259945
1.259945
1.325473
1.325473
1.235465
1.235465
1.254590
1.254590
1.357764
1.357764
1.253468
1.253468
1.333788
1.333788
1.350698
1.350698
1.368598
1.368598
1.352261
1.352261
1.388582
1.388582
1.137904
1.137904
1.283153
1.283153
1.335980
1.335980
1.174261
1.174261
1.089939
1.089939
1.288564
1.288564
1.290735
1.290735
1.167157
1.167157
1.364452
1.364452
1.348197
1.348197
1.129216
1.129216
1.055294
1.055294
1.321528
1.321528
1.102086
1.102086
1.345743
1.345743
1.275368
1.275368
1.255040
1.255040
1.226299
1.226299
1.383269
1.383269
1.212807
1.212807
1.183193
1.183193
1.053644
1.053644
1.371489
1.371489
1.132662
1.132662
1.350582
1.350582
1.368444
1.368444
1.290054
1.290054
1.293628
1.293628
1.283552
1.283552
1.126992
1.126992
1.106984
1.106984
1.393795
1.393795
1.378856
1.378856
1.369285
1.369285
1.306686
1.306686
1.352763
1.352763
1.378001
1.378001
1.371990
1.371990
1.247351
1.247351
1.138074
1.138074
1.163214
1.163214
1.368793
1.368793
1.232855
1.232855
1.319090
1.319090
1.228652
1.228652
1.190578
1.190578
1.308674
1.308674
1.301915
1.301915
1.327706
1.327706
1.376033
1.376033
1.124941
1.124941
1.296997
1.296997
1.389697
1.389697
1.269664
1.269664
1.208978
1.208978
1.327042
1.327042
1.172041
1.172041
1.177866
1.177866
1.308216
1.308216
1.391273
1.391273
1.296536
1.296536
1.352788
1.352788
1.226252
1.226252
1.199966
1.199966
1.194126
1.194126
1.387715
1.387715
1.389385
1.389385
1.361606
1.361606
1.292614
1.292614
1.179124
1.179124
1.261740
1.261740
1.385379
1.385379
1.388538
1.388538
1.393793
1.393793
1.188764
1.188764
1.154952
1.154952
1.377670
1.377670
1.337272
1.337272
1.332569
1.332569
1.187716
1.187716
1.246297
1.246297
1.175593
1.175593
1.168946
1.168946
1.352288
1.352288
1.351093
1.351093
1.189550
1.189550
1.332031
1.332031
1.365630
1.365630
1.366473
1.366473
1.148856
1.148856
1.390840
1.390840
1.337903
1.337903
1.313309
1.313309
1.272992
1.272992
