1.310873
1.310873
1.295763
1.295763
1.238067
1.238067
1.379845
1.379845
1.269550
1.269550
1.337812
1.337812
1.281895
1.281895
1.360593
1.360593
1.362416
1.367821
1.362416
1.367821
1.267783
1.267783
1.384435
1.384435
1.161125
1.161125
1.205182
1.205182
1.231959
1.231959
1.359108
1.359108
1.275117
1.275117
1.218262
1.218262
1.078080
1.078080
1.389154
1.389154
1.310344
1.310344
1.383390
1.383390
1.280822
1.145103
1.145103
1.280822
1.234768
1.234768
1.341393
1.341393
1.220713
1.220713
1.316181
1.316181
1.071350
1.071350
1.134728
1.134728
1.273273
1.273273
1.282342
1.282342
1.321672
1.321672
1.329919
1.329919
1.283133
1.283133
1.233219
1.233219
1.396287
1.396287
1.238938
1.238938
1.327177
1.327177
1.372786
1.372786
1.346856
1.346856
1.398493
1.398493
1.313447
1.313447
1.390819
1.390819
1.292128
1.292128
1.377110
1.377110
1.345382
1.345382
1.398709
1.398709
1.252817
1.252817
1.330794
1.330794
1.385462
1.385462
1.066360
1.066360
1.223603
1.223603
1.166357
1.166357
1.359041
1.359041
1.377547
1.377547
1.320261
1.320261
1.352710
1.352710
1.379162
1.379162
1.297848
1.297848
1.310385
1.310385
1.380236
1.380236
1.386287
1.386287
1.069088
1.069088
1.332927
1.332927
1.309034
1.309034
1.189366
1.189366
1.059318
1.059318
1.320224
1.320224
1.329306
1.329306
1.162559
1.162559
1.397688
1.397688
1.364575
1.364575
1.322082
1.322082
1.397371
1.273913
1.397371
1.273913
1.197865
1.197865
1.276459
1.276459
1.342763
1.342763
1.331899
1.331899
1.367099
1.367099
1.279428
1.279428
1.286774
1.286774
1.284718
1.284718
1.331919
1.331919
1.305604
1.305604
1.352431
1.352431
1.391050
1.391050
1.380860
1.380860
1.336072
1.336072
1.239662
1.239662
1.270456
1.270456
1.387319
1.387319
1.285819
1.285819
1.248586
1.248586
1.306865
1.306865
1.367532
1.367532
1.120103
1.120103
1.197527
1.197527
1.357669
1.357669
1.041412
1.041412
1.331604
1.331604
1.273744
1.273744
1.388010
1.388010
1.299687
1.299687
1.296565
1.296565
1.385115
1.385115
1.114011
1.114011
1.333618
1.333618
1.336690
1.336690
1.300749
1.300749
1.289311
1.289311
1.390403
1.390403
1.347803
1.347803
1.323371
1.323371
1.374032
1.374032
1.351198
1.351198
1.372382
1.372382
1.294967
1.294967
1.377157
1.377157
1.314712
1.314712
1.250501
1.250501
1.082923
1.082923
1.325046
1.325046
1.392266
1.392266
1.247032
1.247032
1.314091
1.314091
1.396121
1.396121
1.395961
1.395961
1.158919
1.158919
1.261875
1.261875
1.210790
1.210790
1.370457
1.370457
1.347991
1.347991
1.312566
1.312566
1.194586
1.194586
1.368813
1.368813
1.245901
1.245901
1.349795
1.349795
1.331834
1.331834
1.124553
1.124553
1.202349
1.202349
1.397366
1.397366
1.161948
1.161948
1.322119
1.322119
1.380732
1.380732
1.324936
1.324936
1.304789
1.304789
1.367222
1.367222
1.235880
1.235880
1.211371
1.211371
1.368603
1.368603
1.178712
1.178712
1.238686
1.238686
1.370131
1.370131
1.240931
1.240931
1.365108
1.365108
1.269118
1.269118
1.265283
1.265283
1.190848
1.190848
1.375439
1.375439
1.294423
1.294423
1.389243
1.389243
1.273738
1.273738
1.324506
1.324506
1.081571
1.081571
1.285116
1.285116
1.352239
1.352239
