1.118023
1.118023
1.173294
1.173294
1.101451
1.101451
1.365667
1.365667
1.111364
1.111364
1.225112
1.225112
1.356552
1.139293
1.139293
1.356552
1.294512
1.294512
1.394124
1.394124
1.184635
1.184635
1.214074
1.214074
1.183654
1.183654
1.119031
1.119031
1.175202
1.175202
1.233705
1.178711
1.233705
1.178711
1.374780
1.374780
1.378427
1.378427
1.266137
1.266137
1.357617
1.357617
1.372456
1.372456
1.390321
1.390321
1.322947
1.322947
1.271663
1.271663
1.327652
1.327652
1.176138
1.176138
1.373017
1.373017
1.083692
1.083692
1.369055
1.369055
1.249448
1.249448
1.200150
1.200150
1.392356
1.390075
1.392356
1.390075
1.228742
1.228742
1.340985
1.340985
1.090370
1.090370
1.388900
1.388900
1.299644
1.299644
1.340445
1.340445
1.368509
1.368509
1.231521
1.231521
1.172914
1.172914
1.291269
1.291269
1.277027
1.277027
1.287313
1.287313
1.391610
1.391610
1.253512
1.253512
1.214643
1.214643
1.168882
1.168882
1.217944
1.217944
1.263294
1.263294
1.279609
1.279609
1.229406
1.229406
1.331649
1.331649
1.364209
1.364209
1.328836
1.328836
1.179123
1.179123
1.351095
1.351095
1.172201
1.172201
1.305651
1.305651
1.202738
1.202738
1.155218
1.155218
1.283691
1.283691
1.126934
1.126934
1.294834
1.294834
1.105539
1.105539
1.360662
1.360662
1.337779
1.337779
1.369511
1.369511
1.340823
1.340823
1.385887
1.385887
1.063461
1.063461
1.151402
1.151402
1.366961
1.366961
1.333187
1.333187
1.396163
1.396163
1.235804
1.235804
1.276608
1.276608
1.394165
1.394165
1.330108
1.330108
1.337491
1.337491
1.270525
1.270525
1.368178
1.368178
1.306554
1.306554
1.345322
1.345322
1.176955
1.176955
1.206306
1.206306
1.396984
1.396984
1.380125
1.380125
1.241899
1.241899
1.355944
1.355944
1.289017
1.289017
1.346649
1.346649
1.146448
1.146448
1.311741
1.311741
1.199144
1.199144
1.358699
1.358699
1.336358
1.336358
1.334033
1.334033
1.310408
1.310408
1.258989
1.258989
1.130999
1.130999
1.369814
1.369814
1.226561
1.226561
1.186028
1.186028
1.253190
1.253190
1.164940
1.164940
1.395916
1.395916
1.180732
1.180732
1.194602
1.194602
1.200388
1.200388
1.303085
1.303085
1.282963
1.282963
1.268417
1.268417
1.196569
1.196569
1.202572
1.202572
1.395977
1.395977
1.010334
1.010334
1.242085
1.242085
1.362382
1.362382
1.119261
1.119261
1.396949
1.396949
1.198699
1.198699
1.258540
1.258540
1.224877
1.224877
1.321646
1.321646
1.284995
1.284995
1.310720
1.310720
1.209893
1.209893
1.315686
1.315686
1.307628
1.307628
1.284817
1.284817
1.059157
1.059157
1.356822
1.356822
1.273385
1.273385
1.270397
1.270397
1.284179
1.284179
1.224232
1.224232
1.312502
1.312502
1.377024
1.377024
1.391342
1.391342
1.307845
1.307845
1.351544
1.351544
1.243053
1.243053
1.374460
1.374460
1.392152
1.392152
1.180839
1.180839
1.095238
1.095238
1.255691
1.255691
