1.308819
1.308819
1.356632
1.356632
1.258263
1.258263
1.330153
1.330153
1.237762
1.237762
1.179267
1.179267
1.254974
1.254974
1.352172
1.352172
1.229751
1.229751
1.339024
1.339024
1.390665
1.390665
1.321441
1.386271
1.386271
1.321441
1.037313
1.037313
1.187869
1.187869
1.097971
1.097971
1.213393
1.213393
1.338621
1.338621
1.379688
1.379688
1.377582
1.377582
1.231868
1.231868
1.277081
1.277081
1.396757
1.396757
1.169063
1.169063
1.327630
1.327630
1.293315
1.293315
1.352286
1.352286
1.034817
1.034817
1.264874
1.264874
1.253192
1.253192
1.123065
1.123065
1.354108
1.354108
1.374560
1.374560
1.200452
1.200452
1.354411
1.354411
1.255752
1.374210
1.250037
1.374210
1.250037
1.255752
1.374560
1.374560
1.263477
1.263477
1.315004
1.315004
1.223169
1.223169
1.290011
1.290011
1.331818
1.331818
1.248772
1.248772
1.397785
1.397785
1.194279
1.194279
1.294006
1.294006
1.257052
1.257052
1.225180
1.225180
1.390422
1.390422
1.303454
1.269168
1.269168
1.303454
1.266210
1.266210
1.376445
1.370540
1.376445
1.370540
1.287953
1.287953
1.371940
1.371940
1.246127
1.246127
1.226112
1.226112
1.360866
1.360866
1.196719
1.196719
1.393232
1.393232
1.388980
1.388980
1.263149
1.263149
1.326486
1.326486
1.273172
1.273172
1.277305
1.277305
1.385322
1.385322
1.172789
1.172789
1.249683
1.249683
1.260035
1.260035
1.162122
1.162122
1.303317
1.303317
1.179684
1.179684
1.180626
1.180626
1.236057
1.236057
1.349583
1.349583
1.152894
1.152894
1.356499
1.356499
1.325918
1.325918
1.369035
1.369035
1.368672
1.368672
1.340460
1.340460
1.314579
1.314579
1.305674
1.305674
1.391956
1.391956
1.234551
1.234551
1.282505
1.282505
1.327340
1.327340
1.188709
1.188709
1.346424
1.346424
1.186001
1.186001
1.296382
1.296382
1.321117
1.321117
1.298951
1.298951
1.298065
1.298065
1.144968
1.144968
1.391086
1.391086
1.225306
1.225306
1.182783
1.182783
1.312749
1.312749
1.392885
1.392885
1.373874
1.373874
1.124311
1.124311
1.373482
1.373482
1.272230
1.272230
1.384778
1.384778
1.276009
1.276009
1.285494
1.285494
1.286759
1.286759
1.182875
1.182875
1.168612
1.168612
1.227210
1.227210
1.393114
1.393114
1.079947
1.079947
1.374603
1.374603
1.084608
1.084608
1.356116
1.356116
1.369588
1.369588
1.229882
1.229882
1.281753
1.281753
1.318402
1.382987
1.318402
1.382987
1.385892
1.385892
1.336141
1.336141
1.248898
1.248898
1.304268
1.304268
1.358813
1.358813
1.383405
1.383405
1.399521
1.399521
1.279471
1.279471
1.399159
1.399159
1.392926
1.392926
1.174415
1.174415
1.336994
1.336994
1.392534
1.392534
1.382616
1.382616
1.365882
1.365882
1.382546
1.382546
1.216969
1.216969
1.394303
1.394303
1.243990
1.243990
1.234985
1.234985
1.155257
1.155257
1.224323
1.224323
1.274815
1.274815
1.377295
1.377295
1.181452
1.181452
1.397300
1.397300
1.265956
1.265956
1.289800
1.289800
1.010627
1.010627
1.284561
1.284561
1.372713
1.372713
1.332503
1.332503
1.290800
1.290800
1.169157
1.169157
1.293520
1.293520
1.082505
1.082505
1.183720
1.183720
1.191041
1.191041
1.323448
1.323448
1.308820
1.308820
1.379521
1.379521
1.150317
1.150317
1.378953
1.378953
1.371964
1.371964
1.138338
1.138338
1.032252
1.032252
1.315225
1.315225
1.343202
1.343202
1.288470
1.288470
1.295290
1.295290
1.297759
1.297759
1.336373
1.336373
1.394355
1.394355
1.269653
1.269653
1.225479
1.225479
1.047323
1.047323
1.116941
1.116941
1.211747
1.211747
1.377573
1.377573
1.311803
1.311803
1.312749
1.312749
1.392177
1.392177
1.361421
1.361421
1.109761
1.109761
1.355872
1.355872
1.348669
1.348669
1.079024
1.079024
1.339869
1.339869
1.386074
1.386074
1.393622
1.393622
1.366083
1.366083
1.295484
1.295484
1.081026
1.081026
1.355703
1.355703
1.304387
1.304387
1.342340
1.342340
1.393174
1.393174
1.294664
1.294664
1.276562
1.276562
1.349657
1.349657
1.356626
1.356626
1.333120
1.333120
1.143347
1.143347
1.361218
1.361218
1.370136
1.370136
1.314768
1.314768
1.343435
1.343435
1.392960
1.392960
1.221642
1.221642
1.341211
1.341211
1.379203
1.379203
1.317299
1.317299
