1.359635
1.359635
1.297521
1.297521
1.340238
1.340238
1.370472
1.370472
1.316929
1.316929
1.326422
1.326422
1.290281
1.290281
1.364113
1.364113
1.302023
1.285660
1.285660
1.302023
1.252556
1.252556
1.329548
1.329548
1.364397
1.364397
1.325101
1.325101
1.395576
1.395576
1.296604
1.296604
1.169153
1.169153
1.396941
1.396941
1.206684
1.206684
1.259390
1.259390
1.278506
1.278506
1.246087
1.246087
1.199509
1.199509
1.318848
1.318848
1.298056
1.298056
1.331113
1.331113
1.134280
1.134280
1.294414
1.294414
1.316481
1.316481
1.265730
1.265730
1.345537
1.345537
1.213730
1.213730
1.352087
1.352087
1.388553
1.388553
1.328080
1.328080
1.279199
1.279199
1.270309
1.270309
1.308429
1.308429
1.263409
1.263409
1.313452
1.313452
1.340198
1.340198
1.224531
1.224531
1.385078
1.385078
1.247567
1.247567
1.352521
1.352521
1.379324
1.379324
1.125623
1.125623
1.239925
1.239925
1.189889
1.189889
1.349773
1.349773
1.159499
1.159499
1.357094
1.357094
1.282854
1.282854
1.327835
1.327835
1.333617
1.333617
1.345015
1.345015
1.140962
1.140962
1.352740
1.352740
1.229845
1.229845
1.389768
1.389768
1.346302
1.346302
1.394520
1.394520
1.220229
1.220229
1.081986
1.081986
1.174639
1.174639
1.206279
1.206279
1.075996
1.075996
1.334871
1.334871
1.296267
1.296267
1.355465
1.355465
1.316764
1.316764
1.279584
1.279584
1.186204
1.186204
1.354194
1.354194
1.134969
1.134969
1.217735
1.217735
1.383500
1.383500
1.308835
1.308835
1.201106
1.201106
1.313426
1.313426
1.193811
1.193811
1.139722
1.139722
1.371573
1.371573
1.288572
1.288572
1.253863
1.253863
1.381688
1.381688
1.175254
1.175254
1.386805
1.386805
1.364799
1.364799
1.362312
1.362312
1.308080
1.308080
1.237635
1.237635
1.376040
1.376040
1.217898
1.217898
1.084888
1.084888
1.191500
1.191500
1.358596
1.358596
1.338988
1.338988
1.338860
1.338860
1.254270
1.254270
1.143558
1.143558
1.296289
1.296289
1.371454
1.371454
1.122796
1.122796
1.236129
1.236129
1.263114
1.263114
1.251298
1.251298
1.376121
1.287085
1.376121
1.287085
1.363795
1.363795
1.162136
1.162136
1.371805
1.371805
1.309112
1.309112
1.351845
1.351845
1.182154
1.182154
1.368719
1.368719
1.206025
1.206025
1.399222
1.399222
1.381932
1.381932
1.387622
1.387622
1.325111
1.325111
1.265802
1.265802
1.261718
1.261718
1.299381
1.299381
1.395207
1.395207
1.332971
1.332971
1.268454
1.268454
1.322733
1.322733
1.342594
1.342594
1.335230
1.335230
1.340493
1.340493
1.267475
1.267475
1.067850
1.067850
1.264223
1.264223
1.366152
1.366152
1.390197
1.390197
1.205876
1.205876
1.259063
1.259063
1.297588
1.297588
1.305378
1.305378
1.014735
1.014735
1.355307
1.355307
1.365107
1.365107
1.279267
1.279267
1.174214
1.174214
1.367065
1.367065
1.218948
1.218948
1.283045
1.283045
1.073918
1.073918
1.209928
1.209928
1.374657
1.374657
1.397581
1.397581
1.386963
1.386963
1.375452
1.375452
1.236955
1.236955
1.375687
1.375687
1.274629
1.274629
1.324711
1.324711
1.224749
1.224749
1.380867
1.380867
1.103336
1.103336
1.395054
1.395054
1.314475
1.314475
1.222740
1.222740
1.320328
1.320328
1.266034
1.266034
1.357546
1.357546
1.286400
1.286400
1.258753
1.258753
1.357688
1.357688
1.390868
1.390868
1.274849
1.274849
1.397445
1.397445
1.394798
1.394798
1.292254
1.292254
1.344972
1.344972
1.368289
1.368289
1.151892
1.151892
1.377623
1.377623
1.375991
1.375991
1.178799
1.178799
1.311242
1.311242
1.355566
1.355566
1.387715
1.387715
1.145283
1.145283
1.397912
1.397912
1.089976
1.089976
1.318108
1.318108
1.291692
1.291692
1.209159
1.209159
