1.029075
1.029075
1.287680
1.287680
1.336158
1.336158
1.358459
1.358459
1.397978
1.397978
1.369876
1.369876
1.320510
1.320510
1.398291
1.398291
1.300486
1.180514
1.300486
1.180514
1.234138
1.234138
1.213667
1.213667
1.393292
1.393292
1.339982
1.339982
1.324859
1.324859
1.307125
1.307125
1.371467
1.371467
1.318884
1.318884
1.374594
1.374594
1.348648
1.348648
1.230970
1.230970
1.171473
1.171473
1.327825
1.327825
1.332814
1.332814
1.148527
1.148527
1.242816
1.242816
1.184523
1.184523
1.247031
1.247031
1.359877
1.359877
1.296928
1.296928
1.267618
1.267618
1.245690
1.245690
1.354381
1.354381
1.282520
1.282520
1.106758
1.106758
1.351446
1.292004
1.292004
1.351446
1.272020
1.272020
1.115257
1.115257
1.328421
1.328421
1.205121
1.205121
1.343453
1.343453
1.371601
1.371601
1.347510
1.347510
1.378751
1.378751
1.375349
1.375349
1.035960
1.035960
1.151394
1.151394
1.234163
1.234163
1.137656
1.137656
1.099690
1.099690
1.359918
1.359918
1.291622
1.291622
1.249442
1.249442
1.297625
1.297625
1.137921
1.137921
1.388781
1.388781
1.325000
1.325000
1.252118
1.252118
1.367536
1.367536
1.382799
1.382799
1.285419
1.285419
1.372300
1.372300
1.380354
1.380354
1.383589
1.383589
1.249199
1.249199
1.397290
1.397290
1.334659
1.334659
1.268579
1.268579
1.316590
1.316590
1.089727
1.089727
1.163857
1.163857
1.228235
1.228235
1.273128
1.273128
1.089605
1.089605
1.257858
1.257858
1.388223
1.388223
1.369357
1.369357
1.260830
1.260830
1.222565
1.222565
1.346439
1.346439
1.360025
1.360025
1.316878
1.316878
1.309152
1.309152
1.371316
1.371316
1.186398
1.186398
1.207768
1.207768
1.089122
1.089122
1.365793
1.365793
1.152782
1.152782
1.317951
1.317951
1.354815
1.354815
1.366738
1.366738
1.276546
1.276546
1.369741
1.369741
1.265491
1.265491
1.212584
1.212584
1.190129
1.190129
1.380292
1.380292
1.232613
1.232613
1.136118
1.136118
1.112183
1.112183
1.267899
1.267899
1.273588
1.273588
1.388409
1.388409
1.266051
1.266051
1.139458
1.139458
1.288473
1.288473
1.242044
1.242044
1.303915
1.303915
1.247733
1.247733
1.129613
1.129613
1.247004
1.247004
1.376279
1.376279
1.315537
1.315537
1.379662
1.379662
1.192141
1.192141
1.329478
1.329478
1.387816
1.387816
1.298032
1.298032
1.295307
1.295307
1.108299
1.108299
1.277753
1.277753
1.303113
1.303113
1.211057
1.211057
1.386470
1.386470
1.281206
1.281206
1.049154
1.049154
1.344639
1.344639
1.295770
1.295770
1.220462
1.220462
1.157740
1.157740
1.323343
1.323343
1.192783
1.192783
1.349952
1.349952
1.060499
1.060499
1.359826
1.359826
1.348184
1.348184
1.294267
1.294267
1.385723
1.385723
1.371235
1.371235
1.240895
1.240895
1.356601
1.356601
1.381177
1.381177
1.045497
1.045497
1.342837
1.342837
1.206913
1.206913
1.117385
1.117385
1.247956
1.247956
1.266078
1.266078
1.168186
1.168186
1.188925
1.188925
1.338658
1.338658
1.341855
1.341855
1.147200
1.147200
1.220056
1.220056
1.399446
1.399446
1.275558
1.275558
1.180720
1.180720
1.314947
1.314947
1.250971
1.250971
1.161250
1.161250
1.096053
1.096053
1.248665
1.248665
1.161354
1.161354
1.196431
1.196431
1.198029
1.198029
1.150010
1.150010
1.375484
1.375484
1.185604
1.185604
1.255602
1.255602
