1.315444
1.315444
1.355464
1.355464
1.129452
1.129452
1.340038
1.340038
1.139484
1.139484
1.253886
1.253886
1.180212
1.180212
1.324564
1.240951
1.240951
1.324564
1.112268
1.112268
1.158692
1.158692
1.354326
1.354326
1.333543
1.333543
1.388802
1.388802
1.229344
1.229344
1.127400
1.127400
1.319700
1.319700
1.284279
1.284279
1.234443
1.234443
1.360319
1.360319
1.300107
1.300107
1.298821
1.298821
1.218504
1.218504
1.319147
1.319147
1.336391
1.336391
1.212918
1.212918
1.269548
1.269548
1.191055
1.191055
1.340466
1.340466
1.273937
1.273937
1.308851
1.308851
1.369922
1.369922
1.352995
1.352995
1.327043
1.327043
1.304047
1.304047
1.144911
1.144911
1.376721
1.376721
1.393433
1.393433
1.274132
1.380327
1.380327
1.274132
1.206074
1.206074
1.341462
1.341462
1.365101
1.365101
1.237361
1.237361
1.234020
1.234020
1.191711
1.191711
1.306427
1.306427
1.140552
1.140552
1.294920
1.294920
1.271206
1.271206
1.296916
1.296916
1.014019
1.014019
1.394418
1.340004
1.340004
1.394418
1.343885
1.343885
1.261653
1.337947
1.261653
1.337947
1.379408
1.379408
1.325360
1.325360
1.330000
1.330000
1.213433
1.213433
1.380102
1.059414
1.059414
1.329776
1.329776
1.380102
1.379220
1.379220
1.370596
1.370596
1.385298
1.385298
1.359907
1.359907
1.256922
1.256922
1.257800
1.257800
1.349102
1.349102
1.336869
1.336869
1.337425
1.337425
1.388594
1.388594
1.397792
1.397792
1.324513
1.324513
1.390498
1.390498
1.316023
1.316023
1.097503
1.358631
1.097503
1.358631
1.389693
1.389693
1.089360
1.089360
1.266090
1.266090
1.300301
1.300301
1.206563
1.206563
1.254041
1.254041
1.077411
1.077411
1.370967
1.370967
1.354365
1.354365
1.346862
1.346862
1.263441
1.263441
1.281218
1.360579
1.281218
1.360579
1.286375
1.286375
1.358166
1.358166
1.288952
1.288952
1.381036
1.381036
1.304994
1.304994
1.387329
1.387329
1.334967
1.334967
1.333163
1.333163
1.175520
1.326537
1.175520
1.326537
1.365994
1.365994
1.288565
1.288565
1.210320
1.210320
1.214908
1.214908
1.317818
1.317818
1.311973
1.311973
1.196926
1.196926
1.329029
1.329029
1.126887
1.126887
1.397897
1.397897
1.304105
1.304105
1.213321
1.213321
1.203293
1.203293
1.350093
1.350093
1.265322
1.265322
1.214560
1.214560
1.260479
1.260479
1.256550
1.256550
1.237429
1.237429
1.282591
1.282591
1.283221
1.283221
1.267254
1.267254
1.273362
1.273362
1.205753
1.205753
1.289424
1.289424
1.363093
1.363093
1.352839
1.352839
1.138128
1.138128
1.330773
1.330773
1.327897
1.394642
1.394642
1.284462
1.284462
1.327897
1.308263
1.308263
1.139453
1.139453
1.248953
1.248953
1.230181
1.230181
1.391587
1.391587
1.371569
1.371569
1.262864
1.352481
1.262864
1.352481
1.322451
1.322451
1.324796
1.324796
1.226607
1.226607
1.325066
1.325066
1.270900
1.270900
1.391384
1.391384
1.358292
1.358292
1.380601
1.380601
1.313289
1.313289
1.353476
1.353476
1.346266
1.346266
1.378337
1.378337
1.201374
1.201374
1.376262
1.376262
1.325803
1.325803
1.356398
1.356398
1.265438
1.265438
1.116980
1.116980
1.386341
1.386341
1.320841
1.320841
1.232847
1.232847
1.305272
1.305272
1.358974
1.358974
1.101818
1.101818
1.105795
1.105795
1.391637
1.391637
1.326211
1.326211
1.399250
1.399250
1.287597
1.287597
1.367851
1.367851
1.113670
1.113670
1.366388
1.366388
1.209943
1.209943
1.349680
1.349680
1.119997
1.119997
1.312684
1.312684
1.200152
1.200152
1.303843
1.303843
1.162847
1.162847
1.360429
1.360429
1.357556
1.357556
1.261233
1.261233
1.307226
1.307226
1.385784
1.385784
1.255785
1.255785
1.366974
1.366974
1.288359
1.288359
1.258131
1.258131
1.375212
1.375212
1.238006
1.238006
1.194254
1.194254
1.308889
1.308889
1.294058
1.294058
1.199742
1.199742
1.338575
1.338575
1.360751
1.360751
1.296523
1.296523
1.387488
1.387488
1.341785
1.341785
1.165156
1.165156
1.351657
1.351657
1.336030
1.336030
1.325394
1.325394
1.147611
1.147611
1.045652
1.045652
1.247631
1.247631
1.315704
1.315704
1.330498
1.330498
1.285421
1.285421
1.266753
1.266753
1.258546
1.258546
1.366397
1.366397
1.272139
1.272139
1.244452
1.244452
1.119626
1.119626
1.167004
1.167004
1.209886
1.209886
1.279399
1.279399
1.270786
1.270786
1.241873
1.241873
1.353978
1.353978
1.380648
1.380648
1.324282
1.324282
1.340105
1.340105
1.367250
1.367250
1.316962
1.316962
1.297050
1.297050
1.125252
1.125252
1.390165
1.390165
1.350608
1.350608
1.253022
1.253022
1.288139
1.288139
1.281740
1.281740
1.197540
1.197540
1.363059
1.363059
1.342548
1.342548
1.369639
1.369639
1.303458
1.303458
1.270137
1.270137
1.300592
1.300592
1.267993
1.267993
1.071629
1.071629
1.398432
1.398432
1.067364
1.067364
1.279278
1.279278
1.200779
1.200779
1.370705
1.370705
1.174310
1.174310
1.218848
1.218848
1.051192
1.051192
1.264391
1.264391
1.240666
1.240666
1.097966
1.097966
1.334348
1.334348
1.245070
1.245070
1.374635
1.374635
1.068888
1.068888
1.129253
1.129253
1.307168
1.307168
1.315153
1.315153
1.081564
1.081564
1.208449
1.208449
1.343288
1.343288
1.267606
1.267606
1.286907
1.286907
1.148292
1.148292
1.181478
1.181478
1.217631
1.217631
1.145389
1.145389
