1.262785
1.262785
1.284542
1.284542
1.340639
1.340639
1.276773
1.276773
1.288814
1.288814
1.358998
1.358998
1.372838
1.372838
1.268893
1.268893
1.207845
1.207845
1.231050
1.231050
1.302669
1.302669
1.267518
1.267518
1.341101
1.369890
1.341101
1.369890
1.360502
1.360502
1.232151
1.232151
1.198684
1.198684
1.305844
1.398052
1.331919
1.305844
1.398052
1.331919
1.387030
1.387030
1.300428
1.300428
1.296423
1.389810
1.259553
1.259553
1.296423
1.389810
1.203275
1.203275
1.246116
1.246116
1.245361
1.245361
1.128167
1.128167
1.341624
1.398724
1.398724
1.341624
1.278588
1.278588
1.205217
1.205217
1.263148
1.263148
1.351298
1.351298
1.390509
1.390509
1.327324
1.327324
1.240506
1.240506
1.373283
1.373283
1.391073
1.391073
1.314332
1.314332
1.365214
1.365214
1.344196
1.344196
1.300147
1.390281
1.300147
1.390281
1.318419
1.318419
1.086431
1.086431
1.233745
1.233745
1.384449
1.384449
1.329750
1.329000
1.329750
1.262165
1.329000
1.262165
1.398055
1.398055
1.387569
1.387569
1.362000
1.362000
1.287773
1.287773
1.293637
1.293637
1.156693
1.156693
1.194318
1.194318
1.200504
1.200504
1.159485
1.159485
1.386644
1.386644
1.297545
1.297545
1.391276
1.391276
1.383823
1.383823
1.073226
1.073226
1.367309
1.367309
1.287318
1.287318
1.385043
1.385043
1.384001
1.384001
1.268752
1.268752
1.275583
1.275583
1.308504
1.308504
1.250879
1.250879
1.288497
1.288497
1.042866
1.042866
1.351564
1.351564
1.397315
1.397315
1.224226
1.224226
1.364249
1.364249
1.376406
1.376406
1.232504
1.232504
1.171872
1.171872
1.306958
1.306958
1.051264
1.051264
1.389299
1.389299
1.160085
1.160085
1.340906
1.340906
1.360993
1.360993
1.132944
1.132944
1.356938
1.356938
1.302431
1.302431
1.289931
1.289931
1.281959
1.281959
1.272530
1.272530
1.300539
1.300539
1.134801
1.134801
1.390837
1.390837
1.286014
1.286014
1.302907
1.302907
1.328475
1.328475
1.123807
1.123807
1.249013
1.249013
1.344420
1.344420
1.364290
1.364290
1.314103
1.314103
1.362623
1.362623
1.134785
1.134785
1.378752
1.378752
1.299171
1.111394
1.111394
1.299171
1.304117
1.304117
1.349353
1.349353
1.296021
1.296021
1.033677
1.033677
1.302661
1.302661
1.386534
1.386534
1.119176
1.119176
1.347822
1.347822
1.261987
1.261987
1.319910
1.319910
1.291347
1.291347
1.341528
1.177677
1.341528
1.177677
1.388829
1.388829
1.257161
1.257161
1.368398
1.368398
1.139866
1.139866
1.389411
1.389411
1.334342
1.334342
1.280829
1.280829
1.155105
1.155105
1.248292
1.248292
1.226653
1.226653
1.266624
1.266624
1.233791
1.233791
1.378596
1.378596
1.246866
1.246866
1.318601
1.318601
1.375004
1.369424
1.375004
1.369424
1.278019
1.278019
1.334894
1.334894
1.141956
1.141956
1.360970
1.360970
1.272378
1.272378
1.294268
1.294268
1.365271
1.365271
1.129217
1.129217
1.361687
1.361687
1.155435
1.155435
1.373100
1.373100
1.393548
1.393548
1.336714
1.336714
1.267959
1.267959
1.278587
1.278587
1.347263
1.347263
1.315964
1.315964
1.257844
1.257844
1.312157
1.312157
1.326455
1.326455
1.306351
1.216648
1.216648
1.306351
1.295786
1.295786
1.165395
1.165395
1.378635
1.378635
1.313141
1.313141
1.370440
1.370440
1.254905
1.254905
1.199760
1.199760
1.297061
1.297061
1.121648
1.121648
1.391638
1.391638
1.138181
1.138181
1.289346
1.289346
1.176133
1.399309
1.176133
1.399309
1.276870
1.276870
1.311113
1.311113
1.307901
1.307901
1.310908
1.310908
1.167504
1.167504
1.297527
1.297527
1.328088
1.328088
1.244059
1.244059
1.226534
1.226534
1.246241
1.246241
1.367786
1.367786
1.382098
1.382098
1.266499
1.266499
1.363479
1.363479
1.307688
1.307688
1.271684
1.271684
1.294794
1.294794
1.315193
1.187080
1.187080
1.315193
1.275335
1.275335
1.340498
1.340498
1.381684
1.381684
1.362279
1.362279
1.218811
1.218811
1.325741
1.325741
1.276334
1.276334
1.089467
1.089467
1.318382
1.318382
1.205715
1.205715
1.024311
1.024311
1.249778
1.249778
1.351044
1.351044
1.399103
1.399103
1.386533
1.386533
1.354818
1.354818
1.133532
1.133532
1.325605
1.325605
1.262735
1.262735
1.170802
1.170802
1.376014
1.376014
1.150191
1.150191
1.389197
1.310342
1.389197
1.310342
1.162040
1.162040
1.291075
1.291075
1.303862
1.303862
1.148635
1.148635
1.361808
1.361808
1.290769
1.290769
1.217730
1.217730
1.130528
1.130528
1.329407
1.329407
1.354017
1.354017
1.340943
1.340943
1.365109
1.365109
1.229680
1.229680
1.294060
1.294060
1.273965
1.273965
1.176186
1.176186
1.267681
1.267681
1.242420
1.242420
1.386323
1.386323
1.259336
1.259336
1.375132
1.375132
1.155888
1.155888
1.366017
1.366017
1.213443
1.213443
1.333868
1.333868
1.352785
1.352785
1.201693
1.201693
1.329585
1.329585
1.267784
1.267784
1.309817
1.309817
1.229478
1.229478
1.290752
1.290752
1.162432
1.162432
1.299003
1.299003
1.288541
1.288541
1.243071
1.243071
1.278486
1.278486
1.370948
1.370948
1.393328
1.393328
1.327698
1.327698
1.390159
1.390159
1.146696
1.146696
1.104030
1.104030
1.331900
1.331900
1.220470
1.220470
1.360054
1.360054
1.358936
1.358936
1.323981
1.323981
1.325148
1.325148
1.257341
1.257341
1.366221
1.366221
1.370473
1.370473
1.249645
1.249645
1.261970
1.261970
1.231389
1.231389
1.394568
1.394568
1.273376
1.273376
1.358269
1.358269
1.365407
1.365407
1.269895
1.269895
1.296915
1.296915
1.335437
1.335437
1.244711
1.244711
1.261205
1.261205
1.323051
1.323051
1.344498
1.344498
1.362329
1.362329
1.236863
1.236863
1.388551
1.388551
1.242918
1.242918
1.207036
1.207036
1.352200
1.352200
1.351116
1.351116
1.294154
1.294154
1.217495
1.217495
1.375275
1.375275
1.375051
1.375051
1.168192
1.168192
1.325114
1.325114
1.271669
1.271669
1.242370
1.242370
1.391449
1.391449
1.177875
1.177875
1.202410
1.335077
1.335077
1.202410
1.384621
1.384621
1.386573
1.386573
1.332793
1.332793
1.308162
1.308162
1.186001
1.186001
1.297306
1.297306
1.391698
1.391698
1.066342
1.066342
1.157749
1.157749
1.078514
1.078514
1.252717
1.252717
1.186727
1.186727
1.338333
1.338333
1.141606
1.141606
1.377629
1.377629
1.355151
1.355151
1.231276
1.231276
1.328315
1.328315
1.124121
1.124121
1.349807
1.349807
1.369792
1.369792
