1.080717
1.080717
1.158963
1.158963
1.272853
1.272853
1.293375
1.293375
1.055686
1.055686
1.255285
1.255285
1.371205
1.371205
1.114576
1.114576
1.398124
1.398124
1.210595
1.210595
1.250474
1.250474
1.322053
1.260935
1.322053
1.260935
1.353609
1.353609
1.322490
1.322490
1.338884
1.338884
1.212022
1.212022
1.213687
1.385382
1.213687
1.385382
1.362035
1.362035
1.316620
1.316620
1.376164
1.376164
1.170778
1.158401
1.158401
1.170778
1.158992
1.158992
1.395206
1.395206
1.328158
1.328158
1.230687
1.148135
1.148135
1.230687
1.178888
1.178888
1.380793
1.380793
1.315419
1.315419
1.302463
1.302463
1.175719
1.175719
1.296310
1.296310
1.351282
1.351282
1.243062
1.243062
1.252970
1.252970
1.068376
1.068376
1.326534
1.326534
1.368844
1.368844
1.358343
1.311818
1.311818
1.358343
1.389771
1.389771
1.159334
1.159334
1.371464
1.363612
1.371464
1.363612
1.390540
1.390540
1.393861
1.393861
1.312916
1.312916
1.201991
1.271220
1.271220
1.296264
1.296264
1.201991
1.332191
1.332191
1.252202
1.252202
1.373896
1.373896
1.385345
1.288502
1.385345
1.288502
1.059059
1.059059
1.367217
1.367217
1.374115
1.374115
1.387802
1.387802
1.181723
1.181723
1.182528
1.315090
1.182528
1.315090
1.251429
1.251429
1.343422
1.343422
1.047851
1.047851
1.268159
1.268159
1.255509
1.255509
1.361273
1.361273
1.167853
1.167853
1.379457
1.321415
1.379457
1.321415
1.242524
1.242524
1.265609
1.265609
1.213659
1.213659
1.238906
1.238906
1.346480
1.346480
1.225061
1.229943
1.225061
1.229943
1.209471
1.209471
1.230232
1.230232
1.360897
1.360897
1.363597
1.363597
1.180208
1.180208
1.395532
1.395532
1.388681
1.388681
1.388574
1.388574
1.227572
1.227572
1.276304
1.276304
1.395739
1.395739
1.273501
1.273501
1.204762
1.204762
1.361561
1.361561
1.360414
1.360414
1.252856
1.252856
1.323258
1.323258
1.128134
1.128134
1.299495
1.299495
1.354460
1.354460
1.304483
1.304483
1.356854
1.356854
1.388631
1.388631
1.164711
1.164711
1.259242
1.259242
1.295359
1.295359
1.046698
1.046698
1.375063
1.375063
1.398181
1.398181
1.333781
1.333781
1.398403
1.398403
1.229294
1.229294
1.114006
1.114006
1.365551
1.365551
1.353585
1.353585
1.364789
1.364789
1.330571
1.330571
1.360796
1.360796
1.348257
1.348257
1.221034
1.221034
1.273924
1.273924
1.271514
1.271514
1.348272
1.348272
1.235962
1.235962
1.319302
1.319302
1.300139
1.300139
1.074933
1.074933
1.285380
1.285380
1.248010
1.248010
1.352703
1.352703
1.307578
1.196515
1.196515
1.307578
1.362651
1.362651
1.301500
1.301500
1.268503
1.268503
1.312077
1.312077
1.370940
1.370940
1.241180
1.241180
1.392666
1.392666
1.199122
1.199122
1.324717
1.324717
1.308916
1.308916
1.359864
1.359864
1.236572
1.236572
1.339918
1.339918
1.385407
1.385407
1.318647
1.318647
1.378095
1.378095
1.267929
1.267929
1.187715
1.187715
1.397488
1.397488
1.190567
1.190567
1.224617
1.224617
1.134844
1.134844
1.321035
1.321035
1.365884
1.365884
1.369777
1.369777
1.303096
1.303096
1.324327
1.324327
1.198532
1.198532
1.392815
1.392815
1.360411
1.360411
1.338180
1.338180
1.348820
1.348820
1.374105
1.374105
1.393591
1.393591
1.398605
1.398605
1.215213
1.255855
1.255855
1.215213
1.371393
1.371393
1.312572
1.312572
1.341318
1.341318
1.248306
1.248306
1.352161
1.286874
1.286874
1.352161
1.397225
1.397225
1.364465
1.364465
1.357408
1.222111
1.357408
1.222111
1.367918
1.367918
1.251082
1.251082
1.233874
1.233874
1.378985
1.378985
1.314379
1.314379
1.216866
1.216866
1.224367
1.224367
1.232535
1.232535
1.354542
1.354542
1.101108
1.101108
1.318949
1.318949
1.295084
1.295084
1.372530
1.372530
1.321859
1.321859
1.313104
1.313104
1.399600
1.399600
1.371914
1.371914
1.323656
1.323656
1.091244
1.091244
1.338121
1.338121
1.355146
1.355146
1.270973
1.270973
1.354850
1.354850
1.354522
1.354522
1.368872
1.368872
1.145581
1.145581
1.258320
1.258320
1.222017
1.222017
1.374516
1.374516
1.261009
1.261009
1.372644
1.372644
1.365539
1.365539
1.360723
1.360723
1.269677
1.269677
1.256968
1.256968
1.353966
1.353966
1.359201
1.359201
1.343388
1.343388
1.180534
1.180534
1.369637
1.369637
1.218211
1.218211
1.340956
1.340956
1.345812
1.345812
1.203783
1.203783
1.219022
1.219022
1.118962
1.118962
1.329303
1.329303
1.323214
1.323214
1.393084
1.393084
1.314858
1.314858
1.364612
1.364612
1.081598
1.081598
1.312976
1.312976
1.369676
1.369676
1.361887
1.361887
1.277429
1.277429
1.115525
1.115525
1.308175
1.308175
1.251161
1.251161
1.388968
1.388968
1.260549
1.260549
1.323861
1.323861
1.383325
1.383325
1.372009
1.372009
1.278096
1.278096
1.391645
1.391645
1.329280
1.329280
1.232277
1.232277
1.385947
1.385947
1.386684
1.386684
1.258512
1.258512
1.164483
1.164483
1.348456
1.348456
1.297220
1.297220
1.359216
1.359216
1.132405
1.132405
1.183509
1.183509
1.315630
1.315630
1.181824
1.181824
1.375200
1.375200
1.329674
1.329674
1.358399
1.358399
1.397174
1.397174
1.345341
1.345341
1.290452
1.290452
1.287760
1.287760
1.369760
1.369760
1.300545
1.300545
1.346483
1.346483
1.324449
1.324449
1.296728
1.296728
1.288578
1.288578
1.231279
1.231279
1.395674
1.395674
1.372554
1.372554
1.273878
1.375481
1.375481
1.273878
1.204965
1.204965
1.271061
1.271061
1.170828
1.170828
1.343240
1.343240
1.063299
1.063299
1.332104
1.332104
1.229074
1.229074
1.367640
1.367640
1.383858
1.383858
1.338239
1.338239
1.236085
1.236085
1.076676
1.076676
1.359822
1.359822
1.394644
1.394644
1.306605
1.306605
1.184224
1.184224
1.111219
1.111219
1.363881
1.363881
1.206245
1.206245
1.397644
1.397644
1.364624
1.364624
1.252463
1.252463
1.287321
1.287321
1.174849
1.174849
1.243901
1.243901
1.320097
1.320097
1.399637
1.399637
1.398916
1.398916
1.150105
1.150105
1.368620
1.368620
1.356381
1.356381
1.348696
1.348696
1.248392
1.248392
1.182535
1.182535
1.301318
1.301318
1.371856
1.371856
1.290979
1.290979
1.090696
1.090696
1.395119
1.395119
1.397981
1.397981
1.340839
1.340839
1.369337
1.369337
1.314970
1.314970
1.351401
1.351401
1.347410
1.347410
1.373986
1.373986
1.380793
1.380793
1.348981
1.348981
1.375531
1.375531
1.147038
1.147038
1.376836
1.376836
1.267301
1.267301
1.167020
1.167020
1.369567
1.369567
1.288765
1.288765
1.066524
1.066524
1.389676
1.389676
1.288463
1.288463
1.274320
1.274320
1.297944
1.297944
1.124631
1.124631
1.088043
1.088043
1.188862
1.188862
1.218820
1.218820
1.274090
1.274090
1.171207
1.171207
1.264567
1.264567
1.326200
1.326200
1.188140
1.188140
1.322291
1.322291
1.356795
1.356795
1.259932
1.259932
1.083976
1.083976
1.341582
1.341582
1.239470
1.239470
1.246475
1.246475
1.301020
1.301020
1.383816
1.383816
1.369406
1.369406
1.325756
1.325756
1.271846
1.271846
1.268980
1.268980
1.066076
1.066076
1.217778
1.217778
1.389361
1.389361
1.246347
1.246347
1.290799
1.290799
1.392172
1.392172
1.241467
1.241467
1.211303
1.211303
1.330264
1.330264
1.353370
1.353370
1.180186
1.180186
1.196424
1.196424
1.360277
1.360277
1.262877
1.262877
1.296068
1.296068
1.095996
1.095996
1.301928
1.301928
