1.397760
1.397760
1.344583
1.344583
1.140637
1.140637
1.259563
1.322992
1.259563
1.306773
1.306773
1.322992
1.125721
1.125721
1.351952
1.387005
1.351952
1.387005
1.378210
1.378210
1.089077
1.089077
1.372773
1.372773
1.344583
1.344583
1.115801
1.378121
1.378121
1.115801
1.137645
1.293348
1.137645
1.293348
1.071080
1.071080
1.318235
1.318235
1.183804
1.183804
1.215325
1.215325
1.262994
1.262994
1.321777
1.332287
1.321777
1.329666
1.332287
1.329666
1.237604
1.237604
1.190560
1.190560
1.315111
1.170151
1.170151
1.315111
1.184081
1.091564
1.325725
1.091564
1.325725
1.184081
1.289543
1.289543
1.393868
1.393868
1.170359
1.170359
1.123055
1.123055
1.298333
1.298333
1.313207
1.313207
1.295756
1.295756
1.153285
1.153285
1.375072
1.375072
1.360825
1.360825
1.331128
1.331128
1.192209
1.192209
1.363521
1.363521
1.386229
1.386229
1.310290
1.310290
1.093252
1.093252
1.192555
1.192555
1.273438
1.273438
1.364704
1.364704
1.321645
1.321645
1.314499
1.314499
1.271326
1.271326
1.331330
1.331330
1.213631
1.213631
1.294747
1.214130
1.214130
1.294747
1.268472
1.268472
1.386853
1.386853
1.216657
1.216657
1.236261
1.236261
1.356471
1.356471
1.356872
1.356872
1.278707
1.278707
1.383489
1.383489
1.103541
1.103541
1.314725
1.314725
1.341400
1.341400
1.340907
1.340907
1.221481
1.221481
1.309992
1.309992
1.252734
1.252734
1.331967
1.331967
1.031780
1.031780
1.118621
1.373257
1.118621
1.373257
1.273439
1.273439
1.383426
1.383426
1.326832
1.341361
1.341361
1.326832
1.137681
1.137681
1.368925
1.368925
1.330661
1.330661
1.273016
1.273016
1.327815
1.327815
1.379255
1.379255
1.385255
1.385255
1.361907
1.361907
1.279051
1.279051
1.365059
1.365059
1.329490
1.329490
1.264507
1.264507
1.284175
1.284175
1.398314
1.398314
1.238893
1.238893
1.358567
1.358567
1.232063
1.232063
1.214277
1.214277
1.168046
1.168046
1.258236
1.258236
1.207182
1.207182
1.282080
1.282080
1.091351
1.091351
1.251872
1.251872
1.295957
1.295957
1.235926
1.235926
1.305046
1.327369
1.305046
1.327369
1.279399
1.279399
1.340287
1.129927
1.129927
1.340287
1.108711
1.108711
1.325133
1.325133
1.064955
1.064955
1.337239
1.337239
1.286043
1.286043
1.271868
1.271868
1.384913
1.384913
1.339438
1.339438
1.230426
1.230426
1.353708
1.353708
1.358724
1.358724
1.045478
1.045478
1.188022
1.188022
1.241933
1.241933
1.235284
1.235284
1.285188
1.285188
1.186458
1.186458
1.242752
1.242752
1.337516
1.337516
1.239251
1.239251
1.160055
1.160055
1.286951
1.286951
1.381766
1.381766
1.132128
1.132128
1.396817
1.396817
1.137916
1.137916
1.385424
1.385424
1.334302
1.334302
1.290786
1.290786
1.142473
1.304341
1.304341
1.142473
1.239399
1.239399
1.083056
1.083056
1.369741
1.369741
1.305391
1.305391
1.372919
1.372919
1.169319
1.169319
1.217766
1.217766
1.364295
1.364295
1.232863
1.232863
1.264201
1.264201
1.184815
1.184815
1.266991
1.266991
1.221093
1.221093
1.214799
1.214799
1.346812
1.346812
1.321062
1.321062
1.265018
1.265018
1.359319
1.359319
1.342390
1.342390
1.265113
1.265113
1.356353
1.356353
1.369427
1.369427
1.368983
1.368983
1.387663
1.387663
1.202559
1.202559
1.216850
1.216850
1.153862
1.153862
1.356257
1.356257
1.090460
1.090460
1.146110
1.146110
1.180078
1.180078
1.381497
1.381497
1.303191
1.303191
1.168602
1.168602
1.383954
1.383954
1.344300
1.344300
1.181669
1.181669
1.152483
1.152483
1.250878
1.364110
1.364110
1.250878
1.305953
1.305953
1.341141
1.341141
1.303083
1.303083
1.296843
1.296843
1.290449
1.290449
1.339749
1.339749
1.345435
1.345435
1.392036
1.392036
1.195622
1.195622
1.254527
1.254527
1.163075
1.163075
1.393021
1.393021
1.237431
1.237431
1.377514
1.377514
1.376109
1.376109
1.294003
1.351606
1.294003
1.351606
1.361732
1.361732
1.256943
1.256943
1.371606
1.371606
1.149194
1.149194
1.087834
1.087834
1.281017
1.281017
1.288833
1.288833
1.326255
1.326255
1.346001
1.346001
1.380718
1.380718
1.272866
1.272866
1.124523
1.124523
1.118705
1.118705
1.388557
1.388557
1.186576
1.186576
1.393620
1.393620
1.335931
1.335931
1.247522
1.247522
1.328960
1.328960
1.297757
1.297757
1.233214
1.233214
1.319250
1.319250
1.388943
1.388943
1.370881
1.370881
1.354698
1.354698
1.208652
1.208652
1.271684
1.271684
1.389070
1.389070
1.367972
1.367972
1.388772
1.388772
1.286482
1.286482
1.344344
1.344344
1.317422
1.317422
1.304748
1.304748
1.343491
1.343491
1.323380
1.323380
1.363974
1.363974
1.382495
1.382495
1.093506
1.093506
1.358332
1.358332
1.383894
1.383894
1.197983
1.197983
1.290057
1.290057
1.235998
1.235998
1.239227
1.239227
1.360963
1.360963
1.170878
1.170878
1.356324
1.356324
1.384873
1.384873
1.258551
1.258551
1.359639
1.359639
1.320419
1.320419
1.315129
1.315129
1.303033
1.303033
1.265412
1.265412
1.285074
1.285074
1.280413
1.280413
1.367438
1.367438
1.256334
1.256334
1.357071
1.357071
1.243490
1.243490
1.339177
1.339177
1.372842
1.372842
1.233982
1.233982
1.287445
1.287445
1.104244
1.104244
1.259975
1.259975
1.331557
1.331557
1.200238
1.200238
1.350469
1.350469
1.324410
1.324410
1.244338
1.244338
1.142971
1.142971
1.274208
1.274208
1.304428
1.304428
1.371276
1.371276
1.379829
1.379829
1.350757
1.350757
1.394258
1.394258
1.266215
1.266215
1.250901
1.250901
1.153988
1.153988
1.372713
1.372713
1.318289
1.318289
1.330680
1.330680
1.241472
1.241472
1.393833
1.393833
1.346697
1.346697
1.307128
1.307128
1.358700
1.358700
1.371443
1.299765
1.371443
1.299765
