1.312394
1.312394
1.129535
1.129535
1.128652
1.128652
1.283356
1.165215
1.165215
1.283356
1.169064
1.169064
1.201631
1.201631
1.371587
1.371587
1.335693
1.335693
1.337510
1.337510
1.264857
1.264857
1.365526
1.365526
1.101421
1.101421
1.198105
1.198105
1.391799
1.391799
1.364958
1.364958
1.265694
1.265694
1.098554
1.098554
1.352102
1.352102
1.334306
1.334306
1.342104
1.342104
1.268559
1.282839
1.268559
1.282839
1.294676
1.097956
1.303214
1.097956
1.303214
1.294676
1.209398
1.209398
1.072190
1.072190
1.296173
1.296173
1.344634
1.344634
1.353799
1.353799
1.390916
1.390916
1.252280
1.252280
1.315585
1.315585
1.281435
1.058259
1.058259
1.281435
1.341455
1.341455
1.272105
1.272105
1.198049
1.198049
1.306661
1.306661
1.271636
1.271636
1.227725
1.227725
1.378799
1.378799
1.354580
1.296950
1.354580
1.251956
1.296950
1.251956
1.161937
1.161937
1.337262
1.337262
1.384398
1.384398
1.289071
1.289071
1.321135
1.321135
1.381384
1.381384
1.318155
1.318155
1.152736
1.152736
1.240199
1.240199
1.184376
1.184376
1.117696
1.117696
1.398280
1.281601
1.398280
1.281601
1.260195
1.260195
1.285222
1.285222
1.329868
1.329868
1.354992
1.354992
1.288083
1.288083
1.354244
1.354244
1.245655
1.245655
1.252669
1.252669
1.285129
1.285129
1.333908
1.333908
1.314077
1.314077
1.175082
1.302684
1.302684
1.175082
1.195269
1.195269
1.354482
1.354482
1.302784
1.302784
1.144083
1.144083
1.369607
1.369607
1.276519
1.316649
1.316649
1.276519
1.185136
1.185136
1.364497
1.364497
1.126331
1.126331
1.373978
1.373978
1.185166
1.185166
1.306961
1.306961
1.318495
1.318495
1.340522
1.345021
1.340522
1.345021
1.186449
1.186449
1.259212
1.259212
1.325830
1.325830
1.040515
1.040515
1.343566
1.343566
1.395396
1.191985
1.191985
1.395396
1.377576
1.377576
1.199462
1.199462
1.335061
1.335061
1.390929
1.390929
1.136479
1.136479
1.161766
1.355146
1.355146
1.161766
1.182991
1.182991
1.234773
1.234773
1.245672
1.245672
1.094151
1.094151
1.177471
1.177471
1.388862
1.388862
1.299266
1.182244
1.299266
1.182244
1.177907
1.177907
1.262481
1.262481
1.251066
1.251066
1.391200
1.391200
1.335316
1.335316
1.393667
1.393667
1.345195
1.345195
1.368142
1.368142
1.398141
1.398141
1.272194
1.272194
1.209405
1.209405
1.279150
1.279150
1.178310
1.178310
1.370889
1.370889
1.388427
1.388427
1.226423
1.226423
1.180816
1.180816
1.192311
1.192311
1.362434
1.362434
1.202015
1.202015
1.348570
1.348570
1.183875
1.183875
1.331785
1.331785
1.378986
1.378986
1.398357
1.398357
1.391980
1.391980
1.219270
1.219270
1.398417
1.398417
1.077176
1.077176
1.322731
1.322731
1.341737
1.341737
1.286747
1.021924
1.021924
1.286747
1.377802
1.377802
1.314479
1.314479
1.209450
1.209450
1.133601
1.133601
1.314065
1.271506
1.271506
1.314065
1.170726
1.170726
1.364654
1.364654
1.318215
1.318215
1.371792
1.371792
1.282385
1.282385
1.035864
1.035864
1.320460
1.320460
1.285179
1.285179
1.380575
1.380575
1.327402
1.327402
1.326586
1.326586
1.281585
1.281585
1.367660
1.367660
1.141390
1.141390
1.084018
1.084018
1.154625
1.154625
1.135775
1.135775
1.286811
1.286811
1.087552
1.087552
1.297249
1.297249
1.217587
1.217587
1.367020
1.367020
1.387123
1.387123
1.236517
1.236517
1.315848
1.315848
1.302270
1.302270
1.300624
1.300624
1.242557
1.242557
1.215947
1.215947
1.336935
1.336935
1.312239
1.312239
1.253003
1.253003
1.222455
1.222455
1.309184
1.309184
1.330100
1.330100
1.364230
1.364230
1.228454
1.228454
1.344866
1.344866
1.257998
1.257998
1.268897
1.268897
1.379473
1.379473
1.391646
1.360043
1.360043
1.391646
1.358534
1.358534
1.232622
1.232622
1.393327
1.393327
1.302731
1.302731
1.375840
1.375840
1.212270
1.212270
1.152183
1.152183
1.372658
1.372658
1.272547
1.272547
1.396668
1.396668
1.273061
1.273061
1.196577
1.196577
1.133576
1.133576
1.376736
1.376736
1.382656
1.382656
1.380571
1.380571
1.398562
1.398562
1.358794
1.358794
1.309799
1.309799
1.399162
1.399162
1.373313
1.373313
1.333296
1.333296
1.226834
1.226834
1.371950
1.371950
1.378053
1.378053
1.151828
1.151828
1.124319
1.124319
1.278691
1.278691
1.394246
1.358354
1.358354
1.394246
1.198490
1.198490
1.354553
1.354553
1.168162
1.168162
1.008265
1.008265
1.386626
1.372160
1.386626
1.372160
1.280888
1.280888
1.370958
1.215533
1.370958
1.255035
1.255035
1.215533
1.239857
1.239857
1.094746
1.094746
1.375071
1.375071
1.320373
1.320373
1.079032
1.079032
1.389906
1.389906
1.288300
1.288300
1.383302
1.383302
1.073026
1.073026
1.355087
1.355087
1.380181
1.380181
1.370561
1.370561
1.248086
1.248086
1.385700
1.212593
1.385700
1.212593
1.379779
1.379779
1.273603
1.273603
1.214314
1.214314
1.110290
1.110290
1.148262
1.148262
1.359709
1.359709
1.285007
1.285007
1.309785
1.309785
1.311105
1.311105
1.322075
1.322075
1.116359
1.116359
1.314113
1.314113
1.372048
1.372048
1.379252
1.379252
1.360156
1.360156
1.091257
1.091257
1.354499
1.354499
1.202096
1.202096
1.180732
1.180732
1.364295
1.364295
1.331427
1.331427
1.254490
1.254490
1.276421
1.276421
1.239348
1.362313
1.362313
1.239348
1.324957
1.324957
1.244065
1.244065
1.303819
1.303819
1.271699
1.271699
1.282250
1.282250
1.359426
1.359426
1.217788
1.217788
1.320005
1.320005
1.324911
1.324911
1.361667
1.361667
1.300808
1.300808
1.324573
1.324573
1.314932
1.314932
1.396336
1.396336
1.313648
1.313648
1.217965
1.217965
1.381659
1.381659
1.367653
1.367653
1.364620
1.364620
1.323414
1.323414
1.295077
1.295077
1.374694
1.374694
1.395729
1.395729
1.336525
1.336525
1.169629
1.169629
1.351575
1.351575
1.332722
1.357289
1.332722
1.357289
1.214491
1.214491
1.397952
1.397952
1.331237
1.331237
1.392414
1.392414
1.273771
1.273771
1.328632
1.328632
1.119844
1.119844
1.275289
1.275289
1.382840
1.382840
1.111584
1.111584
1.253746
1.253746
1.397216
1.397216
1.133287
1.133287
1.374521
1.374521
1.121226
1.121226
1.303251
1.303251
1.245173
1.245173
1.260444
1.260444
1.216223
1.216223
1.375785
1.375785
1.358701
1.358701
1.339058
1.339058
1.389935
1.389935
1.311801
1.311801
1.311229
1.311229
1.282855
1.282855
1.294690
1.294690
1.389147
1.389147
1.372849
1.372849
1.204904
1.204904
1.194001
1.194001
1.374194
1.374194
1.281638
1.281638
1.205020
1.205020
1.172694
1.172694
1.365344
1.365344
1.297527
1.297527
1.393085
1.393085
1.311145
1.311145
1.341453
1.341453
1.398866
1.398866
1.127468
1.127468
1.144978
1.144978
1.398864
1.398864
1.251811
1.251811
1.370516
1.370516
1.208807
1.208807
1.341568
1.341568
1.210913
1.210913
1.098025
1.098025
1.309009
1.309009
1.317536
1.317536
1.387255
1.387255
1.344786
1.344786
1.191216
1.191216
1.311084
1.311084
1.137173
1.137173
1.240350
1.240350
1.361919
1.361919
1.397342
1.397342
1.340569
1.340569
1.395932
1.271187
1.395932
1.271187
1.321778
1.321778
1.239543
1.239543
1.344627
1.344627
1.346647
1.346647
1.375671
1.375671
1.125325
1.125325
1.205030
1.205030
1.103400
1.103400
1.275327
1.275327
1.308712
1.154913
1.154913
1.308712
1.252980
1.252980
1.157271
1.157271
1.274653
1.274653
1.096669
1.096669
1.377750
1.377750
1.349300
1.349300
1.324172
1.324172
1.306763
1.306763
1.310861
1.310861
1.201158
1.201158
1.334564
1.334564
1.373712
1.373712
1.366116
1.366116
1.384193
1.384193
1.385507
1.385507
1.247020
1.247020
1.339424
1.339424
1.134480
1.134480
1.357363
1.357363
1.225052
1.225052
1.353846
1.353846
1.388436
1.388436
1.269766
1.269766
1.298807
1.298807
1.332911
1.332911
1.362664
1.362664
1.383496
1.383496
1.155528
1.155528
1.390302
1.390302
1.387351
1.387351
1.267055
1.267055
1.321315
1.321315
1.207263
1.207263
1.112168
1.112168
1.316662
1.316662
1.171826
1.171826
1.392848
1.392848
1.345105
1.345105
1.378905
1.378905
1.273928
1.273928
1.332859
1.332859
1.179936
1.179936
1.317924
1.317924
1.397610
1.397610
1.312753
1.312753
1.250135
1.250135
1.390958
1.390958
1.252346
1.252346
1.107693
1.107693
1.385743
1.385743
1.319949
1.319949
1.190873
1.190873
1.340733
1.340733
1.286812
1.286812
1.390435
1.390435
1.371089
1.371089
1.273244
1.273244
1.116395
1.116395
1.389896
1.389896
1.231383
1.231383
1.397708
1.397708
1.354820
1.354820
1.149914
1.149914
1.120653
1.120653
1.244755
1.244755
1.294278
1.294278
1.157493
1.157493
1.301413
1.301413
1.329136
1.329136
1.279326
1.279326
1.217350
1.217350
1.095863
1.095863
1.273808
1.273808
1.373246
1.373246
1.315748
1.315748
1.255588
1.255588
1.306977
1.306977
1.165388
1.165388
1.251726
1.251726
1.332525
1.332525
1.386909
1.386909
1.390185
1.390185
1.361601
1.361601
1.321730
1.321730
1.186777
1.186777
1.236023
1.236023
1.329954
1.329954
1.158445
1.158445
1.044535
1.044535
1.241248
1.241248
1.383469
1.383469
1.203522
1.203522
1.377212
1.377212
1.047762
1.047762
1.235244
1.235244
1.325247
1.325247
1.119478
1.119478
1.363165
1.363165
1.324944
1.324944
1.352195
1.352195
1.277247
1.277247
1.313484
1.313484
1.208821
1.208821
1.269987
1.269987
1.374830
1.374830
1.303493
1.303493
1.322537
1.322537
1.334344
1.334344
1.398063
1.398063
1.206283
1.206283
1.344817
1.344817
1.333999
1.333999
1.303873
1.303873
1.148821
1.148821
1.203036
1.203036
1.387727
1.387727
1.378214
1.378214
1.308114
1.308114
1.342565
1.342565
1.385047
1.385047
1.266836
1.266836
1.217747
1.217747
1.177787
1.177787
1.319679
1.319679
1.083643
1.083643
1.088845
1.088845
1.383217
1.383217
1.094743
1.094743
1.304488
1.304488
1.373026
1.373026
1.119621
1.119621
1.254674
1.254674
1.385544
1.385544
1.382758
1.382758
1.094499
1.094499
1.287738
1.287738
1.304571
1.304571
1.368811
1.368811
1.362875
1.362875
1.250093
1.250093
1.289838
1.289838
1.359739
1.359739
1.325871
1.325871
1.386964
1.386964
1.391761
1.391761
1.379075
1.379075
1.384462
1.384462
1.164633
1.164633
1.380146
1.380146
