1.224525
1.224525
1.158294
1.158294
1.293466
1.293466
1.348586
1.348586
1.341703
1.341703
1.367545
1.367545
1.312676
1.312676
1.319596
1.287054
1.287054
1.319596
1.347435
1.347435
1.187468
1.187468
1.384300
1.384300
1.346661
1.279161
1.279161
1.346661
1.156223
1.156223
1.234391
1.234391
1.207330
1.207330
1.347169
1.347169
1.178070
1.178070
1.361735
1.361735
1.338139
1.338139
1.375290
1.375290
1.205119
1.205119
1.366306
1.214596
1.366306
1.214596
1.130401
1.130401
1.232743
1.232743
1.281200
1.227709
1.227709
1.281200
1.282638
1.282638
1.211874
1.211874
1.264488
1.264488
1.129505
1.129505
1.347889
1.347889
1.379022
1.276344
1.379022
1.276344
1.362167
1.362167
1.373726
1.373726
1.296634
1.296634
1.224030
1.224030
1.381681
1.370327
1.381681
1.370327
1.078333
1.078333
1.183466
1.183466
1.334471
1.334471
1.396227
1.396227
1.215094
1.215094
1.285202
1.285202
1.128517
1.128517
1.307425
1.307425
1.352449
1.352449
1.257103
1.257103
1.199480
1.199480
1.143829
1.143829
1.195200
1.195200
1.318381
1.318381
1.359883
1.359883
1.259990
1.259990
1.393910
1.393910
1.234753
1.234753
1.153189
1.153189
1.389845
1.389845
1.198879
1.198879
1.213257
1.213257
1.394470
1.394470
1.273332
1.273332
1.399666
1.399666
1.264352
1.264352
1.388089
1.388089
1.158620
1.158620
1.293410
1.293410
1.143829
1.143829
1.346560
1.346560
1.361470
1.361470
1.391159
1.391159
1.353528
1.353528
1.319185
1.319185
1.202257
1.202257
1.360109
1.360109
1.231470
1.231470
1.053044
1.053044
1.141752
1.141752
1.366752
1.366752
1.315801
1.315801
1.354457
1.354457
1.033330
1.033330
1.297517
1.297517
1.110945
1.110945
1.214647
1.214647
1.155971
1.155971
1.390512
1.390512
1.316047
1.316047
1.329093
1.329093
1.230981
1.230981
1.307979
1.307979
1.276748
1.276748
1.374278
1.374278
1.389346
1.389346
1.241512
1.241512
1.385500
1.385500
1.389471
1.389471
1.359942
1.359942
1.322426
1.322426
1.083664
1.083664
1.353718
1.353718
1.224114
1.224114
1.073286
1.073286
1.248941
1.248941
1.256434
1.256434
1.292611
1.292611
1.357129
1.357129
1.287803
1.287803
1.197051
1.197051
1.242190
1.242190
1.354373
1.354373
1.138049
1.138049
1.069806
1.069806
1.371341
1.371341
1.363468
1.363468
1.334781
1.334781
1.302913
1.302913
1.385093
1.176994
1.385093
1.176994
1.169996
1.181029
1.181029
1.169996
1.321831
1.321831
1.371274
1.371274
1.232945
1.232945
1.363355
1.363355
1.286864
1.286864
1.311214
1.188600
1.188600
1.311214
1.227288
1.227288
1.075614
1.075614
1.315321
1.315321
1.334514
1.334514
1.291704
1.291704
1.387390
1.387390
1.266725
1.266725
1.193980
1.193980
1.345197
1.345197
1.240869
1.240869
1.249283
1.249283
1.304444
1.299908
1.304444
1.299908
1.381902
1.356232
1.356232
1.381902
1.308706
1.308706
1.350474
1.350474
1.143548
1.143548
1.358623
1.358623
1.357686
1.357686
1.295861
1.295861
1.271552
1.271552
1.363664
1.363664
1.353427
1.353427
1.336827
1.336827
1.217328
1.217328
1.048739
1.048739
1.353756
1.353756
1.379369
1.379369
1.371655
1.371655
1.232313
1.232313
1.088757
1.088757
1.398499
1.398499
1.347404
1.347404
1.144941
1.144941
1.350277
1.350277
1.352853
1.352853
1.263160
1.263160
1.209477
1.209477
1.119402
1.119402
1.172933
1.172933
1.293133
1.293133
1.369816
1.369816
1.372838
1.372838
1.365424
1.365424
1.238511
1.238511
1.362859
1.362859
1.299117
1.299117
1.359056
1.359056
1.186740
1.186740
1.125286
1.125286
1.361100
1.361100
1.147181
1.251177
1.147181
1.251177
1.170885
1.170885
1.362506
1.362506
1.371605
1.371605
1.138473
1.138473
1.331480
1.331480
1.321949
1.321949
1.310612
1.310612
1.394238
1.394238
1.254978
1.254978
1.102272
1.102272
1.312086
1.312086
1.228484
1.228484
1.206348
1.206348
1.365634
1.365634
1.324548
1.324548
1.364141
1.364141
1.120721
1.120721
1.390967
1.390967
1.078375
1.078375
1.379851
1.379851
1.391164
1.391164
1.191093
1.191093
1.200671
1.200671
1.240139
1.240139
1.078443
1.078443
1.347320
1.347320
1.276322
1.276322
1.276758
1.276758
1.132075
1.132075
1.131433
1.131433
1.123102
1.123102
1.065877
1.065877
1.317681
1.317681
1.192697
1.192697
1.390795
1.390795
1.386386
1.386386
1.327106
1.327106
1.136989
1.136989
1.258782
1.258782
1.370572
1.370572
1.355859
1.355859
1.319819
1.319819
1.372973
1.372973
1.308177
1.308177
1.325548
1.325548
1.009389
1.009389
1.183332
1.183332
1.350937
1.350937
1.317945
1.317945
1.188977
1.188977
1.304053
1.304053
1.133784
1.133784
1.292527
1.292527
1.342680
1.342680
1.346688
1.346688
1.215195
1.356587
1.356587
1.215195
1.210410
1.210410
1.303659
1.303659
1.292964
1.292964
1.320988
1.320988
1.362510
1.362510
1.270437
1.270437
1.181502
1.181502
1.271161
1.271161
1.196865
1.196865
1.329376
1.329376
1.064898
1.064898
1.278359
1.278359
1.294163
1.294163
1.322490
1.322490
1.398952
1.398952
1.276618
1.276618
1.197205
1.197205
1.333122
1.333122
1.304493
1.304493
1.389640
1.389640
1.281981
1.281981
1.385344
1.385344
1.197672
1.197672
1.395063
1.395063
1.309148
1.309148
1.296486
1.296486
1.281748
1.281748
1.235078
1.235078
1.336364
1.336364
1.245814
1.245814
1.206997
1.265113
1.265113
1.206997
1.323173
1.323173
1.216441
1.358060
1.358060
1.216441
1.174634
1.174634
1.182471
1.182471
1.256334
1.256334
1.269080
1.269080
1.106679
1.106679
1.258962
1.258962
1.327751
1.327751
1.341558
1.341558
1.333293
1.333293
1.177203
1.177203
1.264149
1.264149
1.253691
1.253691
1.371593
1.371593
1.156687
1.156687
1.370700
1.370700
1.204298
1.204298
1.266972
1.266972
1.362404
1.362404
1.292449
1.292449
1.259838
1.259838
1.207432
1.207432
1.237238
1.237238
1.266512
1.266512
1.399580
1.399580
1.120776
1.120776
1.391478
1.391478
1.250801
1.250801
1.313870
1.313870
1.354792
1.354792
1.311329
1.311329
1.354426
1.354426
1.280971
1.280971
1.078012
1.078012
1.118549
1.118549
1.387086
1.387086
1.278784
1.278784
1.393513
1.393513
1.113897
1.113897
1.185794
1.185794
1.233263
1.233263
1.343786
1.343786
1.335282
1.335282
1.264046
1.264046
1.157110
1.157110
1.369723
1.369723
1.135336
1.135336
1.385701
1.385701
1.311165
1.311165
1.243372
1.243372
1.246286
1.246286
1.372735
1.372735
1.220428
1.220428
1.208909
1.208909
1.289392
1.289392
1.135242
1.135242
1.166296
1.166296
1.304962
1.304962
1.320773
1.320773
1.205633
1.205633
1.282186
1.282186
1.361376
1.361376
1.376796
1.376796
1.260391
1.260391
1.111089
1.111089
1.111884
1.111884
1.369517
1.369517
1.333625
1.333625
1.360024
1.360024
1.332676
1.332676
1.223244
1.223244
1.260157
1.260157
1.363754
1.363754
1.181294
1.181294
1.254309
1.254309
1.343302
1.343302
1.359744
1.359744
1.361763
1.361763
1.374167
1.374167
1.265421
1.265421
1.313560
1.313560
1.389632
1.389632
1.087809
1.087809
1.391278
1.391278
1.318601
1.318601
1.338869
1.338869
1.289582
1.117062
1.117062
1.289582
1.358778
1.358778
1.278395
1.278395
1.326567
1.326567
1.073522
1.073522
1.366321
1.366321
1.351290
1.351290
1.266441
1.266441
1.394663
1.394663
1.393708
1.393708
1.366117
1.366117
1.320666
1.320666
1.351939
1.351939
1.262119
1.262119
1.312256
1.312256
1.294513
1.294513
1.067206
1.067206
1.279501
1.279501
1.339845
1.339845
1.294251
1.294251
1.205822
1.205822
1.249910
1.249910
1.296212
1.331940
1.296212
1.331940
1.220751
1.220751
1.258222
1.258222
1.245379
1.245379
1.290998
1.290998
1.217202
1.217202
1.292643
1.292643
1.312915
1.312915
1.231180
1.231180
1.366348
1.366348
1.189204
1.189204
1.321104
1.321104
1.289924
1.289924
1.310968
1.310968
1.281510
1.281510
1.388844
1.388844
1.334654
1.334654
1.335232
1.335232
1.309506
1.309506
1.393629
1.393629
