1.225858
1.225858
1.069244
1.069244
1.393245
1.393245
1.344026
1.344026
1.332173
1.329767
1.332173
1.329767
1.153499
1.153499
1.394381
1.394381
1.261584
1.261584
1.179266
1.179266
1.125053
1.125053
1.117199
1.117199
1.323745
1.323745
1.353038
1.289388
1.353038
1.289388
1.230155
1.230155
1.336804
1.336804
1.397142
1.397142
1.355658
1.355658
1.267491
1.267491
1.312774
1.312774
1.317003
1.317003
1.397532
1.397532
1.286314
1.286314
1.351370
1.351370
1.344903
1.344903
1.185748
1.185748
1.384447
1.384447
1.354110
1.354110
1.312665
1.312665
1.369862
1.369862
1.244430
1.244430
1.303808
1.303808
1.370649
1.370649
1.385020
1.300245
1.300245
1.385020
1.315105
1.315105
1.322456
1.322456
1.288855
1.288855
1.139354
1.139354
1.165819
1.165819
1.154286
1.154286
1.351832
1.351832
1.102969
1.102969
1.248653
1.248653
1.231219
1.231219
1.276137
1.276137
1.355313
1.355313
1.068157
1.068157
1.388833
1.388833
1.092889
1.092889
1.358865
1.358865
1.392706
1.392706
1.380813
1.380813
1.299510
1.299510
1.383930
1.383930
1.265922
1.265922
1.234773
1.234773
1.148564
1.148564
1.350237
1.350237
1.318141
1.318141
1.320143
1.320143
1.367302
1.367302
1.317447
1.317447
1.396708
1.396708
1.245324
1.245324
1.286704
1.286704
1.398694
1.244646
1.244646
1.220804
1.398694
1.220804
1.289525
1.289525
1.121991
1.121991
1.373736
1.373736
1.046777
1.046777
1.281206
1.281206
1.386607
1.386607
1.151018
1.151018
1.369467
1.369467
1.373787
1.373787
1.225745
1.225745
1.374089
1.374089
1.353496
1.353496
1.301412
1.301412
1.338898
1.338898
1.293363
1.293363
1.134054
1.134054
1.327508
1.327508
1.045792
1.045792
1.365585
1.365585
1.374662
1.374662
1.342112
1.342112
1.337694
1.337694
1.351965
1.351965
1.289357
1.250621
1.289357
1.250621
1.141674
1.141674
1.254520
1.254520
1.317591
1.317591
1.161444
1.161444
1.385516
1.224917
1.385516
1.224917
1.384725
1.384725
1.104416
1.104416
1.377951
1.377951
1.224447
1.224447
1.282094
1.282094
1.324146
1.324146
1.347192
1.347192
1.319279
1.319279
1.300316
1.300316
1.275916
1.275916
1.313115
1.313115
1.379165
1.379165
1.239477
1.239477
1.339069
1.339069
1.261849
1.261849
1.347204
1.347204
1.333747
1.333747
1.291887
1.291887
1.225821
1.225821
1.233011
1.233011
1.315661
1.315661
1.238031
1.238031
1.086073
1.086073
1.337782
1.337782
1.373460
1.373460
1.382620
1.382620
1.386226
1.386226
1.315337
1.278892
1.381666
1.381666
1.278892
1.315337
1.343404
1.343404
1.386931
1.386931
1.261879
1.261879
1.313261
1.313261
1.374007
1.374007
1.229124
1.229124
1.170422
1.170422
1.383375
1.383375
1.299505
1.299505
1.267116
1.267116
1.360178
1.360178
1.397065
1.397065
1.042083
1.042083
1.364117
1.364117
1.298398
1.298398
1.117681
1.117681
1.142701
1.142701
1.396192
1.396192
1.361936
1.361936
1.362031
1.362031
1.258288
1.258288
1.097563
1.097563
1.366650
1.366650
1.350314
1.372674
1.350314
1.372674
1.391751
1.391751
1.389906
1.248204
1.248204
1.389906
1.254482
1.254482
1.371437
1.371437
1.392083
1.392083
1.311283
1.311283
1.340746
1.340746
1.231720
1.231720
1.109088
1.109088
1.288085
1.288085
1.334218
1.334218
1.387664
1.387664
1.336425
1.336425
1.389392
1.389392
1.384086
1.279321
1.279321
1.384086
1.166836
1.166836
1.346942
1.346942
1.282197
1.282197
1.305410
1.305410
1.239853
1.239853
1.375393
1.375393
1.287812
1.287812
1.248041
1.248041
1.382008
1.382008
1.098553
1.098553
1.327652
1.327652
1.055626
1.055626
1.317157
1.317157
1.341653
1.380516
1.380516
1.338902
1.338902
1.341653
1.307009
1.307009
1.339582
1.339582
1.383108
1.383108
1.239309
1.239309
1.341632
1.341632
1.179966
1.179966
1.399605
1.399605
1.170495
1.170495
1.352678
1.301768
1.301768
1.352678
1.093545
1.093545
1.161686
1.161686
1.120684
1.120684
1.258509
1.258509
1.350027
1.350027
1.198977
1.198977
1.262811
1.262811
1.364985
1.364985
1.140930
1.140930
1.389134
1.389134
1.381602
1.381602
1.297885
1.297885
1.391532
1.391532
1.325342
1.325342
1.398256
1.398256
1.165629
1.165629
1.146295
1.146295
1.328932
1.328932
1.312771
1.312771
1.276479
1.276479
1.213741
1.213741
1.259891
1.259891
1.291935
1.291935
1.243485
1.243485
1.385976
1.385976
1.126785
1.126785
1.349945
1.349945
1.339873
1.339873
1.300401
1.300401
1.366683
1.366683
1.388515
1.388515
1.362815
1.362815
1.381321
1.381321
1.100508
1.100508
1.342765
1.342765
1.383386
1.383386
1.377894
1.377894
1.146286
1.146286
1.341203
1.341203
1.249611
1.249611
1.291762
1.291762
1.161548
1.161548
1.283349
1.283349
1.387275
1.387275
1.254448
1.254448
1.399243
1.399243
1.315332
1.315332
1.341889
1.341889
1.295045
1.295045
1.289266
1.289266
1.349509
1.349509
1.105693
1.105693
1.362167
1.362167
1.214726
1.214726
1.236396
1.236396
1.279829
1.279829
1.207965
1.207965
1.163174
1.163174
1.394297
1.394297
1.367629
1.367629
1.140243
1.140243
1.133303
1.133303
1.238566
1.238566
1.323402
1.323402
1.398776
1.398776
1.392575
1.392575
1.320988
1.320988
1.318067
1.318067
1.309866
1.153139
1.309866
1.153139
1.342727
1.342727
1.389030
1.389030
1.369157
1.369157
1.155531
1.155531
1.147909
1.147909
1.241967
1.241967
1.392533
1.392533
1.251376
1.251376
1.314232
1.314232
1.364268
1.364268
1.372965
1.372965
1.300911
1.300911
1.314234
1.314234
1.369377
1.369377
1.286008
1.286008
1.237617
1.237617
1.233106
1.233106
1.311757
1.384956
1.384956
1.311757
1.316008
1.316008
1.241664
1.241664
1.357718
1.357718
1.394435
1.394435
1.077903
1.077903
1.297808
1.297808
1.267966
1.267966
1.279964
1.279964
1.315751
1.315751
1.186847
1.186847
1.151186
1.151186
1.337924
1.337924
1.364914
1.364914
1.359069
1.359069
1.398877
1.398877
1.265635
1.265635
1.140974
1.140974
1.223217
1.223217
1.280969
1.280969
1.241569
1.241569
1.239104
1.239104
1.148100
1.148100
1.265758
1.265758
1.329133
1.329133
1.389432
1.389432
1.347568
1.347568
1.285849
1.285849
1.391680
1.391680
1.397711
1.397711
1.384343
1.384343
1.130321
1.130321
1.295420
1.295420
1.250156
1.250156
1.342154
1.342154
1.227566
1.227566
1.284015
1.284015
1.381439
1.381439
1.333252
1.333252
1.342789
1.342789
1.225742
1.225742
1.256653
1.256653
1.353586
1.353586
1.393960
1.393960
1.288748
1.288748
1.314071
1.314071
1.226106
1.226106
1.090544
1.090544
1.230551
1.230551
1.235166
1.235166
1.179916
1.179916
1.212282
1.212282
1.361826
1.361826
1.333355
1.333355
1.302499
1.302499
1.289991
1.289991
1.279563
1.279563
1.395367
1.395367
1.387843
1.387843
1.363426
1.363426
1.307529
1.307529
1.302672
1.302672
1.236111
1.236111
1.186907
1.186907
1.386493
1.386493
1.343826
1.343826
1.376577
1.376577
1.386308
1.386308
1.290072
1.290072
1.195432
1.195432
1.184170
1.184170
1.232573
1.232573
1.267732
1.267732
1.215685
1.215685
1.295845
1.295845
1.169498
1.169498
1.277459
1.277459
1.330298
1.330298
1.395844
1.395844
1.289114
1.289114
1.274635
1.274635
1.310136
1.310136
1.360037
1.360037
1.341862
1.341862
1.248605
1.248605
1.304462
1.304462
1.238145
1.238145
1.344652
1.344652
1.282869
1.282869
