1.173577
1.173577
1.363113
1.363113
1.121590
1.121590
1.150906
1.150906
1.195084
1.195084
1.353836
1.353836
1.290949
1.290949
1.209095
1.325320
1.325320
1.209095
1.166374
1.166374
1.066268
1.066268
1.158705
1.158705
1.358556
1.358556
1.290278
1.290278
1.391905
1.086652
1.086652
1.391905
1.379927
1.379927
1.316564
1.316564
1.326609
1.326609
1.269278
1.269278
1.251046
1.251046
1.296035
1.296035
1.345735
1.345735
1.397438
1.397438
1.240752
1.240752
1.208359
1.208359
1.264643
1.264643
1.338777
1.338777
1.352706
1.352706
1.257990
1.257990
1.102942
1.102942
1.386742
1.386742
1.244918
1.244918
1.371516
1.371516
1.293060
1.293060
1.326488
1.326488
1.289267
1.289267
1.214472
1.214472
1.379544
1.379544
1.337558
1.337558
1.262642
1.233892
1.233892
1.262642
1.293765
1.293765
1.231446
1.231446
1.195208
1.195208
1.126005
1.126005
1.283441
1.283441
1.315191
1.315191
1.320866
1.320866
1.323643
1.323643
1.312077
1.132763
1.312077
1.132763
1.233759
1.264088
1.233759
1.264088
1.173027
1.173027
1.181532
1.333540
1.181532
1.333540
1.361080
1.361080
1.366622
1.366622
1.344493
1.344493
1.314438
1.314438
1.028716
1.028716
1.201910
1.201910
1.310022
1.310022
1.276769
1.276769
1.381432
1.357244
1.357244
1.381432
1.300751
1.300751
1.143785
1.289171
1.334439
1.143785
1.334439
1.289171
1.169513
1.169513
1.341360
1.341360
1.273166
1.273166
1.260714
1.260714
1.395777
1.395777
1.106674
1.106674
1.376429
1.342852
1.376429
1.342852
1.384797
1.384797
1.246686
1.246686
1.382905
1.382905
1.387517
1.387517
1.395877
1.395877
1.211847
1.211847
1.396714
1.290018
1.396714
1.290018
1.363401
1.363401
1.357759
1.357759
1.361209
1.361209
1.205772
1.205772
1.091288
1.091288
1.095779
1.095779
1.209052
1.209052
1.304019
1.304019
1.133464
1.133464
1.199267
1.199267
1.386721
1.386721
1.328926
1.328926
1.333134
1.333134
1.348563
1.348563
1.384007
1.384007
1.297901
1.297901
1.291142
1.291142
1.227011
1.227011
1.368703
1.368703
1.275882
1.275882
1.357759
1.359432
1.359432
1.357759
1.289024
1.289024
1.170172
1.170172
1.383513
1.383513
1.376676
1.376676
1.246830
1.246830
1.348965
1.348965
1.367306
1.367306
1.316624
1.316624
1.345074
1.345074
1.304863
1.304863
1.313938
1.054960
1.313938
1.054960
1.185586
1.185586
1.316693
1.316693
1.351291
1.351291
1.150152
1.150152
1.361458
1.361458
1.348643
1.348643
1.246418
1.246418
1.302847
1.302847
1.281135
1.281135
1.363507
1.363507
1.301958
1.301958
1.395240
1.085000
1.085000
1.395240
1.291223
1.291223
1.307447
1.307447
1.306730
1.306730
1.272552
1.272552
1.217164
1.217164
1.100672
1.100672
1.195589
1.195589
1.353489
1.353489
1.040879
1.040879
1.187722
1.187722
1.317042
1.317042
1.248638
1.248638
1.245281
1.245281
1.334391
1.334391
1.300696
1.300696
1.368962
1.368962
1.328519
1.328519
1.273267
1.273267
1.318393
1.318393
1.316911
1.316911
1.224203
1.224203
1.319488
1.319488
1.144260
1.144260
1.173563
1.173563
1.376113
1.376113
1.299725
1.299725
1.103840
1.103840
1.288646
1.288646
1.344783
1.344783
1.303735
1.303735
1.141922
1.141922
1.328153
1.328153
1.304984
1.304984
1.306315
1.306315
1.030354
1.030354
1.315135
1.315135
1.322383
1.322383
1.071521
1.071521
1.388657
1.388657
1.280392
1.280392
1.279723
1.279723
1.284437
1.284437
1.229139
1.229139
1.193462
1.193462
1.173092
1.173092
1.228524
1.228524
1.121515
1.121515
1.225313
1.225313
1.119901
1.119901
1.105714
1.105714
1.315401
1.315401
1.344303
1.344303
1.247694
1.247694
1.204145
1.204145
1.121540
1.121540
1.351497
1.351497
1.301356
1.301356
1.197957
1.197957
1.377114
1.377114
1.079452
1.079452
1.225875
1.225875
1.343750
1.343750
1.288166
1.288166
1.369380
1.369380
1.359261
1.359261
1.236299
1.236299
1.183692
1.183692
1.176638
1.176638
1.161526
1.161526
1.125269
1.125269
1.177025
1.177025
1.238243
1.306989
1.238243
1.306989
1.331260
1.331260
1.390191
1.390191
1.200300
1.200300
1.385328
1.385328
1.144855
1.144855
1.158787
1.158787
1.109092
1.109092
1.398634
1.398634
1.252726
1.252726
1.101691
1.101691
1.301419
1.301419
1.376674
1.376674
1.341911
1.341911
1.310802
1.310802
1.016784
1.016784
1.194377
1.194377
1.375748
1.375748
1.399116
1.399116
1.390849
1.390849
1.252535
1.252535
1.272185
1.272185
1.191497
1.191497
1.356780
1.356780
1.218712
1.218712
1.188305
1.188305
1.324484
1.324484
1.125895
1.125895
1.306242
1.306242
1.343001
1.343001
1.144110
1.144110
1.392384
1.392384
1.112982
1.112982
1.113901
1.113901
1.384365
1.384365
1.360427
1.360427
1.337643
1.337643
1.174440
1.174440
1.299798
1.299798
1.388705
1.388705
1.266840
1.266840
1.335705
1.335705
1.307087
1.307087
1.339332
1.339332
1.397630
1.397630
1.230506
1.230506
1.386180
1.386180
1.397551
1.397551
1.274841
1.274841
1.270770
1.270770
1.271062
1.271062
1.257815
1.257815
1.179064
1.179064
1.384400
1.384400
1.309210
1.309210
1.359975
1.359975
1.342304
1.342304
1.081146
1.081146
1.285846
1.285846
1.186146
1.186146
1.378082
1.378082
1.348846
1.348846
1.100358
1.100358
1.229081
1.229081
1.383391
1.383391
1.147288
1.147288
1.170509
1.170509
1.363175
1.363175
1.355662
1.355662
1.164440
1.164440
1.343685
1.343685
1.211951
1.211951
1.253459
1.253459
1.314202
1.314202
1.208784
1.208784
1.341440
1.341440
1.310730
1.310730
1.193157
1.193157
1.329170
1.329170
1.079971
1.079971
1.019383
1.019383
1.310788
1.310788
1.323701
1.323701
1.358625
1.358625
1.362620
1.362620
1.290861
1.290861
1.317016
1.317016
1.203716
1.203716
1.366967
1.366967
1.374237
1.374237
1.316417
1.316417
1.301390
1.301390
1.225313
1.225313
1.209381
1.209381
1.390157
1.390157
1.394421
1.394421
1.315669
1.315669
1.292674
1.292674
1.359448
1.359448
1.107435
1.107435
1.213662
1.213662
1.219188
1.219188
1.284462
1.284462
1.097036
1.097036
1.392192
1.392192
1.355496
1.355496
1.394909
1.394909
1.372106
1.372106
1.249905
1.249905
1.266469
1.266469
1.324930
1.324930
1.265627
1.265627
1.333132
1.333132
1.195016
1.195016
1.279816
1.279816
1.348202
1.348202
1.317078
1.317078
1.361040
1.361040
1.380024
1.380024
1.254293
1.254293
1.330451
1.330451
1.221485
1.221485
1.078542
1.078542
1.245538
1.245538
1.352263
1.352263
1.382212
1.382212
1.294006
1.294006
