1.349003
1.349003
1.350933
1.350933
1.084079
1.221114
1.084079
1.221114
1.357307
1.357307
1.281658
1.125491
1.125491
1.281658
1.294887
1.294887
1.204032
1.265898
1.265898
1.204032
1.070660
1.070660
1.328976
1.328976
1.386848
1.386848
1.285863
1.285863
1.246530
1.246530
1.250581
1.250581
1.393213
1.393213
1.156049
1.156049
1.304030
1.304030
1.272232
1.272232
1.259478
1.259478
1.329731
1.329731
1.379944
1.379944
1.180872
1.180872
1.156121
1.286078
1.066473
1.286078
1.066473
1.266995
1.156121
1.266995
1.363362
1.363362
1.201771
1.201771
1.206537
1.315332
1.377007
1.315332
1.377007
1.206537
1.173944
1.298599
1.173944
1.298599
1.273116
1.273116
1.294611
1.294611
1.097954
1.097954
1.257187
1.257187
1.336021
1.336021
1.192771
1.192771
1.285548
1.285548
1.198758
1.198758
1.387115
1.387115
1.337621
1.337621
1.252272
1.252272
1.396367
1.396367
1.306338
1.306338
1.335517
1.335517
1.360202
1.360202
1.301052
1.301052
1.298563
1.298563
1.143657
1.143657
1.213883
1.213883
1.360688
1.360688
1.330756
1.330756
1.249638
1.249638
1.155951
1.155951
1.104635
1.104635
1.374503
1.374503
1.370207
1.370207
1.308158
1.308158
1.126836
1.126836
1.096521
1.096521
1.304675
1.390141
1.304675
1.390141
1.391173
1.391173
1.333791
1.333791
1.051082
1.287044
1.051082
1.387219
1.387219
1.287044
1.376881
1.376881
1.349043
1.349043
1.185786
1.185786
1.265630
1.265630
1.256090
1.256090
1.107154
1.107154
1.136193
1.136193
1.340472
1.340472
1.265064
1.265064
1.212615
1.212615
1.347348
1.347348
1.353318
1.353318
1.354996
1.354996
1.378062
1.378062
1.344208
1.344208
1.246259
1.246259
1.305475
1.090040
1.305475
1.090040
1.384663
1.384663
1.194172
1.194172
1.100710
1.100710
1.155033
1.155033
1.237740
1.237740
1.371206
1.371206
1.220102
1.220102
1.102454
1.102454
1.364481
1.364481
1.391584
1.391584
1.356982
1.356982
1.331708
1.331708
1.178820
1.178820
1.383623
1.383623
1.361936
1.361936
1.319150
1.319150
1.237363
1.297503
1.297503
1.237363
1.344838
1.344838
1.365589
1.365589
1.135991
1.135991
1.372639
1.372639
1.366667
1.366667
1.276539
1.276539
1.252600
1.230563
1.230563
1.252600
1.265405
1.265405
1.258022
1.258022
1.279303
1.279303
1.076853
1.076853
1.349783
1.119023
1.349783
1.119023
1.206865
1.206865
1.068894
1.068894
1.372903
1.372903
1.261901
1.261901
1.317884
1.317884
1.180157
1.180157
1.265875
1.265875
1.367767
1.367767
1.178607
1.178607
1.103229
1.103229
1.300634
1.300634
1.397896
1.397896
1.361849
1.361849
1.329268
1.329268
1.376399
1.376399
1.363097
1.363097
1.129218
1.129218
1.279154
1.279154
1.333058
1.333058
1.367215
1.367215
1.377746
1.377746
1.257846
1.257846
1.048225
1.048225
1.110281
1.110281
1.273465
1.273465
1.284647
1.284647
1.337951
1.337951
1.069121
1.069121
1.229424
1.229424
1.392693
1.392693
1.091006
1.091006
1.250149
1.250149
1.332732
1.332732
1.369123
1.369123
1.207713
1.207713
1.388148
1.388148
1.385299
1.385299
1.396497
1.396497
1.031098
1.031098
1.325451
1.325451
1.363236
1.363236
1.302799
1.302799
1.361407
1.361407
1.181199
1.181199
1.384736
1.384736
1.389769
1.389769
1.209134
1.209134
1.366619
1.366619
1.207259
1.207259
1.341525
1.341525
1.172560
1.172560
1.393804
1.393804
1.208865
1.208865
1.281361
1.281361
1.319825
1.319825
1.393555
1.393555
1.362659
1.362659
1.222220
1.222220
1.072007
1.072007
1.198082
1.198082
1.349151
1.349151
1.391168
1.391168
1.378531
1.378531
1.371165
1.371165
1.305173
1.305173
1.185380
1.185380
1.224817
1.224817
1.363707
1.363707
1.266573
1.266573
1.188120
1.188120
1.120944
1.120944
1.373721
1.373721
1.144703
1.144703
1.259775
1.259775
1.291474
1.291474
1.397292
1.397292
1.294803
1.294803
1.363888
1.363888
1.142043
1.142043
1.214536
1.214536
1.368106
1.368106
1.346603
1.346603
1.309724
1.309724
1.178882
1.178882
1.329842
1.329842
1.259889
1.259889
1.227750
1.227750
1.310812
1.310812
1.367893
1.367893
1.154383
1.154383
1.128453
1.128453
1.362833
1.362833
1.153383
1.153383
1.240468
1.240468
1.177985
1.177985
1.333706
1.333706
1.220244
1.220244
1.318770
1.318770
1.368873
1.368873
1.136086
1.136086
1.271561
1.271561
1.299750
1.299750
1.128413
1.128413
1.244150
1.244150
1.323283
1.323283
1.362561
1.362561
1.256363
1.256363
1.367781
1.367781
1.362581
1.362581
1.205162
1.205162
1.239749
1.239749
1.332311
1.332311
1.298993
1.298993
1.173461
1.173461
1.369392
1.369392
1.168631
1.168631
1.345367
1.345367
1.355648
1.355648
1.221044
1.221044
1.089429
1.141299
1.141299
1.089429
1.216979
1.216979
1.388117
1.388117
1.337705
1.337705
1.339396
1.339396
1.382034
1.382034
1.238279
1.238279
1.144593
1.144593
1.399047
1.399047
1.297072
1.297072
1.077635
1.077635
1.323176
1.323176
1.368465
1.368465
1.366133
1.366133
1.299137
1.299137
1.386636
1.386636
1.278465
1.278465
1.259378
1.259378
1.327171
1.327171
1.200785
1.200785
1.366391
1.366391
1.317415
1.317415
1.379631
1.379631
1.388164
1.388164
1.351275
1.351275
1.239623
1.239623
1.338013
1.338013
1.286827
1.286827
1.290438
1.290438
1.355684
1.355684
1.352433
1.352433
1.331669
1.331669
1.372066
1.372066
1.264437
1.264437
1.241556
1.241556
1.386035
1.386035
1.289388
1.289388
1.256472
1.256472
1.144034
1.144034
1.310922
1.310922
1.136636
1.136636
1.288264
1.288264
1.049146
1.049146
1.213338
1.213338
1.301230
1.301230
1.103949
1.103949
1.183579
1.183579
1.288254
1.288254
1.139954
1.139954
1.301299
1.301299
1.341370
1.341370
1.160139
1.160139
1.158375
1.158375
1.128928
1.128928
1.070091
1.070091
1.242876
1.242876
1.253840
1.253840
1.398665
1.398665
1.279850
1.279850
1.303078
1.303078
1.121153
1.121153
1.035028
1.035028
1.174157
1.174157
1.387268
1.387268
1.200828
1.200828
1.369008
1.369008
1.112524
1.112524
1.140082
1.140082
1.088404
1.088404
1.263608
1.263608
1.399121
1.399121
1.237798
1.237798
1.348289
1.348289
1.274031
1.274031
1.284902
1.284902
1.385925
1.385925
1.358045
1.358045
1.399208
1.399208
1.210235
1.210235
1.272681
1.272681
1.252369
1.252369
1.263709
1.263709
1.274199
1.274199
1.286461
1.286461
1.389033
1.389033
1.273164
1.273164
1.145846
1.145846
1.166796
1.166796
1.172074
1.172074
1.343913
1.343913
1.234375
1.234375
1.288707
1.288707
1.379671
1.379671
1.196079
1.196079
1.382959
1.382959
1.200782
1.200782
1.362228
1.362228
1.377907
1.377907
1.368855
1.368855
1.204684
1.204684
1.383932
1.383932
1.287384
1.287384
1.279533
1.279533
1.162640
1.162640
1.280904
1.280904
1.260155
1.255785
1.260155
1.255785
1.134897
1.134897
1.387046
1.387046
1.315292
1.315292
1.293095
1.293095
1.377715
1.377715
1.136492
1.136492
1.381787
1.381787
1.370819
1.370819
1.302134
1.302134
1.287872
1.287872
1.336286
1.336286
1.174994
1.174994
1.153554
1.153554
1.351581
1.351581
1.328465
1.328465
1.255201
1.255201
1.311923
1.311923
1.318786
1.318786
1.353520
1.353520
1.331531
1.331531
1.281567
1.281567
1.359222
1.359222
1.275319
1.275319
1.337274
1.337274
1.127715
1.127715
1.282294
1.282294
1.340250
1.340250
1.227007
1.227007
1.215714
1.215714
1.231532
1.231532
1.328481
1.328481
1.287677
1.287677
1.328273
1.328273
1.280535
1.280535
1.216587
1.216587
1.123220
1.123220
1.180780
1.180780
1.200477
1.200477
1.104208
1.104208
1.275669
1.275669
1.396245
1.396245
1.262028
1.262028
1.171434
1.171434
1.320370
1.320370
1.258411
1.258411
1.271405
1.271405
1.388957
1.388957
1.103606
1.103606
1.287067
1.287067
1.271719
1.271719
1.372333
1.372333
1.376910
1.376910
1.352605
1.352605
1.396167
1.396167
1.368347
1.368347
1.374299
1.374299
1.035258
1.345337
1.035258
1.345337
1.152616
1.152616
1.224459
1.224459
1.328472
1.328472
1.352052
1.352052
1.275425
1.275425
1.265575
1.265575
1.381394
1.381394
1.306553
1.306553
1.383033
1.383033
