1.323491
1.323491
1.397485
1.397485
1.192562
1.192562
1.270564
1.270564
1.377419
1.377419
1.187838
1.187838
1.183661
1.183661
1.258211
1.258211
1.060818
1.060818
1.091355
1.091355
1.256347
1.256347
1.265450
1.265450
1.280753
1.280753
1.379622
1.379622
1.242591
1.242591
1.317221
1.317221
1.371739
1.371739
1.296773
1.296773
1.159074
1.159074
1.187990
1.187990
1.331072
1.331072
1.285825
1.285825
1.320053
1.320053
1.389608
1.389608
1.371604
1.371604
1.293936
1.293936
1.126958
1.126958
1.338117
1.338117
1.201352
1.201352
1.158750
1.158750
1.309347
1.309347
1.373188
1.373188
1.338659
1.338659
1.252355
1.252355
1.300372
1.300372
1.353154
1.353154
1.318620
1.318620
1.289709
1.289709
1.309349
1.309349
1.352932
1.352932
1.366966
1.366966
1.260947
1.260947
1.157339
1.157339
1.211821
1.211821
1.323590
1.323590
1.391700
1.391700
1.369779
1.369779
1.319253
1.319253
1.196868
1.196868
1.354290
1.354290
1.229401
1.229401
1.198127
1.198127
1.381585
1.381585
1.359344
1.359344
1.157388
1.157388
1.256080
1.256080
1.361133
1.361133
1.362567
1.362567
1.345251
1.345251
1.307802
1.307802
1.314807
1.314807
