1.343857
1.343857
1.245235
1.245235
1.313531
1.313531
1.395003
1.395003
1.267237
1.267237
1.257197
1.257197
1.352905
1.352905
1.194646
1.194646
1.312340
1.312340
1.119517
1.119517
1.293210
1.293210
1.379257
1.379257
1.381582
1.381582
1.217119
1.217119
1.363968
1.363968
1.375069
1.375069
1.285954
1.285954
1.395727
1.395727
1.307459
1.307459
1.252582
1.252582
1.326568
1.326568
1.393610
1.393610
1.274577
1.274577
1.295441
1.295441
1.346329
1.346329
1.372705
1.372705
1.366561
1.366561
1.396807
1.396807
1.210212
1.210212
1.384809
1.384809
1.252308
1.252308
1.370711
1.370711
1.207224
1.207224
1.293022
1.293022
1.289250
1.289250
1.374552
1.374552
1.267157
1.267157
1.282417
1.282417
1.214937
1.214937
1.389614
1.389614
1.397210
1.397210
1.130830
1.130830
1.096110
1.096110
1.385620
1.385620
1.257083
1.257083
1.267999
1.267999
1.322831
1.322831
1.315932
1.315932
1.270831
1.270831
1.374389
1.374389
1.387238
1.387238
1.230327
1.230327
1.253230
1.253230
1.383171
1.383171
1.309938
1.309938
1.397936
1.397936
1.353146
1.353146
1.354225
1.354225
1.305022
1.305022
1.386778
1.386778
1.334442
1.334442
1.305632
1.305632
1.183397
1.183397
1.270082
1.270082
1.040956
1.040956
1.348964
1.348964
1.074292
1.074292
1.330607
1.330607
1.120013
1.120013
1.393350
1.393350
