1.188981
1.188981
1.316179
1.357534
1.316179
1.357534
1.223068
1.223068
1.338555
1.338555
1.395749
1.395749
1.329653
1.329653
1.111088
1.111088
1.253609
1.253609
1.093104
1.093104
1.381196
1.381196
1.154965
1.154965
1.358915
1.358915
1.279716
1.279716
1.324356
1.324356
1.303663
1.303663
1.325993
1.325993
1.125270
1.125270
1.299435
1.299435
1.367645
1.367645
1.205395
1.205395
1.250090
1.250090
1.270694
1.270694
1.375739
1.375739
1.264578
1.264578
1.312630
1.312630
1.286048
1.286048
1.147082
1.147082
1.130855
1.130855
1.364969
1.364969
1.248307
1.248307
1.334300
1.334300
1.265006
1.265006
1.372837
1.372837
1.088465
1.088465
1.326902
1.326902
1.334893
1.334893
1.389394
1.389394
1.295278
1.295278
1.345218
1.345218
1.391878
1.391878
1.261538
1.261538
1.381236
1.381236
1.395554
1.395554
1.350917
1.350917
1.099923
1.099923
1.325472
1.325472
1.326423
1.326423
1.330845
1.330845
1.321866
1.321866
1.274309
1.274309
1.374462
1.374462
1.365299
1.365299
1.097350
1.097350
1.307393
1.307393
1.214478
1.214478
1.237796
1.237796
1.263650
1.263650
1.224662
1.224662
1.150112
1.150112
1.389587
1.389587
1.185327
1.185327
1.096829
1.096829
1.114901
1.114901
1.318928
1.318928
1.336742
1.336742
1.143031
1.143031
1.251897
1.251897
1.142287
1.142287
1.351096
1.351096
1.195607
1.195607
1.378482
1.378482
1.200071
1.200071
1.305705
1.305705
1.360012
1.360012
1.390852
1.390852
1.156041
1.156041
1.372231
1.372231
1.280698
1.280698
1.245058
1.245058
1.264278
1.264278
1.027410
1.027410
1.365328
1.365328
1.254258
1.254258
1.358015
1.358015
1.159682
1.159682
