1.284123
1.284123
1.352544
1.352544
1.374146
1.374146
1.375145
1.375145
1.354390
1.354390
1.393820
1.393820
1.228391
1.228391
1.305147
1.305147
1.256087
1.256087
1.322014
1.322014
1.274340
1.274340
1.213376
1.213376
1.210010
1.210010
1.149285
1.149285
1.027730
1.027730
1.281530
1.281530
1.165694
1.165694
1.291381
1.291381
1.194096
1.194096
1.370014
1.370014
1.349308
1.349308
1.298571
1.298571
1.283960
1.283960
1.369463
1.369463
1.167731
1.167731
1.208915
1.208915
1.323892
1.323892
1.238859
1.238859
1.295411
1.295411
1.317705
1.317705
1.321891
1.321891
1.352989
1.352989
1.295559
1.295559
1.315107
1.315107
1.236443
1.236443
1.354490
1.354490
1.292902
1.292902
1.335761
1.335761
1.387830
1.387830
1.227469
1.227469
1.188021
1.188021
1.321355
1.321355
1.352316
1.352316
1.265103
1.265103
1.336744
1.336744
1.382636
1.382636
1.328047
1.328047
1.318974
1.318974
1.369836
1.369836
1.286913
1.286913
1.207860
1.207860
1.323203
1.323203
1.053220
1.053220
1.390132
1.390132
1.397470
1.397470
1.151363
1.151363
1.394391
1.394391
1.137471
1.137471
1.376269
1.376269
1.306550
1.306550
1.338587
1.338587
1.250017
1.250017
1.356881
1.356881
1.397762
1.397762
1.317143
1.317143
1.347279
1.347279
1.339282
1.339282
1.392775
1.392775
1.300376
1.300376
1.244942
1.244942
1.347321
1.347321
1.295945
1.295945
1.370095
1.370095
