1.339507
1.339507
1.393421
1.393421
1.149176
1.149176
1.325328
1.325328
1.364263
1.364263
1.133020
1.133020
1.374792
1.374792
1.265072
1.265072
1.351666
1.351666
1.303082
1.303082
1.337547
1.337547
1.322590
1.322590
1.283669
1.283669
1.268750
1.268750
1.325759
1.325759
1.353476
1.353476
1.327019
1.327019
1.302800
1.302800
1.388944
1.388944
1.158348
1.158348
1.249845
1.249845
1.388866
1.388866
1.386218
1.386218
1.341420
1.341420
1.390949
1.390949
1.386198
1.386198
1.312868
1.312868
1.275138
1.275138
1.313768
1.313768
1.144481
1.144481
1.323279
1.323279
1.353748
1.353748
1.388706
1.388706
1.243564
1.243564
1.340661
1.340661
1.328457
1.328457
1.377176
1.377176
1.060508
1.060508
1.316322
1.316322
1.166135
1.166135
1.279971
1.279971
1.276244
1.276244
1.352926
1.352926
1.379295
1.379295
1.373794
1.373794
1.171267
1.171267
1.399562
1.399562
1.318147
1.318147
1.261567
1.261567
1.166773
1.166773
1.291834
1.291834
1.240192
1.240192
1.398368
1.398368
1.353161
1.353161
1.363566
1.363566
1.373280
1.373280
1.307307
1.307307
1.360962
1.360962
1.295291
1.295291
1.166442
1.166442
1.203796
1.203796
1.192066
1.192066
1.374302
1.374302
1.190504
1.190504
1.279682
1.279682
1.232704
1.232704
