1.259972
1.259972
1.199777
1.199777
1.281689
1.281689
1.295008
1.295008
1.321808
1.321808
1.260333
1.260333
1.390448
1.390448
1.325043
1.325043
1.372106
1.372106
1.302293
1.302293
1.328395
1.328395
1.279902
1.279902
1.359622
1.359622
1.141374
1.141374
1.151472
1.151472
1.336584
1.336584
1.234481
1.234481
1.362048
1.362048
1.375276
1.375276
1.150180
1.150180
1.114655
1.114655
1.391491
1.391491
1.223924
1.223924
1.293116
1.293116
1.359245
1.359245
1.107011
1.107011
1.249735
1.249735
1.266433
1.266433
1.316422
1.316422
1.071971
1.071971
1.316349
1.316349
1.255551
1.255551
1.372846
1.372846
1.300135
1.300135
1.230981
1.133087
1.133087
1.230981
1.146821
1.146821
1.360664
1.360664
1.196699
1.196699
1.372449
1.372449
1.384051
1.384051
1.362505
1.362505
1.328909
1.328909
1.308758
1.308758
1.205198
1.205198
1.205412
1.205412
1.343013
1.343013
1.130682
1.130682
1.332834
1.332834
1.396877
1.396877
1.244022
1.244022
1.205662
1.205662
1.301448
1.301448
1.125407
1.125407
1.396611
1.396611
1.328054
1.328054
1.389351
1.389351
1.307375
1.307375
1.383281
1.383281
1.243661
1.243661
1.269004
1.269004
1.332201
1.332201
1.395803
1.395803
1.310028
1.310028
1.157136
1.157136
1.288544
1.288544
1.338558
1.338558
1.318076
1.318076
1.383622
1.383622
1.245839
1.245839
1.229762
1.229762
1.341856
1.341856
1.119806
1.119806
1.398050
1.398050
1.096824
1.096824
1.162655
1.162655
1.343921
1.343921
1.265694
1.265694
1.235906
1.235906
1.319060
1.319060
1.367880
1.367880
1.369510
1.369510
1.207633
1.207633
