1.241292
1.194734
1.241292
1.194734
1.351029
1.351029
1.379309
1.379309
1.300068
1.300068
1.292467
1.292467
1.235159
1.235159
1.279564
1.279564
1.262145
1.262145
1.196361
1.196361
1.243902
1.243902
1.367934
1.367934
1.291274
1.291274
1.318709
1.318709
1.270753
1.270753
1.297275
1.297275
1.028099
1.028099
1.384188
1.384188
1.374876
1.374876
1.317524
1.317524
1.093690
1.093690
1.285043
1.285043
1.343275
1.343275
1.360377
1.360377
1.238389
1.238389
1.223368
1.223368
1.250558
1.250558
1.131336
1.131336
1.359372
1.359372
1.348907
1.348907
1.327356
1.327356
1.346161
1.346161
1.363558
1.363558
1.278027
1.278027
1.360386
1.360386
1.077874
1.077874
1.251120
1.251120
1.379380
1.379380
1.264933
1.264933
1.130380
1.130380
1.296593
1.296593
1.398896
1.398896
1.376605
1.376605
1.370009
1.370009
1.358988
1.358988
1.362350
1.362350
1.150353
1.150353
1.082471
1.082471
1.114055
1.114055
1.270167
1.270167
1.328210
1.328210
1.194503
1.194503
1.159907
1.159907
1.233971
1.233971
1.234786
1.234786
1.298761
1.298761
1.201730
1.201730
1.302836
1.302836
1.265685
1.265685
1.387304
1.387304
1.367247
1.367247
1.345954
1.345954
1.341636
1.341636
1.370855
1.370855
1.277029
1.277029
1.378929
1.378929
1.250047
1.250047
1.324029
1.324029
1.348942
1.348942
1.195812
1.195812
1.346358
1.346358
1.388878
1.388878
1.291702
1.291702
1.229808
1.229808
1.380564
1.380564
1.213261
1.213261
1.392652
1.392652
1.215131
1.215131
1.343476
1.343476
1.358833
1.358833
1.362917
1.362917
1.153420
1.153420
1.340477
1.340477
1.297715
1.297715
1.151002
1.151002
1.386992
1.386992
1.351004
1.351004
1.264870
1.264870
1.358034
1.358034
1.378815
1.378815
1.395626
1.395626
1.372719
1.372719
1.241388
1.241388
1.271252
1.271252
1.305705
1.305705
1.332367
1.332367
1.394889
1.394889
1.390567
1.390567
1.359716
1.359716
1.330407
1.330407
1.374838
1.374838
1.219680
1.219680
1.393875
1.393875
1.362885
1.362885
1.124588
1.124588
1.224506
1.224506
1.080510
1.080510
1.374915
1.374915
1.237092
1.237092
1.393183
1.393183
1.189850
1.189850
1.197974
1.197974
1.384220
1.384220
1.233627
1.233627
1.139559
1.139559
1.165142
1.165142
1.293589
1.293589
1.126424
1.126424
1.323524
1.323524
1.195533
1.195533
1.274466
1.274466
1.358972
1.358972
1.340488
1.340488
1.206870
1.206870
1.386911
1.386911
1.349562
1.349562
1.394781
1.394781
