1.163644
1.163644
1.345562
1.345562
1.390263
1.390263
1.154737
1.154737
1.382426
1.382426
1.373812
1.373812
1.391596
1.391596
1.273290
1.273290
1.337936
1.337936
1.222165
1.222165
1.367733
1.367733
1.186025
1.186025
1.331566
1.331566
1.040044
1.040044
1.246328
1.246328
1.353212
1.353212
1.349095
1.349095
1.174145
1.174145
1.286139
1.286139
1.323707
1.292450
1.323707
1.292450
1.390706
1.390706
1.187455
1.187455
1.270449
1.270449
1.385484
1.385484
1.109898
1.109898
1.166771
1.166771
1.170142
1.170142
1.076857
1.076857
1.337864
1.337864
1.295530
1.295530
1.302462
1.302462
1.362073
1.362073
1.373896
1.373896
1.052465
1.052465
1.360297
1.360297
1.313110
1.313110
1.177568
1.177568
1.319816
1.319816
1.380037
1.380037
1.221850
1.221850
1.353260
1.353260
1.269234
1.269234
1.307412
1.307412
1.308566
1.308566
1.273831
1.273831
1.299728
1.299728
1.198933
1.198933
1.393522
1.393522
1.231892
1.231892
1.377942
1.377942
1.363740
1.363740
1.377664
1.377664
1.155878
1.155878
1.063109
1.063109
1.201635
1.201635
1.265244
1.265244
1.184239
1.184239
1.363104
1.363104
1.306080
1.306080
1.348604
1.348604
1.152924
1.152924
1.304119
1.304119
