1.290898
1.290898
1.393370
1.393370
1.152923
1.152923
1.252316
1.252316
1.059718
1.059718
1.326636
1.326636
1.267176
1.267176
1.201029
1.201029
1.318167
1.318167
1.208569
1.208569
1.363131
1.363131
1.248150
1.248150
1.237582
1.237582
1.386717
1.386717
1.364310
1.364310
1.119649
1.119649
1.299250
1.299250
1.036311
1.182401
1.182401
1.036311
1.379846
1.379846
1.252047
1.252047
1.343270
1.343270
1.336838
1.336838
1.289012
1.289012
1.356942
1.356942
1.137189
1.137189
1.341753
1.341753
1.260671
1.260671
1.333432
1.333432
1.257745
1.257745
1.322073
1.322073
1.333936
1.333936
1.328207
1.328207
1.374022
1.374022
1.359916
1.359916
1.344267
1.344267
1.361862
1.361862
1.109233
1.109233
1.346836
1.346836
1.142845
1.142845
1.289174
1.289174
1.363195
1.363195
1.245330
1.245330
1.157812
1.157812
1.375147
1.375147
1.117935
1.117935
1.133868
1.133868
1.316750
1.316750
1.266469
1.266469
1.177239
1.177239
1.348405
1.348405
1.367872
1.367872
1.213266
1.213266
1.343773
1.343773
1.390858
1.390858
1.358081
1.358081
1.257326
1.257326
1.116178
1.116178
1.330160
1.330160
1.090499
1.090499
1.064968
1.064968
1.320927
1.320927
1.190490
1.190490
1.327442
1.327442
1.268412
1.268412
1.242214
1.242214
1.304712
1.304712
1.245486
1.245486
1.383518
1.383518
1.277431
1.277431
1.355446
1.355446
1.328468
1.328468
1.170278
1.170278
1.362722
1.362722
1.393780
1.393780
1.275455
1.275455
1.272809
1.272809
1.378436
1.378436
1.289276
1.289276
1.372492
1.372492
1.205579
1.205579
