1.302902
1.302902
1.220277
1.220277
1.289707
1.289707
1.299373
1.299373
1.260961
1.260961
1.392850
1.392850
1.208874
1.208874
1.254923
1.254923
1.142085
1.142085
1.348561
1.348561
1.350327
1.350327
1.383718
1.383718
1.363836
1.363836
1.304694
1.304694
1.095442
1.095442
1.397651
1.397651
1.079739
1.079739
1.357187
1.357187
1.356496
1.356496
1.265618
1.265618
1.332955
1.332955
1.174931
1.174931
1.394969
1.394969
1.315487
1.315487
1.380194
1.380194
1.369859
1.369859
1.242764
1.242764
1.162450
1.162450
1.349911
1.349911
1.352065
1.352065
1.373412
1.373412
1.323094
1.323094
1.396064
1.396064
1.267597
1.267597
1.393532
1.393532
1.229048
1.229048
1.374558
1.374558
1.366788
1.366788
1.232806
1.232806
1.380184
1.380184
1.116892
1.116892
1.353799
1.353799
1.230280
1.230280
1.222104
1.222104
1.231100
1.231100
1.224722
1.224722
1.220879
1.220879
1.347041
1.347041
1.231187
1.231187
1.171036
1.171036
1.389502
1.389502
1.265145
1.265145
1.289037
1.289037
1.351940
1.351940
1.361502
1.361502
1.325342
1.325342
1.180288
1.180288
1.336891
1.336891
1.079072
1.079072
1.257569
1.257569
1.312620
1.312620
1.396772
1.396772
1.374237
1.374237
1.371288
1.371288
1.266869
1.266869
1.337436
1.337436
