1.305468
1.305468
1.319382
1.319382
1.279788
1.279788
1.090072
1.090072
1.343042
1.343042
1.368898
1.368898
1.339392
1.339392
1.337992
1.337992
1.349711
1.349711
1.362965
1.362965
1.156970
1.156970
1.349504
1.349504
1.287335
1.287335
1.350466
1.350466
1.178573
1.178573
1.391399
1.391399
1.343996
1.343996
1.075189
1.075189
1.378153
1.378153
1.320860
1.320860
1.240825
1.240825
1.160528
1.160528
1.377872
1.377872
1.294388
1.294388
1.239366
1.239366
1.382556
1.382556
1.392539
1.392539
1.205521
1.205521
1.191362
1.191362
1.391915
1.391915
1.330619
1.330619
1.043527
1.043527
1.347346
1.347346
1.347551
1.347551
1.054139
1.054139
1.153655
1.153655
1.160933
1.160933
1.329653
1.329653
1.386826
1.386826
1.362425
1.362425
1.329057
1.329057
1.369943
1.369943
1.172745
1.172745
1.334761
1.334761
1.232826
1.232826
1.148913
1.148913
1.371794
1.371794
1.335472
1.335472
1.231616
1.231616
1.361366
1.361366
1.263511
1.263511
1.343747
1.343747
1.347481
1.347481
1.345629
1.345629
1.175735
1.175735
1.376074
1.376074
1.355311
1.355311
1.301142
1.301142
1.271158
1.271158
1.159647
1.159647
1.187389
1.187389
1.200222
1.200222
1.207994
1.207994
