1.228382
1.228382
1.370566
1.370566
1.245574
1.245574
1.333286
1.333286
1.395456
1.395456
1.286800
1.286800
1.378404
1.378404
1.278337
1.278337
1.297641
1.297641
1.185253
1.185253
1.165915
1.165915
1.334763
1.334763
1.396039
1.121866
1.121866
1.396039
1.337365
1.337365
1.225937
1.225937
1.386602
1.386602
1.146739
1.146739
1.150581
1.150581
1.160513
1.160513
1.288957
1.288957
1.160260
1.160260
1.303907
1.303907
1.306719
1.306719
1.365760
1.365760
1.338229
1.338229
1.256284
1.256284
1.178789
1.178789
1.383841
1.383841
1.370911
1.370911
1.223982
1.223982
1.288500
1.288500
1.386199
1.386199
1.272768
1.272768
1.090603
1.090603
1.258456
1.258456
1.342667
1.342667
1.396630
1.396630
1.323938
1.323938
1.110463
1.110463
1.337315
1.337315
1.245758
1.245758
1.257465
1.257465
1.359741
1.359741
1.080501
1.080501
1.230409
1.230409
1.218379
1.218379
1.308024
1.308024
1.183276
1.183276
1.386644
1.386644
1.326963
1.326963
1.235985
1.235985
1.333416
1.333416
1.380157
1.380157
1.356832
1.356832
1.336319
1.336319
1.378717
1.378717
1.386035
1.386035
1.291025
1.291025
1.233715
1.233715
1.376820
1.376820
1.390431
1.390431
1.337919
1.337919
1.217923
1.217923
1.098187
1.098187
1.399064
1.399064
1.309841
1.309841
1.399903
1.399903
1.378646
1.378646
1.141407
1.141407
1.355085
1.355085
1.398207
1.398207
1.330393
1.330393
1.275725
1.275725
1.181141
1.181141
1.301150
1.301150
1.365440
1.365440
1.117426
1.117426
1.336529
1.336529
1.347979
1.347979
1.236081
1.236081
1.343033
1.343033
1.352307
1.352307
1.282196
1.282196
1.323934
1.323934
1.268829
1.268829
1.173859
1.173859
1.367879
1.367879
1.368478
1.368478
1.371014
1.371014
