1.330514
1.330514
1.245944
1.245944
1.279900
1.279900
1.313477
1.313477
1.016875
1.016875
1.371472
1.371472
1.217461
1.217461
1.086981
1.086981
1.351149
1.351149
1.395417
1.395417
1.395824
1.395824
1.332601
1.332601
1.075313
1.075313
1.381491
1.381491
1.239966
1.239966
1.397451
1.397451
1.390151
1.390151
1.329531
1.329531
1.262283
1.262283
1.168290
1.168290
1.260363
1.260363
1.394662
1.394662
1.398366
1.398366
1.224090
1.224090
1.385568
1.385568
1.373817
1.373817
1.282811
1.282811
1.231853
1.231853
1.116310
1.116310
1.322773
1.322773
1.237802
1.237802
1.183145
1.183145
1.277202
1.277202
1.371526
1.371526
1.238636
1.238636
1.298953
1.298953
1.377036
1.377036
1.303435
1.303435
1.294591
1.294591
1.215074
1.215074
1.069948
1.069948
1.042939
1.042939
1.111656
1.111656
1.279632
1.279632
1.346344
1.346344
1.364957
1.364957
1.243660
1.243660
1.229185
1.229185
1.216534
1.216534
1.262971
1.262971
1.128572
1.128572
1.267221
1.267221
1.314817
1.314817
1.236731
1.236731
1.167696
1.167696
1.338170
1.338170
1.369905
1.369905
1.394199
1.394199
1.344037
1.344037
1.275654
1.275654
1.272382
1.272382
1.307364
1.307364
1.070498
1.070498
