1.395787
1.395787
1.388897
1.388897
1.250666
1.250666
1.332067
1.332067
1.320971
1.320971
1.261569
1.261569
1.382450
1.382450
1.149937
1.149937
1.277878
1.277878
1.171736
1.171736
1.367857
1.367857
1.077364
1.077364
1.392772
1.392772
1.247483
1.247483
1.071211
1.071211
1.353707
1.353707
1.333729
1.333729
1.373268
1.373268
1.301243
1.301243
1.355898
1.355898
1.243887
1.243887
1.116433
1.116433
1.300350
1.300350
1.247008
1.247008
1.296211
1.296211
1.035917
1.035917
1.236488
1.236488
1.271326
1.271326
1.393604
1.393604
1.107525
1.107525
1.165554
1.165554
1.380618
1.380618
1.287823
1.287823
1.395545
1.395545
1.323341
1.323341
1.371905
1.371905
1.386847
1.386847
1.340375
1.340375
1.252067
1.252067
1.284137
1.284137
1.330582
1.330582
1.374352
1.374352
1.323807
1.323807
1.237226
1.237226
1.110546
1.110546
1.304259
1.304259
1.387238
1.387238
1.360341
1.360341
1.220625
1.220625
1.390882
1.390882
1.378757
1.378757
1.393742
1.393742
1.129599
1.129599
1.393064
1.393064
1.216026
1.216026
1.287847
1.287847
1.071568
1.071568
1.357734
1.357734
1.296764
1.296764
1.375546
1.375546
1.355443
1.355443
1.049485
1.049485
1.277315
1.277315
1.295938
1.295938
1.196048
1.196048
1.153753
1.153753
1.123693
1.123693
1.135261
1.135261
1.331635
1.331635
1.396096
1.396096
1.235418
1.235418
1.241650
1.241650
1.286127
1.286127
1.372911
1.372911
1.261738
1.261738
1.169533
1.169533
1.365148
1.365148
1.244186
1.244186
1.305221
1.305221
1.153270
1.153270
1.320972
1.320972
1.352497
1.352497
1.293264
1.293264
1.166684
1.166684
1.068803
1.068803
1.294501
1.294501
1.371197
1.371197
