1.318213
1.318213
1.245329
1.245329
1.266003
1.266003
1.303634
1.303634
1.387577
1.166516
1.166516
1.387577
1.387917
1.387917
1.253201
1.253201
1.171930
1.171930
1.253297
1.253297
1.312581
1.363242
1.271075
1.312581
1.271075
1.363242
1.375609
1.375609
1.191839
1.191839
1.399143
1.399143
1.268383
1.268383
1.267535
1.267535
1.321696
1.321696
1.191339
1.388751
1.191339
1.388751
1.180593
1.180593
1.392899
1.392899
1.391755
1.391755
1.245149
1.245149
1.180027
1.284997
1.180027
1.284997
1.073241
1.073241
1.360788
1.360788
1.362949
1.362949
1.376133
1.376133
1.274767
1.274767
1.324670
1.324670
1.244086
1.244086
1.344083
1.344083
1.345723
1.345723
1.337765
1.337765
1.370039
1.370039
1.194526
1.194526
1.332084
1.332084
1.182376
1.182376
1.372014
1.372014
1.147865
1.147865
1.080947
1.080947
1.275657
1.275657
1.122924
1.122924
1.236196
1.291594
1.291594
1.236196
1.373591
1.373591
1.382992
1.382992
1.214138
1.214138
1.321294
1.321294
1.390232
1.390232
1.284663
1.284663
1.396977
1.396977
1.375448
1.375448
1.354850
1.354850
1.382957
1.382957
1.295886
1.295886
1.368010
1.150601
1.150601
1.368010
1.392049
1.392049
1.193296
1.193296
1.356729
1.356729
1.258612
1.258612
1.231292
1.231292
1.219012
1.219012
1.117163
1.117163
1.389068
1.389068
1.256339
1.256339
1.362746
1.362746
1.294322
1.294322
1.130213
1.130213
1.329569
1.329569
1.098190
1.098190
1.192839
1.192839
1.235936
1.235936
1.386521
1.388648
1.386521
1.388648
1.358901
1.358901
1.236906
1.236906
1.288090
1.288090
1.251839
1.281184
1.281184
1.251839
1.333904
1.333904
1.274980
1.274980
1.174260
1.174260
1.310945
1.310945
1.313988
1.313988
1.367218
1.367218
1.122941
1.122941
1.230978
1.230978
1.175349
1.209643
1.175349
1.209643
1.304338
1.304338
1.268017
1.268017
1.379975
1.379975
1.321061
1.321061
1.299402
1.299402
1.187842
1.187842
1.391216
1.391216
1.286643
1.286643
1.228242
1.228242
1.261699
1.261699
1.372265
1.372265
1.287885
1.287885
1.305125
1.305125
1.397521
1.397521
1.112977
1.246704
1.246704
1.112977
1.336908
1.336908
1.260821
1.260821
1.329553
1.396348
1.329553
1.396348
1.271647
1.271647
1.357611
1.357611
1.196110
1.196110
1.380820
1.380820
1.334502
1.334502
1.124346
1.124346
1.299813
1.299813
1.089117
1.089117
1.285888
1.285888
1.393273
1.393273
1.262236
1.262236
1.363024
1.363024
1.375776
1.375776
1.280987
1.280987
1.370869
1.370869
1.227015
1.227015
1.386730
1.386730
1.316720
1.316720
1.383173
1.383173
1.340374
1.340374
1.370346
1.370346
1.396496
1.396496
1.189940
1.253244
1.189940
1.253244
1.355426
1.355426
1.389289
1.389289
1.365987
1.365987
1.387895
1.387895
1.398048
1.398048
1.217837
1.217837
1.328077
1.328077
1.163344
1.163344
1.263782
1.263782
1.292718
1.292718
1.337015
1.337015
1.278973
1.278973
1.118708
1.118708
1.372098
1.288054
1.288054
1.372098
1.355172
1.378318
1.355172
1.378318
1.152990
1.152990
1.354148
1.354148
1.215823
1.215823
1.336112
1.336112
1.177152
1.177152
1.335610
1.335610
1.333602
1.333602
1.245957
1.245957
1.356498
1.356498
1.244054
1.244054
1.077396
1.077396
1.247745
1.247745
1.182103
1.182103
1.246422
1.204203
1.204203
1.246422
1.334060
1.334060
1.381499
1.381499
1.379945
1.379945
1.313820
1.313820
1.071301
1.071301
1.325150
1.325150
1.368579
1.368579
1.350113
1.350113
1.375561
1.375561
1.291311
1.291311
1.228830
1.228830
1.377088
1.377088
1.386155
1.386155
1.308151
1.308151
1.292748
1.292748
1.293266
1.293266
1.340447
1.340447
1.288114
1.288114
1.335001
1.335001
1.354446
1.354446
1.205814
1.205814
1.364886
1.364886
1.187369
1.187369
1.130783
1.130783
1.353590
1.353590
1.313057
1.313057
1.257320
1.257320
1.318701
1.318701
1.067943
1.067943
1.362347
1.362347
1.382137
1.382137
1.172471
1.172471
1.380015
1.380015
1.380317
1.380317
1.322856
1.322856
1.189378
1.189378
1.374220
1.374220
1.318577
1.318577
1.247456
1.247456
1.384395
1.384395
1.261169
1.261169
1.344231
1.344231
1.263102
1.263102
1.353340
1.353340
1.317527
1.317527
1.188680
1.188680
1.243950
1.243950
1.357459
1.357459
1.324191
1.324191
1.344062
1.344062
1.284136
1.284136
1.313533
1.313533
1.339745
1.339745
1.383971
1.383971
1.175025
1.175025
1.323158
1.323158
1.144175
1.144175
1.384996
1.384996
1.210797
1.210797
1.341180
1.341180
1.397757
1.397757
1.126946
1.126946
1.399022
1.399022
1.396522
1.396522
1.341295
1.341295
1.212695
1.143661
1.143661
1.212695
1.305266
1.305266
1.228019
1.228019
1.324307
1.324307
1.199163
1.199163
1.277539
1.137232
1.137232
1.277539
1.223192
1.223192
1.383243
1.383243
1.341423
1.341423
1.381273
1.381273
1.352735
1.352735
1.388154
1.388154
1.262568
1.262568
1.310580
1.310580
1.257941
1.257941
1.273683
1.273683
1.293162
1.293162
1.364228
1.364228
1.395063
1.395063
1.361875
1.361875
1.347003
1.347003
1.394742
1.394742
1.287812
1.287812
1.378544
1.378544
1.334294
1.334294
1.258654
1.258654
1.379226
1.379226
1.259319
1.259319
1.243182
1.243182
1.233857
1.233857
1.291286
1.291286
1.226460
1.226460
1.304183
1.304183
1.255936
1.255936
1.307488
1.307488
1.392814
1.392814
1.326715
1.326715
1.390583
1.390583
1.170122
1.170122
1.332174
1.332174
1.231854
1.231854
1.293918
1.293918
1.246907
1.246907
1.395146
1.395146
1.395928
1.395928
1.122279
1.122279
1.320513
1.320513
1.376976
1.376976
1.392138
1.392138
1.083829
1.083829
1.082753
1.082753
1.173923
1.173923
1.331442
1.331442
1.356175
1.356175
1.214619
1.214619
1.301452
1.301452
1.042645
1.042645
1.371632
1.371632
1.253570
1.253570
1.220018
1.220018
1.288892
1.288892
1.398732
1.398732
1.330394
1.330394
1.293776
1.293776
1.308414
1.308414
1.288613
1.288613
1.234848
1.234848
1.250167
1.250167
1.384867
1.384867
1.383513
1.383513
1.233864
1.233864
1.346838
1.346838
1.335537
1.335537
1.319199
1.319199
1.269784
1.269784
1.303059
1.303059
1.388489
1.388489
1.202147
1.202147
1.234425
1.234425
1.324444
1.324444
1.048385
1.048385
1.190903
1.190903
1.390623
1.390623
1.277576
1.277576
1.358132
1.358132
1.174942
1.174942
1.260100
1.260100
1.146018
1.146018
1.075637
1.075637
1.287818
1.287818
1.268801
1.268801
1.396978
1.396978
1.368544
1.368544
1.340629
1.340629
1.309949
1.309949
1.365509
1.365509
1.249606
1.249606
1.355540
1.355540
1.247676
1.247676
1.287993
1.287993
1.159976
1.159976
1.392400
1.392400
1.364985
1.364985
1.361896
1.361896
1.326382
1.326382
1.397895
1.397895
1.301655
1.301655
1.174847
1.174847
1.394464
1.394464
1.228721
1.228721
1.341719
1.341719
1.204000
1.204000
1.294307
1.294307
1.395142
1.395142
1.377543
1.377543
1.256748
1.256748
1.240016
1.240016
1.150264
1.150264
1.308991
1.308991
1.287368
1.287368
1.338865
1.156868
1.338865
1.156868
1.229496
1.229496
1.253864
1.253864
