1.196898
1.196898
1.187056
1.187056
1.209831
1.209831
1.342974
1.342974
1.312720
1.312720
1.123286
1.123286
1.358594
1.343092
1.358594
1.343092
1.372526
1.372526
1.211807
1.211807
1.366501
1.366501
1.345040
1.345040
1.185942
1.185942
1.165264
1.165264
1.358541
1.358541
1.328101
1.328101
1.368109
1.368109
1.240757
1.240757
1.357280
1.357280
1.229730
1.229730
1.372767
1.372767
1.394538
1.394538
1.357090
1.367068
1.357090
1.367068
1.361358
1.361358
1.298387
1.298387
1.395862
1.395862
1.302019
1.302019
1.342198
1.342198
1.084990
1.364555
1.364555
1.084990
1.148082
1.148082
1.368984
1.368984
1.233810
1.233810
1.379194
1.379194
1.320124
1.271070
1.271070
1.320124
1.342620
1.342620
1.389101
1.389101
1.367247
1.396359
1.367247
1.396359
1.328733
1.328733
1.329328
1.329328
1.306818
1.306818
1.330366
1.330366
1.218876
1.218876
1.383803
1.383803
1.366877
1.366877
1.171602
1.171602
1.390905
1.299539
1.390905
1.299539
1.363513
1.363513
1.223033
1.223033
1.294037
1.294037
1.114029
1.114029
1.176166
1.176166
1.332235
1.332235
1.395750
1.225099
1.395750
1.225099
1.392830
1.392830
1.359584
1.359584
1.270811
1.270811
1.230043
1.230043
1.181434
1.181434
1.387891
1.387891
1.300207
1.300207
1.366936
1.366936
1.376558
1.376558
1.384719
1.384719
1.323741
1.323741
1.333371
1.333371
1.276864
1.276864
1.180107
1.180107
1.048323
1.048323
1.326121
1.326121
1.364657
1.364657
1.330338
1.330338
1.355770
1.355770
1.397119
1.397119
1.301667
1.301667
1.287851
1.287851
1.375628
1.375628
1.359133
1.359133
1.178757
1.178757
1.363435
1.363435
1.260440
1.260440
1.284769
1.284769
1.355459
1.355459
1.371092
1.371092
1.283733
1.283733
1.158141
1.158141
1.397132
1.397132
1.341699
1.341699
1.367770
1.367770
1.356694
1.356694
1.057237
1.057237
1.392771
1.392771
1.268133
1.268133
1.370235
1.370235
1.387190
1.387190
1.258231
1.258231
1.373480
1.373480
1.395747
1.395747
1.194821
1.194821
1.388808
1.388808
1.139644
1.139644
1.272263
1.272263
1.365756
1.365756
1.305104
1.305104
1.217834
1.217834
1.161094
1.161094
1.011657
1.011657
1.085194
1.085194
1.281326
1.281326
1.237680
1.237680
1.302873
1.302873
1.341504
1.341504
1.165221
1.165221
1.237044
1.353903
1.237044
1.353903
1.337526
1.337526
1.271320
1.271320
1.260650
1.260650
1.323279
1.323279
1.206875
1.206875
1.382924
1.382924
1.098665
1.098665
1.382879
1.382879
1.390848
1.390848
1.253147
1.253147
1.329928
1.329928
1.394873
1.394873
1.377589
1.377589
1.269971
1.269971
1.102363
1.302293
1.302293
1.102363
1.388780
1.388780
1.357481
1.357481
1.208290
1.208290
1.275823
1.275823
1.292392
1.292392
1.367897
1.367897
1.345319
1.345319
1.268343
1.268343
1.376035
1.376035
1.355708
1.355708
1.272305
1.272305
1.388199
1.388199
1.253205
1.253205
1.009330
1.009330
1.274004
1.274004
1.221262
1.221262
1.336353
1.336353
1.330671
1.330671
1.109543
1.109543
1.350013
1.350013
1.158970
1.158970
1.359663
1.359663
1.241044
1.241044
1.239191
1.239191
1.229322
1.229322
1.220939
1.220939
1.206452
1.206452
1.263982
1.263982
1.398483
1.398483
1.213109
1.213109
1.345635
1.345635
1.109399
1.109399
1.383715
1.383715
1.200223
1.200223
1.325352
1.325352
1.168449
1.168449
1.183148
1.183148
1.201914
1.201914
1.366824
1.366824
1.270304
1.270304
1.323020
1.323020
1.325068
1.325068
1.274240
1.274240
1.231726
1.231726
1.377043
1.377043
1.093442
1.093442
1.314442
1.314442
1.260043
1.260043
1.242857
1.242857
1.201236
1.201236
1.342935
1.342935
1.333660
1.333660
1.338081
1.338081
1.190642
1.190642
1.283167
1.283167
1.177293
1.177293
1.362025
1.362025
1.294997
1.294997
1.171324
1.171324
1.239434
1.239434
1.370763
1.370763
1.178777
1.178777
1.386986
1.386986
1.250625
1.250625
1.380219
1.380219
1.288450
1.288450
1.313374
1.313374
1.293277
1.293277
1.369940
1.369940
1.214289
1.214289
1.377082
1.377082
1.375987
1.375987
1.349925
1.349925
1.205311
1.205311
1.203319
1.203319
1.366049
1.366049
1.290660
1.290660
1.326783
1.326783
1.330266
1.330266
1.350002
1.350002
1.347727
1.347727
1.328336
1.328336
1.294478
1.294478
1.382551
1.382551
1.337456
1.337456
1.083813
1.083813
1.351428
1.351428
1.289675
1.289675
1.223477
1.223477
1.121857
1.121857
1.311095
1.311095
1.396369
1.396369
1.312486
1.312486
1.229825
1.229825
1.240115
1.240115
1.373309
1.373309
1.343851
1.343851
1.211103
1.211103
1.094901
1.094901
1.225640
1.225640
1.148381
1.148381
1.270230
1.270230
1.363712
1.363712
1.365959
1.365959
1.353776
1.353776
1.374531
1.374531
1.303595
1.303595
1.384586
1.384586
1.351940
1.351940
1.289135
1.289135
1.119310
1.119310
1.345858
1.345858
1.101383
1.101383
1.331809
1.331809
1.363912
1.363912
1.265735
1.265735
1.328301
1.328301
1.228268
1.140026
1.228268
1.140026
1.240668
1.240668
1.137369
1.137369
1.320577
1.320577
1.244846
1.244846
1.315688
1.315688
1.273504
1.273504
1.348918
1.348918
1.241628
1.241628
1.199674
1.199674
1.345661
1.345661
1.243097
1.243097
1.305456
1.305456
1.396627
1.396627
1.359298
1.141787
1.141787
1.359298
1.134596
1.134596
1.139441
1.139441
1.338318
1.338318
1.392109
1.392109
1.330998
1.330998
1.386509
1.386509
1.330637
1.330637
1.395180
1.395180
1.304899
1.304899
1.290601
1.290601
1.151462
1.151462
1.284576
1.284576
1.218327
1.218327
1.240036
1.240036
1.213486
1.213486
1.220071
1.220071
1.334241
1.334241
1.366379
1.366379
1.376736
1.376736
1.337015
1.337015
1.275206
1.275206
1.388721
1.388721
1.395564
1.395564
1.213931
1.213931
1.261908
1.261908
1.378608
1.378608
1.310935
1.310935
1.113714
1.113714
1.184180
1.184180
1.364846
1.364846
1.283859
1.283859
1.352776
1.352776
1.386551
1.386551
1.274784
1.274784
1.384726
1.384726
1.314411
1.314411
1.307982
1.307982
1.307184
1.307184
1.399771
1.399771
1.349851
1.349851
1.333065
1.333065
1.318235
1.318235
1.157025
1.157025
1.208120
1.208120
1.303393
1.303393
1.230787
1.230787
1.152843
1.152843
1.348660
1.348660
1.151145
1.151145
1.371969
1.371969
1.331355
1.331355
1.218917
1.218917
1.332560
1.332560
1.153452
1.153452
1.202208
1.202208
1.269537
1.269537
1.295809
1.295809
1.342667
1.342667
1.372599
1.372599
1.351573
1.351573
