1.260665
1.260665
1.291350
1.291350
1.228548
1.228548
1.123140
1.123140
1.331300
1.331300
1.355214
1.356932
1.355214
1.356932
1.174154
1.174154
1.361897
1.361897
1.348037
1.348037
1.360571
1.360571
1.396671
1.396671
1.281734
1.281734
1.272416
1.272416
1.331629
1.331629
1.269766
1.269766
1.237838
1.237838
1.397132
1.397132
1.308869
1.308869
1.381832
1.381832
1.288615
1.288615
1.372882
1.372882
1.165952
1.165952
1.252069
1.252069
1.387763
1.387763
1.365023
1.365023
1.253431
1.253431
1.251491
1.251491
1.221542
1.221542
1.349220
1.349220
1.155302
1.155302
1.038244
1.038244
1.237117
1.237117
1.316205
1.316205
1.359138
1.359138
1.386954
1.386954
1.301971
1.301971
1.245055
1.245055
1.206089
1.206089
1.395270
1.395270
1.202331
1.202331
1.354217
1.354217
1.126433
1.126433
1.119491
1.119491
1.241897
1.241897
1.380208
1.380208
1.364265
1.364265
1.279205
1.279205
1.386478
1.386478
1.311766
1.311766
1.156274
1.156274
1.393205
1.393205
1.328952
1.328952
1.392938
1.392938
1.200741
1.200741
1.039792
1.039792
1.360570
1.360570
1.106336
1.106336
1.060296
1.060296
1.394980
1.394980
1.302337
1.306280
1.306280
1.302337
1.357374
1.365009
1.365009
1.357374
1.385937
1.385937
1.292026
1.292026
1.224446
1.224446
1.312438
1.312438
1.220128
1.220128
1.361452
1.361452
1.183871
1.183871
1.385468
1.385468
1.373695
1.373695
1.303415
1.303415
1.365107
1.365107
1.361213
1.361213
1.394207
1.394207
1.391816
1.391816
1.386081
1.386081
1.248247
1.248247
1.365323
1.365323
1.256890
1.256890
1.271445
1.271445
1.225515
1.225515
1.378775
1.378775
1.283326
1.283326
1.390214
1.390214
1.382043
1.382043
1.387849
1.387849
1.097454
1.097454
1.123443
1.123443
1.198412
1.198412
1.317636
1.317636
1.222231
1.222231
1.374770
1.374770
1.310990
1.310990
1.160736
1.160736
1.391225
1.391225
1.360080
1.360080
1.298878
1.298878
1.348809
1.348809
1.183145
1.183145
1.152668
1.152668
1.362644
1.362644
1.312741
1.312741
1.322088
1.322088
1.160571
1.160571
1.391658
1.391658
1.350759
1.281442
1.350759
1.281442
1.085677
1.085677
1.271504
1.271504
1.321561
1.321561
1.378823
1.378823
1.373857
1.373857
1.288170
1.288170
1.315462
1.315462
1.214553
1.214553
1.378382
1.378382
1.285607
1.285607
1.319598
1.319598
1.226977
1.226977
1.377817
1.377817
1.228468
1.228468
1.376418
1.376418
1.214616
1.214616
1.090041
1.090041
1.244760
1.244760
1.199105
1.199105
1.380657
1.380657
1.241958
1.241958
1.190016
1.190016
1.361615
1.361615
1.201651
1.201651
1.393142
1.393142
1.397728
1.397728
1.313478
1.313478
1.393123
1.393123
1.293246
1.293246
1.157664
1.157664
1.396900
1.396900
1.215737
1.215737
1.194104
1.194104
1.269038
1.269038
1.381194
1.381194
1.108905
1.108905
1.310744
1.310744
1.158619
1.158619
1.381242
1.381242
1.329849
1.329849
1.238586
1.238586
1.378072
1.378072
1.249129
1.249129
1.195250
1.195250
1.344117
1.344117
1.201356
1.201356
1.275755
1.275755
1.391472
1.391472
1.351297
1.351297
1.083886
1.083886
1.397610
1.397610
1.289706
1.123439
1.123439
1.289706
1.315613
1.315613
1.248968
1.248968
1.398322
1.398322
1.365742
1.365742
1.363107
1.363107
1.336130
1.336130
1.380054
1.380054
1.349403
1.349403
1.317427
1.317427
1.252045
1.252045
1.309514
1.309514
1.236452
1.236452
1.243903
1.243903
1.271599
1.271599
1.341670
1.341670
1.332518
1.332518
1.290625
1.290625
1.362584
1.362584
1.316774
1.316774
1.384321
1.384321
1.179900
1.179900
1.369233
1.369233
1.173925
1.173925
1.061188
1.061188
1.231629
1.231629
1.372091
1.372091
1.235664
1.235664
1.367440
1.367440
1.389704
1.389704
1.392297
1.392297
1.310831
1.310831
1.350653
1.350653
1.355767
1.355767
1.295764
1.295764
1.153970
1.153970
1.185249
1.185249
1.305752
1.305752
1.378028
1.378028
1.370109
1.370109
1.216991
1.216991
1.259744
1.259744
1.293755
1.293755
1.302251
1.302251
1.348417
1.348417
1.192024
1.192024
1.385734
1.385734
1.115740
1.115740
1.249599
1.249599
1.351197
1.351197
1.337561
1.337561
1.328201
1.235913
1.328201
1.235913
1.375399
1.375399
1.301022
1.301022
1.331766
1.331766
1.294900
1.294900
1.191019
1.191019
1.262373
1.262373
1.358350
1.358350
1.289475
1.289475
1.225140
1.225140
1.214970
1.214970
1.278520
1.278520
1.135460
1.135460
1.265980
1.265980
1.230487
1.230487
1.222928
1.222928
1.282133
1.282133
1.260358
1.260358
1.289112
1.316433
1.316433
1.289112
1.380335
1.380335
1.069289
1.069289
1.255778
1.255778
1.195636
1.195636
1.313561
1.313561
1.290376
1.290376
1.334083
1.334083
1.313933
1.313933
1.362603
1.362603
1.303863
1.303863
1.288479
1.288479
1.389172
1.389172
1.263775
1.263775
1.368551
1.368551
1.352571
1.352571
1.241824
1.241824
1.355973
1.355973
1.333204
1.333204
1.104020
1.104020
1.279470
1.279470
1.252564
1.252564
1.371857
1.371857
1.300000
1.300000
1.356670
1.356670
1.377676
1.377676
1.396960
1.396960
1.385557
1.385557
1.200187
1.200187
1.260858
1.260858
1.398623
1.398623
1.346807
1.346807
1.267653
1.267653
1.185310
1.185310
1.364869
1.364869
1.351838
1.351838
1.090931
1.090931
1.319945
1.319945
1.382021
1.382021
1.171499
1.171499
1.302086
1.302086
1.245695
1.245695
1.382614
1.382614
1.136909
1.136909
1.189915
1.189915
1.296602
1.296602
1.317857
1.317857
1.371933
1.241268
1.241268
1.371933
1.196282
1.196282
1.379334
1.379334
1.384582
1.384582
1.346238
1.346238
1.281313
1.281313
1.285109
1.285109
1.131330
1.131330
1.234042
1.234042
1.294751
1.294751
1.132852
1.132852
1.388768
1.388768
1.134341
1.134341
1.381775
1.381775
1.194623
1.194623
1.265615
1.265615
1.229747
1.229747
1.191681
1.191681
1.245101
1.245101
1.211426
1.211426
1.189509
1.189509
1.310091
1.310091
1.381687
1.381687
1.316598
1.316598
1.284464
1.284464
1.236088
1.236088
1.248140
1.248140
1.122850
1.122850
1.372406
1.372406
1.333536
1.333536
1.390690
1.390690
1.398602
1.398602
1.368276
1.368276
1.379962
1.379962
1.370631
1.370631
1.245553
1.245553
1.110934
1.110934
1.252176
1.252176
1.258191
1.258191
1.218730
1.218730
