1.058150
1.058150
1.355538
1.355538
1.258066
1.258066
1.334925
1.334925
1.374154
1.374154
1.106980
1.106980
1.236315
1.236315
1.316564
1.316564
1.328996
1.328996
1.224668
1.224668
1.335670
1.335670
1.324132
1.324132
1.287612
1.287612
1.353504
1.353504
1.222793
1.222793
1.316726
1.316726
1.395751
1.320199
1.320199
1.395751
1.168889
1.168889
1.364869
1.364869
1.376048
1.376048
1.300705
1.383592
1.383592
1.300705
1.143078
1.143078
1.386245
1.386245
1.283077
1.095411
1.283077
1.095411
1.125869
1.125869
1.370951
1.370951
1.357607
1.357607
1.390253
1.390253
1.273964
1.109726
1.109726
1.273964
1.260527
1.260527
1.374473
1.374473
1.159174
1.159174
1.335597
1.335597
1.247289
1.247289
1.306369
1.306369
1.328930
1.328930
1.371481
1.371481
1.337572
1.337572
1.163768
1.163768
1.340848
1.340848
1.040346
1.040346
1.121063
1.121063
1.381634
1.381634
1.073382
1.073382
1.318834
1.318834
1.360019
1.360019
1.101110
1.101110
1.326100
1.326100
1.338647
1.338647
1.218139
1.218139
1.348245
1.348245
1.072461
1.072461
1.281787
1.281787
1.323320
1.323320
1.374674
1.374674
1.173257
1.173257
1.332068
1.332068
1.206080
1.279965
1.206080
1.279965
1.348842
1.348842
1.324555
1.324555
1.198901
1.198901
1.269783
1.247000
1.247000
1.269783
1.383153
1.383153
1.323338
1.323338
1.214574
1.336569
1.214574
1.336569
1.354457
1.354457
1.391934
1.391934
1.373181
1.373181
1.128970
1.128970
1.303464
1.303464
1.316693
1.316693
1.363725
1.363725
1.243562
1.243562
1.083712
1.083712
1.381576
1.381576
1.175987
1.175987
1.308154
1.308154
1.215719
1.215719
1.340734
1.340734
1.296654
1.296654
1.219942
1.219942
1.394642
1.394642
1.312823
1.312823
1.214325
1.214325
1.345830
1.320854
1.320854
1.345830
1.379244
1.379244
1.258207
1.258207
1.268962
1.268962
1.269663
1.269663
1.146612
1.146612
1.259898
1.259898
1.197821
1.197821
1.307113
1.307113
1.107132
1.107132
1.312858
1.312858
1.311754
1.311754
1.092209
1.092209
1.123365
1.123365
1.330810
1.352681
1.352681
1.330810
1.201717
1.201717
1.302068
1.302068
1.253763
1.253763
1.212434
1.212434
1.380651
1.380651
1.101585
1.101585
1.334286
1.334286
1.338311
1.338311
1.383537
1.383537
1.386240
1.386240
1.064617
1.064617
1.147816
1.147816
1.247568
1.247568
1.395413
1.395413
1.372604
1.372604
1.230298
1.230298
1.363008
1.363008
1.364342
1.364342
1.319991
1.050431
1.319991
1.050431
1.313714
1.313714
1.396832
1.396832
1.324221
1.324221
1.242719
1.242719
1.301970
1.301970
1.395287
1.395287
1.307687
1.307687
1.204070
1.204070
1.108788
1.108788
1.293818
1.293818
1.399010
1.399010
1.387815
1.387815
1.274559
1.274559
1.254721
1.254721
1.319109
1.319109
1.255901
1.174072
1.255901
1.174072
1.099502
1.099502
1.387648
1.387648
1.254943
1.254943
1.304753
1.178179
1.304753
1.178179
1.356465
1.356465
1.334719
1.334719
1.237324
1.237324
1.225715
1.169307
1.169307
1.225715
1.298157
1.298157
1.389823
1.389823
1.397040
1.397040
1.371656
1.307915
1.371656
1.307915
1.383330
1.251841
1.383330
1.251841
1.392385
1.392385
1.364995
1.364995
1.207672
1.207672
1.214559
1.214559
1.276354
1.276354
1.391760
1.391760
1.368724
1.368724
1.381710
1.381710
1.347980
1.347980
1.199558
1.199558
1.346408
1.346408
1.356168
1.356168
1.204717
1.204717
1.252691
1.252691
1.205368
1.179209
1.205368
1.179209
1.356119
1.356119
1.377376
1.377376
1.265069
1.265069
1.149536
1.149536
1.274347
1.274347
1.286254
1.286254
1.015201
1.015201
1.370373
1.370373
1.307063
1.307063
1.299775
1.299775
1.020211
1.020211
1.397664
1.397664
1.374429
1.374429
1.318465
1.318465
1.181626
1.181626
1.395591
1.395591
1.132150
1.132150
1.215379
1.215379
1.299826
1.299826
1.364119
1.364119
1.331612
1.331612
1.319281
1.319281
1.341395
1.341395
1.370247
1.370247
1.229634
1.229634
1.289284
1.289284
1.362346
1.362346
1.223161
1.223161
1.381728
1.381728
1.314024
1.314024
1.370909
1.370909
1.046175
1.046175
1.300693
1.300693
1.313968
1.313968
1.329633
1.329633
1.347132
1.347132
1.273198
1.273198
1.275408
1.275408
1.312799
1.312799
1.250027
1.250027
1.387766
1.387766
1.316734
1.316734
1.320655
1.320655
1.369461
1.369461
1.083611
1.083611
1.286346
1.286346
1.363924
1.363924
1.330133
1.330133
1.213067
1.213067
1.330455
1.232955
1.232955
1.330455
1.136228
1.136228
1.138530
1.138530
1.352291
1.352291
1.268876
1.268876
1.349299
1.349299
1.378301
1.378301
1.274803
1.274803
1.262519
1.262519
1.397854
1.397854
1.261893
1.261893
1.269992
1.269992
1.355240
1.355240
1.357837
1.357837
1.396000
1.396000
1.387592
1.387592
1.176642
1.176642
1.341308
1.341308
1.389128
1.389128
1.199319
1.199319
1.212784
1.212784
1.346724
1.346724
1.039762
1.039762
1.333235
1.333235
1.241408
1.241408
1.233750
1.233750
1.051453
1.051453
1.067284
1.067284
1.365956
1.365956
1.260091
1.260091
1.399607
1.287160
1.399607
1.287160
1.362120
1.362120
1.240773
1.240773
1.279499
1.279499
1.381188
1.381188
1.337384
1.337384
1.324399
1.324399
1.332351
1.332351
1.364068
1.364068
1.333863
1.333863
1.393400
1.393400
1.339999
1.339999
1.320735
1.320735
1.363544
1.363544
1.284175
1.284175
1.167622
1.167622
1.261167
1.261167
1.315239
1.315239
1.105754
1.105754
1.178794
1.178794
1.366085
1.366085
1.177024
1.177024
1.325488
1.325488
1.307121
1.307121
1.375999
1.375999
1.316851
1.316851
1.392583
1.392583
1.399048
1.399048
1.132073
1.132073
1.342374
1.342374
1.194005
1.194005
1.026600
1.026600
1.319667
1.319667
1.214049
1.214049
1.023429
1.023429
1.288612
1.288612
1.126297
1.126297
1.258302
1.258302
1.396174
1.396174
1.249393
1.249393
1.352503
1.352503
1.239698
1.239698
1.178171
1.178171
1.316934
1.316934
1.326661
1.326661
1.308046
1.308046
1.363499
1.363499
1.301253
1.301253
1.156002
1.156002
1.296042
1.296042
1.066178
1.066178
1.369631
1.369631
1.325711
1.325711
1.265728
1.265728
1.395185
1.395185
1.350871
1.350871
1.185907
1.185907
1.250749
1.250749
1.280535
1.280535
1.074611
1.074611
1.288134
1.288134
1.330557
1.330557
1.348624
1.348624
1.282072
1.282072
1.381463
1.381463
1.366053
1.366053
1.393632
1.393632
1.363030
1.363030
1.141695
1.141695
1.226704
1.226704
1.307076
1.307076
1.379748
1.379748
1.359615
1.359615
1.399954
1.399954
1.177691
1.177691
1.399668
1.399668
1.038948
1.038948
1.178227
1.178227
1.157937
1.157937
1.247594
1.247594
1.391113
1.391113
1.384340
1.312006
1.384340
1.312006
1.361168
1.361168
1.248073
1.248073
1.325721
1.325721
1.375307
1.375307
1.396566
1.396566
1.238363
1.238363
1.257774
1.257774
1.283431
1.283431
1.324052
1.324052
1.237109
1.237109
1.058518
1.058518
1.353767
1.353767
1.376832
1.376832
1.178186
1.178186
1.207283
1.207283
1.312950
1.312950
1.311276
1.311276
1.118253
1.118253
1.290706
1.290706
1.325740
1.325740
1.193923
1.193923
1.296003
1.296003
1.361692
1.361692
1.360768
1.360768
1.194378
1.194378
1.356207
1.356207
1.364197
1.364197
1.114620
1.114620
1.243326
1.243326
1.388866
1.388866
1.380254
1.380254
1.310179
1.310179
1.195408
1.195408
1.378264
1.378264
1.308906
1.308906
1.277518
1.277518
1.372576
1.372576
1.334407
1.334407
1.386585
1.386585
1.178260
1.178260
1.218256
1.218256
1.337422
1.337422
1.264734
1.264734
1.249517
1.249517
1.158199
1.158199
1.184591
1.184591
1.244072
1.244072
1.251484
1.251484
1.233465
1.233465
1.345693
1.345693
1.305602
1.305602
1.343881
1.343881
1.379320
1.379320
1.193990
1.193990
1.055439
1.055439
1.103696
1.103696
1.142645
1.142645
1.135109
1.135109
1.241152
1.241152
1.386393
1.386393
1.270777
1.270777
1.350961
1.350961
1.296045
1.296045
1.363345
1.363345
1.271023
1.271023
1.328760
1.328760
1.241289
1.241289
1.308973
1.308973
1.344741
1.344741
1.080718
1.080718
1.296490
1.296490
1.322326
1.322326
1.304356
1.304356
1.228567
1.228567
1.255078
1.255078
1.271189
1.271189
1.194840
1.194840
1.338331
1.338331
1.148716
1.148716
1.396063
1.396063
1.324943
1.324943
