1.301958
1.301958
1.261248
1.261248
1.155493
1.155493
1.393323
1.393323
1.202828
1.202828
1.361260
1.361260
1.394361
1.394361
1.318683
1.200302
1.318683
1.200302
1.245761
1.245761
1.386076
1.386076
1.119622
1.119622
1.218315
1.218315
1.382066
1.382066
1.197362
1.197362
1.276115
1.276115
1.328504
1.328504
1.230368
1.230368
1.375361
1.375361
1.333471
1.333471
1.268028
1.268028
1.308244
1.308244
1.350956
1.350956
1.292895
1.292895
1.334444
1.334444
1.335243
1.335243
1.307679
1.198810
1.198810
1.307679
1.394511
1.394511
1.106212
1.106212
1.215401
1.215401
1.167160
1.167160
1.199788
1.199788
1.272993
1.272993
1.189312
1.189312
1.382463
1.382463
1.330996
1.330996
1.350145
1.350145
1.234916
1.234916
1.104735
1.104735
1.368076
1.398779
1.368076
1.398779
1.369711
1.369711
1.364143
1.364143
1.279129
1.156954
1.279129
1.156954
1.031706
1.386224
1.386224
1.031706
1.202129
1.202129
1.200401
1.200401
1.372224
1.372224
1.391422
1.391422
1.324291
1.324291
1.106946
1.106946
1.227052
1.227052
1.121130
1.121130
1.376358
1.382739
1.382739
1.376358
1.138615
1.138615
1.385755
1.385755
1.204931
1.204931
1.398839
1.398839
1.303371
1.303371
1.396220
1.396220
1.366324
1.366324
1.381054
1.381054
1.230712
1.230712
1.204087
1.204087
1.330670
1.330670
1.036771
1.036771
1.300452
1.300452
1.349300
1.349300
1.222946
1.368103
1.222946
1.368103
1.382346
1.382346
1.063073
1.063073
1.390348
1.390348
1.339022
1.339022
1.348514
1.348514
1.280935
1.280935
1.250722
1.250722
1.310225
1.310225
1.367331
1.367331
1.290609
1.290609
1.193597
1.193597
1.343183
1.343183
1.379941
1.379941
1.350723
1.350723
1.274404
1.274404
1.093402
1.093402
1.232932
1.232932
1.297254
1.297254
1.368033
1.368033
1.194087
1.194087
1.370584
1.370584
1.359031
1.359031
1.047988
1.047988
1.301599
1.301599
1.339775
1.339775
1.166834
1.166834
1.338187
1.338187
1.208539
1.208539
1.379872
1.379872
1.296851
1.296851
1.349611
1.349611
1.350278
1.350278
1.296869
1.296869
1.184338
1.184338
1.379471
1.379471
1.090786
1.376489
1.090786
1.376489
1.076788
1.076788
1.373292
1.373292
1.273181
1.273181
1.384555
1.384555
1.233303
1.233303
1.281680
1.281680
1.393778
1.393778
1.345655
1.345655
1.353294
1.353294
1.261561
1.261561
1.323259
1.323259
1.355966
1.187223
1.187223
1.355966
1.399391
1.399391
1.227763
1.227763
1.272291
1.272291
1.190725
1.190725
1.216375
1.216375
1.150069
1.150069
1.228966
1.228966
1.093545
1.093545
1.337573
1.337573
1.175436
1.175436
1.301865
1.301865
1.320390
1.320390
1.225053
1.225053
1.190635
1.190635
1.369091
1.369091
1.313940
1.313940
1.068576
1.068576
1.037592
1.037592
1.291617
1.291617
1.397645
1.397645
1.333717
1.333717
1.318470
1.318470
1.149516
1.149516
1.337732
1.337732
1.375471
1.375471
1.115593
1.115593
1.275462
1.275462
1.098148
1.098148
1.226654
1.344630
1.226654
1.344630
1.103266
1.103266
1.395897
1.395897
1.260185
1.260185
1.117848
1.117848
1.306852
1.306852
1.390175
1.390175
1.309195
1.309195
1.391145
1.391145
1.329786
1.329786
1.155471
1.155471
1.346900
1.346900
1.396402
1.396402
1.194507
1.194507
1.292628
1.292628
1.191355
1.191355
1.372989
1.372989
1.357959
1.357959
1.257699
1.257699
1.222301
1.222301
1.120835
1.120835
1.354119
1.354119
1.324030
1.324030
1.268967
1.268967
1.293395
1.272367
1.293395
1.272367
1.147951
1.147951
1.260489
1.260489
1.363451
1.363451
1.264308
1.264308
1.332434
1.332434
1.376842
1.376842
1.360466
1.360466
1.233208
1.233208
1.077478
1.077478
1.341377
1.341377
1.121133
1.121133
1.153053
1.153053
1.370361
1.370361
1.378783
1.378783
1.111794
1.111794
1.205925
1.205925
1.330023
1.330023
1.013598
1.013598
1.315076
1.315076
1.201614
1.201614
1.354061
1.354061
1.295382
1.295382
1.326922
1.326922
1.324297
1.324297
1.080877
1.080877
1.261501
1.261501
1.296644
1.296644
1.327773
1.327773
1.156281
1.156281
1.057866
1.057866
1.273856
1.273856
1.349886
1.349886
1.333949
1.333949
1.368454
1.368454
1.359384
1.359384
1.251251
1.251251
1.248022
1.248022
1.280668
1.280668
1.394206
1.394206
1.168118
1.168118
1.377042
1.258126
1.258126
1.377042
1.384102
1.384102
1.143008
1.143008
1.287609
1.287609
1.326504
1.326504
1.058067
1.058067
1.300467
1.300467
1.208037
1.208037
1.198211
1.198211
1.159162
1.159162
1.071043
1.071043
1.223568
1.223568
1.038961
1.038961
1.197781
1.197781
1.258284
1.258284
1.321570
1.321570
1.347249
1.347249
1.300468
1.349811
1.300468
1.349811
1.173231
1.173231
1.148152
1.148152
1.365540
1.365540
1.246532
1.246532
1.251249
1.251249
1.327710
1.327710
1.169106
1.169106
1.397427
1.397427
1.308825
1.308825
1.253438
1.253438
1.285225
1.285225
1.229873
1.229873
1.366046
1.366046
1.300422
1.300422
1.316346
1.316346
1.091527
1.091527
1.379259
1.379259
1.283292
1.283292
1.304067
1.304067
1.088043
1.088043
1.332838
1.332838
1.282672
1.282672
1.326541
1.326541
1.366308
1.366308
1.261015
1.261015
1.359173
1.359173
1.339967
1.339967
1.184273
1.184273
1.396323
1.396323
1.060304
1.060304
1.329267
1.329267
1.282684
1.282684
1.303603
1.303603
1.385561
1.385561
1.162219
1.162219
1.166391
1.166391
1.359180
1.359180
1.374672
1.374672
1.394016
1.394016
1.393357
1.393357
1.164911
1.164911
1.247788
1.247788
1.253019
1.253019
1.240356
1.120058
1.240356
1.120058
1.170526
1.170526
1.152266
1.152266
1.260717
1.260717
1.366526
1.366526
1.341581
1.341581
1.335340
1.335340
1.260198
1.260198
1.385697
1.385697
1.339922
1.339922
1.326474
1.326474
1.266824
1.266824
1.334662
1.334662
1.045428
1.045428
1.161523
1.161523
1.233203
1.233203
1.300793
1.300793
1.237313
1.237313
1.372626
1.372626
1.178202
1.178202
1.158338
1.158338
1.333560
1.333560
1.375110
1.375110
1.112907
1.112907
1.389480
1.389480
1.285917
1.285917
1.343885
1.343885
1.255691
1.255691
1.221176
1.221176
1.365325
1.365325
1.359435
1.359435
1.326621
1.326621
1.278379
1.278379
1.297570
1.297570
1.397510
1.397510
1.394503
1.394503
1.261407
1.261407
1.186410
1.186410
1.301754
1.301754
1.362522
1.362522
1.379337
1.379337
1.341820
1.341820
1.377762
1.377762
1.337409
1.337409
1.133862
1.133862
1.310993
1.310993
1.159483
1.159483
1.364650
1.364650
1.315924
1.315924
1.132397
1.132397
1.371602
1.371602
1.348202
1.348202
1.317052
1.317052
1.181480
1.181480
1.297522
1.297522
1.224019
1.224019
1.389665
1.389665
1.287818
1.287818
1.327778
1.327778
1.280981
1.280981
1.338291
1.338291
1.333920
1.333920
1.181139
1.181139
1.345612
1.345612
1.340917
1.340917
1.343403
1.343403
1.213227
1.213227
1.053263
1.053263
1.345093
1.345093
1.255897
1.255897
1.293951
1.293951
1.379751
1.379751
1.398922
1.398922
1.301433
1.301433
1.358006
1.358006
1.369605
1.369605
1.393704
1.393704
1.155535
1.155535
1.337518
1.337518
1.287335
1.287335
1.194164
1.194164
1.328141
1.328141
1.301086
1.301086
1.351411
1.351411
1.313476
1.313476
1.162115
1.162115
1.278566
1.278566
1.319865
1.319865
1.180899
1.180899
1.188566
1.188566
1.394270
1.394270
1.335870
1.335870
1.320052
1.320052
1.192738
1.192738
1.083614
1.083614
1.343973
1.343973
1.315059
1.315059
1.261665
1.261665
