1.091235
1.091235
1.156716
1.156716
1.359226
1.359226
1.399764
1.399764
1.173534
1.173534
1.399315
1.399315
1.392042
1.140444
1.140444
1.392042
1.274507
1.274507
1.323961
1.267925
1.323961
1.267925
1.361422
1.361422
1.383622
1.383622
1.150096
1.150096
1.306535
1.306535
1.337025
1.337025
1.235948
1.235948
1.181793
1.181793
1.086609
1.086609
1.349235
1.349235
1.368012
1.368012
1.235378
1.235378
1.154515
1.154515
1.176716
1.176716
1.315058
1.315058
1.259749
1.259749
1.333218
1.333218
1.210141
1.210141
1.367327
1.367327
1.135373
1.135373
1.363407
1.363407
1.141428
1.141428
1.257823
1.257823
1.214958
1.214958
1.368846
1.368846
1.309366
1.309366
1.325155
1.325155
1.366385
1.366385
1.285427
1.285427
1.144404
1.144404
1.389529
1.389529
1.099548
1.099548
1.356624
1.356624
1.277576
1.277576
1.170205
1.170205
1.285053
1.285053
1.386977
1.386977
1.269659
1.202726
1.269659
1.202726
1.328371
1.328371
1.092782
1.092782
1.387120
1.387120
1.372792
1.372792
1.347773
1.347773
1.162122
1.162122
1.305147
1.305147
1.139467
1.139467
1.222016
1.222016
1.215420
1.215420
1.114295
1.114295
1.126811
1.126811
1.361779
1.361779
1.382376
1.382376
1.240199
1.240199
1.286496
1.286496
1.134030
1.134030
1.397403
1.397403
1.393886
1.393886
1.366615
1.366615
1.329183
1.329183
1.183049
1.183049
1.398789
1.398789
1.290982
1.290982
1.295135
1.295135
1.232224
1.232224
1.321396
1.321396
1.246818
1.246818
1.318453
1.318453
1.249115
1.249115
1.306186
1.306186
1.359531
1.359531
1.204791
1.204791
1.360444
1.360444
1.360259
1.360259
1.072639
1.072639
1.345810
1.345810
1.354421
1.354421
1.356156
1.356156
1.349944
1.349944
1.345891
1.345891
1.365511
1.365511
1.211392
1.211392
1.219902
1.219902
1.260121
1.330535
1.330535
1.260121
1.290136
1.290136
1.398793
1.398793
1.192724
1.327918
1.327918
1.192724
1.080332
1.080332
1.286434
1.286434
1.398024
1.398024
1.297378
1.297378
1.325685
1.325685
1.373658
1.373658
1.217445
1.217445
1.346310
1.395217
1.395217
1.346310
1.130040
1.130040
1.365281
1.365281
1.329781
1.329781
1.243727
1.243727
1.386004
1.386004
1.373413
1.373413
1.158964
1.158964
1.287026
1.287026
1.397091
1.397091
1.347046
1.347046
1.388203
1.388203
1.264019
1.264019
1.248694
1.248694
1.396630
1.302121
1.302121
1.396630
1.364801
1.364801
1.312797
1.312797
1.235949
1.235949
1.392466
1.392466
1.288441
1.288441
1.399660
1.399660
1.353502
1.353502
1.395812
1.395812
1.385479
1.385479
1.200108
1.200108
1.154199
1.154199
1.369751
1.369751
1.368705
1.368705
1.371414
1.371414
1.298033
1.298033
1.390875
1.390875
1.249621
1.249621
1.295466
1.295466
1.308641
1.308641
1.371030
1.371030
1.388689
1.388689
1.270504
1.270504
1.321786
1.321786
1.242782
1.242782
1.346844
1.346844
1.347468
1.347468
1.284696
1.284696
1.333675
1.333675
1.126900
1.126900
1.383911
1.383911
1.218130
1.218130
1.349198
1.349198
1.098685
1.098685
1.367507
1.367507
1.127024
1.127024
1.383818
1.383818
1.211641
1.211641
1.285003
1.285003
1.067598
1.067598
1.382923
1.382923
1.194079
1.194079
1.339657
1.339657
1.382881
1.382159
1.382881
1.382159
1.289573
1.289573
1.360207
1.360207
1.220367
1.220367
1.352931
1.352931
1.329877
1.329877
1.061199
1.061199
1.211709
1.211709
1.332485
1.332485
1.399777
1.399777
1.113270
1.113270
1.383885
1.383885
1.289230
1.289230
1.240799
1.240799
1.277971
1.277971
1.192674
1.192674
1.223127
1.223127
1.393504
1.393504
1.211286
1.211286
1.349607
1.349607
1.317427
1.317427
1.165521
1.165521
1.296142
1.296142
1.247029
1.247029
1.295010
1.295010
1.117154
1.117154
1.329170
1.329170
1.318841
1.318841
1.207911
1.207911
1.268655
1.268655
1.230264
1.230264
1.304130
1.304130
1.300631
1.300631
1.305007
1.305007
1.399296
1.399296
1.194963
1.194963
1.141024
1.141024
1.397094
1.397094
1.273023
1.174543
1.273023
1.174543
1.285210
1.285210
1.072389
1.072389
1.296331
1.296331
1.122426
1.122426
1.384021
1.384021
1.382912
1.382912
1.381437
1.381437
1.076743
1.076743
1.261997
1.261997
1.257271
1.257271
1.261918
1.261918
1.035726
1.035726
1.352558
1.352558
1.345756
1.345756
1.281654
1.281654
1.286693
1.286693
1.185105
1.185105
1.251730
1.251730
1.392088
1.392088
1.341487
1.341487
1.162644
1.162644
1.367947
1.367947
1.374957
1.351475
1.374957
1.351475
1.211803
1.211803
1.306883
1.306883
1.126873
1.126873
1.391427
1.391427
1.246595
1.246595
1.133162
1.133162
1.247164
1.247164
1.090221
1.090221
1.383493
1.383493
1.119028
1.119028
1.325150
1.325150
1.167465
1.167465
1.334489
1.334489
1.349685
1.349685
1.342254
1.342254
1.390922
1.390922
1.293583
1.293583
1.341433
1.341433
1.277954
1.277954
1.399814
1.399814
1.235280
1.235280
1.161428
1.161428
1.170820
1.170820
1.245036
1.245036
1.116496
1.116496
1.397357
1.397357
1.364032
1.364032
1.368256
1.368256
1.347046
1.347046
1.113322
1.113322
1.178136
1.178136
1.373161
1.373161
1.133379
1.133379
1.116269
1.116269
1.393663
1.393663
1.187744
1.187744
1.107246
1.107246
1.248589
1.248589
1.157097
1.157097
1.306356
1.306356
1.320344
1.320344
1.304331
1.304331
1.294233
1.294233
1.331630
1.331630
1.204135
1.204135
1.399329
1.399329
1.275166
1.275166
1.323273
1.323273
1.150564
1.150564
1.294851
1.294851
1.303193
1.303193
1.353405
1.353405
1.397093
1.397093
1.362065
1.362065
1.324087
1.324087
1.268448
1.268448
1.235611
1.235611
1.317522
1.317522
1.391751
1.391751
1.311330
1.311330
1.313746
1.313746
1.372121
1.372121
1.360776
1.360776
1.095435
1.095435
1.375045
1.375045
1.078937
1.078937
1.321524
1.321524
1.328898
1.328898
1.203663
1.203663
1.106995
1.106995
1.286328
1.286328
1.295127
1.295127
1.289945
1.289945
1.154090
1.154090
1.155614
1.155614
1.110326
1.110326
1.192037
1.192037
1.301564
1.301564
1.370430
1.370430
1.137710
1.137710
1.359638
1.359638
1.142189
1.142189
1.353900
1.353900
1.356908
1.356908
1.374682
1.374682
1.265418
1.265418
1.350329
1.350329
1.194363
1.194363
1.327793
1.327793
1.203652
1.203652
1.324424
1.324424
1.186553
1.186553
1.241259
1.241259
1.180533
1.180533
1.326807
1.326807
1.250073
1.263734
1.263734
1.250073
1.148496
1.148496
1.398701
1.398701
1.367341
1.367341
1.157627
1.157627
1.394658
1.394658
1.258815
1.258815
1.262315
1.262315
1.366362
1.366362
1.285540
1.285540
1.364024
1.364024
1.054736
1.054736
1.221779
1.221779
1.296502
1.296502
1.355474
1.355474
1.272458
1.272458
1.288937
1.288937
