1.206025
1.206025
1.056896
1.277791
1.056896
1.277791
1.388629
1.388629
1.046995
1.046995
1.164118
1.164118
1.351364
1.351364
1.354953
1.354953
1.225298
1.225298
1.313932
1.313932
1.391208
1.391208
1.196506
1.196506
1.149966
1.149966
1.323204
1.323204
1.337445
1.360940
1.360940
1.337445
1.321129
1.321129
1.386910
1.386910
1.239533
1.239533
1.278877
1.278877
1.147659
1.147659
1.217737
1.217737
1.062247
1.062247
1.398889
1.344076
1.398889
1.344076
1.376017
1.376017
1.348512
1.348512
1.279777
1.279777
1.376150
1.376150
1.358616
1.358616
1.387030
1.387030
1.061745
1.061745
1.163681
1.163681
1.382678
1.382678
1.272017
1.272017
1.366076
1.366076
1.250216
1.250216
1.375543
1.375543
1.313047
1.313047
1.262525
1.262525
1.385592
1.385592
1.098850
1.098850
1.324766
1.324766
1.284262
1.284262
1.322286
1.322286
1.389978
1.389978
1.360113
1.360113
1.107120
1.107120
1.337827
1.337827
1.262740
1.262740
1.284680
1.284680
1.399548
1.399548
1.297030
1.297030
1.286329
1.286329
1.240720
1.240720
1.353256
1.353256
1.393074
1.393074
1.342527
1.342527
1.296709
1.296709
1.336261
1.336261
1.292126
1.292126
1.096020
1.096020
1.363208
1.363208
1.342688
1.342688
1.186961
1.186961
1.274085
1.274085
1.382797
1.382797
1.340784
1.340784
1.154030
1.154030
1.159161
1.159161
1.323594
1.323594
1.375134
1.375134
1.285248
1.285248
1.105610
1.105610
1.171747
1.171747
1.373151
1.373151
1.307542
1.307542
1.206679
1.206679
1.359652
1.359652
1.391741
1.391741
1.385315
1.385315
1.264535
1.264535
1.326169
1.326169
1.123537
1.123537
1.117082
1.193140
1.193140
1.117082
1.386447
1.386447
1.399215
1.399215
1.290213
1.290213
1.249838
1.249838
1.168994
1.168994
1.314559
1.314559
1.267481
1.267481
1.292637
1.292637
1.397858
1.397858
1.387272
1.387272
1.233060
1.233060
1.205743
1.205743
1.340642
1.340642
1.334600
1.334600
1.365392
1.365392
1.276855
1.249996
1.249996
1.276855
1.374842
1.374842
1.270844
1.270844
1.270891
1.270891
1.139687
1.139687
1.228158
1.228158
1.352236
1.352236
1.142100
1.142100
1.390649
1.390649
1.270488
1.270488
1.305814
1.305814
1.329921
1.329921
1.345127
1.345127
1.335484
1.335484
1.261300
1.046329
1.046329
1.261300
1.247937
1.247937
1.252068
1.252068
1.289620
1.289620
1.279642
1.279642
1.067993
1.067993
1.276680
1.276680
1.282704
1.326468
1.326468
1.282704
1.135584
1.135584
1.204011
1.331669
1.331669
1.204011
1.396132
1.396132
1.272171
1.272171
1.279165
1.279165
1.340720
1.340720
1.298364
1.298364
1.305612
1.305612
1.367399
1.367399
1.242136
1.242136
1.319759
1.319759
1.356208
1.356208
1.385512
1.385512
1.385881
1.385881
1.342708
1.342708
1.336881
1.336881
1.391369
1.391369
1.219981
1.219981
1.388866
1.388866
1.376614
1.376614
1.130554
1.130554
1.253573
1.253573
1.321576
1.321576
1.301353
1.301353
1.262482
1.262482
1.221408
1.221408
1.194316
1.194316
1.141127
1.141127
1.228184
1.228184
1.297428
1.297428
1.099717
1.099717
1.351249
1.351249
1.386674
1.386674
1.375281
1.375281
1.182731
1.182731
1.109526
1.109526
1.358748
1.358748
1.350376
1.399114
1.350376
1.399114
1.320258
1.320258
1.057842
1.057842
1.251339
1.251339
1.354762
1.354762
1.345436
1.345436
1.385020
1.385020
1.382546
1.382546
1.215462
1.215462
1.226904
1.226904
1.313062
1.313062
1.390165
1.390165
1.376873
1.376873
1.286272
1.286272
1.271808
1.271808
1.398770
1.398770
1.247655
1.247655
1.321369
1.321369
1.213673
1.213673
1.279844
1.279844
1.334297
1.334297
1.277249
1.277249
1.038908
1.038908
1.285973
1.285973
1.217531
1.217531
1.372957
1.372957
1.233351
1.233351
1.384114
1.384114
1.388826
1.388826
1.089745
1.089745
1.218140
1.218140
1.345246
1.345246
1.277772
1.277772
1.110742
1.110742
1.219611
1.219611
1.168284
1.168284
1.229740
1.229740
1.187315
1.187315
1.058458
1.058458
1.184809
1.184809
1.199910
1.199910
1.385368
1.385368
1.111854
1.111854
1.314178
1.314178
1.032894
1.032894
1.263991
1.263991
1.298488
1.298488
1.364497
1.364497
1.347345
1.347345
1.368338
1.368338
1.147170
1.147170
1.102812
1.102812
1.305182
1.305182
1.339610
1.339610
1.182995
1.182995
1.190782
1.190782
1.221593
1.221593
1.319841
1.319841
1.360742
1.360742
1.188919
1.188919
1.330507
1.330507
1.391931
1.391931
1.369980
1.369980
1.383193
1.383193
1.150806
1.150806
1.209473
1.209473
1.355806
1.355806
1.365707
1.365707
1.373866
1.373866
1.091069
1.091069
1.180996
1.180996
1.260525
1.260525
1.391542
1.391542
1.279067
1.279067
1.339780
1.339780
1.384306
1.384306
1.244947
1.244947
1.390940
1.390940
1.286290
1.286290
1.371373
1.371373
1.272680
1.272680
1.106523
1.106523
1.074812
1.074812
1.390297
1.390297
1.353709
1.353709
1.327965
1.327965
1.399192
1.399192
1.333113
1.333113
1.346535
1.346535
1.396346
1.396346
1.290077
1.290077
1.386387
1.386387
1.345143
1.345143
1.312281
1.312281
1.376999
1.322993
1.376999
1.322993
1.374188
1.073023
1.073023
1.374188
1.387052
1.387052
1.380649
1.380649
1.388098
1.388098
1.221349
1.221349
1.264963
1.264963
1.182209
1.182209
1.328330
1.328330
1.370962
1.370962
1.299616
1.299616
1.289273
1.289273
1.123562
1.123562
1.330374
1.330374
1.317406
1.317406
1.300815
1.300815
1.382847
1.382847
1.116682
1.124589
1.124589
1.116682
1.292631
1.292631
1.130005
1.130005
1.186147
1.186147
1.333051
1.333051
1.184002
1.184002
1.119976
1.119976
1.345328
1.345328
1.393367
1.393367
1.375858
1.375858
1.382442
1.382442
1.250338
1.250338
1.118694
1.118694
1.397316
1.397316
1.360946
1.360946
1.274431
1.274431
1.243652
1.243652
1.248683
1.248683
1.237978
1.237978
1.271333
1.271333
1.395867
1.395867
1.275886
1.275886
1.052183
1.052183
1.168700
1.168700
1.378821
1.378821
1.155891
1.155891
1.217113
1.217113
1.156582
1.156582
1.293727
1.293727
1.233586
1.233586
1.190608
1.190608
1.287215
1.287215
1.372745
1.372745
1.205517
1.205517
1.375976
1.375976
1.213300
1.213300
1.197319
1.197319
1.393055
1.393055
1.385938
1.385938
1.397053
1.397053
1.111962
1.111962
1.332968
1.332968
1.357639
1.357639
1.325709
1.325709
1.218291
1.218291
1.140939
1.140939
1.345459
1.345459
1.353457
1.353457
1.300008
1.300008
1.298934
1.298934
1.354216
1.354216
1.316556
1.316556
1.359716
1.359716
1.248833
1.248833
1.326313
1.326313
1.116229
1.116229
1.246674
1.246674
1.351144
1.351144
1.191775
1.191775
1.128046
1.128046
1.204467
1.204467
1.078934
1.078934
1.301623
1.301623
1.279039
1.279039
1.365643
1.365643
1.247988
1.247988
1.119094
1.119094
1.239670
1.239670
1.328913
1.328913
1.337189
1.337189
1.296414
1.296414
1.254073
1.254073
1.037974
1.037974
1.343157
1.343157
1.222131
1.222131
1.348111
1.348111
1.155407
1.155407
1.327314
1.327314
1.208192
1.208192
1.203667
1.203667
1.316128
1.316128
1.270102
1.270102
1.360811
1.360811
1.335985
1.335985
1.377998
1.377998
1.178267
1.178267
1.202253
1.202253
1.288138
1.288138
1.380655
1.380655
1.192467
1.192467
1.398349
1.398349
1.354484
1.354484
1.247618
1.247618
1.369068
1.369068
1.113885
1.113885
1.367606
1.367606
1.279293
1.279293
1.378641
1.378641
1.286766
1.286766
1.235462
1.235462
1.305298
1.305298
1.360150
1.360150
1.338532
1.338532
1.209226
1.209226
1.353788
1.353788
1.301602
1.301602
1.201367
1.201367
1.270380
1.270380
1.358048
1.358048
1.193142
1.193142
1.077719
1.077719
1.390316
1.390316
1.349664
1.349664
1.276104
1.276104
1.206158
1.206158
1.169598
1.169598
1.371590
1.371590
1.347757
1.347757
1.387143
1.387143
1.147247
1.147247
1.108146
1.108146
1.301364
1.301364
1.357028
1.357028
1.047638
1.047638
1.143633
1.143633
1.286014
1.286014
1.287622
1.287622
1.309703
1.309703
1.336571
1.336571
1.386682
1.386682
1.388365
1.388365
1.371295
1.371295
1.342249
1.342249
1.165699
1.165699
1.355123
1.355123
1.227876
1.227876
1.110760
1.110760
1.210629
1.210629
1.216074
1.216074
1.336931
1.336931
1.164584
1.164584
1.333645
1.333645
1.335604
1.335604
1.245206
1.245206
