1.382679
1.382679
1.229189
1.229189
1.294734
1.294734
1.387130
1.355446
1.387130
1.355446
1.371075
1.371075
1.153251
1.153251
1.312362
1.310065
1.312362
1.310065
1.141189
1.141189
1.219398
1.219398
1.389285
1.332180
1.389285
1.332180
1.337539
1.337539
1.292746
1.292746
1.292795
1.292795
1.393108
1.393108
1.084948
1.084948
1.282995
1.090566
1.282995
1.090566
1.290201
1.290201
1.320111
1.320111
1.233020
1.233020
1.277825
1.277825
1.149470
1.149470
1.199551
1.199551
1.364897
1.364897
1.342876
1.342876
1.390099
1.390099
1.162296
1.162296
1.353507
1.353507
1.336670
1.336670
1.359161
1.359161
1.381899
1.381899
1.128954
1.128954
1.344887
1.344887
1.208306
1.208306
1.311601
1.311601
1.260698
1.260698
1.357214
1.357214
1.254624
1.254624
1.269861
1.310587
1.269861
1.310587
1.246111
1.246111
1.368515
1.368515
1.383259
1.383259
1.373282
1.373282
1.380182
1.380182
1.392878
1.392878
1.325350
1.325350
1.105058
1.105058
1.378851
1.378851
1.211126
1.211126
1.246333
1.386212
1.386212
1.246333
1.289942
1.289942
1.145837
1.145837
1.267470
1.267470
1.342020
1.342020
1.358398
1.358398
1.259008
1.259008
1.200706
1.200706
1.380080
1.380080
1.231924
1.231924
1.384014
1.384014
1.317093
1.317093
1.314822
1.314822
1.399843
1.399843
1.234017
1.234017
1.112464
1.112464
1.392057
1.392057
1.294841
1.294841
1.278952
1.278952
1.323749
1.323749
1.320827
1.320827
1.391165
1.391165
1.383805
1.383805
1.030596
1.030596
1.375684
1.375684
1.234455
1.234455
1.382759
1.382759
1.334253
1.334253
1.345639
1.345639
1.391290
1.391290
1.191023
1.191023
1.391243
1.391243
1.349026
1.349026
1.233993
1.233993
1.309641
1.309641
1.335100
1.335100
1.314165
1.314165
1.395325
1.395325
1.375086
1.375086
1.316635
1.316635
1.193896
1.193896
1.244732
1.244732
1.312248
1.312248
1.367063
1.367063
1.228630
1.311076
1.311076
1.228630
1.273023
1.273023
1.217898
1.217898
1.395466
1.395466
1.219345
1.219345
1.337908
1.337908
1.197528
1.197528
1.125434
1.125434
1.291229
1.291229
1.347352
1.104869
1.104869
1.347352
1.230976
1.230976
1.304442
1.304442
1.232656
1.232656
1.393010
1.393010
1.385383
1.385383
1.266516
1.266516
1.337818
1.337818
1.292547
1.292547
1.154293
1.154293
1.192112
1.192112
1.341813
1.341813
1.269723
1.269723
1.390393
1.390393
1.149672
1.149672
1.216720
1.216720
1.109979
1.109979
1.393904
1.393904
1.385005
1.385005
1.204037
1.204037
1.352046
1.352046
1.240259
1.240259
1.328573
1.328573
1.299274
1.299274
1.286052
1.286052
1.373704
1.373704
1.333059
1.333059
1.394025
1.394025
1.390222
1.390222
1.348688
1.245788
1.348688
1.245788
1.369805
1.369805
1.375735
1.375735
1.231243
1.231243
1.355963
1.355963
1.349275
1.349275
1.260952
1.260952
1.364041
1.364041
1.322820
1.322820
1.117644
1.117644
1.376902
1.376902
1.291034
1.291034
1.070574
1.070574
1.307496
1.334190
1.334190
1.307496
1.161791
1.161791
1.131485
1.131485
1.218447
1.218447
1.242422
1.242422
1.154587
1.154587
1.065839
1.065839
1.339194
1.339194
1.209487
1.209487
1.336793
1.081138
1.336793
1.081138
1.314120
1.314120
1.385741
1.385741
1.352152
1.352152
1.223030
1.223030
1.092372
1.092372
1.346967
1.346967
1.327031
1.327031
1.302943
1.302943
1.297791
1.297791
1.354158
1.354158
1.101552
1.101552
1.372595
1.372595
1.362941
1.362941
1.387040
1.387040
1.336212
1.336212
1.156343
1.156343
1.385529
1.385529
1.102950
1.102950
1.328245
1.328245
1.119757
1.119757
1.245576
1.245576
1.381037
1.381037
1.355695
1.355695
1.322396
1.322396
1.390481
1.256723
1.256723
1.390481
1.391291
1.391291
1.149848
1.149848
1.333023
1.333023
1.346921
1.346921
1.299066
1.299066
1.206563
1.206563
1.262663
1.262663
1.330244
1.330244
1.303212
1.303212
1.234883
1.234883
1.328671
1.328671
1.358852
1.358852
1.388023
1.388023
1.338697
1.315632
1.315632
1.253715
1.253715
1.338697
1.355580
1.355580
1.189257
1.189257
1.277591
1.277591
1.329880
1.329880
1.307111
1.307111
1.300366
1.300366
1.300270
1.300270
1.096503
1.096503
1.390107
1.390107
1.397658
1.397658
1.146910
1.146910
1.277015
1.277015
1.339966
1.339966
1.306703
1.306703
1.394669
1.394669
1.288459
1.288459
1.258922
1.258922
1.109558
1.109558
1.324526
1.324526
1.391956
1.391956
1.122978
1.122978
1.292467
1.292467
1.281468
1.281468
1.381295
1.381295
1.282007
1.282007
1.375604
1.375604
1.347520
1.347520
1.346407
1.346407
1.397749
1.397749
1.266213
1.266213
1.381345
1.381345
1.156506
1.156506
1.350329
1.350329
1.315050
1.315050
1.310246
1.285619
1.310246
1.285619
1.390192
1.390192
1.346009
1.346009
1.363870
1.363870
1.262809
1.262809
1.287054
1.287054
1.288688
1.288688
1.229394
1.229394
1.279149
1.279149
1.108199
1.108199
1.394227
1.394227
1.166331
1.166331
1.288451
1.288451
1.341920
1.341920
1.305404
1.305404
1.347861
1.347861
1.286512
1.286512
1.338829
1.338829
1.348062
1.348062
1.350941
1.350941
1.297154
1.297154
1.273963
1.273963
1.117170
1.117170
1.367731
1.367731
1.367413
1.367413
1.387414
1.387414
1.341032
1.341032
1.393336
1.393336
1.359161
1.359161
1.301318
1.301318
1.195561
1.195561
1.318952
1.318952
1.293995
1.293995
1.252167
1.252167
1.231253
1.231253
1.182577
1.182577
1.226050
1.226050
1.182200
1.182200
1.384210
1.384210
1.265344
1.265344
1.270478
1.270478
1.247584
1.247584
1.360031
1.360031
1.285079
1.285079
1.343673
1.343673
1.288987
1.288987
1.362245
1.362245
1.384496
1.384496
1.369995
1.369995
1.360225
1.360225
1.387450
1.387450
1.243375
1.243375
1.260967
1.260967
1.382611
1.382611
1.165192
1.165192
1.103047
1.103047
1.135852
1.135852
1.231758
1.231758
1.282114
1.282114
1.089381
1.089381
1.138091
1.138091
1.158492
1.158492
1.317334
1.317334
1.326890
1.326890
1.251004
1.251004
1.326665
1.326665
1.301170
1.301170
1.388731
1.388731
1.326513
1.326513
1.305431
1.305431
1.374676
1.374676
1.308201
1.308201
1.253351
1.253351
1.169141
1.169141
1.394508
1.394508
1.139412
1.139412
1.143444
1.143444
