1.331396
1.331396
1.368308
1.368308
1.329555
1.329555
1.385456
1.385456
1.267864
1.298974
1.267864
1.298974
1.335728
1.335728
1.288927
1.288927
1.325853
1.325853
1.326542
1.326542
1.336123
1.336123
1.389524
1.389524
1.310684
1.310684
1.364478
1.364478
1.399278
1.399278
1.291764
1.291764
1.275656
1.275656
1.372634
1.372634
1.219739
1.219739
1.304022
1.304022
1.209697
1.209697
1.200603
1.200603
1.198729
1.198729
1.393627
1.393627
1.341704
1.341704
1.319247
1.319247
1.370238
1.370238
1.399661
1.399661
1.362564
1.362564
1.140863
1.140863
1.254375
1.254375
1.288264
1.288264
1.124226
1.124226
1.320493
1.320493
1.180159
1.377386
1.377386
1.215475
1.180159
1.215475
1.089429
1.089429
1.358864
1.358864
1.159920
1.159920
1.323283
1.323283
1.334721
1.334721
1.397738
1.312054
1.397738
1.312054
1.370993
1.370993
1.279314
1.279314
1.317734
1.317734
1.254213
1.254213
1.339795
1.339795
1.249427
1.249427
1.245931
1.245931
1.266920
1.266920
1.222516
1.222516
1.323843
1.323843
1.192189
1.192189
1.301064
1.301064
1.340461
1.340461
1.263296
1.263296
1.361578
1.361578
1.390317
1.051178
1.051178
1.390317
1.294325
1.294325
1.335919
1.335919
1.348343
1.348343
1.337773
1.337773
1.396116
1.396116
1.302550
1.302550
1.354959
1.354959
1.308122
1.308122
1.368423
1.360013
1.368423
1.360013
1.254501
1.254501
1.275682
1.275682
1.357952
1.357952
1.263637
1.263637
1.155824
1.155824
1.391470
1.391470
1.390726
1.267439
1.267439
1.390726
1.391685
1.391685
1.347244
1.347244
1.395157
1.395157
1.259180
1.259180
1.398350
1.398350
1.269519
1.269519
1.294400
1.294400
1.235565
1.235565
1.384500
1.384500
1.247182
1.247182
1.373007
1.373007
1.283837
1.283837
1.282022
1.282022
1.390069
1.390069
1.341928
1.341928
1.261471
1.261471
1.314056
1.314056
1.321127
1.321127
1.344052
1.344052
1.139619
1.139619
1.262176
1.262176
1.398408
1.398408
1.161763
1.161763
1.380127
1.380127
1.398989
1.187365
1.398989
1.187365
1.228233
1.228233
1.210974
1.210974
1.326957
1.326957
1.362290
1.362290
1.206432
1.206432
1.330809
1.330809
1.395821
1.395821
1.333169
1.333169
1.366849
1.366849
1.348492
1.348492
1.126390
1.126390
1.361414
1.361414
1.258225
1.318241
1.258225
1.318241
1.346442
1.346442
1.327430
1.327430
1.194329
1.194329
1.379930
1.379930
1.374505
1.374505
1.132515
1.132515
1.210698
1.210698
1.155955
1.155955
1.177261
1.177261
1.382666
1.382666
1.382717
1.382717
1.182170
1.182170
1.313113
1.313113
1.287200
1.287200
1.223658
1.223658
1.269517
1.269517
1.211157
1.211157
1.316624
1.316624
1.373397
1.373397
1.387109
1.387109
1.312204
1.312204
1.170709
1.170709
1.229569
1.229569
1.194815
1.194815
1.088610
1.088610
1.380126
1.380126
1.044214
1.044214
1.389507
1.389507
1.392347
1.392347
1.256781
1.256781
1.203402
1.203402
1.333798
1.333798
1.357269
1.357269
1.328262
1.328262
1.367972
1.367972
1.396600
1.396600
1.384193
1.384193
1.353528
1.353528
1.185426
1.306452
1.185426
1.306452
1.227434
1.227434
1.112718
1.112718
1.331235
1.331235
1.221982
1.221982
1.194124
1.194124
1.225469
1.225469
1.379939
1.379939
1.351068
1.351068
1.390642
1.390642
1.342870
1.342870
1.304828
1.304828
1.375150
1.375150
1.385167
1.385167
1.354674
1.354674
1.203846
1.203846
1.349458
1.349458
1.221478
1.221478
1.317987
1.317987
1.243585
1.243585
1.275515
1.275515
1.386421
1.386421
1.197739
1.197739
1.028781
1.028781
1.330868
1.330868
1.318816
1.353014
1.344418
1.318816
1.344418
1.353014
1.193734
1.193734
1.252776
1.252776
1.195149
1.195149
1.394227
1.394227
1.335227
1.335227
1.218574
1.218574
1.175694
1.175694
1.211586
1.211586
1.126438
1.126438
1.244371
1.244371
1.303767
1.303767
1.350886
1.350886
1.127761
1.127761
1.267642
1.267642
1.231475
1.231475
1.072349
1.072349
1.333293
1.333293
1.146341
1.146341
1.360207
1.360207
1.309250
1.309250
1.073942
1.073942
1.375144
1.375144
1.248295
1.248295
1.221643
1.221643
1.392159
1.392159
1.144671
1.144671
1.377819
1.377819
1.284015
1.284015
1.018329
1.018329
1.274289
1.274289
1.305091
1.305091
1.271088
1.271088
1.155320
1.155320
1.125099
1.125099
1.306868
1.306868
1.284536
1.284536
1.151910
1.151910
1.367604
1.367604
1.369016
1.369016
1.332878
1.332878
1.378947
1.378947
1.321459
1.321459
1.201518
1.201518
1.314036
1.314036
1.049306
1.049306
1.236876
1.236876
1.264330
1.264330
1.070741
1.070741
1.289246
1.289246
1.329786
1.329786
1.285822
1.285822
1.245201
1.245201
1.374480
1.374480
1.372296
1.372296
1.359958
1.390017
1.390017
1.359958
1.337783
1.337783
1.367035
1.367035
1.226031
1.226031
1.369250
1.369250
1.181798
1.181798
1.394555
1.394555
1.121334
1.121334
1.147906
1.147906
1.270502
1.270502
1.347031
1.347031
1.349761
1.349761
1.175042
1.175042
1.128198
1.128198
1.322762
1.322762
1.346116
1.346116
1.341605
1.341605
1.212400
1.212400
1.074471
1.074471
1.274647
1.274647
1.294901
1.294901
1.146903
1.146903
1.310712
1.310712
1.370543
1.370543
1.134964
1.134964
1.293458
1.293458
1.396234
1.396234
1.363234
1.363234
1.342319
1.342319
1.083120
1.083120
1.398460
1.398460
1.288621
1.288621
1.352718
1.352718
1.387247
1.387247
1.369470
1.369470
1.301142
1.301142
1.308568
1.308568
1.238869
1.238869
1.206727
1.206727
1.346948
1.346948
1.356955
1.356955
1.352619
1.352619
1.307041
1.307041
1.188832
1.188832
1.320964
1.320964
1.182231
1.182231
1.388817
1.388817
1.395403
1.395403
1.372782
1.372782
1.389057
1.389057
1.235960
1.235960
1.178880
1.178880
1.313995
1.313995
1.199391
1.199391
1.184747
1.184747
1.065156
1.065156
1.059510
1.059510
1.190526
1.190526
1.235917
1.235917
1.388616
1.388616
1.354192
1.354192
1.388479
1.388479
1.116443
1.116443
1.281595
1.281595
1.344261
1.344261
1.337356
1.337356
1.109481
1.109481
1.342716
1.342716
1.324372
1.324372
1.330220
1.330220
1.168786
1.168786
1.284978
1.284978
1.316907
1.336682
1.316907
1.336682
1.307965
1.307965
1.375409
1.375409
