1.069813
1.069813
1.301467
1.301467
1.195865
1.195865
1.379346
1.379346
1.171788
1.171788
1.088894
1.088894
1.383639
1.383639
1.303597
1.303597
1.347546
1.347546
1.377620
1.377620
1.340739
1.340739
1.291561
1.291561
1.298357
1.298357
1.358108
1.358108
1.397807
1.397807
1.372001
1.372001
1.376135
1.376135
1.337015
1.337015
1.374266
1.374266
1.386107
1.386107
1.291345
1.291345
1.308620
1.308620
1.293430
1.293430
1.399149
1.399149
1.118390
1.118390
1.365809
1.365809
1.138824
1.138824
1.158512
1.158512
1.345926
1.345926
1.131486
1.131486
1.369164
1.369164
1.321044
1.321044
1.146242
1.146242
1.270437
1.270437
1.340529
1.340529
1.388170
1.388170
1.305804
1.305804
1.304340
1.304340
1.277342
1.277342
1.092081
1.092081
1.058345
1.058345
1.090523
1.090523
1.352512
1.352512
1.268543
1.268543
1.092776
1.092776
1.161205
1.161205
1.058100
1.058100
1.231233
1.231233
1.371440
1.371440
1.351388
1.351388
1.284547
1.284547
1.270571
1.270571
1.319827
1.319827
1.353701
1.353701
1.170832
1.170832
1.385379
1.385379
1.379244
1.379244
1.377113
1.377113
1.073536
1.073536
1.280942
1.280942
1.212562
1.212562
1.081875
1.081875
1.336702
1.336702
1.360859
1.360859
1.382786
1.382786
1.378862
1.378862
1.305300
1.305300
1.195376
1.195376
1.306845
1.306845
1.333686
1.333686
1.266853
1.266853
1.237273
1.237273
1.238440
1.238440
1.187921
1.187921
1.374025
1.374025
1.359761
1.359761
1.397706
1.397706
1.319267
1.319267
1.220527
1.220527
1.088764
1.088764
