1.310837
1.310837
1.293169
1.293169
1.213943
1.213943
1.397824
1.397824
1.333625
1.333625
1.303265
1.303265
1.346086
1.346086
1.366015
1.366015
1.287308
1.287308
1.296419
1.296419
1.382707
1.382707
1.314287
1.314287
1.194342
1.194342
1.268115
1.268115
1.371657
1.371657
1.394790
1.394790
1.394382
1.394382
1.322130
1.322130
1.364583
1.364583
1.205699
1.205699
1.259117
1.259117
1.193076
1.193076
1.063339
1.063339
1.287848
1.287848
1.372812
1.372812
1.343337
1.343337
1.230160
1.230160
1.329795
1.329795
1.225735
1.225735
1.269286
1.269286
1.284695
1.284695
1.266231
1.266231
1.324893
1.324893
1.328361
1.328361
1.087322
1.087322
1.305296
1.305296
1.374998
1.374998
1.298546
1.298546
1.270341
1.270341
1.306075
1.306075
1.363092
1.363092
1.190703
1.190703
1.379985
1.379985
1.332965
1.332965
1.315283
1.315283
1.317278
1.317278
1.364126
1.364126
1.209064
1.209064
1.356463
1.356463
1.330030
1.330030
1.355470
1.355470
1.398896
1.398896
