1.371592
1.371592
1.174780
1.174780
1.389101
1.389101
1.287000
1.287000
1.263595
1.263595
1.247048
1.247048
1.110842
1.110842
1.290398
1.290398
1.334347
1.334347
1.296191
1.296191
1.217453
1.217453
1.255228
1.255228
1.103299
1.103299
1.200090
1.200090
1.344431
1.344431
1.326834
1.326834
1.342190
1.342190
1.373550
1.373550
1.260451
1.260451
1.141234
1.141234
1.331089
1.331089
1.357942
1.357942
1.323725
1.323725
1.373154
1.373154
1.255232
1.255232
1.277979
1.277979
1.327817
1.327817
1.327056
1.327056
1.302842
1.302842
1.327743
1.327743
1.362233
1.362233
1.388401
1.388401
1.393743
1.393743
1.335771
1.335771
1.242368
1.242368
1.389026
1.389026
1.220035
1.220035
1.385151
1.385151
1.170692
1.170692
1.287623
1.287623
1.311759
1.311759
1.327810
1.327810
1.366087
1.366087
1.286055
1.286055
1.144166
1.144166
1.255040
1.255040
1.262607
1.262607
1.245954
1.245954
1.274095
1.274095
1.230720
1.230720
1.323945
1.323945
1.323034
1.323034
1.240562
1.240562
1.255018
1.255018
1.368307
1.368307
1.094650
1.094650
1.399820
1.399820
1.298044
1.298044
1.220077
1.220077
1.144261
1.144261
1.246391
1.246391
1.315394
1.315394
1.241138
1.241138
1.374218
1.374218
1.284978
1.284978
1.208636
1.208636
1.199596
1.199596
1.334130
1.334130
1.374115
1.374115
1.075953
1.075953
