1.132863
1.132863
1.378531
1.378531
1.269153
1.269153
1.248002
1.248002
1.287110
1.287110
1.383351
1.383351
1.390692
1.390692
1.140987
1.140987
1.350886
1.350886
1.144795
1.144795
1.257349
1.257349
1.395451
1.395451
1.352483
1.352483
1.188708
1.188708
1.393626
1.393626
1.127550
1.127550
1.181705
1.181705
1.356453
1.356453
1.251931
1.251931
1.203084
1.203084
1.301175
1.301175
1.270217
1.270217
1.328011
1.328011
1.335770
1.335770
1.119615
1.119615
1.340153
1.340153
1.386182
1.386182
1.380676
1.380676
1.299535
1.299535
1.388706
1.388706
1.275339
1.275339
1.209816
1.209816
1.301622
1.301622
1.211177
1.211177
1.338595
1.338595
1.333020
1.333020
1.393440
1.393440
1.370986
1.370986
1.215268
1.215268
1.253621
1.253621
1.342888
1.342888
1.356892
1.356892
1.292514
1.292514
1.219310
1.219310
1.399690
1.399690
1.038347
1.038347
1.188999
1.188999
1.255320
1.255320
1.383156
1.383156
1.356896
1.356896
1.385861
1.385861
1.224565
1.224565
1.198289
1.198289
1.254506
1.254506
1.302758
1.302758
1.368144
1.368144
1.321761
1.321761
1.372450
1.372450
1.342826
1.342826
1.158316
1.158316
1.108609
1.108609
1.329654
1.329654
1.176101
1.176101
1.379668
1.379668
1.396167
1.396167
1.240884
1.240884
1.337059
1.337059
1.349167
1.349167
1.333954
1.333954
1.278454
1.278454
1.317015
1.317015
1.235394
1.235394
1.309988
1.309988
1.266236
1.266236
1.389409
1.389409
1.103317
1.103317
