1.346688
1.346688
1.393707
1.393707
1.139277
1.139277
1.379320
1.379320
1.278829
1.278829
1.359926
1.359926
1.258785
1.258785
1.317264
1.317264
1.304501
1.304501
1.342444
1.342444
1.385795
1.385795
1.340336
1.340336
1.367959
1.367959
1.240724
1.240724
1.394516
1.394516
1.306125
1.306125
1.191230
1.191230
1.295076
1.295076
1.357296
1.357296
1.331360
1.331360
1.340330
1.340330
1.348746
1.348746
1.395290
1.395290
1.346338
1.346338
1.399456
1.399456
1.387584
1.387584
1.370166
1.370166
1.341706
1.341706
1.221232
1.221232
1.189997
1.189997
1.312193
1.312193
1.397991
1.397991
1.233797
1.233797
1.304934
1.304934
1.290454
1.290454
1.077036
1.077036
1.306026
1.306026
1.074264
1.074264
