1.348996
1.348996
1.328730
1.328730
1.320029
1.320029
1.394706
1.394706
1.097914
1.097914
1.070911
1.070911
1.162357
1.162357
1.220544
1.220544
1.250785
1.250785
1.226610
1.226610
1.365950
1.365950
1.301227
1.301227
1.161916
1.161916
1.146339
1.146339
1.177179
1.177179
1.395498
1.395498
1.155804
1.155804
1.307034
1.307034
1.316681
1.316681
1.381004
1.381004
1.388409
1.388409
1.292654
1.292654
1.197755
1.197755
1.278753
1.278753
1.129312
1.129312
1.213414
1.364843
1.213414
1.364843
1.270766
1.270766
1.367163
1.367163
1.117676
1.117676
1.355652
1.355652
1.355847
1.355847
1.293089
1.293089
1.310867
1.310867
1.395851
1.395851
1.179878
1.179878
1.360441
1.360441
1.267701
1.267701
1.331471
1.331471
1.396848
1.396848
1.305880
1.305880
1.390382
1.390382
1.263785
1.263785
1.302229
1.302229
1.211679
1.211679
1.211015
1.211015
1.390499
1.390499
1.346715
1.346715
1.314567
1.314567
1.174226
1.174226
1.368931
1.368931
1.337454
1.337454
1.286162
1.286162
1.179234
1.179234
1.280906
1.280906
1.311483
1.311483
1.332230
1.332230
1.187267
1.187267
1.300309
1.300309
1.237804
1.237804
1.396326
1.396326
1.218421
1.218421
1.314015
1.314015
1.359454
1.359454
1.350431
1.350431
1.330072
1.330072
1.236973
1.236973
1.270639
1.270639
1.128461
1.128461
1.373502
1.373502
1.279179
1.279179
1.319120
1.319120
1.246488
1.246488
1.164319
1.164319
1.391365
1.391365
