1.242163
1.242163
1.356227
1.356227
1.167759
1.167759
1.284158
1.284158
1.375355
1.375355
1.382826
1.382826
1.327005
1.327005
1.188093
1.188093
1.315552
1.315552
1.323745
1.323745
1.322311
1.322311
1.352756
1.352756
1.358879
1.358879
1.327259
1.327259
1.363286
1.363286
1.304469
1.304469
1.319602
1.319602
1.279266
1.279266
1.275323
1.275323
1.316915
1.316915
1.371236
1.371236
1.286477
1.286477
1.233991
1.233991
1.256970
1.256970
1.299352
1.299352
1.393008
1.393008
1.055526
1.055526
1.270751
1.270751
1.365097
1.365097
1.247798
1.247798
1.189952
1.189952
1.350454
1.350454
1.212625
1.212625
1.370152
1.370152
1.294276
1.294276
1.376075
1.376075
1.331306
1.331306
1.376415
1.376415
1.157267
1.157267
1.064411
1.064411
1.324091
1.324091
1.105850
1.105850
1.122983
1.122983
1.193378
1.193378
1.340786
1.340786
1.319464
1.319464
1.237331
1.237331
1.372908
1.372908
1.213413
1.213413
1.096322
1.096322
1.130029
1.130029
1.372576
1.372576
1.252976
1.252976
1.310578
1.310578
1.320124
1.320124
1.336342
1.336342
1.308819
1.308819
1.237519
1.237519
1.182196
1.182196
1.348095
1.348095
1.040712
1.040712
1.351133
1.351133
1.243144
1.243144
1.389553
1.389553
1.051334
1.051334
1.370194
1.370194
1.383023
1.383023
1.313991
1.313991
