1.355883
1.355883
1.125194
1.125194
1.208774
1.208774
1.280855
1.280855
1.386628
1.386628
1.314643
1.314643
1.264629
1.264629
1.263716
1.263716
1.355439
1.355439
1.365234
1.365234
1.169968
1.169968
1.273745
1.273745
1.372420
1.372420
1.344226
1.344226
1.051576
1.051576
1.200931
1.200931
1.365858
1.365858
1.087913
1.087913
1.172040
1.172040
1.302373
1.302373
1.251913
1.251913
1.354755
1.354755
1.061726
1.061726
1.376906
1.376906
1.299400
1.299400
1.387126
1.387126
1.314227
1.314227
1.222860
1.222860
1.162859
1.162859
1.293815
1.293815
1.337580
1.337580
1.335308
1.335308
1.274507
1.274507
1.385221
1.385221
1.324948
1.324948
1.071634
1.071634
1.390738
1.390738
1.377305
1.377305
1.280214
1.280214
1.229150
1.229150
1.217575
1.217575
1.245422
1.245422
1.385524
1.385524
1.375552
1.375552
1.381062
1.381062
1.237782
1.237782
1.254908
1.254908
1.311678
1.311678
1.339243
1.339243
1.382676
1.382676
1.301754
1.301754
1.369115
1.369115
1.331620
1.331620
1.284387
1.284387
1.331554
1.331554
1.243466
1.243466
1.387463
1.387463
1.267942
1.267942
1.251293
1.251293
1.294958
1.294958
1.361420
1.361420
1.328459
1.328459
1.369812
1.369812
1.261534
1.261534
1.365387
1.365387
1.235423
1.235423
1.243198
1.243198
1.396271
1.396271
1.328144
1.328144
1.356008
1.356008
1.342899
1.342899
1.204935
1.204935
1.344524
1.344524
