1.383636
1.383636
1.146147
1.146147
1.339714
1.339714
1.358576
1.358576
1.155136
1.155136
1.362615
1.362615
1.164892
1.164892
1.192162
1.192162
1.161389
1.161389
1.284864
1.284864
1.264180
1.264180
1.248416
1.248416
1.264438
1.264438
1.173046
1.173046
1.234064
1.234064
1.256154
1.256154
1.210165
1.210165
1.276880
1.318921
1.318921
1.276880
1.282690
1.282690
1.389268
1.389268
1.257100
1.257100
1.396942
1.396942
1.306967
1.306967
1.359427
1.359427
1.219037
1.219037
1.276160
1.276160
1.392328
1.392328
1.368414
1.368414
1.287034
1.287034
1.101259
1.101259
1.152349
1.152349
1.346020
1.346020
1.346890
1.346890
1.078274
1.078274
1.204285
1.204285
1.278581
1.278581
1.105436
1.105436
1.159355
1.159355
1.374466
1.374466
1.237964
1.237964
1.332541
1.332541
1.204044
1.204044
1.345194
1.345194
1.349588
1.349588
1.397471
1.397471
1.311892
1.311892
1.051389
1.051389
1.383622
1.383622
1.340638
1.340638
1.198211
1.198211
1.378619
1.378619
1.361617
1.361617
1.287520
1.287520
1.325685
1.325685
1.123796
1.123796
1.347525
1.347525
1.313991
1.313991
1.233932
1.233932
1.250608
1.250608
1.173722
1.173722
1.276931
1.276931
1.174802
1.174802
1.365125
1.365125
1.216478
1.216478
1.302000
1.302000
1.223780
1.223780
1.323869
1.323869
1.373011
1.373011
1.381550
1.381550
