1.356538
1.356538
1.284480
1.284480
1.399580
1.399580
1.280259
1.280259
1.212224
1.212224
1.335717
1.335717
1.188799
1.188799
1.386401
1.386401
1.397877
1.397877
1.367644
1.367644
1.045880
1.045880
1.174545
1.174545
1.302950
1.302950
1.360106
1.360106
1.196462
1.196462
1.348510
1.348510
1.303749
1.303749
1.384923
1.384923
1.348061
1.348061
1.136779
1.136779
1.207023
1.207023
1.263465
1.263465
1.346138
1.346138
1.325300
1.325300
1.140544
1.140544
1.382936
1.382936
1.063304
1.063304
1.381708
1.381708
1.241271
1.241271
1.121477
1.121477
1.362397
1.362397
1.335549
1.335549
1.188007
1.188007
1.395372
1.395372
1.258722
1.258722
1.300264
1.300264
1.309164
1.309164
1.303223
1.303223
1.157590
1.157590
1.399245
1.399245
1.396325
1.396325
1.057484
1.057484
1.322406
1.322406
1.283967
1.283967
1.217603
1.217603
1.326946
1.326946
1.259207
1.259207
1.300124
1.300124
1.205839
1.205839
1.228580
1.228580
1.263293
1.263293
1.138041
1.138041
1.369438
1.369438
1.143105
1.143105
1.180904
1.180904
1.134608
1.134608
1.176888
1.176888
1.235657
1.235657
