1.269276
1.269276
1.209184
1.209184
1.087675
1.087675
1.182846
1.182846
1.241652
1.241652
1.395443
1.395443
1.365944
1.365944
1.253509
1.253509
1.241307
1.241307
1.221357
1.221357
1.104327
1.104327
1.322262
1.322262
1.385156
1.385156
1.337601
1.337601
1.370389
1.370389
1.368319
1.368319
1.289058
1.289058
1.178366
1.178366
1.266272
1.266272
1.138211
1.138211
1.359291
1.359291
1.163723
1.163723
1.213627
1.213627
1.328538
1.328538
1.382861
1.382861
1.355133
1.355133
1.396736
1.396736
1.279010
1.279010
1.313417
1.313417
1.379328
1.379328
1.397209
1.397209
1.190369
1.190369
1.390410
1.390410
1.167124
1.167124
1.124294
1.124294
1.375212
1.375212
1.307263
1.307263
1.392075
1.392075
1.362485
1.362485
1.305542
1.305542
1.354927
1.354927
1.354052
1.354052
1.156551
1.156551
1.323159
1.323159
1.384635
1.384635
1.230629
1.230629
1.311199
1.311199
