1.176446
1.176446
1.268569
1.268569
1.299374
1.299374
1.359809
1.359809
1.309293
1.309293
1.263027
1.263027
1.394634
1.394634
1.324478
1.324478
1.253899
1.253899
1.349276
1.349276
1.346522
1.346522
1.395944
1.395944
1.312255
1.312255
1.397146
1.397146
1.394070
1.394070
1.311740
1.311740
1.189593
1.189593
1.367005
1.367005
1.240361
1.240361
1.180116
1.180116
1.083437
1.083437
1.383030
1.383030
1.125628
1.125628
1.399372
1.399372
1.327876
1.327876
1.176192
1.176192
1.382870
1.382870
1.295810
1.295810
1.107742
1.107742
1.229462
1.229462
1.133256
1.133256
1.396000
1.396000
1.369960
1.369960
1.186740
1.186740
1.163858
1.163858
1.306395
1.306395
1.266041
1.266041
1.294710
1.294710
1.263452
1.263452
1.281270
1.281270
1.160622
1.160622
1.350636
1.350636
1.233929
1.233929
1.187783
1.187783
1.186564
1.186564
1.261016
1.261016
1.382177
1.382177
1.387035
1.387035
1.203525
1.203525
1.319622
1.319622
1.377239
1.377239
1.159873
1.159873
1.398607
1.398607
1.165615
1.165615
1.398645
1.398645
1.386028
1.386028
1.224532
1.224532
1.363167
1.363167
1.364854
1.364854
1.263681
1.263681
1.193314
1.193314
1.273022
1.273022
