1.372961
1.372961
1.215487
1.215487
1.337446
1.337446
1.189599
1.189599
1.298389
1.298389
1.268219
1.268219
1.244023
1.244023
1.314600
1.314600
1.297840
1.297840
1.315524
1.315524
1.333685
1.333685
1.301087
1.301087
1.362802
1.362802
1.382616
1.382616
1.319359
1.319359
1.254635
1.254635
1.185708
1.185708
1.317879
1.317879
1.346984
1.346984
1.328219
1.328219
1.397540
1.397540
1.118301
1.118301
1.324917
1.324917
1.297957
1.297957
1.315152
1.221520
1.221520
1.315152
1.223573
1.223573
1.263091
1.263091
1.244345
1.244345
1.283745
1.283745
1.322375
1.322375
1.152533
1.152533
1.112190
1.112190
1.352642
1.352642
1.387465
1.387465
1.231001
1.231001
1.339214
1.339214
1.210115
1.210115
1.312989
1.312989
1.303626
1.303626
1.370840
1.370840
1.381309
1.381309
1.200305
1.200305
1.371400
1.371400
1.119741
1.119741
1.376557
1.376557
1.399915
1.399915
1.345486
1.345486
1.364683
1.364683
1.351444
1.351444
1.365436
1.365436
1.333662
1.333662
1.392599
1.392599
1.386836
1.386836
1.213873
1.213873
1.166389
1.166389
1.395721
1.395721
1.208143
1.208143
1.255041
1.173872
1.173872
1.255041
1.375692
1.375692
1.242229
1.242229
1.396815
1.396815
1.390600
1.390600
1.349630
1.349630
1.321517
1.321517
1.260174
1.260174
1.311866
1.311866
1.128157
1.128157
1.347315
1.347315
1.216014
1.216014
1.324711
1.324711
1.371666
1.371666
1.236941
1.236941
1.360805
1.360805
1.329067
1.329067
1.313325
1.313325
1.334987
1.334987
1.365359
1.365359
1.282229
1.282229
1.245642
1.245642
1.178894
1.178894
1.381689
1.381689
1.138945
1.138945
1.291446
1.291446
1.276700
1.276700
1.264657
1.264657
1.194613
1.194613
1.079382
1.079382
1.395854
1.395854
1.372909
1.372909
1.284187
1.284187
1.119700
1.119700
1.383442
1.383442
1.108449
1.108449
