1.236191
1.236191
1.143886
1.143886
1.355344
1.355344
1.329892
1.329892
1.385345
1.385345
1.200712
1.200712
1.193444
1.193444
1.320576
1.320576
1.109093
1.109093
1.399259
1.399259
1.183873
1.183873
1.202723
1.202723
1.378282
1.378282
1.114436
1.114436
1.086452
1.086452
1.235878
1.235878
1.251478
1.251478
1.284510
1.284510
1.239526
1.239526
1.397558
1.397558
1.171536
1.171536
1.101266
1.101266
1.120213
1.120213
1.275769
1.275769
1.132894
1.132894
1.124373
1.124373
1.159086
1.159086
1.256331
1.256331
1.345533
1.345533
1.356265
1.356265
1.200510
1.200510
1.251527
1.251527
1.126905
1.126905
1.131300
1.131300
1.056411
1.056411
1.254570
1.254570
1.250995
1.250995
1.184316
1.184316
1.309693
1.309693
1.241102
1.241102
1.122070
1.122070
1.279392
1.279392
1.266692
1.266692
1.213778
1.213778
1.362332
1.362332
1.304423
1.304423
