1.167738
1.303925
1.167738
1.303925
1.237857
1.237857
1.255634
1.255634
1.356160
1.356160
1.268852
1.268852
1.246248
1.246248
1.324366
1.324366
1.265100
1.265100
1.335625
1.335625
1.345657
1.345657
1.384096
1.384096
1.335985
1.266395
1.266395
1.335985
1.300835
1.300835
1.369681
1.369681
1.310548
1.310548
1.186965
1.186965
1.304513
1.304513
1.283922
1.283922
1.045846
1.045846
1.231245
1.231245
1.254951
1.254951
1.231691
1.231691
1.211934
1.211934
1.239722
1.239722
1.320726
1.320726
1.341510
1.341510
1.243680
1.243680
1.333877
1.333877
1.223312
1.223312
1.167912
1.167912
1.372140
1.372140
1.169945
1.169945
1.221313
1.221313
1.375329
1.375329
1.373787
1.373787
1.382992
1.382992
1.386260
1.386260
1.170269
1.170269
1.246295
1.246295
1.326986
1.326986
1.329998
1.329998
1.281542
1.281542
1.385694
1.385694
1.256877
1.256877
1.341098
1.341098
1.211368
1.211368
1.357236
1.357236
1.319330
1.319330
1.338301
1.338301
1.184396
1.184396
1.334687
1.334687
1.292704
1.292704
1.335181
1.335181
1.165360
1.165360
1.331627
1.331627
1.307009
1.307009
1.222487
1.222487
1.384168
1.384168
1.341590
1.341590
1.174887
1.174887
1.355602
1.355602
1.392721
1.392721
