1.311531
1.311531
1.279856
1.379408
1.379408
1.279856
1.338093
1.338093
1.358106
1.358106
1.309739
1.309739
1.190261
1.190261
1.149421
1.280688
1.294099
1.149421
1.280688
1.294099
1.393482
1.393482
1.283632
1.226841
1.226841
1.283632
1.397440
1.397440
1.351958
1.330047
1.351958
1.330047
1.356663
1.356663
1.266926
1.266926
1.347030
1.347030
1.269448
1.269448
1.279367
1.279367
1.338098
1.338098
1.276931
1.276931
1.202131
1.202131
1.378590
1.378590
1.382604
1.382604
1.156548
1.156548
1.322617
1.322617
1.313094
1.313094
1.182048
1.182048
1.379133
1.379133
1.309248
1.309248
1.230151
1.230151
1.345129
1.345129
1.343665
1.343665
1.197996
1.197996
1.333838
1.333838
1.192252
1.192252
1.362473
1.362473
1.276383
1.276383
1.241123
1.241123
1.073371
1.073371
1.140506
1.140506
1.368778
1.368778
1.217382
1.217382
1.316172
1.316172
1.385824
1.385824
1.127240
1.127240
1.365801
1.365801
1.382293
1.382293
1.108716
1.108716
1.353045
1.353045
1.243903
1.243903
1.243486
1.243486
1.194301
1.194301
1.188035
1.188035
1.231986
1.231986
1.114225
1.114225
1.303800
1.303800
1.245668
1.245668
1.088402
1.088402
1.334738
1.334738
1.336578
1.336578
1.190709
1.190709
1.263326
1.263326
1.377344
1.377344
1.394032
1.394032
1.227022
1.227022
1.235348
1.235348
1.254409
1.254409
1.321909
1.321909
1.377197
1.377197
1.340825
1.340825
1.044480
1.044480
1.343643
1.343643
1.320082
1.320082
1.139612
1.139612
1.354155
1.354155
1.179200
1.179200
1.390576
1.390576
1.292825
1.292825
1.394531
1.394531
1.240693
1.240693
1.314827
1.314827
1.331431
1.331431
1.289702
1.289702
1.292780
1.292780
1.366348
1.366348
1.247348
1.247348
1.378576
1.378576
1.345309
1.345309
1.342658
1.342658
1.321486
1.321486
1.142960
1.142960
1.319988
1.319988
1.303875
1.303875
1.234459
1.234459
1.345598
1.345598
1.188116
1.188116
1.358014
1.358014
1.369844
1.369844
1.353894
1.353894
1.208034
1.208034
1.302009
1.302009
1.372023
1.372023
1.352795
1.352795
1.190886
1.190886
1.322557
1.322557
1.358345
1.358345
1.299903
1.299903
1.299979
1.299979
1.315528
1.315528
1.331104
1.331104
1.380434
1.380434
1.360701
1.360701
1.216704
1.216704
1.246237
1.246237
1.395023
1.395023
1.306228
1.306228
1.399012
1.399012
1.377038
1.377038
1.271395
1.271395
1.192942
1.192942
1.221232
1.221232
1.364889
1.364889
1.184254
1.184254
1.142099
1.142099
1.308286
1.308286
1.318136
1.318136
1.333775
1.333775
1.219764
1.219764
1.242135
1.242135
1.242845
1.242845
1.093337
1.093337
1.303664
1.303664
1.177467
1.177467
1.396570
1.396570
1.147482
1.147482
1.314855
1.314855
1.187863
1.187863
1.396224
1.396224
1.398885
1.398885
1.286158
1.286158
1.381739
1.381739
1.378376
1.378376
1.236854
1.236854
1.368370
1.368370
1.382272
1.382272
1.220361
1.220361
1.328682
1.328682
1.332105
1.332105
1.371023
1.371023
1.237032
1.237032
1.340695
1.340695
1.336635
1.336635
1.356981
1.356981
1.307704
1.307704
1.340161
1.340161
1.375280
1.375280
1.284043
1.284043
1.334544
1.334544
1.309328
1.309328
1.387295
1.387295
1.370708
1.370708
1.252895
1.252895
1.377738
1.377738
1.376650
1.376650
1.186989
1.186989
1.237859
1.237859
1.177759
1.177759
1.189849
1.189849
1.354602
1.354602
1.387573
1.387573
1.359514
1.359514
1.312051
1.312051
1.383064
1.383064
1.059280
1.059280
1.134112
1.134112
1.391566
1.391566
1.309686
1.309686
1.319589
1.319589
1.383803
1.383803
1.115775
1.115775
1.399187
1.399187
