1.291297
1.291297
1.155802
1.155802
1.396780
1.098179
1.098179
1.396780
1.387043
1.387043
1.136417
1.136417
1.325480
1.325480
1.122510
1.122510
1.271243
1.271243
1.157730
1.157730
1.288469
1.288469
1.287181
1.287181
1.237388
1.237388
1.363058
1.363058
1.203314
1.203314
1.199112
1.199112
1.131885
1.131885
1.199794
1.199794
1.040091
1.040091
1.316474
1.316474
1.338259
1.338259
1.316117
1.316117
1.233413
1.233413
1.128796
1.128796
1.339701
1.339701
1.398871
1.398871
1.353640
1.353640
1.378652
1.378652
1.352269
1.352269
1.349026
1.349026
1.075666
1.075666
1.130403
1.130403
1.227901
1.227901
1.336986
1.336986
1.368279
1.368279
1.221040
1.221040
1.347756
1.347756
1.322868
1.322868
1.359427
1.359427
1.252625
1.252625
1.224043
1.224043
1.275974
1.275974
1.370403
1.370403
1.397592
1.397592
1.197864
1.197864
1.279472
1.279472
1.390018
1.390018
1.160439
1.160439
1.242937
1.242937
1.352976
1.352976
1.315970
1.315970
1.326468
1.326468
1.379242
1.379242
1.379289
1.379289
1.392615
1.392615
1.107579
1.107579
1.245152
1.245152
1.284186
1.284186
1.151943
1.151943
1.283024
1.283024
1.106123
1.106123
1.098827
1.098827
1.269607
1.269607
1.328994
1.328994
1.396522
1.396522
1.313707
1.313707
1.281595
1.281595
1.367730
1.367730
1.393119
1.393119
1.390079
1.390079
1.314157
1.314157
1.359911
1.359911
1.343112
1.343112
1.382766
1.382766
1.121292
1.121292
1.286164
1.286164
1.302043
1.302043
1.067921
1.067921
1.315958
1.315958
1.188485
1.188485
1.075812
1.075812
1.348637
1.348637
1.371057
1.371057
1.339183
1.339183
1.317956
1.317956
1.236319
1.236319
1.210265
1.210265
1.248844
1.248844
1.241548
1.241548
1.301635
1.301635
1.203543
1.203543
1.361124
1.361124
1.249837
1.249837
1.393778
1.393778
1.376468
1.376468
1.257766
1.257766
1.242892
1.242892
1.215268
1.215268
1.386226
1.386226
1.160475
1.160475
1.365062
1.365062
1.222644
1.222644
1.323809
1.323809
1.363172
1.363172
1.151853
1.151853
1.252929
1.252929
1.216936
1.216936
1.371395
1.371395
1.397755
1.397755
1.382424
1.382424
1.239596
1.239596
1.173003
1.173003
1.332715
1.312406
1.332715
1.312406
1.397852
1.397852
1.184187
1.184187
1.328599
1.328599
1.214035
1.214035
1.394206
1.394206
1.223500
1.223500
1.340146
1.340146
1.339966
1.339966
1.271533
1.271533
1.355830
1.355830
1.355264
1.355264
1.353778
1.353778
1.169251
1.169251
1.310384
1.310384
1.353617
1.264499
1.264499
1.353617
1.346227
1.346227
1.377374
1.377374
1.111557
1.111557
1.178020
1.178020
1.361388
1.361388
1.275577
1.275577
1.200947
1.200947
1.191295
1.191295
1.246745
1.246745
1.373040
1.373040
1.209496
1.209496
1.352315
1.352315
1.342803
1.342803
1.228137
1.228137
1.382571
1.382571
1.071807
1.071807
1.234739
1.234739
1.317457
1.317457
1.264364
1.264364
1.355741
1.355741
1.206807
1.206807
1.392739
1.392739
1.214875
1.214875
1.374820
1.374820
1.388134
1.388134
1.294692
1.294692
1.377778
1.377778
1.255784
1.255784
1.301976
1.301976
1.247825
1.247825
1.153911
1.153911
1.340852
1.340852
1.267437
1.267437
1.289683
1.289683
1.300835
1.300835
1.289604
1.289604
1.239501
1.239501
1.025015
1.025015
1.393958
1.393958
1.165623
1.165623
1.378578
1.378578
1.364019
1.364019
1.109837
1.109837
1.339750
1.339750
1.300531
1.300531
1.387441
1.212828
1.212828
1.387441
1.344542
1.344542
1.061710
1.061710
1.294258
1.294258
1.358216
1.358216
1.201230
1.201230
1.341944
1.341944
1.361793
1.361793
1.358408
1.358408
1.398593
1.398593
1.388542
1.388542
1.233380
1.233380
1.182544
1.182544
1.371557
1.371557
1.349302
1.349302
1.091128
1.091128
1.371775
1.371775
1.276263
1.276263
1.317351
1.317351
1.326028
1.326028
1.227480
1.227480
1.392253
1.392253
1.174078
1.174078
1.232788
1.232788
1.185209
1.185209
1.297905
1.297905
1.140296
1.140296
1.337807
1.337807
