1.202710
1.202710
1.346750
1.346750
1.127222
1.127222
1.369923
1.369923
1.327726
1.327726
1.266474
1.266474
1.379526
1.379526
1.069942
1.069942
1.352299
1.352299
1.383430
1.383430
1.328991
1.328991
1.387057
1.387057
1.129928
1.129928
1.377913
1.377913
1.326134
1.326134
1.140221
1.140221
1.202669
1.202669
1.386183
1.184514
1.386183
1.184514
1.340414
1.340414
1.386903
1.386903
1.265547
1.265547
1.298749
1.298749
1.396185
1.396185
1.235090
1.235090
1.209894
1.209894
1.320997
1.320997
1.385799
1.385799
1.340443
1.340443
1.149650
1.149650
1.264540
1.264540
1.325271
1.325271
1.135151
1.135151
1.358957
1.358957
1.356879
1.356879
1.123358
1.123358
1.251023
1.251023
1.398660
1.398660
1.292134
1.292134
1.255556
1.255556
1.335106
1.335106
1.135417
1.135417
1.169301
1.169301
1.257799
1.257799
1.351079
1.351079
1.196767
1.196767
1.208340
1.360839
1.208340
1.360839
1.151023
1.151023
1.304723
1.304723
1.388864
1.388864
1.174198
1.174198
1.247182
1.247182
1.342138
1.342138
1.358171
1.358171
1.328937
1.328937
1.210641
1.210641
1.282954
1.282954
1.364025
1.364025
1.205289
1.205289
1.331067
1.331067
1.074169
1.074169
1.376531
1.376531
1.351409
1.351409
1.089809
1.089809
1.187963
1.187963
1.329433
1.329433
1.178262
1.178262
1.132123
1.132123
1.362908
1.362908
1.172709
1.172709
1.388092
1.388092
1.210326
1.210326
1.236230
1.236230
1.251056
1.251056
1.047849
1.047849
1.274628
1.274628
1.051309
1.051309
1.385510
1.385510
1.293215
1.293215
1.390372
1.390372
1.399128
1.399128
1.273569
1.273569
1.379303
1.379303
1.125796
1.125796
1.211579
1.211579
1.381680
1.381680
1.145029
1.145029
1.243364
1.243364
1.289188
1.289188
1.314563
1.314563
1.375327
1.375327
1.268520
1.268520
1.019127
1.019127
1.391842
1.391842
1.312560
1.312560
1.363337
1.363337
1.286607
1.286607
1.352120
1.352120
1.394072
1.394072
1.393417
1.393417
1.048986
1.048986
1.394166
1.394166
1.272148
1.272148
1.219945
1.219945
1.377784
1.377784
1.323247
1.323247
1.381579
1.381579
1.261171
1.261171
1.341497
1.341497
1.273806
1.273806
1.143106
1.143106
1.294666
1.294666
1.343448
1.343448
1.124472
1.124472
1.201123
1.201123
1.125428
1.125428
1.275701
1.275701
1.332095
1.332095
1.277575
1.277575
1.399772
1.399772
1.197912
1.197912
1.398565
1.398565
1.155483
1.155483
1.285138
1.285138
1.255949
1.255949
1.258276
1.258276
1.123241
1.123241
1.342202
1.342202
1.170845
1.170845
1.189566
1.189566
1.144525
1.144525
1.297496
1.297496
1.374439
1.374439
1.136000
1.136000
1.182409
1.182409
1.228991
1.228991
1.329158
1.329158
1.334616
1.334616
1.325556
1.325556
1.174106
1.174106
1.358261
1.358261
1.363549
1.363549
1.381823
1.381823
1.127866
1.127866
1.056295
1.056295
1.374694
1.374694
1.362203
1.362203
1.373019
1.373019
1.364886
1.364886
1.348344
1.348344
1.262176
1.262176
1.220120
1.220120
1.346173
1.346173
1.388457
1.388457
1.338411
1.338411
1.335771
1.335771
1.300856
1.300856
1.399248
1.399248
1.360929
1.360929
1.252208
1.252208
1.255709
1.255709
1.367654
1.367654
1.193299
1.193299
1.226369
1.226369
1.263605
1.263605
1.276382
1.276382
1.392408
1.392408
1.296264
1.296264
1.131647
1.131647
1.305530
1.305530
1.365629
1.365629
1.206008
1.206008
1.372207
1.372207
1.250345
1.250345
1.396226
1.396226
1.393254
1.393254
1.292173
1.292173
1.341003
1.341003
1.351708
1.351708
1.049374
1.049374
1.382431
1.382431
1.379729
1.379729
1.254007
1.254007
1.319865
1.319865
1.388898
1.388898
1.180840
1.180840
1.308324
1.308324
1.346627
1.346627
1.192267
1.192267
1.389690
1.389690
1.118764
1.118764
1.323299
1.323299
1.386706
1.386706
1.345156
1.345156
1.277025
1.277025
1.376790
1.376790
1.168974
1.168974
1.213367
1.213367
1.337469
1.337469
1.312082
1.312082
1.263392
1.211942
1.211942
1.263392
1.334397
1.334397
1.028899
1.028899
1.283069
1.283069
1.201403
1.201403
1.089340
1.089340
1.354395
1.354395
1.397978
1.397978
1.346860
1.346860
1.311047
1.311047
1.347616
1.347616
1.077247
1.077247
