1.346380
1.346380
1.387386
1.324169
1.324169
1.387386
1.334808
1.334808
1.388856
1.388856
1.291429
1.291429
1.139419
1.139419
1.347924
1.347924
1.340099
1.340099
1.200277
1.200277
1.398766
1.398766
1.232135
1.232135
1.306738
1.347182
1.306738
1.347182
1.348407
1.348407
1.248603
1.248603
1.206952
1.206952
1.311597
1.311597
1.283369
1.283369
1.262844
1.262844
1.137809
1.137809
1.304256
1.304256
1.299663
1.299663
1.356759
1.356759
1.391945
1.391945
1.317144
1.317144
1.321142
1.321142
1.387511
1.387511
1.222341
1.222341
1.298251
1.298251
1.316314
1.316314
1.350694
1.350694
1.302363
1.302363
1.385906
1.385906
1.335107
1.335107
1.223970
1.223970
1.368509
1.368509
1.145913
1.145913
1.271476
1.271476
1.390724
1.390724
1.381941
1.381941
1.278739
1.278739
1.169408
1.169408
1.116651
1.116651
1.348387
1.348387
1.382240
1.382240
1.392691
1.392691
1.344520
1.344520
1.315445
1.194072
1.194072
1.315445
1.274011
1.274011
1.145953
1.145953
1.343549
1.343549
1.168488
1.168488
1.378123
1.378123
1.245591
1.245591
1.397250
1.397250
1.327456
1.327456
1.398210
1.398210
1.251647
1.251647
1.196894
1.196894
1.195211
1.195211
1.375791
1.375791
1.327291
1.327291
1.384618
1.384618
1.353901
1.353901
1.321739
1.321739
1.388446
1.388446
1.389948
1.389948
1.266367
1.266367
1.362000
1.362000
1.295674
1.295674
1.304528
1.304528
1.377271
1.377271
1.298084
1.298084
1.341328
1.341328
1.250657
1.250657
1.246369
1.246369
1.321753
1.321753
1.223177
1.223177
1.370608
1.370608
1.290316
1.290316
1.367667
1.367667
1.344734
1.344734
1.329411
1.329411
1.366787
1.366787
1.381117
1.381117
1.180306
1.180306
1.336742
1.336742
1.388024
1.388024
1.367390
1.367390
1.334274
1.334274
1.314930
1.314930
1.198776
1.198776
1.117004
1.117004
1.290412
1.290412
1.336241
1.336241
1.329302
1.329302
1.390122
1.390122
1.361449
1.361449
1.342848
1.342848
1.276112
1.276112
1.349321
1.349321
1.147535
1.147535
1.306116
1.306116
1.273729
1.273729
1.179409
1.179409
1.350962
1.350962
1.312706
1.312706
1.180798
1.180798
1.344602
1.344602
1.356263
1.356263
1.355933
1.355933
1.350947
1.350947
1.290991
1.290991
1.199911
1.199911
1.051117
1.051117
1.250136
1.250136
1.156732
1.156732
1.185984
1.185984
1.375791
1.375791
1.349791
1.349791
1.397043
1.397043
1.151903
1.151903
1.332575
1.332575
1.167866
1.167866
1.199661
1.199661
1.102074
1.102074
1.120971
1.120971
1.297135
1.297135
1.191284
1.191284
1.241144
1.241144
1.341216
1.341216
1.352111
1.352111
1.196250
1.196250
1.392873
1.392873
1.253958
1.253958
1.319366
1.319366
1.294155
1.294155
1.274804
1.274804
1.257662
1.257662
1.313479
1.313479
1.370770
1.370770
1.253895
1.253895
1.108716
1.108716
1.347403
1.347403
1.383779
1.383779
1.147306
1.147306
1.265405
1.265405
1.276528
1.276528
1.260105
1.260105
1.293317
1.293317
1.332028
1.332028
1.208908
1.208908
1.294960
1.294960
1.282806
1.282806
1.206500
1.206500
1.144714
1.144714
1.373534
1.373534
1.317789
1.317789
1.383165
1.383165
1.288546
1.288546
1.367151
1.367151
1.258257
1.258257
