1.115502
1.115502
1.347937
1.347937
1.092195
1.092195
1.327309
1.327309
1.234442
1.326829
1.234442
1.326829
1.292566
1.292566
1.256153
1.256153
1.181358
1.181358
1.324960
1.324960
1.333630
1.333630
1.229335
1.229335
1.386896
1.386896
1.363665
1.363665
1.179462
1.179462
1.306353
1.306353
1.186588
1.186588
1.257814
1.257814
1.365739
1.365739
1.252063
1.252063
1.371994
1.371994
1.341260
1.341260
1.251477
1.251477
1.377795
1.199083
1.377795
1.199083
1.376395
1.376395
1.352392
1.352392
1.142127
1.142127
1.194220
1.194220
1.337107
1.337107
1.235432
1.235432
1.388261
1.388261
1.167572
1.167572
1.089852
1.089852
1.209851
1.209851
1.246222
1.246222
1.093848
1.093848
1.239694
1.239694
1.315809
1.315809
1.352610
1.352610
1.216117
1.216117
1.273315
1.273315
1.239254
1.239254
1.296875
1.296875
1.215724
1.215724
1.364150
1.364150
1.159898
1.159898
1.363735
1.363735
1.368139
1.368139
1.189404
1.189404
1.170489
1.170489
1.266964
1.266964
1.346659
1.346659
1.083236
1.083236
1.270698
1.377750
1.377750
1.270698
1.283108
1.283108
1.191243
1.191243
1.280174
1.280174
1.371157
1.371157
1.315726
1.315726
1.265937
1.265937
1.327303
1.327303
1.294018
1.294018
1.148631
1.148631
1.247499
1.247499
1.309660
1.309660
1.386040
1.386040
1.063335
1.063335
1.271644
1.271644
1.388844
1.388844
1.362394
1.362394
1.275548
1.275548
1.372057
1.372057
1.303328
1.303328
1.263596
1.263596
1.297469
1.297469
1.295428
1.295428
1.168552
1.168552
1.384125
1.384125
1.284851
1.284851
1.379228
1.379228
1.186058
1.186058
1.373427
1.373427
1.059392
1.059392
1.392196
1.392196
1.387401
1.387401
1.390620
1.390620
1.303633
1.303633
1.387213
1.387213
1.393231
1.393231
1.388538
1.388538
1.341010
1.341010
1.358219
1.358219
1.329102
1.329102
1.201818
1.201818
1.338648
1.338648
1.388646
1.388646
1.367714
1.367714
1.098540
1.098540
1.348440
1.348440
1.281782
1.281782
1.322688
1.322688
1.326479
1.326479
1.264660
1.264660
1.395325
1.395325
1.110503
1.110503
1.370259
1.370259
1.106227
1.106227
1.337414
1.337414
1.300732
1.300732
1.315265
1.315265
1.351632
1.351632
1.358280
1.358280
1.260987
1.260987
1.270391
1.270391
1.264540
1.264540
1.183188
1.183188
1.391636
1.391636
1.332487
1.332487
1.234574
1.234574
1.094736
1.094736
1.388125
1.388125
1.387235
1.387235
1.371028
1.371028
1.239196
1.239196
1.051880
1.051880
1.348522
1.348522
1.315282
1.315282
1.366008
1.366008
1.194437
1.194437
1.050783
1.050783
1.382715
1.382715
1.280063
1.280063
1.190167
1.190167
1.264109
1.264109
1.186127
1.186127
1.143855
1.143855
1.379282
1.379282
1.377718
1.377718
1.397961
1.397961
1.320129
1.320129
1.351539
1.351539
1.343103
1.343103
1.291289
1.291289
1.338779
1.338779
1.312179
1.312179
1.318754
1.318754
1.176954
1.176954
1.398751
1.398751
1.371523
1.371523
1.339047
1.339047
1.305705
1.305705
1.389711
1.389711
1.368747
1.368747
1.397963
1.397963
1.200472
1.200472
1.365618
1.365618
1.333077
1.333077
1.301552
1.301552
1.372514
1.372514
1.035132
1.035132
1.389373
1.389373
1.359820
1.359820
1.152839
1.152839
1.190480
1.190480
1.243205
1.243205
1.103284
1.103284
1.368951
1.368951
1.144549
1.144549
1.036112
1.036112
1.289917
1.289917
1.111881
1.111881
