1.278809
1.278809
1.339403
1.339403
1.306945
1.306945
1.134117
1.315234
1.134117
1.315234
1.185421
1.185421
1.365584
1.365584
1.392413
1.392413
1.353612
1.353612
1.392411
1.392411
1.259782
1.259782
1.331171
1.331171
1.222539
1.222539
1.060010
1.060010
1.380951
1.380951
1.232884
1.232884
1.182948
1.182948
1.189056
1.189056
1.327430
1.327430
1.336523
1.336523
1.396385
1.396385
1.291894
1.291894
1.362488
1.362488
1.275471
1.275471
1.333632
1.333632
1.359409
1.359409
1.132317
1.132317
1.338657
1.338657
1.185393
1.185393
1.210584
1.210584
1.314399
1.314399
1.251601
1.251601
1.303572
1.303572
1.278195
1.278195
1.138633
1.138633
1.387497
1.387497
1.375189
1.375189
1.241016
1.241016
1.376335
1.376335
1.289356
1.289356
1.245050
1.245050
1.172349
1.172349
1.090602
1.090602
1.381597
1.381597
1.391361
1.391361
1.247538
1.247538
1.363321
1.363321
1.262500
1.262500
1.352999
1.352999
1.335902
1.335902
1.142002
1.142002
1.224203
1.224203
1.322336
1.322336
1.349544
1.349544
1.147461
1.147461
1.246791
1.246791
1.308402
1.308402
1.375158
1.375158
1.353415
1.353415
1.109734
1.109734
1.378986
1.378986
1.316527
1.316527
1.098279
1.300588
1.300588
1.098279
1.275497
1.275497
1.388686
1.388686
1.209418
1.209418
1.262767
1.262767
1.344464
1.344464
1.096330
1.096330
1.259071
1.259071
1.372193
1.372193
1.354761
1.354761
1.199353
1.199353
1.217754
1.217754
1.389857
1.389857
1.228718
1.228718
1.213781
1.213781
1.381404
1.381404
1.295638
1.295638
1.352931
1.352931
1.295110
1.295110
1.247107
1.247107
1.181954
1.181954
1.323712
1.323712
1.330021
1.330021
1.353808
1.353808
1.311610
1.311610
1.216324
1.216324
1.206640
1.206640
1.386090
1.386090
1.249907
1.249907
1.243522
1.243522
1.119090
1.119090
1.367461
1.367461
1.259227
1.259227
1.378088
1.378088
1.322498
1.322498
1.072005
1.072005
1.369534
1.369534
1.237330
1.237330
1.245014
1.245014
1.343775
1.343775
1.354657
1.354657
1.253003
1.253003
1.382151
1.382151
1.334142
1.334142
1.060974
1.060974
1.024748
1.024748
1.257218
1.257218
1.332853
1.332853
1.378400
1.378400
1.366740
1.366740
1.302859
1.302859
1.370038
1.370038
1.218955
1.218955
1.273078
1.273078
1.296038
1.296038
1.335180
1.335180
1.246858
1.246858
1.374190
1.374190
1.300698
1.300698
1.397470
1.397470
1.388808
1.388808
1.275857
1.275857
1.383644
1.383644
1.359788
1.359788
1.399327
1.399327
1.193221
1.193221
1.302326
1.302326
1.333061
1.333061
1.220859
1.220859
1.367130
1.367130
1.273498
1.273498
1.375494
1.375494
1.246741
1.246741
1.189182
1.189182
1.337736
1.337736
1.314447
1.314447
1.385457
1.385457
1.199393
1.199393
1.161195
1.161195
1.140429
1.140429
1.368436
1.368436
1.397228
1.397228
1.220796
1.220796
1.243027
1.243027
1.266997
1.266997
1.367477
1.367477
1.236121
1.236121
1.351059
1.351059
1.396287
1.396287
1.334921
1.334921
1.242654
1.242654
1.287112
1.287112
1.394701
1.291798
1.394701
1.291798
1.317515
1.317515
1.369128
1.369128
1.193358
1.193358
1.329339
1.329339
1.399898
1.399898
1.346524
1.346524
1.115993
1.115993
1.351396
1.351396
1.347516
1.347516
1.348963
1.348963
1.178421
1.178421
1.246724
1.246724
1.076183
1.076183
1.261914
1.261914
1.262379
1.262379
1.293120
1.293120
1.251003
1.251003
1.230852
1.230852
1.396575
1.396575
1.237986
1.237986
1.366506
1.366506
1.357313
1.357313
1.308021
1.308021
1.299187
1.299187
1.355585
1.355585
1.289898
1.289898
1.390120
1.390120
1.078275
1.078275
1.210413
1.210413
1.192318
1.192318
1.276534
1.276534
1.170518
1.170518
1.284281
1.284281
1.340393
1.340393
