1.396876
1.396876
1.097811
1.097811
1.252781
1.252781
1.103811
1.103811
1.230105
1.230105
1.315535
1.315535
1.253611
1.253611
1.334261
1.334261
1.335456
1.369527
1.369527
1.335456
1.399600
1.399600
1.261828
1.261828
1.398292
1.398292
1.327793
1.327793
1.169976
1.169976
1.175997
1.175997
1.248518
1.248518
1.398897
1.398897
1.391845
1.391845
1.396425
1.396425
1.395661
1.395661
1.365785
1.365785
1.170876
1.170876
1.319718
1.319718
1.270794
1.270794
1.278670
1.389388
1.278670
1.389388
1.397237
1.397237
1.380185
1.380185
1.310017
1.310017
1.322822
1.322822
1.164759
1.164759
1.352658
1.352658
1.311627
1.311627
1.263640
1.263640
1.283309
1.283309
1.235744
1.235744
1.224334
1.224334
1.322851
1.322851
1.337010
1.337010
1.391624
1.391624
1.352996
1.352996
1.390421
1.390421
1.059406
1.059406
1.256781
1.256781
1.319668
1.319668
1.392806
1.392806
1.382517
1.382517
1.343647
1.255580
1.255580
1.343647
1.229128
1.229128
1.252691
1.252691
1.364830
1.364830
1.216637
1.216637
1.265117
1.265117
1.202965
1.202965
1.271170
1.271170
1.362523
1.362523
1.334152
1.334152
1.386876
1.386876
1.375738
1.175436
1.175436
1.375738
1.373965
1.373965
1.190185
1.190185
1.018253
1.018253
1.298081
1.298081
1.263550
1.263550
1.270659
1.270659
1.316592
1.316592
1.339954
1.339954
1.339148
1.339148
1.333557
1.333557
1.214937
1.214937
1.368109
1.368109
1.298153
1.298153
1.388459
1.388459
1.368400
1.368400
1.306449
1.306449
1.061357
1.061357
1.289388
1.289388
1.307398
1.307398
1.102713
1.102713
1.368358
1.368358
1.258471
1.258471
1.304488
1.304488
1.277821
1.277821
1.253463
1.253463
1.299190
1.299190
1.343074
1.343074
1.383445
1.383445
1.329964
1.329964
1.278328
1.278328
1.258648
1.258648
1.131140
1.131140
1.399514
1.399514
1.234424
1.234424
1.377119
1.377119
1.260519
1.260519
1.226534
1.226534
1.197300
1.197300
1.199854
1.199854
1.155178
1.155178
1.164284
1.164284
1.308493
1.308493
1.384331
1.384331
1.276594
1.276594
1.112904
1.112904
1.385949
1.385949
1.258862
1.258862
1.178533
1.178533
1.097311
1.097311
1.394952
1.394952
1.374438
1.374438
1.219752
1.219752
1.159889
1.159889
1.360613
1.360613
1.231626
1.231626
1.210527
1.210527
1.344079
1.344079
1.305385
1.305385
1.335235
1.335235
1.189634
1.189634
1.130335
1.130335
1.341586
1.341586
1.393039
1.393039
1.308648
1.308648
1.206999
1.206999
1.295236
1.295236
1.090549
1.090549
1.273676
1.273676
1.256774
1.256774
1.375491
1.375491
1.227626
1.227626
1.383886
1.383886
1.272568
1.272568
1.344313
1.344313
1.305695
1.305695
1.270021
1.270021
1.385772
1.385772
1.263325
1.263325
1.376685
1.376685
1.243926
1.243926
1.122406
1.122406
1.389393
1.389393
1.365447
1.365447
1.122174
1.122174
1.324051
1.324051
1.373445
1.373445
1.213714
1.213714
1.338150
1.338150
1.218443
1.218443
1.372281
1.372281
1.209681
1.209681
1.379166
1.379166
1.214028
1.214028
1.379501
1.379501
1.377413
1.377413
1.281359
1.281359
1.207106
1.207106
1.391242
1.391242
1.264405
1.264405
1.397586
1.397586
1.163280
1.163280
1.075124
1.075124
1.358476
1.358476
1.268884
1.268884
1.380428
1.380428
1.126964
1.126964
1.193075
1.193075
1.128670
1.128670
1.309220
1.309220
1.265507
1.265507
1.379677
1.379677
1.306512
1.306512
1.268310
1.268310
1.259696
1.259696
1.196281
1.196281
1.315303
1.315303
1.245919
1.245919
1.369696
1.192794
1.369696
1.192794
1.256821
1.256821
1.367639
1.367639
1.353053
1.290942
1.353053
1.290942
1.379785
1.379785
1.306022
1.306022
1.346067
1.346067
1.329059
1.329059
1.296440
1.296440
1.369217
1.369217
1.308893
1.308893
1.346903
1.346903
1.313952
1.313952
1.103985
1.103985
1.375496
1.375496
1.114799
1.114799
1.264839
1.264839
1.262383
1.262383
1.365521
1.365521
1.272520
1.272520
1.165337
1.165337
1.354301
1.354301
1.346782
1.346782
1.219621
1.219621
1.293607
1.293607
1.280896
1.280896
1.345692
1.345692
1.392132
1.392132
1.323088
1.323088
1.248293
1.248293
1.395347
1.395347
1.041226
1.041226
1.352369
1.352369
1.377640
1.377640
1.179268
1.179268
1.151153
1.151153
1.237249
1.237249
1.307410
1.307410
1.256703
1.256703
1.252347
1.252347
1.313766
1.313766
1.298641
1.298641
1.264930
1.264930
1.203918
1.203918
1.084756
1.084756
1.203170
1.203170
1.385357
1.385357
1.211873
1.211873
1.364276
1.364276
1.232045
1.232045
1.300391
1.300391
1.350285
1.350285
1.087731
1.087731
1.368434
1.368434
1.368423
1.368423
1.112508
1.112508
1.196052
1.196052
1.259150
1.259150
1.370768
1.370768
1.384582
1.384582
1.361474
1.361474
1.361643
1.361643
1.222294
1.222294
1.113618
1.113618
1.150478
1.150478
1.110091
1.110091
1.272309
1.272309
1.292040
1.292040
1.313313
1.313313
1.249444
1.249444
1.379661
1.379661
1.273573
1.273573
1.305403
1.305403
1.257729
1.257729
1.296397
1.296397
1.240891
1.240891
1.162707
1.162707
1.035580
1.035580
1.347736
1.347736
1.223320
1.223320
