1.334938
1.387027
1.334938
1.387027
1.077941
1.077941
1.348661
1.348661
1.272441
1.272441
1.154607
1.154607
1.245168
1.245168
1.313501
1.313501
1.323399
1.323399
1.300769
1.300769
1.326621
1.326621
1.321063
1.356213
1.321063
1.356213
1.252952
1.252952
1.217692
1.217692
1.394872
1.394872
1.059563
1.059563
1.210848
1.210848
1.382939
1.382939
1.272365
1.272365
1.339136
1.339136
1.329329
1.329329
1.282424
1.282424
1.282495
1.282495
1.394620
1.394620
1.302330
1.302330
1.163425
1.163425
1.274993
1.274993
1.236115
1.236115
1.323445
1.323445
1.206160
1.206160
1.305971
1.305971
1.238046
1.238046
1.370596
1.370596
1.358521
1.358521
1.264163
1.264163
1.307971
1.307971
1.383929
1.383929
1.252160
1.252160
1.379890
1.379890
1.356149
1.356149
1.389681
1.389681
1.390656
1.390656
1.363182
1.363182
1.313156
1.313156
1.233413
1.233413
1.317279
1.317279
1.277159
1.277159
1.185321
1.185321
1.302685
1.302685
1.187966
1.187966
1.337604
1.337604
1.350699
1.350699
1.126264
1.126264
1.337114
1.337114
1.279464
1.279464
1.049131
1.049131
1.340695
1.340695
1.119642
1.119642
1.158127
1.158127
1.172304
1.172304
1.292909
1.292909
1.352268
1.352268
1.315781
1.315781
1.211661
1.211661
1.388350
1.388350
1.362633
1.362633
1.314574
1.314574
1.316117
1.283453
1.283453
1.316117
1.322609
1.322609
1.340898
1.340898
1.060869
1.060869
1.397177
1.397177
1.386953
1.386953
1.285754
1.285754
1.286047
1.286047
1.345004
1.345004
1.205585
1.205585
1.093018
1.093018
1.183123
1.183123
1.238871
1.238871
1.156780
1.156780
1.342623
1.342623
1.346763
1.346763
1.336484
1.336484
1.351246
1.351246
1.222037
1.222037
1.350171
1.350171
1.380201
1.380201
1.265911
1.265911
1.393276
1.393276
1.339952
1.339952
1.360982
1.360982
1.146079
1.146079
1.348329
1.348329
1.121356
1.121356
1.227125
1.227125
1.282980
1.282980
1.281452
1.281452
1.332928
1.332928
1.366350
1.366350
1.305039
1.305039
1.383167
1.383167
1.293233
1.293233
1.387577
1.387577
1.373334
1.373334
1.287858
1.287858
1.236698
1.236698
1.340285
1.340285
1.151427
1.151427
1.367775
1.367775
1.380861
1.380861
1.393681
1.393681
1.364940
1.364940
1.325658
1.325658
1.208545
1.208545
1.319947
1.319947
1.358987
1.358987
1.124905
1.124905
1.330452
1.330452
1.039089
1.039089
1.306121
1.306121
1.393020
1.393020
1.286232
1.286232
1.266815
1.266815
1.246940
1.246940
1.272630
1.272630
1.276511
1.276511
1.115581
1.115581
1.283134
1.283134
1.215872
1.215872
1.320937
1.320937
1.336395
1.336395
1.381371
1.381371
1.385215
1.385215
1.248654
1.248654
1.049589
1.049589
1.336111
1.336111
1.334610
1.334610
1.333388
1.333388
1.276159
1.276159
1.060271
1.060271
1.262412
1.262412
1.258459
1.258459
1.299856
1.299856
1.278473
1.278473
1.358697
1.358697
1.133291
1.133291
1.260884
1.260884
1.329425
1.329425
1.108506
1.108506
1.353854
1.353854
1.271841
1.271841
1.344562
1.344562
1.316676
1.316676
1.298608
1.298608
1.398620
1.398620
1.397377
1.397377
1.166629
1.166629
1.386406
1.386406
1.298010
1.298010
1.115624
1.115624
1.286150
1.286150
1.259284
1.259284
1.237868
1.237868
1.188934
1.188934
1.368503
1.368503
1.253605
1.253605
1.249171
1.249171
1.374189
1.374189
1.133654
1.133654
1.255636
1.255636
1.384645
1.384645
1.285016
1.285016
1.221220
1.221220
1.204236
1.204236
1.362612
1.362612
