1.360511
1.360511
1.215735
1.215735
1.242454
1.242454
1.262038
1.335834
1.335834
1.262038
1.340692
1.340692
1.390052
1.390052
1.230620
1.230620
1.394690
1.394690
1.251099
1.251099
1.330672
1.330672
1.324123
1.324123
1.378473
1.378473
1.383516
1.383516
1.323197
1.323197
1.371702
1.371702
1.180064
1.180064
1.364522
1.364522
1.298638
1.298638
1.325161
1.325161
1.133998
1.133998
1.317617
1.317617
1.278374
1.278374
1.229106
1.229106
1.258900
1.258900
1.275534
1.275534
1.168766
1.168766
1.301230
1.301230
1.317202
1.317202
1.328006
1.328006
1.349928
1.349928
1.324660
1.324660
1.360711
1.360711
1.184475
1.184475
1.330254
1.330254
1.172434
1.172434
1.303826
1.303826
1.246777
1.246777
1.074546
1.180644
1.180644
1.074546
1.125194
1.125194
1.258910
1.258910
1.184413
1.184413
1.383337
1.383337
1.342464
1.342464
1.271903
1.271903
1.263122
1.263122
1.245438
1.245438
1.210868
1.210868
1.248350
1.248350
1.181647
1.181647
1.318801
1.318801
1.163577
1.163577
1.305289
1.305289
1.332270
1.332270
1.107187
1.107187
1.335681
1.335681
1.201339
1.201339
1.364533
1.364533
1.347586
1.347586
1.395456
1.395456
1.369125
1.369125
1.381189
1.381189
1.267595
1.267595
1.151690
1.151690
1.309925
1.309925
1.389636
1.389636
1.234050
1.234050
1.387432
1.387432
1.398455
1.398455
1.367177
1.367177
1.236242
1.236242
1.385357
1.385357
1.233968
1.295127
1.321737
1.295127
1.321737
1.233968
1.226748
1.226748
1.258874
1.258874
1.362095
1.362095
1.237352
1.237352
1.261739
1.261739
1.337200
1.337200
1.389184
1.389184
1.388529
1.388529
1.088272
1.088272
1.197983
1.197983
1.172166
1.172166
1.292362
1.292362
1.265935
1.265935
1.215429
1.215429
1.143509
1.143509
1.325814
1.325814
1.142221
1.142221
1.309977
1.309977
1.288900
1.288900
1.255432
1.255432
1.231206
1.231206
1.270576
1.270576
1.394114
1.394114
1.058117
1.058117
1.275326
1.275326
1.336506
1.336506
1.390887
1.390887
1.076169
1.076169
1.290635
1.290635
1.364023
1.364023
1.139991
1.139991
1.241701
1.241701
1.381998
1.381998
1.220248
1.220248
1.335737
1.335737
1.323387
1.323387
1.236178
1.236178
1.371429
1.371429
1.392228
1.392228
1.399537
1.399537
1.237927
1.237927
1.357298
1.357298
1.243330
1.243330
1.338243
1.337749
1.337749
1.338243
1.192879
1.192879
1.343318
1.343318
1.285152
1.285152
1.391674
1.391674
1.367221
1.367221
1.019895
1.019895
1.339296
1.339296
1.357975
1.357975
1.381345
1.381345
1.072080
1.072080
1.276277
1.276277
1.292285
1.292285
1.378284
1.378284
1.228715
1.228715
1.230748
1.230748
1.310825
1.310825
1.342855
1.347677
1.347677
1.342855
1.201929
1.201929
1.375760
1.375760
1.282784
1.282784
1.291203
1.291203
1.373810
1.373810
1.263726
1.263726
1.213906
1.213906
1.238812
1.238812
1.297252
1.297252
1.346377
1.346377
1.349683
1.349683
1.229136
1.229136
1.282672
1.282672
1.372723
1.372723
1.149287
1.149287
1.360609
1.360609
1.398232
1.398232
1.344630
1.344630
1.306772
1.306772
1.318808
1.318808
1.290290
1.290290
1.279128
1.279128
1.330464
1.330464
1.354377
1.354377
1.357669
1.357669
1.354795
1.354795
1.093512
1.093512
1.316384
1.316384
1.254455
1.254455
1.298195
1.298195
1.118198
1.118198
1.115572
1.115572
1.307207
1.307207
1.328452
1.328452
1.264954
1.264954
1.385548
1.385548
1.266587
1.266587
1.328376
1.328376
1.148684
1.148684
1.248763
1.248763
1.342955
1.342955
1.335288
1.335288
1.375333
1.375333
