1.228115
1.228115
1.161588
1.161588
1.066807
1.361799
1.066807
1.361799
1.367370
1.367370
1.397195
1.397195
1.393867
1.393867
1.309986
1.309986
1.223626
1.223626
1.243320
1.243320
1.287615
1.287615
1.145505
1.244430
1.145505
1.244430
1.209661
1.209661
1.272457
1.272457
1.295271
1.295271
1.194837
1.194837
1.377605
1.377605
1.332792
1.332792
1.159272
1.159272
1.128679
1.128679
1.203453
1.203453
1.195227
1.195227
1.144823
1.393719
1.144823
1.393719
1.377896
1.377896
1.371790
1.371790
1.204250
1.204250
1.322475
1.322475
1.397118
1.397118
1.332651
1.332651
1.217717
1.217717
1.166884
1.166884
1.254198
1.254198
1.213128
1.213128
1.180387
1.180387
1.170821
1.170821
1.375997
1.375997
1.245897
1.245897
1.178543
1.178543
1.239959
1.239959
1.304214
1.304214
1.343485
1.343485
1.379824
1.379824
1.393132
1.393132
1.257864
1.257864
1.194026
1.194026
1.313664
1.313664
1.297714
1.297714
1.341170
1.341170
1.356706
1.356706
1.376817
1.376817
1.278151
1.278151
1.318901
1.318901
1.322337
1.322337
1.322156
1.322156
1.353086
1.353086
1.314492
1.314492
1.332587
1.332587
1.061610
1.061610
1.280256
1.280256
1.397633
1.397633
1.368993
1.368993
1.328974
1.328974
1.203483
1.203483
1.317716
1.317716
1.311618
1.311618
1.207243
1.207243
1.271854
1.271854
1.279335
1.279335
1.363516
1.187976
1.187976
1.363516
1.195334
1.368815
1.195334
1.368815
1.333655
1.333655
1.383764
1.383764
1.397699
1.397699
1.347479
1.347479
1.253313
1.253313
1.346362
1.346362
1.247251
1.247251
1.370641
1.370641
1.304983
1.304983
1.305134
1.305134
1.118222
1.118222
1.335298
1.335298
1.222742
1.222742
1.252688
1.252688
1.366418
1.366418
1.390097
1.390097
1.084993
1.084993
1.146031
1.146031
1.201906
1.201906
1.395530
1.114514
1.395530
1.114514
1.209963
1.209963
1.387809
1.387809
1.341245
1.341245
1.381529
1.381529
1.250256
1.250256
1.066180
1.066180
1.216309
1.216309
1.196068
1.196068
1.356214
1.356214
1.158952
1.158952
1.328555
1.328555
1.051854
1.051854
1.399003
1.399003
1.117976
1.117976
1.254547
1.254547
1.365344
1.365344
1.124397
1.124397
1.312382
1.312382
1.371688
1.371688
1.105133
1.105133
1.285783
1.285783
1.140644
1.140644
1.294340
1.294340
1.240251
1.240251
1.392923
1.392923
1.104618
1.104618
1.279847
1.279847
1.196578
1.196578
1.360551
1.360551
1.362242
1.362242
1.296874
1.296874
1.331269
1.331269
1.210357
1.210357
1.366783
1.366783
1.282833
1.282833
1.247840
1.247840
1.369808
1.369808
1.275856
1.275856
1.397236
1.397236
1.270035
1.270035
1.385711
1.385711
1.234730
1.234730
1.348740
1.348740
1.120429
1.120429
1.396450
1.396450
1.399310
1.399310
1.356733
1.356733
1.287538
1.287538
1.221296
1.221296
1.107693
1.107693
1.317542
1.317542
1.314004
1.314004
1.382204
1.382204
1.283642
1.283642
1.316406
1.316406
1.336712
1.336712
1.258086
1.258086
1.320653
1.320653
1.349331
1.349331
1.314467
1.314467
1.276275
1.276275
1.239815
1.239815
1.350095
1.350095
1.324014
1.324014
1.333733
1.333733
1.220780
1.220780
1.368049
1.368049
1.390621
1.390621
1.245943
1.245943
1.356233
1.356233
1.274016
1.274016
1.237967
1.237967
1.125262
1.125262
1.243735
1.243735
1.310157
1.310157
1.232862
1.232862
1.344981
1.344981
1.111941
1.111941
