1.271828
1.271828
1.249302
1.249302
1.232471
1.232471
1.187132
1.187132
1.066088
1.066088
1.385855
1.385855
1.319217
1.319217
1.390910
1.390910
1.274728
1.274728
1.143992
1.143992
1.133857
1.133857
1.297218
1.297218
1.184939
1.184939
1.310946
1.310946
1.327365
1.327365
1.383405
1.383405
1.361820
1.361820
1.370495
1.370495
1.368808
1.368808
1.322759
1.322759
1.336453
1.336453
1.399825
1.399825
1.318366
1.318366
1.213111
1.213111
1.193978
1.193978
1.270258
1.270258
1.236769
1.236769
1.387568
1.387568
1.391770
1.391770
1.142028
1.142028
1.376089
1.376089
1.325077
1.325077
1.397078
1.397078
1.236010
1.236010
1.246463
1.246463
1.396320
1.396320
1.261628
1.261628
1.346246
1.346246
1.292190
1.292190
1.274257
1.274257
1.317010
1.317010
1.269277
1.269277
1.147638
1.147638
1.342507
1.342507
1.204509
1.204509
1.246845
1.246845
1.125566
1.125566
1.325797
1.325797
1.323150
1.323150
1.359643
1.359643
1.372238
1.372238
1.344218
1.344218
1.343385
1.343385
1.133465
1.133465
1.312879
1.312879
1.159236
1.159236
1.336216
1.336216
