1.301580
1.301580
1.258110
1.258110
1.153168
1.153168
1.321074
1.321074
1.383609
1.383609
1.388910
1.388910
1.214434
1.214434
1.236183
1.236183
1.180826
1.180826
1.326720
1.326720
1.297821
1.297821
1.234805
1.234805
1.321539
1.321539
1.018435
1.018435
1.231208
1.231208
1.207729
1.207729
1.077753
1.077753
1.167802
1.167802
1.327825
1.327825
1.235172
1.235172
1.360402
1.360402
1.225189
1.225189
1.316386
1.316386
1.158083
1.158083
1.207998
1.207998
1.325214
1.325214
1.368860
1.368860
1.271263
1.271263
1.378678
1.378678
1.337592
1.337592
1.396748
1.396748
1.205368
1.205368
1.171160
1.171160
1.246535
1.246535
1.226866
1.226866
1.205865
1.205865
1.291905
1.291905
1.287736
1.287736
1.392983
1.392983
1.387689
1.387689
1.011711
1.011711
1.215245
1.215245
1.397307
1.397307
1.253454
1.253454
1.268743
1.268743
1.393005
1.393005
1.242970
1.242970
1.160274
1.160274
1.364929
1.364929
1.384097
1.384097
1.206793
1.206793
1.295006
1.295006
1.166388
1.166388
1.367374
1.367374
1.365630
1.365630
1.146592
1.146592
1.138535
1.138535
1.361788
1.361788
1.289471
1.289471
1.302373
1.302373
1.355251
1.355251
1.324080
1.324080
1.384650
1.384650
1.349072
1.349072
1.308872
1.308872
1.253234
1.253234
1.253691
1.253691
1.375958
1.375958
1.318114
1.318114
1.388789
1.388789
1.337258
1.337258
1.128282
1.128282
