1.246311
1.246311
1.214364
1.214364
1.350123
1.350123
1.367636
1.367636
1.378897
1.378897
1.394878
1.394878
1.117515
1.117515
1.312930
1.312930
1.376925
1.376925
1.182842
1.182842
1.309835
1.309835
1.373588
1.373588
1.360949
1.360949
1.149142
1.149142
1.201115
1.201115
1.332725
1.332725
1.296939
1.296939
1.154288
1.154288
1.352289
1.352289
1.352637
1.352637
1.311999
1.311999
1.384137
1.384137
1.324006
1.324006
1.285684
1.285684
1.176620
1.176620
1.392797
1.392797
1.255872
1.255872
1.355038
1.355038
1.393451
1.393451
1.241547
1.241547
1.334668
1.334668
1.316427
1.316427
