1.367779
1.367779
1.393470
1.393470
1.366992
1.366992
1.282490
1.282490
1.249096
1.249096
1.263345
1.263345
1.274399
1.274399
1.324214
1.324214
1.313687
1.313687
1.213467
1.213467
1.370281
1.370281
1.133002
1.133002
1.207523
1.207523
1.385993
1.385993
1.261687
1.261687
1.323369
1.323369
1.265401
1.265401
1.166742
1.166742
1.338659
1.338659
1.341858
1.341858
1.358132
1.358132
1.372479
1.372479
1.272312
1.272312
1.325434
1.325434
1.277543
1.277543
1.387769
1.387769
1.275226
1.275226
1.245564
1.245564
1.351981
1.351981
1.231070
1.231070
1.379288
1.379288
1.060346
1.060346
1.229519
1.229519
1.280112
1.280112
1.222509
1.222509
1.031857
1.031857
1.269775
1.269775
1.334031
1.334031
1.349381
1.349381
1.384091
1.384091
1.305423
1.305423
1.297501
1.297501
1.377695
1.377695
1.393606
1.393606
1.308658
1.308658
1.371696
1.371696
1.239705
1.239705
1.363295
1.363295
