1.279971
1.279971
1.398182
1.398182
1.279036
1.279036
1.144019
1.144019
1.203386
1.203386
1.298791
1.298791
1.367814
1.367814
1.266708
1.266708
1.307486
1.307486
1.372019
1.372019
1.375369
1.375369
1.215748
1.215748
1.377898
1.377898
1.274973
1.274973
1.332716
1.332716
1.380947
1.380947
1.102576
1.102576
1.250287
1.250287
1.376630
1.376630
1.307371
1.307371
1.323639
1.323639
1.373545
1.373545
1.333525
1.333525
1.246457
1.246457
1.149866
1.149866
1.315850
1.315850
1.360737
1.360737
1.234437
1.234437
1.303523
1.303523
1.350364
1.350364
1.063786
1.063786
1.354165
1.354165
1.300864
1.300864
1.200462
1.200462
1.361429
1.361429
1.109526
1.109526
1.335612
1.335612
1.356868
1.356868
1.338182
1.338182
1.159035
1.159035
1.352378
1.352378
1.248608
1.248608
1.277056
1.277056
