1.354936
1.354936
1.274833
1.274833
1.367787
1.367787
1.113143
1.113143
1.358557
1.358557
1.214733
1.214733
1.390606
1.390606
1.370400
1.370400
1.301750
1.301750
1.371402
1.371402
1.312008
1.312008
1.251131
1.251131
1.301574
1.301574
1.394527
1.394527
1.319665
1.319665
1.333348
1.333348
1.184504
1.184504
1.119690
1.119690
1.282877
1.282877
1.250948
1.250948
1.369551
1.369551
1.249202
1.249202
1.118124
1.118124
1.333649
1.333649
1.130856
1.130856
1.201226
1.201226
1.229202
1.229202
1.390536
1.390536
1.382914
1.382914
1.352579
1.352579
1.375171
1.375171
1.370590
1.370590
1.378808
1.378808
1.074251
1.074251
1.317010
1.317010
1.304210
1.304210
1.256441
1.256441
