1.362496
1.362496
1.198157
1.198157
1.338947
1.338947
1.315766
1.315766
1.353541
1.353541
1.298205
1.298205
1.359960
1.359960
1.269835
1.269835
1.391758
1.391758
1.184334
1.184334
1.142439
1.142439
1.311870
1.311870
1.199808
1.292204
1.292204
1.199808
1.347221
1.347221
1.362003
1.362003
1.329491
1.329491
1.351761
1.351761
1.135725
1.135725
1.335485
1.335485
1.330690
1.330690
1.187622
1.372961
1.372961
1.187622
1.101596
1.101596
1.210769
1.210769
1.173545
1.173545
1.208170
1.208170
1.235434
1.235434
1.332383
1.332383
1.343329
1.343329
1.304344
1.304344
1.370182
1.370182
1.225728
1.225728
1.064375
1.064375
1.177147
1.177147
1.119597
1.119597
1.383811
1.383811
1.084250
1.084250
1.373898
1.373898
1.211321
1.211321
1.336336
1.336336
1.394234
1.394234
1.366135
1.366135
1.323254
1.323254
1.361921
1.361921
1.326937
1.326937
1.056660
1.056660
1.364364
1.364364
1.295476
1.295476
1.158854
1.158854
1.333391
1.370399
1.370399
1.333391
1.363408
1.363408
1.149832
1.149832
1.205784
1.205784
1.397482
1.397482
1.248524
1.248524
1.368398
1.368398
1.395228
1.395228
1.247437
1.247437
1.186050
1.186050
1.113383
1.113383
1.112781
1.112781
1.262687
1.262687
1.396292
1.396292
1.203460
1.203460
1.290513
1.290513
1.325615
1.325615
1.388818
1.388818
1.313266
1.313266
1.396034
1.396034
1.335098
1.335098
1.103906
1.103906
1.318565
1.318565
1.080710
1.080710
1.193497
1.193497
1.288623
1.288623
1.353746
1.353746
1.321074
1.321074
1.171635
1.154315
1.154315
1.171635
1.202413
1.202413
1.134712
1.134712
1.283399
1.283399
1.362418
1.362418
1.370317
1.370317
1.307940
1.307940
1.225518
1.225518
1.204236
1.204236
1.077309
1.077309
1.134117
1.134117
1.020591
1.020591
1.304788
1.304788
1.348470
1.348470
1.232157
1.232157
1.354333
1.354333
1.268061
1.268061
1.397839
1.397839
1.309743
1.309743
1.381441
1.381441
1.232074
1.096142
1.096142
1.232074
1.324194
1.324194
1.328633
1.328633
1.376458
1.376458
1.335671
1.335671
1.371912
1.371912
1.373247
1.373247
1.345980
1.345980
1.351823
1.351823
1.154877
1.154877
1.342834
1.342834
1.329324
1.329324
1.157185
1.157185
1.348398
1.348398
1.385199
1.385199
1.394309
1.394309
1.349874
1.349874
1.277939
1.350268
1.277939
1.350268
1.326354
1.326354
1.200047
1.200047
1.299997
1.152660
1.299997
1.152660
1.143642
1.143642
1.227403
1.227403
1.193480
1.193480
1.396601
1.396601
1.193384
1.193384
1.309902
1.309902
1.272431
1.272431
1.346500
1.346500
1.230831
1.230831
1.376780
1.376780
1.345780
1.345780
1.358642
1.358642
1.352173
1.352173
1.302415
1.302415
1.038862
1.038862
1.191403
1.191403
1.358120
1.358120
1.244598
1.244598
1.173430
1.173430
1.057178
1.057178
1.159525
1.159525
1.346534
1.346534
1.316270
1.316270
1.345471
1.345471
1.386762
1.386762
1.382637
1.382637
1.098421
1.098421
1.358292
1.358292
1.282114
1.282114
1.290942
1.290942
1.226818
1.226818
1.192691
1.192691
1.147182
1.147182
1.046429
1.046429
1.302777
1.302777
1.377410
1.377410
1.220755
1.220755
1.284005
1.284005
1.376845
1.376845
1.257993
1.257993
1.257573
1.257573
1.374953
1.374953
1.161860
1.161860
1.168215
1.168215
1.311505
1.311505
1.115851
1.115851
1.147499
1.147499
1.235819
1.235819
1.145980
1.145980
1.366319
1.366319
1.255367
1.255367
1.377812
1.377812
1.241503
1.241503
1.255387
1.255387
1.381797
1.381797
1.282757
1.282757
1.121071
1.121071
1.215772
1.215772
1.378032
1.378032
1.372353
1.372353
1.148730
1.148730
1.277890
1.277890
1.356734
1.356734
1.316975
1.316975
1.399201
1.362045
1.362045
1.399201
1.311435
1.311435
1.353735
1.353735
1.349292
1.349292
1.332457
1.332457
1.383458
1.383458
1.301863
1.301863
1.163513
1.163513
1.221611
1.221611
1.376022
1.376022
1.340669
1.340669
1.283219
1.283219
1.274001
1.274001
1.210868
1.210868
1.278355
1.278355
1.060382
1.060382
1.298968
1.298968
1.367533
1.367533
1.386462
1.386462
1.336004
1.336004
1.192413
1.192413
1.168090
1.168090
1.245931
1.245931
1.367698
1.367698
1.390511
1.390511
1.263484
1.263484
1.081566
1.081566
1.154015
1.154015
1.268051
1.268051
1.339658
1.339658
1.257286
1.257286
1.359625
1.359625
1.114028
1.114028
1.365223
1.365223
1.305034
1.305034
1.392324
1.392324
1.368428
1.368428
1.353213
1.353213
1.367000
1.367000
1.350196
1.350196
1.397135
1.397135
1.357662
1.357662
1.274499
1.274499
1.164227
1.164227
1.262136
1.262136
1.159972
1.159972
1.287756
1.287756
1.315815
1.315815
1.354477
1.354477
1.395078
1.395078
1.114889
1.114889
1.246221
1.246221
1.373641
1.373641
1.349654
1.349654
1.238265
1.238265
1.108930
1.108930
1.362061
1.362061
1.179408
1.179408
1.202535
1.202535
1.349753
1.349753
1.259521
1.259521
1.169889
1.169889
1.042304
1.042304
1.247560
1.247560
1.327129
1.327129
1.398957
1.398957
1.277179
1.277179
1.154820
1.154820
1.249219
1.249219
1.361405
1.361405
1.240992
1.240992
1.068687
1.068687
1.193186
1.193186
1.180988
1.180988
1.369338
1.369338
1.282393
1.282393
1.234019
1.234019
1.146109
1.146109
1.191751
1.191751
1.386250
1.386250
1.190045
1.190045
1.351456
1.351456
1.362162
1.362162
1.207639
1.207639
1.310301
1.310301
1.293422
1.293422
1.114739
1.114739
1.275167
1.275167
1.258028
1.258028
1.305184
1.305184
1.118663
1.118663
1.192252
1.192252
1.360736
1.360736
1.248285
1.248285
1.080664
1.080664
1.362738
1.362738
1.314220
1.314220
1.273207
1.273207
1.273073
1.273073
1.330887
1.330887
1.382720
1.382720
1.297721
1.297721
1.302029
1.302029
1.169065
1.169065
1.289199
1.289199
1.299188
1.299188
1.377921
1.377921
1.301195
1.301195
1.282551
1.282551
1.123713
1.123713
1.169681
1.169681
1.325561
1.325561
1.142174
1.142174
1.317257
1.317257
1.183150
1.183150
1.269572
1.269572
1.334139
1.334139
1.348332
1.348332
1.341952
1.341952
1.145753
1.145753
1.269555
1.269555
1.208946
1.208946
1.129454
1.129454
1.097378
1.097378
1.266980
1.266980
1.321953
1.321953
1.384177
1.384177
