1.301493
1.301493
1.387284
1.387284
1.362448
1.362448
1.274251
1.274251
1.290222
1.290222
1.140283
1.140283
1.261388
1.359170
1.359170
1.261388
1.363127
1.363127
1.393301
1.393301
1.321845
1.321845
1.333355
1.333355
1.334618
1.334618
1.300671
1.300671
1.374635
1.374635
1.297047
1.297047
1.323420
1.323420
1.369039
1.390137
1.369039
1.390137
1.358353
1.358353
1.275924
1.275924
1.285125
1.285125
1.248926
1.248926
1.233272
1.233272
1.386401
1.386401
1.341929
1.341929
1.380283
1.380283
1.134509
1.134509
1.246718
1.246718
1.237608
1.237608
1.389762
1.389762
1.386104
1.386104
1.231208
1.231208
1.280766
1.280766
1.111247
1.111247
1.356373
1.356373
1.347161
1.347161
1.229980
1.229980
1.059293
1.059293
1.350717
1.350717
1.244489
1.380591
1.380591
1.244489
1.147903
1.147903
1.072936
1.072936
1.327127
1.327127
1.331726
1.331726
1.289965
1.289965
1.382276
1.382276
1.399282
1.399282
1.373630
1.373630
1.298563
1.298563
1.309350
1.309350
1.210929
1.210929
1.145562
1.145562
1.398373
1.398373
1.353035
1.353035
1.273694
1.273694
1.334843
1.334843
1.358078
1.358078
1.343216
1.343216
1.309461
1.309461
1.363218
1.363218
1.274514
1.325985
1.274514
1.325985
1.319571
1.319571
1.075259
1.075259
1.398525
1.398525
1.394276
1.394276
1.201628
1.201628
1.360571
1.360571
1.379004
1.379004
1.394303
1.394303
1.392906
1.392906
1.313165
1.313165
1.168893
1.168893
1.361332
1.361332
1.088642
1.088642
1.262034
1.262034
1.306516
1.306516
1.312953
1.312953
1.291704
1.291704
1.311656
1.369230
1.311656
1.369230
1.340362
1.340362
1.384021
1.384021
1.231343
1.231343
1.197208
1.197208
1.128729
1.128729
1.194828
1.194828
1.399876
1.399876
1.390482
1.390482
1.390443
1.390443
1.346817
1.346817
1.238885
1.238885
1.310134
1.310134
1.341108
1.341108
1.246734
1.246734
1.378696
1.378696
1.308359
1.308359
1.269625
1.269625
1.266245
1.266245
1.349493
1.349493
1.189393
1.325724
1.325724
1.189393
1.311464
1.311464
1.358307
1.358307
1.253265
1.253265
1.129906
1.129906
1.364826
1.364826
1.387612
1.387612
1.286151
1.286151
1.082056
1.082056
1.271176
1.271176
1.306920
1.306920
1.390907
1.390907
1.389013
1.389013
1.295019
1.295019
1.392398
1.392398
1.391931
1.391931
1.321391
1.321391
1.316641
1.316641
1.377701
1.377701
1.286446
1.286446
1.156800
1.156800
1.307884
1.307884
1.247296
1.247296
1.383489
1.383489
1.346859
1.346859
1.385256
1.385256
1.388213
1.388213
1.278856
1.278856
1.268453
1.268453
1.386601
1.386601
1.359082
1.359082
1.311411
1.311411
1.284739
1.284739
1.351283
1.351283
1.378319
1.378319
1.391659
1.391659
1.328495
1.328495
1.197074
1.197074
1.394931
1.394931
1.328196
1.328196
1.247301
1.247301
1.349135
1.299743
1.299743
1.349135
1.324929
1.324929
1.313767
1.313767
1.272938
1.272938
1.150968
1.150968
1.216419
1.216419
1.368056
1.368056
1.308104
1.308104
1.182197
1.182197
1.150132
1.150132
1.223925
1.223925
1.300311
1.300311
1.189230
1.189230
1.094988
1.094988
1.271928
1.271928
1.218399
1.218399
1.324127
1.324127
1.204352
1.204352
1.308808
1.308808
1.358683
1.358683
1.333852
1.333852
1.290292
1.290292
1.263522
1.263522
1.395949
1.395949
1.242026
1.242026
1.302356
1.302356
1.387059
1.387059
1.348835
1.348835
1.386657
1.386657
1.146715
1.146715
1.247046
1.247046
1.312616
1.312616
1.340636
1.340636
1.328036
1.328036
1.395605
1.395605
1.259135
1.259135
1.340265
1.340265
1.064580
1.064580
1.317277
1.317277
1.350719
1.350719
1.371726
1.371726
1.336278
1.336278
1.399538
1.301266
1.399538
1.301266
1.267218
1.377682
1.267218
1.377682
1.168771
1.168771
1.348584
1.348584
1.384672
1.384672
1.228720
1.228720
1.286302
1.286302
1.153964
1.153964
1.286081
1.286081
1.106047
1.106047
1.285228
1.285228
1.312825
1.312825
1.146109
1.146109
1.142663
1.142663
1.223744
1.223744
1.397312
1.397312
1.246285
1.246285
1.203456
1.203456
1.063854
1.063854
1.306193
1.306193
1.108076
1.108076
1.338564
1.338564
1.212953
1.212953
1.277462
1.277462
1.356263
1.356263
1.227438
1.227438
1.389199
1.389199
1.255411
1.255411
1.288035
1.288035
1.350844
1.350844
1.397195
1.397195
1.163275
1.163275
1.279037
1.279037
1.368997
1.368997
1.165424
1.165424
1.385816
1.385816
1.383098
1.383098
1.231807
1.231807
1.311086
1.311086
1.355988
1.355988
1.258132
1.258132
1.074181
1.074181
1.372242
1.372242
1.276020
1.276020
1.384095
1.384095
1.236857
1.236857
1.304193
1.304193
1.348784
1.348784
1.204118
1.204118
1.334384
1.356683
1.356683
1.334384
1.064536
1.064536
1.127470
1.127470
1.294113
1.294113
1.222482
1.222482
1.239477
1.239477
1.353715
1.353715
1.072441
1.072441
1.262496
1.262496
1.365932
1.365932
1.210742
1.210742
1.121914
1.121914
1.235395
1.235395
1.352153
1.352153
1.209198
1.209198
1.375062
1.375062
1.298889
1.298889
1.397300
1.397300
1.340093
1.340093
1.239603
1.239603
1.325794
1.325794
1.134175
1.134175
1.167199
1.167199
1.347282
1.347282
1.398250
1.398250
1.268172
1.268172
1.325331
1.325331
1.366780
1.366780
1.265989
1.265989
1.232589
1.232589
1.348949
1.348949
1.244902
1.244902
1.348445
1.348445
1.315586
1.315586
