1.264042
1.264042
1.357551
1.357551
1.248195
1.248195
1.211070
1.211070
1.318102
1.318102
1.311418
1.311418
1.397285
1.397285
1.193085
1.193085
1.398649
1.398649
1.391573
1.359039
1.391573
1.359039
1.383800
1.383800
1.349315
1.349315
1.388804
1.388804
1.257320
1.241732
1.257320
1.241732
1.393386
1.393386
1.341572
1.341572
1.392092
1.392092
1.062722
1.258739
1.062722
1.258739
1.266508
1.266508
1.120628
1.120628
1.183370
1.183370
1.174511
1.174511
1.083320
1.083320
1.139650
1.139650
1.184173
1.184173
1.141828
1.141828
1.203192
1.203192
1.216573
1.216573
1.353866
1.353866
1.290076
1.290076
1.318289
1.318289
1.304956
1.304956
1.199218
1.199218
1.364566
1.364566
1.346749
1.346749
1.393691
1.393691
1.342963
1.342963
1.324701
1.324701
1.120070
1.120070
1.326081
1.326081
1.102288
1.102288
1.399822
1.399822
1.252180
1.252180
1.352760
1.352760
1.274659
1.274659
1.349309
1.349309
1.366460
1.366460
1.268211
1.268211
1.369087
1.369087
1.337251
1.337251
1.382691
1.382691
1.283912
1.283912
1.383812
1.383812
1.212817
1.212817
1.018702
1.018702
1.374306
1.374306
1.255156
1.255156
1.373417
1.373417
1.318594
1.318594
1.287038
1.287038
1.332799
1.332799
1.202550
1.327707
1.202550
1.327707
1.329907
1.329907
1.397168
1.397168
1.395892
1.395892
1.317908
1.317908
1.204856
1.204856
1.302688
1.202350
1.202350
1.302688
1.116499
1.116499
1.240059
1.240059
1.273898
1.273898
1.326541
1.326541
1.326712
1.326712
1.347398
1.347398
1.298859
1.298859
1.224868
1.304535
1.304535
1.224868
1.388596
1.388596
1.102651
1.102651
1.350840
1.350840
1.171787
1.171787
1.366216
1.366216
1.285216
1.285216
1.252783
1.252783
1.287309
1.287309
1.316826
1.316826
1.382244
1.382244
1.359286
1.359286
1.355631
1.355631
1.388741
1.388741
1.304415
1.304415
1.290727
1.290727
1.329895
1.329895
1.362266
1.362266
1.329741
1.329741
1.368803
1.368803
1.370056
1.370056
1.304493
1.304493
1.375833
1.375833
1.166114
1.166114
1.294920
1.294920
1.390284
1.390284
1.223592
1.223592
1.259644
1.259644
1.349659
1.349659
1.297275
1.297275
1.172523
1.172523
1.148128
1.148128
1.370741
1.370741
1.318724
1.318724
1.357962
1.357962
1.095063
1.095063
1.346215
1.346215
1.147265
1.147265
1.328002
1.328002
1.324696
1.324696
1.072186
1.072186
1.389655
1.389655
1.356814
1.241386
1.241386
1.356814
1.125492
1.125492
1.352175
1.352175
1.372069
1.372069
1.384341
1.384341
1.327271
1.327271
1.382757
1.382757
1.392654
1.392654
1.327582
1.327582
1.357103
1.357103
1.164811
1.164811
1.386751
1.386751
1.346154
1.346154
1.182681
1.182681
1.367424
1.367424
1.366188
1.366188
1.187492
1.187492
1.212114
1.212114
1.245814
1.245814
1.384155
1.384155
1.258846
1.258846
1.317423
1.317423
1.349641
1.349641
1.311920
1.311920
1.395118
1.395118
1.226624
1.226624
1.264016
1.264016
1.360840
1.360840
1.226459
1.226459
1.015501
1.015501
1.303874
1.303874
1.287655
1.287655
1.374857
1.374857
1.391290
1.391290
1.215121
1.215121
1.350942
1.350942
1.089089
1.089089
1.382918
1.382918
1.289918
1.289918
1.169422
1.169422
1.371283
1.371283
1.376051
1.376051
1.353004
1.353004
1.369776
1.369776
1.202284
1.202284
1.272986
1.272986
1.368424
1.368424
1.068502
1.068502
1.359174
1.359174
1.138970
1.138970
1.349054
1.349054
1.272955
1.272955
1.243889
1.243889
1.249276
1.249276
1.235962
1.235962
1.370093
1.370093
1.392842
1.392842
1.164269
1.164269
1.230471
1.230471
1.189029
1.189029
1.371652
1.371652
1.338083
1.338083
1.044495
1.044495
1.391273
1.391273
1.234474
1.234474
1.345716
1.345716
1.298294
1.298294
1.374318
1.374318
1.360510
1.360510
1.383853
1.383853
1.217813
1.217813
1.182976
1.182976
1.334952
1.334952
1.200051
1.200051
1.298422
1.298422
1.278027
1.278027
1.356043
1.356043
1.239569
1.239569
1.342784
1.342784
1.363245
1.363245
1.245569
1.245569
1.345580
1.345580
1.288715
1.288715
1.350095
1.350095
1.344005
1.344005
1.374126
1.374126
1.057890
1.057890
1.344558
1.344558
1.391427
1.391427
1.378500
1.378500
1.326079
1.326079
1.351404
1.351404
1.388602
1.388602
1.373428
1.373428
1.141249
1.141249
1.353810
1.353810
1.105272
1.105272
1.179073
1.179073
1.383197
1.383197
1.398310
1.398310
1.099238
1.099238
1.359277
1.359277
1.353011
1.353011
1.169812
1.169812
1.117055
1.117055
