1.378755
1.378755
1.162088
1.162088
1.305431
1.305431
1.324565
1.324565
1.363910
1.363910
1.183813
1.183813
1.265235
1.265235
1.044462
1.044462
1.313646
1.313646
1.290055
1.131815
1.131815
1.290055
1.301763
1.301763
1.216661
1.216661
1.203157
1.203157
1.388776
1.388776
1.306997
1.306997
1.384400
1.384400
1.194229
1.194229
1.278374
1.278374
1.314478
1.314478
1.300190
1.300190
1.362919
1.362919
1.187664
1.187664
1.360971
1.360971
1.299638
1.299638
1.232015
1.232015
1.377740
1.377740
1.369595
1.369595
1.331347
1.331347
1.389382
1.389382
1.365034
1.365034
1.155615
1.155615
1.213308
1.213308
1.352155
1.352155
1.240364
1.240364
1.095263
1.095263
1.264612
1.264612
1.275408
1.275408
1.206972
1.206972
1.383835
1.125567
1.125567
1.383835
1.296784
1.296784
1.160238
1.160238
1.224933
1.224933
1.388319
1.388319
1.347996
1.347996
1.100146
1.100146
1.378866
1.378866
1.199486
1.199486
1.327447
1.327447
1.389057
1.389057
1.196788
1.196788
1.244644
1.244644
1.314574
1.314574
1.289994
1.289994
1.215063
1.215063
1.224059
1.224059
1.353698
1.353698
1.339853
1.339853
1.203244
1.203244
1.331218
1.331218
1.338793
1.338793
1.347071
1.347071
1.316930
1.316930
1.056906
1.056906
1.085909
1.085909
1.245515
1.245515
1.387929
1.387929
1.282882
1.282882
1.158138
1.158138
1.356142
1.356142
1.249220
1.249220
1.080383
1.080383
1.384449
1.384449
1.282697
1.282697
1.109708
1.109708
1.362786
1.276061
1.276061
1.362786
1.320874
1.320874
1.291276
1.291276
1.258485
1.258485
1.393668
1.393668
1.194330
1.194330
1.334870
1.334870
1.316673
1.316673
1.218645
1.218645
1.298592
1.298592
1.320755
1.378887
1.378887
1.320755
1.374427
1.374427
1.310399
1.310399
1.269222
1.269222
1.101074
1.101074
1.292021
1.292021
1.286891
1.286891
1.342590
1.342590
1.294100
1.323525
1.323525
1.294100
1.391781
1.391781
1.243054
1.243054
1.388788
1.388788
1.301224
1.301224
1.279874
1.279874
1.279169
1.279169
1.370373
1.370373
1.234636
1.234636
1.285099
1.285099
1.312637
1.312637
1.180450
1.180450
1.259981
1.259981
1.351914
1.351914
1.126820
1.126820
1.389938
1.389938
1.255947
1.255947
1.254983
1.254983
1.338205
1.338205
1.396113
1.396113
1.255881
1.255881
1.236294
1.236294
1.297445
1.297445
1.289741
1.289741
1.159170
1.159170
1.362183
1.362183
1.208289
1.208289
1.225458
1.225458
1.297566
1.297566
1.284412
1.284412
1.369120
1.369120
1.209119
1.209119
1.201002
1.201002
1.255345
1.255345
1.288592
1.288592
1.197478
1.197478
1.251906
1.251906
1.213157
1.213157
1.233536
1.233536
1.070075
1.070075
1.335756
1.335756
1.242298
1.242298
1.379585
1.379585
1.065540
1.065540
1.313912
1.313912
1.331019
1.259688
1.259688
1.331019
1.370918
1.370918
1.329730
1.329730
1.162082
1.162082
1.357640
1.357640
1.228836
1.228836
1.368848
1.368848
1.245420
1.245420
1.207514
1.207514
1.285586
1.285586
1.390431
1.390431
1.245251
1.245251
1.397088
1.218790
1.397088
1.218790
1.299354
1.299354
1.399141
1.399141
1.186241
1.186241
1.350154
1.350154
1.330103
1.330103
1.088683
1.088683
1.144653
1.144653
1.346566
1.346566
1.130608
1.130608
1.245564
1.245564
1.362279
1.362279
1.160339
1.160339
1.375702
1.375702
1.246311
1.246311
1.301213
1.301213
1.377850
1.377850
1.180155
1.180155
1.327370
1.327370
1.378561
1.378561
1.235010
1.235010
1.297071
1.297071
1.293141
1.293141
1.370863
1.370863
1.196376
1.196376
1.259012
1.259012
1.329519
1.329519
1.398625
1.398625
1.384593
1.384593
1.203210
1.203210
1.135891
1.135891
1.354683
1.354683
1.318859
1.318859
1.348009
1.348009
1.273081
1.273081
1.331598
1.331598
1.398351
1.398351
1.339274
1.339274
1.321597
1.321597
1.113843
1.113843
1.373227
1.373227
1.346209
1.346209
1.186902
1.186902
1.296263
1.296263
1.179702
1.179702
1.383517
1.383517
1.102146
1.102146
1.383971
1.383971
1.346816
1.346816
1.366955
1.366955
1.391948
1.391948
1.294097
1.294097
1.173938
1.173938
1.337720
1.337720
1.339916
1.339916
1.301732
1.301732
1.365370
1.365370
1.159224
1.159224
1.234871
1.234871
1.266954
1.266954
1.273931
1.273931
1.391661
1.391661
1.387594
1.387594
1.227148
1.227148
1.377329
1.377329
1.253583
1.253583
1.394164
1.394164
1.348565
1.348565
1.334989
1.334989
1.335120
1.335120
1.163668
1.163668
1.220183
1.220183
1.204937
1.204937
1.279900
1.279900
1.374160
1.374160
1.395104
1.395104
1.335846
1.335846
1.397337
1.397337
1.311129
1.311129
1.341705
1.341705
1.239245
1.239245
1.398392
1.398392
1.380426
1.380426
1.284250
1.284250
1.162612
1.162612
1.287834
1.287834
1.385483
1.385483
1.130940
1.130940
1.247144
1.247144
1.285902
1.285902
1.203012
1.203012
1.312556
1.312556
1.044280
1.044280
1.206500
1.206500
1.120285
1.120285
1.315663
1.315663
1.369005
1.369005
1.157814
1.157814
1.380406
1.380406
1.060434
1.060434
1.144199
1.144199
1.382689
1.382689
1.296261
1.296261
1.381800
1.381800
1.381839
1.381839
1.348393
1.348393
1.397117
1.397117
1.338140
1.338140
1.373739
1.315141
1.373739
1.315141
1.238003
1.238003
1.255781
1.255781
1.167777
1.167777
1.347696
1.347696
1.361411
1.361411
1.156820
1.156820
1.309669
1.309669
1.271462
1.271462
1.375013
1.375013
1.298923
1.298923
1.303534
1.303534
1.389228
1.389228
1.363501
1.363501
1.272757
1.272757
1.398289
1.398289
1.327744
1.327744
1.109314
1.109314
1.382744
1.382744
1.363401
1.363401
1.251975
1.251975
1.267128
1.267128
1.226895
1.226895
1.338210
1.338210
1.227510
1.227510
1.193812
1.193812
1.329728
1.329728
1.303864
1.303864
1.384895
1.384895
1.371716
1.371716
