1.055899
1.055899
1.279945
1.279945
1.391451
1.391451
1.336127
1.336127
1.264049
1.264049
1.116909
1.116909
1.395230
1.395230
1.389541
1.389541
1.349400
1.349400
1.353488
1.353488
1.340497
1.340497
1.344301
1.344301
1.195660
1.195660
1.345063
1.345063
1.269932
1.373843
1.269932
1.373843
1.387789
1.387789
1.368165
1.368165
1.237211
1.237211
1.293597
1.293597
1.231382
1.231382
1.345638
1.345638
1.314389
1.314389
1.195857
1.195857
1.302351
1.302351
1.301511
1.301511
1.362176
1.362176
1.106415
1.106415
1.300023
1.297354
1.300023
1.297354
1.361260
1.361260
1.258781
1.258781
1.394350
1.394350
1.399328
1.399328
1.270088
1.270088
1.227997
1.227997
1.311938
1.311938
1.391328
1.391328
1.223591
1.223591
1.254121
1.254121
1.394149
1.394149
1.231242
1.231242
1.250366
1.250366
1.342903
1.342903
1.122279
1.230529
1.230529
1.122279
1.172209
1.172209
1.192125
1.192125
1.308476
1.308476
1.205470
1.205470
1.392508
1.392508
1.141608
1.141608
1.256961
1.256961
1.354156
1.354156
1.136313
1.170203
1.170203
1.136313
1.394692
1.394692
1.386835
1.386835
1.307721
1.307721
1.149782
1.149782
1.390561
1.390561
1.342265
1.292441
1.342265
1.292441
1.184863
1.184863
1.314053
1.314053
1.391899
1.391899
1.242352
1.242352
1.324412
1.324412
1.258973
1.258973
1.293200
1.261221
1.261221
1.293200
1.395297
1.395297
1.207633
1.388841
1.299041
1.299041
1.207633
1.388841
1.174652
1.174652
1.331378
1.399287
1.399287
1.331378
1.184313
1.184313
1.207796
1.207796
1.354301
1.354301
1.136557
1.136557
1.318343
1.316432
1.318343
1.316432
1.228548
1.228548
1.169136
1.169136
1.395807
1.395807
1.319053
1.319053
1.346416
1.346416
1.325644
1.325644
1.351230
1.351230
1.214723
1.214723
1.391515
1.391515
1.371992
1.371992
1.379514
1.379514
1.385284
1.385284
1.356715
1.303533
1.356715
1.303533
1.221622
1.221622
1.212357
1.212357
1.323873
1.323873
1.243824
1.243824
1.183386
1.183386
1.245218
1.245218
1.085914
1.085914
1.355678
1.355678
1.367290
1.367290
1.212938
1.212938
1.263708
1.263708
1.387878
1.387878
1.237162
1.237162
1.341864
1.341864
1.282133
1.282133
1.248829
1.248829
1.192298
1.192298
1.276256
1.276256
1.394831
1.394831
1.122696
1.122696
1.395617
1.395617
1.250153
1.250153
1.204294
1.204294
1.366379
1.366379
1.393832
1.393832
1.297353
1.297353
1.263497
1.272181
1.263497
1.272181
1.372166
1.372166
1.298036
1.298036
1.316450
1.316450
1.176659
1.176659
1.301546
1.301546
1.125191
1.125191
1.372258
1.372258
1.298787
1.298787
1.392817
1.392817
1.148551
1.148551
1.260002
1.260002
1.328544
1.328544
1.397045
1.397045
1.341005
1.341005
1.178722
1.178722
1.352551
1.352551
1.376703
1.366217
1.366217
1.376703
1.141508
1.141508
1.268836
1.268836
1.114000
1.363715
1.395633
1.363715
1.395633
1.114000
1.302455
1.219614
1.219614
1.302455
1.389922
1.389922
1.343803
1.343803
1.342801
1.342801
1.326433
1.326433
1.148632
1.148632
1.382799
1.382799
1.281235
1.281235
1.365328
1.365328
1.359038
1.359038
1.371967
1.371967
1.314755
1.314755
1.229647
1.229647
1.382568
1.382568
1.315505
1.315505
1.388081
1.388081
1.379801
1.379801
1.144228
1.144228
1.180392
1.180392
1.350949
1.350949
1.360596
1.360596
1.336066
1.336066
1.280206
1.306075
1.306075
1.280206
1.203939
1.203939
1.075189
1.075189
1.230464
1.230464
1.370939
1.370939
1.313801
1.313801
1.259293
1.259293
1.340589
1.340589
1.355131
1.355131
1.393610
1.393610
1.168582
1.168582
1.399180
1.399180
1.268804
1.268804
1.201809
1.201809
1.195691
1.195691
1.231527
1.231527
1.051541
1.051541
1.206819
1.206819
1.335426
1.335426
1.371238
1.371238
1.279885
1.279885
1.060184
1.060184
1.096065
1.096065
1.396178
1.396178
1.377542
1.377542
1.268696
1.268696
1.317636
1.317636
1.109051
1.109051
1.170493
1.170493
1.383089
1.383089
1.365861
1.365861
1.311812
1.311812
1.092707
1.092707
1.325486
1.325486
1.220312
1.220312
1.327099
1.327099
1.223371
1.223371
1.175039
1.396439
1.175039
1.396439
1.371199
1.371199
1.278803
1.278803
1.393608
1.393608
1.301884
1.360215
1.360215
1.301884
1.168290
1.168290
1.136435
1.136435
1.344246
1.344246
1.237914
1.237914
1.158871
1.158871
1.358864
1.358864
1.326821
1.326821
1.205803
1.205803
1.379601
1.228606
1.228606
1.379601
1.218425
1.218425
1.371283
1.371283
1.096899
1.096899
1.282174
1.282174
1.132318
1.132318
1.318644
1.318644
1.397512
1.397512
1.386225
1.386225
1.383716
1.383716
1.279922
1.279922
1.125827
1.125827
1.067067
1.067067
1.377996
1.377996
1.215262
1.215262
1.205850
1.205850
1.233762
1.233762
1.149847
1.149847
1.369908
1.369908
1.248726
1.248726
1.295825
1.295825
1.389600
1.389600
1.285793
1.285793
1.330040
1.330040
1.344560
1.344560
1.338284
1.338284
1.214670
1.214670
1.399859
1.399859
1.276781
1.276781
1.329877
1.329877
1.224849
1.224849
1.212517
1.212517
1.346874
1.346874
1.359616
1.359616
1.266889
1.266889
1.251887
1.251887
1.342669
1.342669
1.391925
1.391925
1.385009
1.385009
1.151968
1.151968
1.378591
1.378591
1.242782
1.242782
1.382478
1.382478
1.394514
1.394514
1.296244
1.296244
1.187148
1.187148
1.354681
1.354681
1.343261
1.343261
1.361569
1.361569
1.274565
1.274565
1.388753
1.388753
1.366220
1.366220
1.360928
1.360928
1.347607
1.347607
1.389935
1.389935
1.126343
1.126343
1.393116
1.393116
1.157299
1.157299
1.209303
1.209303
1.360271
1.360271
1.212427
1.212427
1.368453
1.368453
1.289711
1.289711
1.294290
1.294290
1.304265
1.304265
1.301739
1.301739
1.303580
1.303580
1.371166
1.371166
1.379135
1.379135
1.324348
1.324348
1.227389
1.227389
1.392300
1.392300
1.346431
1.346431
1.377715
1.377715
1.345551
1.345551
1.118422
1.118422
1.221812
1.221812
1.369935
1.369935
1.134066
1.134066
1.249124
1.249124
1.373942
1.373942
1.363574
1.363574
1.153246
1.153246
1.248113
1.248113
1.336569
1.336569
1.291742
1.291742
1.322845
1.322845
1.094136
1.094136
1.184664
1.184664
1.268022
1.268022
1.398683
1.398683
1.246969
1.246969
1.202525
1.202525
1.297076
1.297076
1.239272
1.239272
1.128362
1.128362
1.241202
1.241202
1.399943
1.399943
1.287572
1.287572
1.355541
1.355541
1.220369
1.220369
1.374101
1.374101
1.219322
1.219322
1.389834
1.389834
1.368397
1.368397
1.374235
1.374235
1.331666
1.331666
1.253604
1.253604
1.126261
1.126261
1.343045
1.343045
1.342059
1.342059
1.327152
1.327152
1.366971
1.366971
1.397049
1.397049
1.306531
1.306531
1.026567
1.026567
1.374223
1.374223
1.320577
1.320577
1.248704
1.248704
1.369447
1.369447
1.255737
1.255737
1.164522
1.164522
1.302539
1.302539
1.283106
1.283106
1.239072
1.239072
1.198319
1.198319
1.281615
1.281615
1.366820
1.366820
1.386599
1.386599
1.357255
1.357255
1.125452
1.125452
1.144036
1.144036
1.341627
1.341627
1.380129
1.380129
1.317872
1.317872
1.344652
1.344652
1.305032
1.305032
1.352627
1.352627
1.328948
1.328948
1.152969
1.152969
1.341103
1.341103
1.311911
1.311911
1.331100
1.331100
1.360349
1.360349
1.347193
1.347193
1.319664
1.319664
1.291310
1.291310
1.160245
1.160245
1.348753
1.348753
1.371078
1.371078
1.308198
1.308198
1.090302
1.090302
1.307709
1.307709
1.281988
1.281988
1.322827
1.322827
1.382768
1.382768
1.351592
1.351592
1.324124
1.324124
1.303059
1.303059
1.382377
1.382377
1.191011
1.191011
1.254761
1.254761
1.356370
1.356370
1.232141
1.232141
1.346304
1.346304
1.333269
1.333269
1.277132
1.277132
1.326398
1.326398
1.394008
1.394008
1.165917
1.165917
1.202927
1.202927
1.092111
1.092111
1.339175
1.339175
1.293664
1.293664
1.080672
1.080672
1.268572
1.268572
1.318134
1.318134
1.240810
1.240810
1.378916
1.378916
1.395619
1.395619
1.385253
1.385253
1.371832
1.371832
1.366978
1.366978
1.107827
1.107827
1.374960
1.374960
1.396273
1.396273
1.257914
1.257914
1.178394
1.178394
1.199755
1.199755
1.355177
1.355177
1.099632
1.099632
1.323932
1.323932
1.384608
1.384608
1.337406
1.337406
1.369699
1.369699
1.339820
1.339820
1.308201
1.308201
1.358477
1.358477
1.082723
1.082723
1.179755
1.179755
1.203520
1.203520
1.233985
1.233985
1.366439
1.366439
1.347817
1.347817
1.078076
1.078076
1.296706
1.296706
1.198487
1.198487
1.376462
1.376462
1.385332
1.385332
1.130163
1.130163
1.375458
1.375458
1.275649
1.275649
1.307372
1.307372
1.394293
1.394293
1.341031
1.341031
1.286549
1.286549
