1.362376
1.362376
1.394789
1.329998
1.329998
1.394789
1.395644
1.395644
1.321751
1.321751
1.102001
1.102001
1.336927
1.336927
1.253404
1.253404
1.234288
1.234288
1.295603
1.295603
1.056079
1.056079
1.337528
1.337528
1.272742
1.272742
1.335566
1.335566
1.269489
1.269489
1.329186
1.329186
1.377130
1.377130
1.228882
1.228882
1.369602
1.369602
1.335892
1.335892
1.130234
1.130234
1.189519
1.189519
1.393953
1.393953
1.331469
1.331469
1.135217
1.135217
1.218356
1.218356
1.340115
1.340115
1.165780
1.165780
1.311437
1.311437
1.368075
1.368075
1.338500
1.338500
1.382879
1.372701
1.382879
1.372701
1.270843
1.270843
1.332545
1.332545
1.389840
1.389840
1.246901
1.362539
1.246901
1.362539
1.104046
1.104046
1.320316
1.320316
1.366153
1.384177
1.366153
1.384177
1.338302
1.338302
1.253732
1.253732
1.233502
1.233502
1.290428
1.290428
1.343964
1.378413
1.343964
1.378413
1.219861
1.381079
1.219861
1.381079
1.187389
1.307361
1.307361
1.224472
1.187389
1.224472
1.348625
1.348625
1.365485
1.365485
1.305518
1.305518
1.295236
1.295236
1.295425
1.295425
1.347042
1.347042
1.394291
1.394291
1.268225
1.268225
1.348058
1.314028
1.314028
1.348058
1.342685
1.342685
1.317011
1.317011
1.380879
1.333507
1.333507
1.380879
1.253373
1.253373
1.370922
1.370922
1.378189
1.378189
1.190203
1.190203
1.304506
1.304506
1.259166
1.259166
1.024050
1.024050
1.009564
1.009564
1.283226
1.283226
1.282715
1.282715
1.324534
1.324534
1.361567
1.361567
1.337795
1.337795
1.185665
1.185665
1.390645
1.390645
1.088008
1.088008
1.331248
1.331248
1.372529
1.182581
1.372529
1.182581
1.159137
1.159137
1.359701
1.240954
1.240954
1.359701
1.183152
1.242895
1.183152
1.242895
1.376437
1.376437
1.294351
1.294351
1.208414
1.208414
1.198347
1.198347
1.278482
1.278482
1.264806
1.264806
1.200335
1.200335
1.144884
1.144884
1.398760
1.398760
1.269249
1.269249
1.225345
1.225345
1.278924
1.278924
1.279517
1.279517
1.306583
1.306583
1.310901
1.310901
1.266573
1.266573
1.330651
1.330651
1.350321
1.350321
1.357791
1.357791
1.307337
1.307337
1.182082
1.182082
1.380971
1.380971
1.375024
1.375024
1.191954
1.191954
1.363085
1.363085
1.341548
1.341548
1.183332
1.183332
1.392058
1.392058
1.365589
1.365589
1.212328
1.212328
1.318730
1.318730
1.161254
1.161254
1.253295
1.253295
1.333477
1.333477
1.138360
1.138360
1.113118
1.113118
1.201822
1.201822
1.211628
1.211628
1.099859
1.099859
1.222432
1.222432
1.246419
1.246419
1.372872
1.372872
1.300792
1.300792
1.266289
1.266289
1.328751
1.328751
1.388413
1.388413
1.078691
1.078691
1.143788
1.143788
1.276733
1.276733
1.272090
1.272090
1.278637
1.278637
1.204819
1.204819
1.358372
1.358372
1.145374
1.145374
1.282493
1.282493
1.333708
1.333708
1.083505
1.083505
1.379662
1.379662
1.367543
1.367543
1.269736
1.269736
1.236775
1.236775
1.387438
1.387438
1.359251
1.359251
1.261754
1.261754
1.287619
1.287619
1.216772
1.216772
1.169925
1.169925
1.399743
1.399743
1.332969
1.332969
1.367292
1.367292
1.296894
1.296894
1.338007
1.338007
1.319180
1.319180
1.255309
1.255309
1.100346
1.100346
1.391474
1.391474
1.293654
1.293654
1.371414
1.371414
1.039162
1.039162
1.032456
1.032456
1.381208
1.381208
1.157903
1.157903
1.177439
1.177439
1.358528
1.358528
1.201684
1.201684
1.361701
1.361701
1.364512
1.364512
1.288165
1.288165
1.281879
1.281879
1.344619
1.344619
1.320667
1.320667
1.139267
1.139267
1.247327
1.247327
1.249138
1.249138
1.349125
1.349125
1.234231
1.234231
1.214236
1.214236
1.295707
1.295707
1.189166
1.189166
1.344793
1.344793
1.314061
1.314061
1.348881
1.348881
1.324368
1.324368
1.370485
1.370485
1.261649
1.261649
1.354621
1.354621
1.344508
1.344508
1.230067
1.230067
1.341875
1.341875
1.382211
1.382211
1.393317
1.393317
1.132031
1.132031
1.308896
1.308896
1.329576
1.329576
1.239018
1.239018
1.226340
1.226340
1.365904
1.365904
1.381663
1.381663
1.292828
1.292828
1.270311
1.270311
1.348895
1.348895
1.348415
1.348415
1.299854
1.299854
1.358260
1.358260
1.318503
1.318503
1.365201
1.365201
1.238496
1.238496
1.175221
1.175221
1.281529
1.281529
1.219976
1.219976
1.283209
1.283209
1.297255
1.297255
1.134215
1.134215
1.343999
1.343999
1.290094
1.290094
1.343358
1.343358
1.336936
1.336936
1.192187
1.192187
1.254690
1.254690
1.328237
1.328237
1.383769
1.383769
1.235951
1.235951
1.362507
1.362507
1.331147
1.331147
1.263570
1.263570
1.226227
1.226227
1.386518
1.386518
1.340181
1.340181
1.311919
1.311919
1.334778
1.334778
1.350605
1.350605
1.170707
1.170707
1.103530
1.103530
1.193282
1.193282
1.370604
1.370604
1.343977
1.343977
1.355327
1.355327
1.303822
1.303822
1.293429
1.293429
1.316939
1.316939
1.287613
1.287613
1.074366
1.074366
1.131927
1.131927
1.166711
1.166711
1.134153
1.134153
1.271185
1.271185
1.217766
1.217766
1.364803
1.364803
1.318780
1.318780
1.296217
1.296217
1.374983
1.374983
1.095097
1.095097
1.171609
1.171609
1.371175
1.371175
1.260482
1.260482
1.380677
1.380677
1.272757
1.272757
1.340664
1.340664
