1.202774
1.202774
1.373030
1.373030
1.031013
1.031013
1.258597
1.258597
1.363366
1.073063
1.363366
1.073063
1.387355
1.387355
1.352923
1.352923
1.328421
1.252960
1.252960
1.328421
1.110469
1.370023
1.110469
1.370023
1.393744
1.393744
1.248118
1.248118
1.399225
1.399225
1.141708
1.368151
1.368151
1.141708
1.322144
1.322144
1.320898
1.320898
1.133904
1.133904
1.187800
1.320525
1.320525
1.187800
1.291627
1.291627
1.101488
1.101488
1.201070
1.201070
1.372110
1.372110
1.216002
1.216002
1.263011
1.263011
1.396498
1.396498
1.188412
1.188412
1.397972
1.397972
1.394169
1.394169
1.305943
1.305943
1.161941
1.161941
1.228423
1.228423
1.220981
1.220981
1.206701
1.206701
1.230860
1.230860
1.299470
1.299470
1.382583
1.382583
1.261663
1.261663
1.356052
1.356052
1.297072
1.297072
1.385961
1.385961
1.214439
1.214439
1.138062
1.138062
1.141509
1.141509
1.367670
1.367670
1.343778
1.343778
1.286050
1.286050
1.384130
1.384130
1.196448
1.196448
1.254599
1.254599
1.263056
1.263056
1.389257
1.389257
1.254852
1.254852
1.227528
1.227528
1.283230
1.283230
1.367114
1.367114
1.386840
1.386840
1.243313
1.243313
1.104978
1.104978
1.181099
1.181099
1.319802
1.063389
1.063389
1.319802
1.061187
1.061187
1.268214
1.268214
1.264789
1.264789
1.254128
1.354302
1.254128
1.354302
1.169576
1.169576
1.186980
1.186980
1.327896
1.327896
1.361833
1.361833
1.227763
1.227763
1.069983
1.069983
1.360775
1.360775
1.140747
1.140747
1.115755
1.115755
1.257061
1.257061
1.069549
1.069549
1.171314
1.171314
1.390354
1.390354
1.244982
1.244982
1.364684
1.364684
1.392361
1.392361
1.231580
1.191233
1.191233
1.231580
1.154922
1.154922
1.196167
1.196167
1.272159
1.272159
1.280113
1.280113
1.384182
1.384182
1.188033
1.188033
1.331818
1.331818
1.268596
1.268596
1.355523
1.355523
1.342342
1.342342
1.293473
1.293473
1.156566
1.156566
1.354794
1.354794
1.385783
1.385783
1.271079
1.271079
1.309791
1.309791
1.363980
1.363980
1.263826
1.263826
1.354929
1.354929
1.298304
1.298304
1.192920
1.192920
1.384659
1.384659
1.161049
1.161049
1.349271
1.349271
1.369556
1.369556
1.385724
1.385724
1.361572
1.361572
1.251027
1.251027
1.395211
1.395211
1.238213
1.238213
1.299914
1.299914
1.352861
1.352861
1.335158
1.335158
1.375707
1.375707
1.288992
1.288992
1.385400
1.385400
1.308721
1.308721
1.274425
1.274425
1.089403
1.089403
1.378129
1.378129
1.280796
1.280796
1.366166
1.366166
1.046654
1.046654
1.070533
1.070533
1.199193
1.199193
1.308662
1.308662
1.169552
1.169552
1.275302
1.275302
1.367073
1.367073
1.195598
1.195598
1.378035
1.378035
1.187383
1.187383
1.356080
1.356080
1.026404
1.026404
1.283247
1.283247
1.246965
1.131083
1.246965
1.131083
1.292993
1.292993
1.351414
1.351414
1.165914
1.165914
1.035053
1.035053
1.399454
1.399454
1.322021
1.396217
1.396217
1.322021
1.138971
1.138971
1.196906
1.196906
1.214311
1.214311
1.357313
1.357313
1.203383
1.203383
1.369231
1.369231
1.330414
1.330414
1.275087
1.275087
1.328583
1.328583
1.331118
1.331118
1.347620
1.347620
1.302240
1.302240
1.356304
1.356304
1.332957
1.332957
1.328047
1.328047
1.355322
1.355322
1.211811
1.211811
1.299263
1.299263
1.313101
1.378130
1.313101
1.378130
1.378061
1.378061
1.367009
1.367009
1.297161
1.297161
1.216096
1.216096
1.373976
1.373976
1.338754
1.338754
1.387414
1.387414
1.278560
1.278560
1.310485
1.310485
1.317320
1.317320
1.211412
1.211412
1.276725
1.276725
1.175742
1.175742
1.172577
1.172577
1.317504
1.317504
1.096825
1.096825
1.304934
1.304934
1.283338
1.283338
1.327349
1.327349
1.395537
1.395537
1.154957
1.154957
1.362613
1.362613
1.236622
1.236622
1.383640
1.383640
1.349784
1.349784
1.264512
1.264512
1.321539
1.321539
1.373616
1.373616
1.263077
1.263077
1.272471
1.272471
1.398152
1.398152
1.241743
1.241743
1.361122
1.361122
1.198873
1.198873
1.372502
1.372502
1.349594
1.349594
1.250209
1.250209
1.337707
1.337707
1.094266
1.094266
1.348017
1.348017
1.317732
1.317732
1.272651
1.272651
1.370662
1.370662
1.259055
1.259055
1.180641
1.180641
1.372481
1.372481
1.226573
1.226573
1.130602
1.130602
1.320448
1.320448
1.295258
1.295258
1.258150
1.258150
1.365490
1.365490
1.116788
1.116788
1.344700
1.344700
1.245053
1.245053
1.085635
1.085635
1.353515
1.353515
1.394634
1.394634
1.351274
1.351274
1.174343
1.174343
1.382034
1.382034
1.369195
1.369195
1.264612
1.264612
1.318714
1.318714
1.247401
1.247401
1.356486
1.356486
1.111662
1.111662
1.247941
1.247941
1.270117
1.270117
1.217154
1.217154
1.341301
1.341301
1.305388
1.305388
1.326507
1.326507
1.197543
1.197543
1.384403
1.384403
1.095489
1.095489
1.372227
1.372227
1.389725
1.389725
1.258642
1.258642
1.317820
1.317820
1.388788
1.388788
1.243248
1.243248
1.363461
1.363461
1.188770
1.188770
1.331610
1.331610
1.218472
1.218472
1.288612
1.288612
1.317937
1.317937
1.071093
1.071093
1.281070
1.281070
1.330371
1.330371
1.319960
1.319960
1.222703
1.222703
1.352014
1.352014
1.374112
1.374112
1.336205
1.336205
1.339254
1.339254
1.398425
1.398425
1.316545
1.316545
1.336054
1.336054
1.290974
1.290974
1.203409
1.203409
1.328023
1.328023
1.277958
1.277958
1.379442
1.379442
1.256232
1.256232
1.354232
1.354232
1.276705
1.276705
1.340599
1.340599
1.156433
1.156433
1.281967
1.281967
1.352797
1.352797
1.355134
1.355134
1.367684
1.367684
1.338897
1.338897
1.214214
1.214214
1.392703
1.392703
1.169269
1.169269
1.271276
1.271276
1.331082
1.331082
1.333728
1.333728
1.370142
1.370142
1.311413
1.311413
1.374230
1.374230
1.287313
1.287313
1.308740
1.308740
1.394626
1.394626
1.310197
1.310197
1.326281
1.326281
1.294270
1.294270
1.347409
1.347409
1.384842
1.384842
1.332735
1.332735
1.209353
1.209353
1.152097
1.152097
1.311522
1.311522
1.340092
1.340092
1.292420
1.292420
1.064124
1.064124
1.264395
1.264395
1.229896
1.229896
1.346099
1.346099
1.364057
1.364057
1.389197
1.389197
1.221867
1.221867
1.324311
1.324311
1.270736
1.270736
1.339373
1.339373
1.233639
1.233639
1.150834
1.150834
1.296455
1.296455
1.323229
1.323229
1.358327
1.358327
1.364445
1.364445
1.060876
1.060876
1.284940
1.284940
1.050294
1.050294
1.301283
1.301283
1.193127
1.193127
1.377847
1.377847
1.308496
1.308496
1.153569
1.153569
1.371641
1.371641
1.169684
1.169684
1.155874
1.155874
1.297662
1.297662
1.321653
1.321653
1.160176
1.160176
1.236237
1.236237
1.088532
1.088532
1.219488
1.219488
1.180901
1.180901
1.272131
1.272131
1.324928
1.324928
1.275531
1.275531
1.232311
1.232311
1.387769
1.387769
1.399925
1.399925
