1.315712
1.315712
1.310797
1.310797
1.375927
1.375927
1.136166
1.136166
1.223790
1.223790
1.287868
1.287868
1.392863
1.392863
1.172399
1.172399
1.194502
1.194502
1.315076
1.315076
1.243273
1.243273
1.374426
1.374426
1.312037
1.312037
1.328105
1.328105
1.187879
1.187879
1.361469
1.361469
1.210378
1.210378
1.174202
1.174202
1.183758
1.183758
1.169995
1.169995
1.367499
1.367499
1.111903
1.111903
1.315775
1.315775
1.380651
1.380651
1.271392
1.271392
1.070496
1.070496
1.326375
1.326375
1.286849
1.286849
1.392542
1.392542
1.264719
1.264719
1.279233
1.279233
1.180349
1.180349
1.259033
1.259033
1.230799
1.230799
1.320137
1.320137
1.304973
1.304973
1.332918
1.332918
1.327194
1.327194
1.212547
1.212547
1.152189
1.152189
1.376340
1.376340
1.289620
1.289620
1.371855
1.371855
1.087255
1.087255
1.117156
1.117156
1.212665
1.212665
1.347904
1.347904
1.299845
1.299845
1.200788
1.200788
1.373480
1.373480
1.189923
1.189923
1.367242
1.367242
1.362384
1.362384
1.159591
1.159591
1.253493
1.253493
1.291790
1.291790
1.397293
1.397293
1.228749
1.228749
1.254487
1.254487
1.251534
1.251534
1.239898
1.239898
1.238480
1.238480
1.347286
1.347286
1.030307
1.030307
1.357751
1.357751
1.372794
1.372794
1.205337
1.205337
1.064764
1.064764
1.297324
1.297324
1.382376
1.382376
1.184968
1.184968
1.258481
1.258481
1.363674
1.363674
1.389970
1.389970
1.252859
1.252859
1.365888
1.365888
1.113646
1.113646
1.213168
1.213168
1.359868
1.359868
1.228100
1.228100
1.187907
1.187907
1.323653
1.323653
1.398243
1.398243
1.380476
1.380476
1.306668
1.306668
1.370855
1.370855
1.257136
1.257136
1.361629
1.361629
1.398261
1.398261
1.099053
1.099053
1.280521
1.280521
1.239419
1.239419
1.397400
1.397400
1.133450
1.337947
1.133450
1.337947
1.385957
1.385957
1.388578
1.388578
1.363184
1.363184
1.374567
1.374567
1.332342
1.332342
1.055458
1.055458
1.381228
1.381228
1.341771
1.341771
1.068805
1.068805
1.151492
1.151492
1.346130
1.346130
1.050668
1.050668
1.381439
1.381439
1.176693
1.176693
1.156666
1.156666
1.389175
1.389175
1.299244
1.299244
1.310727
1.310727
1.011998
1.011998
1.398346
1.398346
1.201948
1.201948
1.383952
1.383952
1.141390
1.141390
1.339131
1.339131
1.277281
1.277281
1.380127
1.380127
1.132128
1.132128
1.180757
1.180757
1.263388
1.263388
1.082166
1.082166
1.392573
1.392573
1.347609
1.347609
1.289908
1.289908
1.218285
1.218285
1.315973
1.315973
1.392220
1.392220
1.386463
1.386463
1.243512
1.333994
1.243512
1.333994
1.332697
1.332697
1.295626
1.295626
1.197103
1.197103
1.263407
1.263407
1.396222
1.396222
1.159670
1.159670
1.128330
1.128330
1.301811
1.301811
1.276105
1.276105
1.203716
1.203716
1.073014
1.073014
1.346149
1.346149
1.322205
1.322205
1.243991
1.243991
1.365058
1.365058
1.236762
1.236762
1.390812
1.390812
1.315227
1.315227
1.223951
1.223951
1.391927
1.391927
1.377060
1.377060
1.283026
1.283026
1.220277
1.220277
1.106576
1.106576
1.178615
1.178615
1.186663
1.186663
1.296226
1.296226
1.242623
1.242623
1.327695
1.327695
1.251107
1.251107
1.396409
1.396409
1.159202
1.159202
1.310170
1.310170
1.262202
1.262202
1.386551
1.386551
1.372576
1.372576
1.218522
1.218522
1.266984
1.266984
1.272289
1.272289
1.274321
1.274321
1.360104
1.360104
1.333958
1.333958
1.275637
1.275637
1.341470
1.341470
1.188646
1.188646
1.217094
1.217094
1.377918
1.377918
1.385230
1.385230
1.378132
1.378132
1.259173
1.259173
1.228949
1.228949
1.289757
1.289757
1.360775
1.360775
1.349912
1.349912
1.209641
1.209641
1.152165
1.152165
1.105161
1.105161
1.398739
1.398739
1.283092
1.283092
1.305351
1.305351
1.330801
1.330801
1.181807
1.181807
1.290203
1.290203
1.382600
1.382600
1.179180
1.179180
1.182105
1.182105
1.332831
1.332831
1.215807
1.215807
1.374436
1.374436
1.345058
1.345058
1.317228
1.317228
1.288515
1.288515
1.333478
1.333478
1.212865
1.212865
1.352437
1.352437
1.283860
1.283860
1.290657
1.290657
1.229444
1.229444
1.265100
1.265100
1.075931
1.075931
1.336371
1.336371
1.270803
1.270803
1.245554
1.245554
1.258636
1.258636
1.386152
1.386152
1.289165
1.289165
1.114352
1.114352
1.288094
1.200520
1.288094
1.200520
1.243374
1.243374
1.176644
1.176644
1.340460
1.340460
1.342075
1.342075
1.272698
1.272698
1.383483
1.383803
1.383483
1.383803
1.104871
1.104871
1.088372
1.088372
1.349476
1.349476
1.263511
1.263511
1.307833
1.307833
1.276031
1.276031
1.166671
1.166671
1.390608
1.390608
1.286225
1.286225
1.254095
1.254095
1.260458
1.260458
1.356472
1.356472
1.360989
1.360989
1.291586
1.291586
1.309366
1.309366
1.379647
1.379647
1.108550
1.108550
1.156669
1.156669
1.264568
1.264568
1.316677
1.316677
1.119207
1.119207
1.144606
1.144606
1.399773
1.399773
1.285281
1.285281
1.258190
1.258190
1.323950
1.323950
1.340440
1.340440
1.286727
1.286727
1.240276
1.240276
1.212712
1.212712
1.340815
1.340815
1.236278
1.236278
1.259934
1.259934
1.331524
1.331524
1.123195
1.123195
1.147632
1.147632
1.378280
1.378280
1.396878
1.396878
1.362802
1.362802
1.060810
1.060810
