1.294665
1.294665
1.357858
1.357858
1.138212
1.138212
1.299913
1.299913
1.247529
1.247529
1.257002
1.257002
1.366799
1.366799
1.220065
1.220065
1.294139
1.294139
1.293580
1.293580
1.394904
1.394904
1.308853
1.393610
1.308853
1.393610
1.335594
1.335594
1.324795
1.324795
1.372701
1.372701
1.161064
1.161064
1.289916
1.289916
1.256391
1.256391
1.338352
1.338352
1.128953
1.128953
1.299493
1.299493
1.144242
1.144242
1.392718
1.392718
1.222360
1.222360
1.321737
1.321737
1.383728
1.383728
1.392663
1.392663
1.361329
1.361329
1.224834
1.224834
1.199439
1.199439
1.385670
1.385670
1.358127
1.358127
1.208361
1.208361
1.209385
1.209385
1.348386
1.348386
1.374230
1.374230
1.213822
1.213822
1.276789
1.276789
1.293502
1.293502
1.242339
1.242339
1.391412
1.391412
1.212346
1.345043
1.212346
1.345043
1.306429
1.306429
1.252135
1.133861
1.252135
1.133861
1.139685
1.139685
1.384453
1.384453
1.065124
1.065124
1.331348
1.331348
1.365815
1.365815
1.325109
1.325109
1.230211
1.230211
1.397509
1.397509
1.369631
1.369631
1.250123
1.250123
1.166972
1.166972
1.399490
1.399490
1.104341
1.104341
1.250016
1.250016
1.397421
1.397421
1.321600
1.321600
1.157552
1.157552
1.391433
1.391433
1.148940
1.365381
1.148940
1.390718
1.390718
1.365381
1.324587
1.324587
1.220317
1.220317
1.396689
1.396689
1.395343
1.395343
1.348419
1.348419
1.289650
1.289650
1.318538
1.318538
1.334383
1.334383
1.239304
1.239304
1.354748
1.354748
1.318960
1.318960
1.166560
1.166560
1.350662
1.350662
1.119973
1.119973
1.345402
1.345402
1.332861
1.332861
1.261551
1.261551
1.371918
1.371918
1.346003
1.346003
1.238434
1.238434
1.257499
1.257499
1.365003
1.365003
1.101761
1.101761
1.362093
1.362093
1.324099
1.324099
1.356006
1.356006
1.322041
1.322041
1.342151
1.342151
1.372657
1.372657
1.236998
1.236998
1.320636
1.320636
1.388981
1.388981
1.337260
1.337260
1.305169
1.305169
1.364776
1.364776
1.201388
1.201388
1.080025
1.080025
1.360820
1.360820
1.357494
1.357494
1.319468
1.319468
1.318306
1.318306
1.320406
1.320406
1.395857
1.395857
1.251085
1.251085
1.363120
1.363120
1.336829
1.336829
1.332677
1.332677
1.225188
1.225188
1.391608
1.391608
1.349299
1.349299
1.369132
1.369132
1.334710
1.334710
1.189644
1.189644
1.192654
1.192654
1.277933
1.277933
1.215790
1.215790
1.273305
1.273305
1.221891
1.221891
1.254988
1.254988
1.373491
1.373491
1.281122
1.281122
1.072112
1.072112
1.346370
1.346370
1.311548
1.311548
1.231145
1.231145
1.307300
1.307300
1.390508
1.390508
1.345534
1.345534
1.378585
1.378585
1.365771
1.365771
1.238602
1.238602
1.357369
1.357369
1.265023
1.265023
1.126987
1.300386
1.126987
1.300386
1.397688
1.397688
1.139297
1.139297
1.382452
1.382452
1.286427
1.286427
1.288498
1.288498
1.251343
1.251343
1.232840
1.318818
1.232840
1.318818
1.302571
1.302571
1.307894
1.307894
1.392388
1.392388
1.115721
1.115721
1.370622
1.370622
1.244878
1.244878
1.191383
1.191383
1.385876
1.385876
1.367010
1.367010
1.314262
1.314262
1.194688
1.194688
1.299767
1.299767
1.298715
1.298715
1.332997
1.332997
1.378521
1.378521
1.376726
1.376726
1.151471
1.151471
1.392070
1.392070
1.219122
1.219122
1.389543
1.389543
1.390752
1.390752
1.392743
1.392743
1.132619
1.132619
1.398206
1.398206
1.074335
1.074335
1.358651
1.358651
1.354417
1.354417
1.387027
1.387027
1.372684
1.372684
1.371176
1.371176
1.193618
1.193618
1.050953
1.050953
1.204465
1.204465
1.383294
1.383294
1.196619
1.196619
1.216193
1.216193
1.330910
1.330910
1.381831
1.381831
1.392295
1.392295
1.226934
1.226934
1.390202
1.390202
1.393532
1.393532
1.276781
1.276781
1.234216
1.234216
1.382042
1.382042
1.374919
1.374919
1.277036
1.277036
1.352284
1.352284
1.253859
1.253859
1.197041
1.197041
1.241006
1.241006
1.347638
1.347638
1.344503
1.344503
1.296211
1.296211
1.303971
1.303971
1.380072
1.380072
1.330740
1.330740
1.264555
1.264555
1.248475
1.248475
1.321144
1.321144
1.337657
1.337657
1.211239
1.211239
1.150578
1.150578
1.286307
1.286307
1.134727
1.134727
1.363593
1.363593
1.343580
1.343580
1.370912
1.370912
1.252605
1.252605
1.045779
1.045779
1.131323
1.131323
1.397757
1.397757
1.212097
1.212097
1.389287
1.389287
1.307612
1.307612
1.247809
1.247809
1.141170
1.141170
1.349739
1.349739
1.290618
1.290618
1.361763
1.361763
1.335792
1.335792
1.163643
1.163643
1.399075
1.399075
1.294872
1.294872
1.256491
1.256491
1.391897
1.391897
1.315955
1.315955
1.060735
1.060735
1.201207
1.201207
1.339560
1.339560
1.240981
1.240981
1.346399
1.346399
1.355258
1.355258
1.373200
1.373200
1.246248
1.246248
1.396974
1.396974
1.053578
1.053578
1.335409
1.335409
1.257048
1.257048
1.253129
1.253129
1.380572
1.380572
1.274330
1.274330
1.270717
1.270717
1.351240
1.351240
1.195205
1.195205
1.233154
1.233154
1.331671
1.331671
1.344071
1.344071
1.092560
1.092560
1.351837
1.351837
1.270433
1.270433
1.150587
1.150587
1.149432
1.149432
1.334706
1.334706
1.341202
1.341202
1.136829
1.136829
1.376777
1.376777
1.258203
1.258203
1.357052
1.357052
1.083371
1.083371
1.269438
1.269438
1.335811
1.335811
1.291753
1.291753
1.340188
1.340188
1.383871
1.383871
1.376045
1.376045
1.257553
1.257553
1.171646
1.171646
1.077599
1.077599
1.050413
1.050413
1.368640
1.368640
1.227079
1.227079
1.270812
1.270812
1.352600
1.352600
1.102455
1.102455
1.362250
1.362250
1.124251
1.124251
1.399599
1.399599
1.361473
1.361473
1.070593
1.070593
1.380161
1.380161
1.342154
1.342154
1.397942
1.397942
1.339844
1.339844
1.194795
1.194795
1.198791
1.198791
1.376666
1.376666
1.291104
1.291104
1.291907
1.291907
1.276787
1.276787
1.397899
1.397899
1.190257
1.190257
1.377593
1.377593
