1.068066
1.068066
1.108138
1.108138
1.355957
1.295798
1.295798
1.355957
1.386078
1.386078
1.310765
1.310765
1.144783
1.144783
1.347519
1.347519
1.263095
1.263095
1.335399
1.335399
1.309429
1.309429
1.384059
1.384059
1.212446
1.212446
1.341394
1.341394
1.258050
1.258050
1.248198
1.248198
1.285692
1.285692
1.077481
1.077481
1.389590
1.389590
1.383531
1.383531
1.156651
1.156651
1.305309
1.305309
1.330264
1.330264
1.161949
1.161949
1.149016
1.149016
1.141160
1.141160
1.325279
1.325279
1.181714
1.181714
1.093770
1.093770
1.331866
1.331866
1.204110
1.204110
1.169874
1.169874
1.219329
1.219329
1.341942
1.341942
1.201448
1.201448
1.388997
1.388997
1.380750
1.380750
1.241507
1.241507
