1.274800
1.274800
1.123780
1.123780
1.254030
1.254030
1.358629
1.358629
1.149674
1.149674
1.374472
1.374472
1.301685
1.301685
1.223122
1.223122
1.191806
1.191806
1.343861
1.343861
1.273426
1.273426
1.322377
1.322377
1.216678
1.216678
1.314147
1.314147
1.388107
1.388107
1.205364
1.205364
1.216473
1.216473
1.354950
1.354950
1.386991
1.386991
1.362756
1.362756
1.266089
1.266089
1.352117
1.352117
1.222178
1.222178
1.257962
1.257962
1.240441
1.240441
1.176139
1.176139
1.384212
1.384212
1.262101
1.262101
