1.249547
1.249547
1.253638
1.253638
1.020489
1.020489
1.077741
1.077741
1.167411
1.167411
1.389605
1.389605
1.226176
1.226176
1.356456
1.356456
1.391477
1.391477
1.325756
1.325756
1.088926
1.088926
1.190668
1.190668
1.398792
1.398792
1.229508
1.229508
1.328260
1.328260
1.249776
1.249776
1.240902
1.240902
1.129684
1.129684
1.123913
1.123913
1.176832
1.176832
1.291352
1.291352
1.377734
1.377734
1.366815
1.366815
1.182679
1.182679
1.041982
1.041982
1.313279
1.313279
1.282169
1.282169
1.291401
1.291401
1.356569
1.356569
1.201334
1.201334
1.298721
1.298721
1.351706
1.351706
1.334746
1.334746
1.384503
1.384503
1.371659
1.371659
