1.243224
1.243224
1.386544
1.386544
1.104783
1.104783
1.196722
1.196722
1.287586
1.287586
1.248278
1.248278
1.150698
1.150698
1.305656
1.305656
1.368485
1.368485
1.032904
1.032904
1.112537
1.112537
1.359240
1.359240
1.397200
1.397200
1.375160
1.375160
1.296438
1.296438
1.386457
1.386457
1.298957
1.298957
1.124069
1.124069
1.288484
1.288484
1.380659
1.380659
1.312688
1.312688
1.251796
1.251796
1.354045
1.354045
1.316854
1.316854
1.246670
1.246670
1.204068
1.204068
1.336760
1.336760
1.301147
1.301147
1.231924
1.231924
1.149269
1.149269
1.326589
1.326589
1.104702
1.104702
1.272339
1.272339
