1.299569
1.299569
1.305541
1.305541
1.285774
1.285774
1.280038
1.280038
1.272209
1.272209
1.279614
1.279614
1.301039
1.301039
1.399067
1.399067
1.351774
1.351774
1.200723
1.200723
1.357024
1.357024
1.348009
1.348009
1.310020
1.310020
1.340536
1.340536
1.193379
1.193379
1.351636
1.351636
1.044585
1.044585
1.197080
1.197080
1.146722
1.146722
1.387950
1.387950
1.326872
1.326872
1.306953
1.306953
1.276782
1.276782
1.279327
1.279327
1.257955
1.257955
1.293918
1.293918
1.185138
1.185138
1.295819
1.295819
1.363426
1.363426
1.384972
1.384972
1.187016
1.187016
