1.380983
1.380983
1.276468
1.276468
1.394967
1.394967
1.315097
1.315097
1.399794
1.399794
1.158927
1.158927
1.353943
1.367355
1.353943
1.367355
1.350132
1.350132
1.368590
1.368590
1.298792
1.350285
1.350285
1.298792
1.353432
1.353432
1.392710
1.392710
1.318594
1.318594
1.351259
1.351259
1.288977
1.288977
1.351839
1.351839
1.345822
1.345822
1.383385
1.383385
1.188056
1.188056
1.142373
1.142373
1.367697
1.367697
1.375993
1.375993
1.327923
1.333942
1.327923
1.333942
1.187455
1.187455
1.398170
1.398170
1.178494
1.381144
1.381144
1.178494
1.196716
1.196716
1.264333
1.264333
1.372588
1.372588
1.383500
1.383500
1.356621
1.356621
1.322878
1.322878
1.140487
1.140487
1.053940
1.053940
1.104389
1.104389
1.367804
1.367804
1.319663
1.319663
1.366521
1.366521
1.197307
1.197307
1.385657
1.385657
1.259724
1.259724
1.117788
1.117788
1.162842
1.162842
1.219055
1.219055
1.385730
1.385730
1.309882
1.309882
1.396315
1.396315
1.156888
1.156888
1.252385
1.252385
1.338503
1.338503
1.330963
1.330963
1.167616
1.167616
1.312415
1.312415
1.391171
1.391171
1.239378
1.239378
1.170012
1.170012
1.250768
1.250768
1.380936
1.380936
1.198806
1.198806
1.324309
1.324309
1.229699
1.229699
1.304578
1.304578
1.213969
1.213969
1.341072
1.341072
1.252625
1.252625
1.108234
1.108234
1.386700
1.386700
1.198383
1.198383
1.184933
1.184933
1.387636
1.387636
1.263415
1.263415
1.207679
1.207679
1.129216
1.129216
1.186735
1.186735
1.320768
1.320768
1.375558
1.375558
1.154606
1.154606
1.378622
1.378622
1.214881
1.214881
1.328517
1.328517
1.220822
1.220822
1.358353
1.222360
1.358353
1.222360
1.341228
1.341228
1.275200
1.275200
1.363121
1.363121
1.254742
1.254742
1.346865
1.346865
1.255921
1.255921
1.384054
1.384054
1.095523
1.095523
1.330002
1.330002
1.324931
1.324931
1.353157
1.353157
1.378104
1.378104
1.342141
1.342141
1.082039
1.082039
1.236650
1.236650
1.273186
1.273186
1.145661
1.145661
1.341127
1.341127
1.247201
1.247201
1.188459
1.260288
1.260288
1.188459
1.277874
1.277874
1.087701
1.087701
1.142329
1.142329
1.352914
1.352914
1.253310
1.253310
1.175251
1.175251
1.212182
1.212182
1.061781
1.061781
1.095465
1.095465
1.259260
1.329952
1.259260
1.329952
1.141625
1.141625
1.351789
1.351789
1.326967
1.326967
1.354574
1.354574
1.310518
1.310518
1.360317
1.360317
1.382295
1.382295
1.359854
1.359854
1.351751
1.351751
1.283577
1.283577
1.391849
1.391849
1.293805
1.293805
1.143332
1.143332
1.279127
1.279127
1.387624
1.387624
1.248755
1.248755
1.341595
1.341595
1.377757
1.377757
1.141457
1.141457
1.381012
1.381012
1.342036
1.342036
1.161813
1.161813
1.383923
1.383923
1.178085
1.178085
1.199797
1.199797
1.333236
1.333236
1.204248
1.204248
1.214714
1.338671
1.214714
1.338671
1.352098
1.352098
1.373121
1.373121
1.329476
1.329476
1.368937
1.368937
1.355469
1.355469
1.154717
1.154717
1.389713
1.389713
1.370806
1.370806
1.143079
1.143079
1.235609
1.235609
1.295809
1.295809
1.375491
1.375491
1.379691
1.379691
1.342156
1.342156
1.265003
1.265003
1.368256
1.368256
1.369145
1.369145
1.386199
1.386199
1.383088
1.383088
1.390200
1.390200
1.146028
1.146028
1.223910
1.223910
1.368899
1.368899
1.388013
1.388013
1.291456
1.291456
1.287234
1.287234
1.241156
1.241156
1.223060
1.223060
1.326590
1.326590
1.386348
1.386348
1.374930
1.374930
1.294635
1.294635
1.035045
1.035045
1.379870
1.379870
1.297177
1.297177
1.371968
1.371968
1.374816
1.374816
1.211081
1.211081
1.399700
1.399700
1.362878
1.318381
1.318381
1.362878
1.375493
1.375493
1.134356
1.134356
1.245833
1.245833
1.240130
1.240130
1.330199
1.330199
1.238056
1.238056
1.296702
1.296702
1.220404
1.220404
1.324592
1.324592
1.210801
1.210801
1.170732
1.170732
1.249680
1.249680
1.320272
1.320272
1.240181
1.240181
1.222354
1.222354
1.316174
1.316174
1.359031
1.359031
1.278540
1.278540
1.260294
1.260294
1.372955
1.372955
1.304611
1.304611
1.388331
1.388331
1.291749
1.291749
1.344522
1.344522
1.316022
1.316022
1.336816
1.336816
1.199246
1.199246
1.388459
1.388459
1.222256
1.222256
1.353383
1.353383
1.330913
1.330913
1.192235
1.192235
1.165168
1.165168
1.106812
1.106812
1.376715
1.376715
1.303977
1.282993
1.282993
1.303977
1.120651
1.120651
1.083171
1.083171
1.246805
1.246805
1.393636
1.393636
1.295118
1.295118
1.204072
1.204072
1.297928
1.297928
1.256230
1.256230
1.134817
1.134817
1.293432
1.293432
1.336976
1.336976
1.177975
1.177975
1.267288
1.267288
1.290827
1.290827
