1.072367
1.072367
1.281039
1.281039
1.373367
1.373367
1.144892
1.144892
1.169789
1.169789
1.393264
1.393264
1.276845
1.276845
1.057513
1.057513
1.043684
1.043684
1.292517
1.292517
1.321254
1.321254
1.072897
1.072897
1.361605
1.361605
1.115183
1.115183
1.359180
1.359180
1.299132
1.299132
1.185288
1.185288
1.276285
1.276285
1.045549
1.045549
1.321413
1.321413
1.252522
1.252522
1.357247
1.357247
1.175332
1.175332
1.351698
1.351698
1.376125
1.376125
1.162092
1.162092
1.205516
1.205516
1.369895
1.369895
1.178611
1.178611
1.399550
1.399550
1.145613
1.145613
1.384405
1.384405
1.147067
1.147067
1.254288
1.254288
1.054033
1.054033
1.347119
1.347119
1.339962
1.309952
1.309952
1.339962
1.368519
1.368519
1.213265
1.213265
1.293383
1.293383
1.254282
1.254282
1.236590
1.236590
1.313331
1.313331
1.281522
1.281522
1.289317
1.289317
1.358194
1.368877
1.358194
1.368877
1.393578
1.393578
1.084155
1.084155
1.156296
1.156296
1.236853
1.236853
1.278082
1.278082
1.048321
1.177545
1.177545
1.048321
1.309934
1.309934
1.208815
1.208815
1.383299
1.383299
1.286043
1.286043
1.251697
1.251697
1.186777
1.186777
1.306599
1.306599
1.184716
1.184716
1.187077
1.187077
1.162155
1.162155
1.254809
1.254809
1.327622
1.327622
1.387678
1.387678
1.152703
1.152703
1.256851
1.256851
1.322822
1.322822
1.149630
1.149630
1.198126
1.198126
1.373292
1.373292
1.175747
1.175747
1.153235
1.153235
1.243690
1.243690
1.257202
1.257202
1.252878
1.252878
1.390101
1.390101
1.054241
1.054241
1.257473
1.257473
1.299328
1.299328
1.389432
1.389432
1.382811
1.382811
1.158583
1.158583
1.380243
1.380243
1.264467
1.264467
1.360421
1.360421
1.278297
1.278297
1.381755
1.381755
1.320934
1.320934
1.265573
1.265573
1.343453
1.343453
1.392014
1.392014
1.366180
1.366180
1.142268
1.142268
1.389061
1.389061
1.359624
1.359624
1.334968
1.334968
1.313472
1.313472
1.247633
1.247633
1.127569
1.243214
1.243214
1.127569
1.367293
1.367293
1.249455
1.249455
1.327189
1.327189
1.207473
1.207473
1.315316
1.315316
1.321245
1.321245
1.083084
1.083084
1.294491
1.359395
1.294491
1.359395
1.220219
1.220219
1.284115
1.284115
1.379339
1.379339
1.132459
1.132459
1.374759
1.356253
1.356253
1.374759
1.354756
1.354756
1.269573
1.269573
1.324127
1.324127
1.204734
1.204734
1.316366
1.316366
1.176215
1.176215
1.225590
1.225590
1.187554
1.187554
1.224059
1.224059
1.395636
1.395636
1.393212
1.393212
1.126452
1.126452
1.241178
1.241178
1.360580
1.360580
1.143038
1.143038
1.273410
1.273410
1.341856
1.341856
1.108731
1.108731
1.322281
1.322281
1.314115
1.314115
1.210100
1.210100
1.142857
1.142857
1.393770
1.393770
1.263092
1.263092
1.234377
1.234377
1.258431
1.258431
1.354238
1.354238
1.248790
1.248790
1.249302
1.249302
1.383422
1.383422
1.312249
1.312249
1.131103
1.131103
1.186037
1.186037
1.290658
1.290658
1.297159
1.297159
1.319368
1.319368
1.315333
1.315333
1.028104
1.028104
1.376083
1.376083
1.313441
1.313441
1.236293
1.236293
1.106916
1.106916
1.339168
1.339168
1.346931
1.346931
1.326537
1.326537
1.354425
1.354425
1.269590
1.269590
1.382389
1.382389
1.271409
1.271409
1.365221
1.365221
1.148416
1.148416
1.283506
1.283506
1.331029
1.331029
1.389227
1.389227
1.286063
1.286063
1.372963
1.372963
1.379244
1.379244
1.319020
1.319020
1.205158
1.205158
1.390967
1.390967
1.288135
1.288135
1.191471
1.191471
1.282325
1.282325
1.182376
1.182376
1.194750
1.194750
1.363018
1.363018
1.399422
1.399422
1.323265
1.323265
1.378830
1.378830
1.337531
1.337531
1.300508
1.300508
1.323305
1.337565
1.337565
1.323305
1.261971
1.261971
1.208669
1.208669
1.317569
1.317569
1.347948
1.347948
1.065112
1.065112
1.320811
1.320811
1.376660
1.376660
1.365381
1.365381
1.239751
1.239751
1.394093
1.394093
1.272688
1.272688
1.328148
1.328148
1.368659
1.368659
1.318485
1.318485
1.148023
1.148023
1.341524
1.341524
1.284676
1.284676
1.306231
1.306231
1.176145
1.176145
1.252084
1.252084
1.257821
1.257821
1.377594
1.377594
1.359473
1.359473
1.376674
1.376674
1.251499
1.251499
1.352083
1.352083
1.373571
1.373571
1.064240
1.064240
1.252132
1.252132
1.354478
1.354478
1.317356
1.317356
1.342881
1.342881
1.375916
1.375916
1.052504
1.052504
1.278224
1.278224
1.266861
1.266861
1.363025
1.363025
1.139599
1.139599
1.369349
1.369349
1.373287
1.373287
1.384729
1.384729
1.293716
1.293716
1.192546
1.192546
1.246483
1.246483
1.191031
1.191031
1.248204
1.248204
1.238017
1.238017
1.188020
1.188020
1.238521
1.238521
1.384421
1.384421
1.382961
1.382961
1.237705
1.237705
1.366846
1.366846
1.392015
1.392015
1.349938
1.349938
1.302377
1.302377
1.314693
1.314693
1.205803
1.205803
1.252140
1.252140
1.310868
1.310868
1.237914
1.237914
1.269344
1.269344
1.328562
1.328562
1.147253
1.147253
1.226527
1.226527
1.395815
1.395815
1.378466
1.378466
1.291466
1.291466
1.103192
1.103192
1.337500
1.337500
1.345574
1.345574
1.292172
1.292172
1.305168
1.305168
1.115109
1.115109
1.393297
1.393297
1.390057
1.390057
1.327017
1.327017
1.391820
1.391820
1.085164
1.085164
1.393593
1.393593
1.365100
1.365100
1.382740
1.382740
1.384545
1.384545
1.109837
1.109837
1.137161
1.137161
1.357158
1.357158
1.208673
1.208673
1.354203
1.354203
1.277740
1.277740
1.359279
1.359279
1.345878
1.345878
1.076105
1.076105
1.218560
1.218560
1.349668
1.349668
1.326384
1.326384
1.123557
1.123557
1.269572
1.269572
1.375941
1.375941
1.246602
1.246602
1.200728
1.200728
1.313885
1.313885
1.260638
1.260638
1.228656
1.228656
1.374556
1.374556
1.223158
1.223158
1.077077
1.077077
1.364717
1.364717
1.351310
1.351310
1.380948
1.380948
1.080463
1.080463
1.280647
1.280647
1.344988
1.344988
1.152160
1.152160
1.387428
1.387428
1.194010
1.194010
1.161256
1.161256
1.271900
1.271900
1.103407
1.103407
1.294353
1.294353
1.361538
1.361538
1.168659
1.168659
1.333718
1.333718
1.380345
1.380345
1.287014
1.287014
1.342760
1.342760
1.363309
1.363309
1.176975
1.176975
1.265838
1.265838
1.381179
1.381179
1.272924
1.272924
1.395934
1.395934
1.270151
1.270151
1.300971
1.300971
1.157010
1.157010
1.109183
1.109183
1.299397
1.299397
1.260880
1.260880
1.374082
1.374082
1.247992
1.247992
1.106903
1.106903
1.311181
1.311181
1.388650
1.388650
