1.304390
1.304390
1.396686
1.327440
1.396686
1.327440
1.388733
1.388733
1.233814
1.233814
1.248643
1.248643
1.230863
1.230863
1.154937
1.154937
1.362009
1.246911
1.246911
1.362009
1.343136
1.343136
1.287393
1.287393
1.337422
1.337422
1.287297
1.287297
1.355106
1.355106
1.126973
1.126973
1.378983
1.378983
1.366015
1.366015
1.352834
1.352834
1.297562
1.285550
1.297562
1.285550
1.222905
1.222905
1.255225
1.255225
1.035057
1.035057
1.397326
1.397326
1.321727
1.321727
1.375934
1.375934
1.330413
1.330413
1.147819
1.147819
1.372274
1.372274
1.271621
1.271621
1.356771
1.356771
1.331297
1.331297
1.350430
1.350430
1.278423
1.278423
1.222966
1.222966
1.324214
1.324214
1.276072
1.276072
1.379357
1.379357
1.348665
1.348665
1.255822
1.255822
1.320888
1.320888
1.104254
1.104254
1.305002
1.305002
1.383550
1.383550
1.347397
1.347397
1.388443
1.388443
1.234659
1.234659
1.384974
1.384974
1.192772
1.192772
1.352019
1.352019
1.376187
1.376187
1.297287
1.297287
1.229659
1.108842
1.108842
1.229659
1.234331
1.234331
1.230083
1.230083
1.371903
1.371903
1.395859
1.395859
1.241810
1.241810
1.228593
1.228593
1.274748
1.274748
1.126380
1.126380
1.299245
1.299245
1.218648
1.218648
1.371883
1.371883
1.206538
1.124575
1.206538
1.124575
1.364027
1.364027
1.387384
1.387384
1.195804
1.195804
1.388102
1.388102
1.233860
1.233860
1.261654
1.261654
1.216947
1.216947
1.326003
1.326003
1.249668
1.249668
1.398979
1.246810
1.398979
1.246810
1.209808
1.209808
1.275517
1.275517
1.374564
1.374564
1.176560
1.176560
1.191269
1.191269
1.258372
1.258372
1.305408
1.305408
1.132219
1.132219
1.398651
1.398651
1.190793
1.190793
1.285239
1.285239
1.198516
1.198516
1.297323
1.297323
1.227586
1.227586
1.364475
1.364475
1.286782
1.286782
1.394518
1.394518
1.108542
1.108542
1.174454
1.174454
1.273868
1.273868
1.313489
1.313489
1.390612
1.390612
1.222217
1.222217
1.220421
1.220421
1.358178
1.358178
1.296211
1.296211
1.235327
1.235327
1.330014
1.330014
1.185427
1.185427
1.301707
1.301707
1.210568
1.210568
1.119278
1.119278
1.262788
1.329938
1.262788
1.329938
1.131827
1.131827
1.158732
1.158732
1.327596
1.327596
1.343037
1.343037
1.351117
1.351117
1.372103
1.372103
1.303482
1.303482
1.290744
1.290744
1.383708
1.383708
1.214580
1.214580
1.393832
1.393832
1.381826
1.381826
1.238019
1.238019
1.208825
1.208825
1.256202
1.256202
1.102307
1.102307
1.045323
1.045323
1.148871
1.148871
1.309682
1.309682
1.356592
1.356592
1.040291
1.318558
1.318558
1.040291
1.300129
1.300129
1.298016
1.298016
1.147862
1.147862
1.390457
1.390457
1.370921
1.370921
1.379639
1.379639
1.396985
1.396985
1.352248
1.252061
1.252061
1.352248
1.230790
1.230790
1.328453
1.328453
1.313037
1.313037
1.107235
1.107235
1.107378
1.107378
1.360063
1.360063
1.275320
1.275320
1.278796
1.278796
1.364808
1.364808
1.288574
1.288574
1.367401
1.367401
1.290144
1.290144
1.327032
1.327032
1.197790
1.197790
1.229569
1.229569
1.302068
1.302068
1.207568
1.207568
1.157161
1.157161
1.182475
1.182475
1.203494
1.203494
1.196133
1.196133
1.257792
1.257792
1.372722
1.372722
1.376481
1.376481
1.334991
1.334991
1.180674
1.180674
1.331465
1.331465
1.228205
1.228205
1.367579
1.367579
1.144514
1.144514
1.310236
1.310236
1.239152
1.239152
1.350188
1.350188
1.179221
1.179221
1.361804
1.361804
1.182473
1.182473
1.366207
1.366207
1.112457
1.112457
1.313868
1.313868
1.266251
1.266251
1.274631
1.274631
1.339684
1.339684
1.210447
1.210447
1.230935
1.230935
1.307282
1.307282
1.396008
1.396008
1.252759
1.252759
1.321461
1.321461
1.308745
1.308745
1.165657
1.165657
1.139914
1.139914
1.310153
1.310153
1.247573
1.247573
1.233098
1.233098
1.317795
1.317795
1.356849
1.356849
1.190723
1.190723
1.333825
1.333825
1.280767
1.280767
1.361697
1.361697
1.334831
1.334831
1.390066
1.390066
1.268688
1.268688
1.396154
1.396154
1.308773
1.308773
1.216898
1.216898
1.254119
1.254119
1.368318
1.368318
1.227614
1.227614
1.264452
1.264452
1.287816
1.287816
1.293529
1.293529
1.359173
1.359173
1.374990
1.374990
1.206149
1.206149
1.279559
1.279559
1.391563
1.391563
1.215586
1.215586
1.391342
1.391342
1.246273
1.246273
1.371848
1.371848
1.387053
1.387053
1.363356
1.363356
1.344538
1.344538
1.221802
1.221802
1.287066
1.287066
1.102068
1.102068
1.218573
1.218573
1.388681
1.388681
1.284252
1.284252
1.155324
1.155324
1.299163
1.299163
1.041798
1.041798
1.253944
1.253944
1.144751
1.144751
1.229931
1.229931
1.305635
1.305635
1.194664
1.194664
1.366607
1.366607
1.365728
1.365728
1.273619
1.273619
1.187285
1.187285
1.200645
1.200645
1.163475
1.163475
1.392423
1.392423
1.354768
1.354768
1.294517
1.294517
1.185870
1.185870
1.072193
1.072193
1.351148
1.351148
1.159366
1.159366
1.132293
1.132293
