1.343802
1.343802
1.330167
1.330167
1.292163
1.292163
1.163526
1.163526
1.358944
1.358944
1.230911
1.230911
1.329410
1.329410
1.368789
1.368789
1.115862
1.115862
1.266789
1.266789
1.325551
1.325551
1.154852
1.154852
1.104129
1.104129
1.348915
1.348915
1.196884
1.196884
1.201413
1.201413
1.340744
1.340744
1.278019
1.278019
1.386987
1.386987
1.299726
1.299726
1.394643
1.394643
1.371712
1.188228
1.371712
1.188228
1.389284
1.389284
1.311975
1.311975
1.361122
1.361122
1.162978
1.162978
1.276442
1.276442
1.155163
1.155163
1.281925
1.281925
1.299431
1.299431
1.232142
1.232142
1.101587
1.101587
1.375747
1.375747
1.229335
1.229335
1.369458
1.369458
1.129713
1.129713
1.347877
1.347877
1.292783
1.292783
1.385392
1.385392
1.144518
1.144518
1.354249
1.354249
1.183896
1.183896
1.348738
1.348738
1.396107
1.396107
1.380460
1.380460
1.266716
1.266716
1.341405
1.341405
1.227795
1.227795
1.336981
1.336981
1.127623
1.127623
1.208936
1.208936
1.270480
1.270480
1.244193
1.244193
1.285474
1.285474
1.214435
1.264703
1.264703
1.214435
1.311416
1.311416
1.396447
1.396447
1.317756
1.317756
1.368308
1.368308
1.395233
1.395233
1.360260
1.360260
1.106268
1.106268
1.226372
1.226372
1.385274
1.366440
1.366440
1.385274
1.204105
1.204105
1.258235
1.258235
1.280097
1.280097
1.364374
1.364374
1.094601
1.094601
1.237342
1.237342
1.268410
1.268410
1.237994
1.237994
1.182521
1.182521
1.178642
1.178642
1.186866
1.186866
1.201548
1.201548
1.359972
1.359972
1.301345
1.301345
1.390471
1.390471
1.379498
1.379498
1.341918
1.341918
1.324690
1.324690
1.303571
1.303571
1.330778
1.330778
1.201348
1.201348
1.122150
1.122150
1.347832
1.285301
1.285301
1.347832
1.379428
1.379428
1.200388
1.200388
1.203630
1.203630
1.302744
1.302744
1.324735
1.324735
1.307317
1.307317
1.239785
1.239785
1.394251
1.394251
1.359952
1.359952
1.384595
1.384595
1.389433
1.389433
1.351579
1.351579
1.170119
1.170119
1.349520
1.349520
1.179085
1.179085
1.102294
1.102294
1.339535
1.339535
1.221975
1.221975
1.284504
1.284504
1.292924
1.292924
1.369363
1.355071
1.369363
1.355071
1.209004
1.209004
1.279623
1.279623
1.318472
1.318472
1.397885
1.397885
1.378426
1.378426
1.259322
1.259322
1.366133
1.366133
1.189024
1.189024
1.376027
1.376027
1.318343
1.318343
1.394184
1.394184
1.388277
1.388277
1.215909
1.215909
1.185269
1.185269
1.211119
1.211119
1.251313
1.251313
1.282394
1.282394
1.298801
1.298801
1.233179
1.233179
1.324212
1.324212
1.128808
1.128808
1.303922
1.303922
1.113028
1.113028
1.342054
1.342054
1.162040
1.162040
1.381432
1.381432
1.062444
1.062444
1.287647
1.287647
1.284526
1.284526
1.163975
1.163975
1.336447
1.336447
1.256118
1.256118
1.394024
1.394024
1.361698
1.361698
1.305022
1.305022
1.306465
1.306465
1.355918
1.355918
1.106223
1.106223
1.356313
1.356313
1.385190
1.385190
1.148443
1.148443
1.268763
1.268763
1.295074
1.295074
1.390272
1.390272
1.362619
1.362619
1.253052
1.253052
1.290498
1.290498
1.032024
1.032024
1.149840
1.149840
1.340155
1.340155
1.298720
1.298720
1.222698
1.222698
1.235947
1.235947
1.338380
1.338380
1.392091
1.392091
1.287589
1.287589
1.106387
1.106387
1.388884
1.388884
1.318625
1.318625
1.190527
1.190527
1.285548
1.285548
1.136206
1.136206
1.113114
1.113114
1.178194
1.178194
1.275258
1.275258
1.089103
1.089103
1.227839
1.227839
1.328030
1.328030
1.357090
1.357090
1.238547
1.238547
1.303621
1.303621
1.281726
1.281726
1.095060
1.095060
1.238305
1.238305
1.388594
1.388594
1.276688
1.276688
1.197538
1.197538
1.036949
1.036949
1.203881
1.203881
1.356715
1.356715
1.341871
1.341871
1.353918
1.353918
1.286158
1.286158
1.396168
1.396168
1.173139
1.173139
1.248299
1.248299
1.238081
1.238081
1.391180
1.391180
1.396998
1.396998
1.183102
1.183102
1.235286
1.235286
1.394322
1.394322
1.331277
1.331277
1.251943
1.251943
1.058195
1.058195
1.321534
1.321534
1.381647
1.381647
1.110857
1.110857
1.237452
1.237452
1.328528
1.328528
1.076775
1.076775
1.261643
1.261643
1.311396
1.311396
1.346383
1.346383
1.266633
1.266633
1.045074
1.045074
1.309377
1.309377
1.288065
1.288065
1.161970
1.161970
1.354319
1.354319
1.218166
1.218166
1.327441
1.327441
1.386655
1.386655
1.374401
1.374401
1.210569
1.210569
1.359108
1.359108
1.379408
1.379408
1.382080
1.382080
1.194284
1.194284
1.152158
1.152158
1.238481
1.238481
1.303728
1.303728
1.073740
1.073740
1.323023
1.323023
1.260772
1.260772
1.082529
1.082529
1.201316
1.201316
1.291903
1.291903
1.110753
1.110753
1.291373
1.291373
1.267621
1.267621
1.305416
1.305416
1.293099
1.293099
1.331317
1.331317
1.181155
1.181155
1.383875
1.383875
1.237138
1.237138
1.273790
1.273790
1.362883
1.362883
1.375996
1.375996
1.239588
1.239588
1.344999
1.344999
1.218697
1.218697
1.243869
1.243869
