1.399539
1.399539
1.089577
1.089577
1.326706
1.326706
1.354685
1.354685
1.350443
1.350443
1.307676
1.307676
1.092704
1.092704
1.285262
1.285262
1.336052
1.336052
1.263173
1.263173
1.376874
1.376874
1.385382
1.332974
1.385382
1.332974
1.270290
1.270290
1.373768
1.374052
1.374052
1.373768
1.388202
1.388202
1.218408
1.218408
1.145050
1.145050
1.355908
1.355908
1.062910
1.062910
1.312559
1.205398
1.312559
1.205398
1.286625
1.286625
1.287190
1.287190
1.397956
1.397956
1.146852
1.146852
1.361786
1.361786
1.207143
1.207143
1.304484
1.395228
1.395228
1.304484
1.301099
1.301099
1.337027
1.337027
1.293710
1.293710
1.313767
1.313767
1.075925
1.345692
1.345692
1.075925
1.023439
1.222316
1.222316
1.023439
1.250724
1.250724
1.275165
1.275165
1.331752
1.331752
1.362173
1.392054
1.392054
1.362173
1.358014
1.358014
1.325224
1.325224
1.050297
1.050297
1.325094
1.325094
1.228462
1.228462
1.305276
1.305276
1.283453
1.283453
1.261166
1.261166
1.321870
1.321870
1.386016
1.032578
1.386016
1.032578
1.383288
1.383288
1.102137
1.102137
1.283557
1.283557
1.093740
1.093740
1.296682
1.296682
1.314657
1.314657
1.173422
1.173422
1.118876
1.118876
1.324256
1.324256
1.255405
1.255405
1.343709
1.343709
1.355369
1.355369
1.362270
1.362270
1.299093
1.299093
1.363537
1.363537
1.380277
1.380277
1.353622
1.353622
1.302778
1.302778
1.301092
1.322765
1.384033
1.384033
1.301092
1.322765
1.150199
1.150199
1.230137
1.230137
1.303087
1.303087
1.348694
1.348694
1.357779
1.357779
1.268592
1.268592
1.383790
1.383790
1.387404
1.387404
1.250704
1.250704
1.369123
1.369123
1.398445
1.398445
1.375319
1.375319
1.294211
1.294211
1.351983
1.351983
1.288655
1.288655
1.109609
1.109609
1.114559
1.114559
1.159644
1.159644
1.167920
1.167920
1.175055
1.175055
1.393061
1.393061
1.354194
1.354194
1.219018
1.219018
1.295520
1.295520
1.276641
1.276641
1.328851
1.328851
1.391679
1.391679
1.389872
1.389872
1.185582
1.185582
1.226178
1.226178
1.249867
1.249867
1.357668
1.357668
1.363860
1.363860
1.210847
1.210847
1.172937
1.172937
1.272995
1.272995
1.343298
1.343298
1.318178
1.318178
1.305922
1.305922
1.128297
1.128297
1.315692
1.315692
1.327890
1.327890
1.108335
1.108335
1.127232
1.127232
1.385641
1.385641
1.250712
1.250712
1.258948
1.258948
1.110632
1.110632
1.210231
1.210231
1.364862
1.364862
1.094021
1.094021
1.315932
1.315932
1.363739
1.363739
1.350380
1.350380
1.298679
1.298679
1.388830
1.388830
1.399026
1.399026
1.221094
1.221094
1.268586
1.268586
1.300672
1.300672
1.317550
1.317550
1.391339
1.391339
1.306390
1.306390
1.381123
1.381123
1.399004
1.399004
1.339867
1.339867
1.213110
1.213110
1.359837
1.359837
1.220902
1.220902
1.371637
1.371637
1.155645
1.155645
1.270675
1.270675
1.281861
1.281861
1.315981
1.315981
1.348619
1.348619
1.281811
1.281811
1.184408
1.184408
1.230468
1.230468
1.386768
1.386768
1.151312
1.151312
1.243309
1.243309
1.373078
1.373078
1.281307
1.281307
1.210310
1.210310
1.122686
1.122686
1.349725
1.349725
1.336889
1.336889
1.351469
1.351469
1.340288
1.340288
1.364453
1.364453
1.198505
1.198505
1.217404
1.217404
1.380406
1.380406
1.299264
1.299264
1.339342
1.339342
1.311099
1.311099
1.279870
1.279870
1.127595
1.127595
1.105489
1.105489
1.164976
1.164976
1.193423
1.193423
1.332604
1.332604
1.311007
1.311007
1.083037
1.083037
1.287356
1.287356
1.239292
1.239292
1.098743
1.139052
1.139052
1.098743
1.316566
1.316566
1.309355
1.309355
1.285494
1.285494
1.283549
1.283549
1.338336
1.338336
1.263449
1.263449
1.349816
1.349816
1.387854
1.387854
1.196584
1.196584
1.379301
1.379301
1.016115
1.016115
1.278511
1.278511
1.247844
1.247844
1.338980
1.338980
1.393307
1.393307
1.389366
1.389366
1.297001
1.297001
1.393498
1.393498
1.308053
1.308053
1.397817
1.397817
1.343606
1.343606
1.129520
1.129520
1.237364
1.237364
1.297951
1.297951
1.171457
1.171457
1.194265
1.194265
1.297508
1.297508
1.300968
1.300968
1.240285
1.240285
1.298826
1.298826
1.231590
1.231590
1.322219
1.322219
1.356958
1.356958
1.320352
1.320352
1.388181
1.388181
1.273786
1.273786
1.186196
1.186196
1.206452
1.206452
1.335268
1.335268
1.276407
1.276407
1.335963
1.335963
1.270610
1.270610
1.231920
1.231920
1.374062
1.374062
1.194325
1.194325
1.331525
1.331525
1.307813
1.307813
1.213153
1.213153
1.274016
1.274016
1.293611
1.293611
