1.396541
1.396541
1.263243
1.263243
1.345030
1.390154
1.390154
1.345820
1.345820
1.345030
1.346934
1.346934
1.359154
1.201827
1.359154
1.201827
1.387866
1.387866
1.034985
1.139192
1.139192
1.034985
1.336060
1.336060
1.300163
1.300163
1.344103
1.344103
1.190422
1.190422
1.152992
1.152992
1.320415
1.320415
1.395198
1.395198
1.377981
1.377981
1.311835
1.311835
1.355719
1.355719
1.366866
1.366866
1.072151
1.072151
1.381481
1.381481
1.375120
1.375120
1.316302
1.316302
1.391861
1.283416
1.283416
1.391861
1.165594
1.165594
1.374833
1.230572
1.374833
1.230572
1.259245
1.259245
1.300123
1.300123
1.357517
1.357517
1.389749
1.389749
1.356357
1.356357
1.139455
1.139455
1.157568
1.157568
1.382660
1.382660
1.386127
1.386127
1.207343
1.207343
1.233269
1.233269
1.329147
1.329147
1.307507
1.307507
1.195318
1.195318
1.320884
1.245425
1.245425
1.320884
1.258123
1.329147
1.329147
1.258123
1.364920
1.364920
1.107674
1.107674
1.331794
1.331794
1.336670
1.336670
1.389703
1.389703
1.236169
1.236169
1.359457
1.359457
1.384313
1.384313
1.399992
1.399992
1.333387
1.333387
1.324898
1.324898
1.372404
1.372404
1.339687
1.339687
1.128413
1.128413
1.382346
1.382346
1.247149
1.247149
1.373291
1.373291
1.339572
1.339572
1.249845
1.249845
1.398061
1.398061
1.223670
1.223670
1.268876
1.268876
1.342361
1.342361
1.254682
1.254682
1.125869
1.125869
1.157236
1.157236
1.292011
1.292011
1.290587
1.290587
1.262626
1.262626
1.248352
1.248352
1.156053
1.228670
1.156053
1.228670
1.230489
1.230489
1.332864
1.332864
1.355545
1.355545
1.301648
1.301648
1.178981
1.178981
1.305588
1.305588
1.209601
1.209601
1.320039
1.320039
1.309220
1.309220
1.372671
1.372671
1.050658
1.050658
1.062874
1.062874
1.255266
1.255266
1.254406
1.254406
1.203592
1.203592
1.263854
1.263854
1.251134
1.251134
1.395804
1.395804
1.225101
1.225101
1.263607
1.263607
1.233746
1.233746
1.292690
1.292690
1.353110
1.353110
1.323461
1.323461
1.321554
1.321554
1.306174
1.306174
1.283780
1.283780
1.261188
1.261188
1.384846
1.384846
1.353829
1.353829
1.272167
1.272167
1.317251
1.317251
1.300669
1.300669
1.253301
1.253301
1.017415
1.017415
1.200320
1.200320
1.332472
1.332472
1.165028
1.165028
1.139550
1.139550
1.335716
1.335716
1.346946
1.346946
1.337791
1.337791
1.135848
1.135848
1.287994
1.287994
1.292912
1.292912
1.279001
1.279001
1.343737
1.343737
1.328031
1.328031
1.384812
1.384812
1.360674
1.360674
1.375690
1.375690
1.359819
1.359819
1.292855
1.292855
1.385946
1.385946
1.379323
1.379323
1.142457
1.142457
1.107636
1.107636
1.310997
1.310997
1.265312
1.265312
1.380646
1.380646
1.237249
1.237249
1.397352
1.397352
1.084381
1.084381
1.159096
1.159096
1.279780
1.279780
1.330799
1.330799
1.367481
1.367481
1.384796
1.384796
1.361920
1.361920
1.345877
1.345877
1.180848
1.180848
1.208517
1.208517
1.342264
1.342264
1.075284
1.075284
1.320552
1.320552
1.119311
1.119311
1.174115
1.174115
1.327519
1.327519
1.285702
1.285702
1.232109
1.232109
1.129715
1.129715
1.088774
1.088774
1.096594
1.096594
1.388232
1.388232
1.067731
1.067731
1.361156
1.361156
1.159809
1.159809
1.382701
1.382701
1.289053
1.289053
1.373180
1.373180
1.205576
1.205576
1.364913
1.364913
1.365056
1.365056
1.373934
1.373934
1.326837
1.326837
1.148078
1.148078
1.318918
1.318918
1.389758
1.389758
1.356026
1.356026
1.201239
1.201239
1.332715
1.332715
1.361635
1.361635
1.274154
1.274154
1.234478
1.234478
1.321932
1.321932
1.338296
1.338296
1.340617
1.340617
1.268598
1.268598
1.169838
1.169838
1.342530
1.342530
1.231836
1.231836
1.301316
1.301316
1.303879
1.303879
1.304075
1.304075
1.366378
1.366378
1.169162
1.169162
1.233095
1.233095
1.070772
1.070772
1.173856
1.173856
1.379230
1.379230
1.362461
1.362461
1.128165
1.128165
1.333457
1.333457
1.135569
1.135569
1.292198
1.292198
1.165863
1.165863
1.275147
1.275147
1.295852
1.295852
1.367973
1.367973
1.281638
1.281638
1.308132
1.308132
1.375177
1.375177
1.300442
1.300442
1.171725
1.171725
1.387982
1.387982
1.383744
1.383744
1.273414
1.273414
1.366349
1.366349
1.319816
1.319816
1.173116
1.173116
1.174311
1.174311
1.252328
1.252328
1.113378
1.113378
1.399523
1.399523
1.319849
1.319849
1.185035
1.185035
1.082511
1.082511
1.275332
1.275332
1.183475
1.183475
1.285474
1.285474
1.367897
1.367897
1.291824
1.291824
1.193448
1.193448
1.158435
1.158435
1.190670
1.190670
1.235680
1.235680
1.358016
1.358016
1.381400
1.381400
1.228823
1.228823
1.358390
1.358390
1.372534
1.372534
1.228806
1.228806
1.147269
1.147269
1.310660
1.310660
1.106123
1.106123
1.220339
1.220339
1.282790
1.282790
1.358461
1.358461
1.319434
1.319434
