1.331049
1.331049
1.391641
1.391641
1.284960
1.284960
1.265614
1.265614
1.215760
1.215760
1.368510
1.368510
1.336515
1.336515
1.291653
1.291653
1.327259
1.327259
1.328264
1.328264
1.362963
1.362963
1.210151
1.210151
1.356135
1.356135
1.313307
1.313307
1.288007
1.288007
1.132220
1.132220
1.252009
1.252009
1.142004
1.276323
1.142004
1.276323
1.337892
1.337892
1.239433
1.239433
1.262092
1.262092
1.272155
1.388491
1.388491
1.272155
1.352371
1.352371
1.360067
1.360067
1.322260
1.322260
1.381979
1.381979
1.228018
1.228018
1.275255
1.275255
1.380162
1.380162
1.133771
1.133771
1.346621
1.346621
1.109793
1.109793
1.141973
1.141973
1.346699
1.346699
1.346332
1.346332
1.140884
1.140884
1.111411
1.111411
1.323721
1.323721
1.274109
1.274109
1.255243
1.255243
1.233414
1.233414
1.299477
1.299477
1.150387
1.150387
1.107878
1.107878
1.243395
1.243395
1.011311
1.011311
1.271549
1.271549
1.277732
1.277732
1.122127
1.122127
1.210687
1.210687
1.214881
1.214881
1.348828
1.348828
1.256945
1.256945
1.390264
1.390264
1.322897
1.322897
1.344659
1.344659
1.237004
1.237004
1.287185
1.287185
1.390537
1.390537
1.373651
1.140534
1.373651
1.140534
1.140849
1.140849
1.291823
1.291823
1.285990
1.285990
1.271773
1.271773
1.398497
1.398497
1.301363
1.301363
1.277801
1.277801
1.340616
1.340616
1.372077
1.372077
1.326911
1.326911
1.371038
1.371038
1.355535
1.355535
1.337457
1.337457
1.282355
1.282355
1.134106
1.134106
1.381063
1.381063
1.303219
1.303219
1.351875
1.351875
1.339493
1.339493
1.208843
1.208843
1.399566
1.399566
1.387124
1.387124
1.290321
1.290321
1.183656
1.183656
1.142676
1.142676
1.351405
1.351405
1.379347
1.379347
1.217985
1.217985
1.324435
1.324435
1.338898
1.338898
1.377498
1.377498
1.253345
1.253345
1.384459
1.395545
1.384459
1.395545
1.356834
1.356834
1.115272
1.115272
1.286478
1.286478
1.376482
1.376482
1.184184
1.184184
1.113953
1.113953
1.320050
1.320050
1.248637
1.248637
1.356831
1.356831
1.340922
1.340922
1.281579
1.281579
1.260307
1.260307
1.264380
1.264380
1.094420
1.094420
1.252370
1.252370
1.319697
1.319697
1.245388
1.245388
1.279308
1.279308
1.280232
1.280232
1.376812
1.376812
1.278699
1.278699
1.195184
1.195184
1.126302
1.126302
1.135995
1.135995
1.201072
1.201072
1.321889
1.321889
1.370083
1.370083
1.254122
1.254122
1.312311
1.239289
1.312311
1.239289
1.232984
1.232984
1.333231
1.333231
1.063101
1.063101
1.209803
1.209803
1.157375
1.157375
1.317275
1.317275
1.200632
1.200632
1.302635
1.302635
1.341026
1.341026
1.368103
1.368103
1.306172
1.306172
1.368482
1.368482
1.329065
1.329065
1.322121
1.322121
1.328157
1.328157
1.353130
1.353130
1.321202
1.321202
1.167183
1.167183
1.361992
1.361992
1.337346
1.337346
1.112547
1.112547
1.391976
1.391976
1.186556
1.186556
1.315202
1.315202
1.398731
1.398731
1.376433
1.376433
1.129500
1.129500
1.107812
1.107812
1.323633
1.323633
1.281971
1.281971
1.363625
1.363625
1.312420
1.312420
1.252322
1.252322
1.263072
1.263072
1.390709
1.390709
1.379356
1.379356
1.368690
1.368690
1.212176
1.212176
1.123645
1.123645
1.278790
1.278790
1.189124
1.189124
1.331614
1.331614
1.068830
1.068830
1.214699
1.214699
1.398578
1.398578
1.284887
1.284887
1.398617
1.398617
1.249559
1.249559
1.224199
1.224199
1.379283
1.379283
1.398912
1.398912
1.308628
1.308628
1.358874
1.358874
1.300766
1.300766
1.368416
1.368416
1.349616
1.349616
1.221773
1.221773
1.238447
1.238447
1.386432
1.386432
1.328477
1.328477
1.242767
1.242767
1.383507
1.383507
1.291196
1.291196
1.355999
1.355999
1.337142
1.337142
1.313430
1.313430
1.160728
1.160728
1.240115
1.240115
1.250653
1.250653
1.385165
1.385165
1.205997
1.205997
1.358766
1.358766
1.167695
1.167695
1.371401
1.371401
1.345434
1.345434
1.241556
1.241556
1.361871
1.361871
1.349137
1.349137
1.344025
1.344025
1.325870
1.325870
1.333543
1.333543
1.274417
1.274417
1.343892
1.343892
1.344892
1.344892
1.390149
1.390149
1.391787
1.391787
1.206424
1.206424
1.213672
1.213672
1.237812
1.237812
1.271418
1.271418
1.387487
1.375445
1.375445
1.387487
1.257584
1.257584
1.366341
1.366341
1.094571
1.094571
1.312508
1.312508
1.049001
1.049001
1.292479
1.292479
1.367632
1.367632
1.315107
1.315107
1.338343
1.338343
1.355409
1.355409
1.272393
1.272393
1.338160
1.338160
1.392977
1.392977
1.333090
1.333090
1.060010
1.060010
1.365246
1.365246
1.103674
1.103674
1.330683
1.330683
1.321918
1.321918
