1.121095
1.121095
1.267633
1.267633
1.342405
1.342405
1.395741
1.395741
1.320297
1.320297
1.217799
1.217799
1.048739
1.048739
1.363568
1.363568
1.397731
1.397731
1.214564
1.214564
1.364616
1.364616
1.390075
1.390075
1.152238
1.152238
1.360979
1.360979
1.325866
1.325866
1.281273
1.281273
1.388435
1.388435
1.230353
1.230353
1.290251
1.290251
1.233321
1.233321
1.260060
1.260060
1.174778
1.380684
1.174778
1.380684
1.336147
1.336147
1.174668
1.174668
1.381836
1.381836
1.241944
1.241944
1.234760
1.234760
1.375798
1.375798
1.364153
1.364153
1.266095
1.266095
1.376003
1.376003
1.389358
1.389358
1.276790
1.276790
1.241603
1.241603
1.380454
1.380454
1.321111
1.321111
1.344429
1.288977
1.288977
1.344429
1.313288
1.313288
1.285845
1.285845
1.358883
1.358883
1.324347
1.324347
1.290334
1.290334
1.330727
1.330727
1.359612
1.334003
1.359612
1.334003
1.303909
1.303909
1.258590
1.258590
1.381145
1.287235
1.287235
1.381145
1.388646
1.388646
1.398020
1.398020
1.311419
1.311419
1.193618
1.193618
1.372186
1.372186
1.257998
1.257998
1.191086
1.191086
1.319954
1.319954
1.207139
1.207139
1.289429
1.289429
1.360609
1.360609
1.219271
1.219271
1.397682
1.397682
1.307700
1.307700
1.367166
1.367166
1.367444
1.367444
1.354424
1.354424
1.320839
1.333060
1.333060
1.320839
1.130460
1.130460
1.396997
1.396997
1.383974
1.383974
1.232597
1.232597
1.197189
1.197189
1.371497
1.371497
1.214536
1.214536
1.183982
1.183982
1.304869
1.304869
1.331249
1.331249
1.320723
1.320723
1.367701
1.367701
1.366559
1.366559
1.345312
1.345312
1.372900
1.372900
1.349624
1.167574
1.349624
1.167574
1.398974
1.398974
1.353858
1.353858
1.025230
1.025230
1.374920
1.374920
1.353476
1.353476
1.361589
1.361589
1.366157
1.366157
1.063985
1.063985
1.153815
1.153815
1.227349
1.227349
1.364194
1.364194
1.255053
1.255053
1.273483
1.273483
1.151513
1.233839
1.151513
1.233839
1.347512
1.347512
1.314017
1.314017
1.155644
1.155644
1.277225
1.277225
1.364291
1.364291
1.399027
1.399027
1.172672
1.172672
1.336191
1.336191
1.269176
1.269176
1.120732
1.120732
1.242492
1.242492
1.187613
1.187613
1.349854
1.349854
1.171111
1.171111
1.380115
1.380115
1.346500
1.346500
1.277427
1.277427
1.302047
1.302047
1.267703
1.267703
1.328741
1.328741
1.138735
1.138735
1.356846
1.356846
1.332949
1.332949
1.194599
1.194599
1.374451
1.374451
1.368114
1.368114
1.339023
1.339023
1.163102
1.163102
1.289783
1.289783
1.390257
1.390257
1.209448
1.209448
1.220908
1.291136
1.220908
1.291136
1.386097
1.386097
1.090074
1.090074
1.121225
1.121225
1.065191
1.065191
1.232652
1.232652
1.381873
1.381873
1.365764
1.365764
1.193587
1.193587
1.278235
1.278235
1.174433
1.174433
1.309112
1.309112
1.298707
1.298707
1.339370
1.322988
1.339370
1.322988
1.177409
1.177409
1.355136
1.355136
1.286115
1.286115
1.091288
1.091288
1.008579
1.008579
1.295886
1.295886
1.311321
1.311321
1.200939
1.200939
1.370774
1.370774
1.382341
1.316744
1.316744
1.382341
1.289195
1.289195
1.150187
1.150187
1.262159
1.262159
1.208572
1.208572
1.208581
1.208581
1.377639
1.377639
1.386725
1.386725
1.389677
1.389677
1.319575
1.319575
1.376441
1.376441
1.228246
1.228246
1.327544
1.327544
1.108195
1.108195
1.347761
1.347761
1.086483
1.086483
1.329617
1.329617
1.235396
1.235396
1.344172
1.344172
1.195988
1.195988
1.382934
1.382934
1.384342
1.384342
1.238255
1.238255
1.220068
1.220068
1.316845
1.316845
1.368661
1.368661
1.339296
1.339296
1.206031
1.206031
1.236493
1.236493
1.305200
1.305200
1.321055
1.321055
1.267788
1.267788
1.389319
1.389319
1.284516
1.284516
1.156033
1.156033
1.364226
1.364226
1.155997
1.155997
1.360788
1.360788
1.368560
1.368560
1.357709
1.357709
1.332703
1.332703
1.286960
1.286960
1.187132
1.187132
1.364407
1.364407
1.297638
1.297638
1.312545
1.312545
1.393723
1.393723
1.297211
1.297211
1.331982
1.331982
1.346017
1.346017
1.268537
1.268537
1.370280
1.370280
1.270033
1.270033
1.328785
1.328785
1.101416
1.101416
1.393361
1.393361
1.322093
1.322093
1.326655
1.326655
1.059322
1.059322
1.377428
1.377428
1.275067
1.275067
1.364665
1.364665
1.298531
1.298531
1.387250
1.387250
1.189270
1.189270
1.282613
1.282613
1.245805
1.245805
1.303091
1.303091
1.318031
1.318031
1.273889
1.273889
1.309643
1.309643
1.240019
1.240019
1.190253
1.190253
1.275658
1.275658
1.045243
1.045243
1.374791
1.374791
1.102225
1.102225
1.305158
1.305158
1.358415
1.358415
1.361643
1.361643
1.123984
1.123984
1.223373
1.223373
1.342328
1.342328
1.133295
1.251466
1.251466
1.133295
1.224729
1.224729
1.382674
1.382674
1.101332
1.101332
1.230071
1.230071
1.381153
1.381153
1.109848
1.109848
1.288427
1.288427
1.387858
1.387858
1.295868
1.295868
1.281199
1.281199
1.346983
1.346983
1.399831
1.399831
1.313231
1.313231
1.352963
1.352963
1.148151
1.148151
1.330859
1.330859
1.392431
1.392431
1.258098
1.258098
1.091064
1.091064
1.049388
1.049388
1.147258
1.147258
1.341326
1.341326
1.259945
1.259945
1.332365
1.332365
1.348612
1.348612
1.278067
1.278067
1.147783
1.147783
1.313715
1.313715
