1.310346
1.310346
1.366332
1.366332
1.359918
1.359918
1.230288
1.230288
1.377500
1.377500
1.326191
1.326191
1.334247
1.334247
1.226015
1.226015
1.252708
1.252708
1.395860
1.395860
1.336584
1.336584
1.363797
1.363797
1.162879
1.162879
1.286653
1.286653
1.393445
1.393445
1.043316
1.043316
1.173722
1.173722
1.260355
1.384800
1.384800
1.260355
1.391584
1.391584
1.359655
1.359655
1.350919
1.350919
1.237894
1.237894
1.296483
1.279920
1.296483
1.279920
1.275495
1.275495
1.359767
1.359767
1.360157
1.360157
1.106911
1.106911
1.235914
1.235914
1.202565
1.202565
1.342299
1.342299
1.331936
1.275964
1.331936
1.275964
1.229571
1.229571
1.371851
1.371851
1.312251
1.312251
1.227119
1.227119
1.170791
1.170791
1.391513
1.391513
1.376703
1.376703
1.353556
1.353556
1.348657
1.348657
1.302248
1.302248
1.190510
1.190510
1.132514
1.132514
1.318263
1.318263
1.069186
1.069186
1.224522
1.224522
1.392154
1.392154
1.229122
1.374928
1.374928
1.229122
1.355452
1.355452
1.237651
1.237651
1.364124
1.364124
1.277493
1.277493
1.221823
1.221823
1.383333
1.383333
1.353259
1.353259
1.131568
1.131568
1.261336
1.261336
1.145056
1.145056
1.377398
1.377398
1.291917
1.291917
1.324063
1.324063
1.149520
1.149520
1.393316
1.393316
1.350446
1.350446
1.257788
1.257788
1.338705
1.338705
1.308791
1.308791
1.184105
1.184105
1.274391
1.274391
1.397383
1.397383
1.390794
1.390794
1.239076
1.239076
1.032052
1.032052
1.387512
1.387512
1.309953
1.309953
1.288653
1.288653
1.337756
1.337756
1.292750
1.292750
1.364023
1.364023
1.241807
1.241807
1.166381
1.166381
1.245561
1.245561
1.277137
1.277137
1.372110
1.372110
1.224928
1.224928
1.075787
1.075787
1.256543
1.256543
1.364556
1.364556
1.322101
1.322101
1.351835
1.351835
1.333348
1.333348
1.364820
1.364820
1.275271
1.275271
1.214130
1.214130
1.232395
1.232395
1.272496
1.272496
1.231231
1.231231
1.307695
1.307695
1.334782
1.334782
1.155184
1.155184
1.391573
1.391573
1.262746
1.262746
1.237872
1.237872
1.030755
1.030755
1.311358
1.311358
1.363034
1.363034
1.354528
1.354528
1.219027
1.219027
1.293099
1.293099
1.309013
1.309013
1.363716
1.363716
1.168025
1.168025
1.197592
1.197592
1.319160
1.319160
1.235646
1.235646
1.367433
1.367433
1.355224
1.355224
1.343675
1.343675
1.370595
1.377672
1.377672
1.370595
1.346812
1.346812
1.262114
1.262114
1.334178
1.334178
1.338686
1.338686
1.390944
1.390944
1.302441
1.302441
1.385330
1.385330
1.258242
1.258242
1.307723
1.307723
1.273494
1.273494
1.388419
1.388419
1.365572
1.365572
1.137027
1.137027
1.383348
1.383348
1.393517
1.393517
1.314260
1.314260
1.332628
1.332628
1.367015
1.367015
1.320848
1.320848
1.286621
1.286621
1.215037
1.215037
1.302491
1.302491
1.064458
1.064458
1.224342
1.224342
1.062666
1.062666
1.175594
1.175594
1.356661
1.356661
1.118825
1.118825
1.357574
1.357574
1.261763
1.261763
1.266475
1.266475
1.246078
1.246078
1.369265
1.369265
1.292567
1.292567
1.111510
1.111510
1.318423
1.318423
1.158519
1.158519
1.299481
1.299481
1.303166
1.303166
1.327086
1.327086
1.263743
1.263743
1.379219
1.379219
1.207306
1.207306
1.240736
1.240736
1.395098
1.395098
1.259885
1.259885
1.379785
1.379785
1.107896
1.107896
1.193616
1.193616
1.387872
1.387872
1.176065
1.176065
1.397147
1.397147
1.150706
1.150706
1.356732
1.356732
1.392295
1.392295
1.315879
1.315879
1.057315
1.057315
1.372365
1.372365
1.154610
1.154610
1.349345
1.349345
1.397949
1.397949
1.383765
1.383765
1.149067
1.149067
1.371220
1.371220
1.334959
1.334959
1.394955
1.394955
1.230616
1.230616
1.389104
1.389104
1.369823
1.369823
1.171418
1.171418
1.270496
1.270496
1.383374
1.383374
1.287082
1.287082
1.254198
1.254198
1.398124
1.398124
1.277174
1.277174
1.396707
1.396707
1.133334
1.133334
1.385477
1.385477
1.286190
1.286190
1.360682
1.360682
1.345188
1.345188
1.295139
1.295139
1.355959
1.355959
1.359146
1.359146
1.397938
1.397938
1.338040
1.338040
1.261087
1.261087
1.399499
1.399499
1.091205
1.091205
1.395328
1.395328
1.379770
1.379770
1.158845
1.158845
1.263665
1.263665
1.261585
1.261585
1.065397
1.065397
1.376255
1.376255
1.378181
1.378181
1.285881
1.285881
1.156238
1.156238
