1.362989
1.362989
1.277537
1.277537
1.368336
1.231341
1.231341
1.368336
1.071363
1.071363
1.359283
1.359283
1.295698
1.295698
1.204035
1.204035
1.365369
1.365369
1.272765
1.272765
1.284945
1.284945
1.343674
1.343674
1.183535
1.183535
1.387183
1.387183
1.310396
1.310396
1.272101
1.272101
1.264881
1.264881
1.259326
1.259326
1.261647
1.261647
1.368518
1.368518
1.144072
1.144072
1.346933
1.346933
1.347229
1.347229
1.311942
1.311942
1.078291
1.078291
1.297989
1.297989
1.296549
1.296549
1.158846
1.158846
1.344349
1.344349
1.396280
1.396280
1.365926
1.365926
1.206511
1.206511
1.212080
1.212080
1.386661
1.386661
1.332058
1.332058
1.294924
1.294924
1.364360
1.364360
1.197812
1.197812
1.257104
1.257104
1.278560
1.278560
1.399732
1.399732
1.345553
1.345553
1.066441
1.066441
1.261959
1.261959
1.386362
1.386362
1.176470
1.176470
1.296580
1.296580
1.305271
1.305271
1.347645
1.347645
1.288538
1.288538
1.347403
1.347403
1.139110
1.139110
1.128665
1.128665
1.251775
1.251775
1.285235
1.366668
1.285235
1.366668
1.317570
1.303234
1.303234
1.317570
1.292450
1.379255
1.292450
1.379255
1.183985
1.183985
1.076021
1.076021
1.354384
1.354384
1.280357
1.280357
1.378980
1.378980
1.354793
1.354793
1.379229
1.379229
1.378458
1.378458
1.333637
1.333637
1.369175
1.369175
1.265855
1.265855
1.173928
1.173928
1.320847
1.320847
1.369960
1.369960
1.352183
1.352183
1.188863
1.188863
1.394963
1.394963
1.289682
1.289682
1.393558
1.393558
1.201686
1.201686
1.304828
1.304828
1.288832
1.288832
1.337444
1.337444
1.351445
1.328132
1.351445
1.328132
1.318378
1.318378
1.211272
1.211272
1.125371
1.125371
1.243296
1.243296
1.396280
1.396280
1.172637
1.172637
1.331848
1.278872
1.278872
1.331848
1.261787
1.261787
1.333807
1.333807
1.289566
1.003708
1.289566
1.003708
1.358018
1.358018
1.277660
1.268642
1.277660
1.268642
1.232219
1.232219
1.380902
1.380902
1.358086
1.358086
1.359648
1.359648
1.299695
1.299695
1.369091
1.369091
1.303505
1.303505
1.253294
1.253294
1.203864
1.203864
1.329427
1.329427
1.344918
1.386983
1.386983
1.344918
1.308277
1.308277
1.250384
1.250384
1.186115
1.186115
1.226346
1.226346
1.237365
1.237365
1.259502
1.259502
1.393535
1.393535
1.352315
1.352315
1.150056
1.150056
1.329190
1.329190
1.329438
1.329438
1.294051
1.294051
1.218523
1.218523
1.329820
1.329820
1.230509
1.230509
1.272314
1.272314
1.305904
1.305904
1.247503
1.247503
1.340136
1.340136
1.327096
1.327096
1.196350
1.388496
1.388496
1.196350
1.186433
1.186433
1.270383
1.270383
1.197605
1.197605
1.236947
1.236947
1.242658
1.242658
1.075826
1.075826
1.366710
1.366710
1.304209
1.304209
1.386692
1.386692
1.262204
1.262204
1.282340
1.282340
1.135385
1.135385
1.358658
1.358658
1.365561
1.365561
1.303452
1.303452
1.138199
1.138199
1.169375
1.169375
1.330471
1.330471
1.118549
1.118549
1.314799
1.314799
1.345189
1.345189
1.264492
1.264492
1.081021
1.081021
1.289802
1.289802
1.321796
1.321796
1.305044
1.305044
1.281735
1.281735
1.260244
1.260244
1.383453
1.383453
1.227565
1.227565
1.372930
1.372930
1.172981
1.172981
1.290409
1.290409
1.212989
1.212989
1.265938
1.265938
1.358673
1.358673
1.356368
1.356368
1.207808
1.207808
1.381326
1.381326
1.324584
1.324584
1.148797
1.148797
1.134626
1.134626
1.131730
1.131730
1.208730
1.208730
1.200185
1.200185
1.283606
1.283606
1.154976
1.154976
1.335224
1.335224
1.305427
1.305427
1.386232
1.386232
1.292619
1.370015
1.292619
1.370015
1.372839
1.372839
1.096412
1.096412
1.318498
1.318498
1.256860
1.256860
1.398508
1.398508
1.281408
1.281408
1.339362
1.339362
1.260759
1.260759
1.311257
1.311257
1.304078
1.304078
1.258450
1.258450
1.320795
1.320795
1.053971
1.053971
1.263163
1.263163
1.370346
1.370346
1.321073
1.321073
1.165548
1.165548
1.339195
1.339195
1.303053
1.303053
1.315342
1.315342
1.356839
1.356839
1.239168
1.239168
1.259668
1.259668
1.292493
1.292493
1.348540
1.348540
1.331388
1.331388
1.333411
1.333411
