1.393403
1.393403
1.093590
1.093590
1.231956
1.231956
1.270067
1.270067
1.218685
1.218685
1.380788
1.380788
1.187980
1.187980
1.315481
1.315481
1.351638
1.351638
1.369538
1.369538
1.384700
1.384700
1.278976
1.278976
1.215238
1.351418
1.351418
1.215238
1.391573
1.391573
1.381617
1.381617
1.086844
1.086844
1.256021
1.256021
1.357051
1.357051
1.302321
1.302321
1.367971
1.367971
1.282907
1.282907
1.220756
1.220756
1.283719
1.283719
1.274633
1.274633
1.128610
1.128610
1.151058
1.151058
1.236723
1.236723
1.257345
1.257345
1.228855
1.228855
1.290116
1.290116
1.113651
1.113651
1.266241
1.266241
1.082915
1.082915
1.198854
1.198854
1.312643
1.312643
1.381669
1.381669
1.307455
1.307455
1.329119
1.329119
1.220821
1.220821
1.303175
1.303175
1.386017
1.393998
1.393998
1.386017
1.387777
1.387777
1.240735
1.068407
1.068407
1.240735
1.305144
1.305144
1.309365
1.309365
1.300982
1.300982
1.128509
1.128509
1.109693
1.109693
1.361827
1.361827
1.347400
1.347400
1.254296
1.254296
1.228924
1.228924
1.359695
1.359695
1.391078
1.391078
1.149291
1.149291
1.233125
1.233125
1.327345
1.327345
1.244748
1.244748
1.287074
1.287074
1.250315
1.250315
1.245141
1.245141
1.153984
1.153984
1.320983
1.320983
1.133692
1.133692
1.241616
1.241616
1.255861
1.255861
1.398971
1.398971
1.334874
1.334874
1.309816
1.309816
1.234375
1.234375
1.292365
1.292365
1.382854
1.382854
1.199681
1.199681
1.329241
1.329241
1.397517
1.397517
1.299346
1.299346
1.310978
1.310978
1.319477
1.319477
1.357325
1.357325
1.192960
1.192960
1.389306
1.389306
1.278982
1.278982
1.253873
1.253873
1.384569
1.384569
1.360425
1.360425
1.313876
1.313876
1.321598
1.321598
1.214997
1.214997
1.013695
1.013695
1.246147
1.246147
1.391992
1.391992
1.262439
1.262439
1.371152
1.371152
1.219809
1.219809
1.382998
1.382998
1.078296
1.078296
1.252073
1.252073
1.353492
1.353492
1.382347
1.382347
1.206397
1.206397
1.370618
1.370618
1.357236
1.357236
1.333999
1.333999
1.396101
1.396101
1.272004
1.272004
1.388628
1.388628
1.182666
1.182666
1.341425
1.341425
1.225697
1.255701
1.225697
1.255701
1.313753
1.344208
1.313753
1.344208
1.301109
1.301109
1.305717
1.305717
1.377946
1.377946
1.232848
1.232848
1.173202
1.173202
1.245777
1.245777
1.370050
1.370050
1.239853
1.239853
1.232564
1.232564
1.310384
1.310384
1.391047
1.391047
1.237593
1.237593
1.357636
1.357636
1.387749
1.387749
1.266434
1.266434
1.378239
1.378239
1.200239
1.200239
1.381345
1.381345
1.278663
1.278663
1.332171
1.332171
1.327674
1.327674
1.110667
1.110667
1.348548
1.348548
1.317705
1.317705
1.305952
1.305952
1.138099
1.138099
1.325370
1.325370
1.384655
1.384655
1.249139
1.249139
1.229880
1.229880
1.392346
1.392346
1.218088
1.218088
1.362197
1.317103
1.362197
1.317103
1.219523
1.219523
1.333367
1.333367
1.384299
1.384299
1.282332
1.282332
1.269555
1.269555
1.097796
1.097796
1.372970
1.372970
1.322261
1.322261
1.289026
1.289026
1.278446
1.278446
1.359968
1.359968
1.385605
1.385605
1.322043
1.322043
1.211561
1.211561
1.297962
1.297962
1.141525
1.141525
1.385589
1.385589
1.228908
1.228908
1.281195
1.281195
1.218857
1.218857
1.138371
1.138371
1.233686
1.233686
1.394045
1.394045
1.123310
1.123310
1.348144
1.348144
1.333841
1.333841
1.349673
1.349673
1.259633
1.259633
1.213866
1.213866
1.365575
1.365575
1.289325
1.289325
1.308520
1.308520
1.254015
1.254015
1.332077
1.332077
1.346785
1.346785
1.298173
1.298173
1.110119
1.110119
1.009585
1.009585
1.257205
1.257205
1.240736
1.240736
1.281944
1.281944
1.364919
1.364919
1.281925
1.281925
1.318295
1.318295
1.362812
1.362812
1.331462
1.331462
1.393040
1.393040
1.030471
1.030471
1.154770
1.154770
1.344029
1.344029
1.391407
1.391407
1.264769
1.264769
1.244080
1.244080
1.180677
1.180677
1.083758
1.083758
1.361473
1.361473
1.095548
1.095548
1.392902
1.392902
1.207938
1.207938
1.306514
1.306514
1.390995
1.390995
1.161659
1.161659
1.237322
1.237322
1.336814
1.336814
1.373499
1.373499
1.300550
1.300550
1.368524
1.368524
1.393593
1.393593
1.279705
1.279705
1.317492
1.317492
1.260387
1.260387
1.290857
1.290857
1.337805
1.337805
1.236889
1.236889
1.241837
1.241837
1.159415
1.159415
1.233658
1.233658
1.344132
1.344132
1.138162
1.138162
1.288018
1.288018
1.310207
1.310207
1.394377
1.394377
1.304805
1.304805
1.275544
1.275544
1.129658
1.129658
1.275519
1.275519
1.146676
1.146676
1.353233
1.353233
1.276192
1.276192
1.392431
1.392431
1.292069
1.292069
1.356776
1.356776
1.329852
1.329852
1.356858
1.356858
1.343058
1.343058
1.383787
1.383787
1.169367
1.169367
1.392245
1.392245
1.192485
1.192485
1.393559
1.393559
1.191958
1.191958
1.229413
1.229413
1.301310
1.301310
1.133205
1.133205
1.369130
1.369130
1.215223
1.215223
1.311553
1.311553
1.303368
1.303368
1.330649
1.330649
1.352138
1.132864
1.132864
1.352138
1.364278
1.364278
