1.371441
1.371441
1.382631
1.382631
1.384110
1.384110
1.312921
1.312921
1.323026
1.323026
1.363598
1.363598
1.288153
1.288153
1.348267
1.348267
1.385289
1.385289
1.338101
1.338101
1.244781
1.244781
1.270308
1.270308
1.318627
1.318627
1.115995
1.115995
1.354237
1.354237
1.223535
1.223535
1.282041
1.282041
1.169319
1.169319
1.280423
1.280423
1.279014
1.279014
1.167389
1.167389
1.276491
1.276491
1.345149
1.345149
1.165747
1.165747
1.139573
1.139573
1.045580
1.045580
1.247880
1.247880
1.032003
1.032003
1.276783
1.276783
1.310993
1.310993
1.386506
1.386506
1.045580
1.045580
1.387455
1.394063
1.387455
1.394063
1.170732
1.170732
1.342097
1.342097
1.366586
1.366586
1.336115
1.336115
1.328700
1.328700
1.185357
1.185357
1.335855
1.335855
1.149822
1.149822
1.316830
1.316830
1.280145
1.280145
1.181740
1.181740
1.264284
1.264284
1.387507
1.387507
1.352431
1.352431
1.391251
1.391251
1.151286
1.151286
1.293932
1.203123
1.203123
1.293932
1.114594
1.114594
1.364263
1.364263
1.379807
1.262781
1.379807
1.262781
1.246868
1.246868
1.297866
1.297866
1.377038
1.377038
1.306669
1.375228
1.306669
1.375228
1.252537
1.252537
1.212290
1.212290
1.152249
1.152249
1.351425
1.351425
1.383204
1.383204
1.374456
1.374456
1.258858
1.258858
1.206592
1.206592
1.365643
1.365643
1.371414
1.371414
1.310353
1.310353
1.255618
1.255618
1.393775
1.393775
1.305761
1.305761
1.245148
1.245148
1.358917
1.358917
1.094070
1.094070
1.265985
1.265985
1.356253
1.356253
1.324565
1.324565
1.169296
1.169296
1.075561
1.075561
1.020841
1.020841
1.284160
1.284160
1.176690
1.311234
1.176690
1.311234
1.344620
1.344620
1.280848
1.280848
1.109463
1.109463
1.369960
1.369960
1.155654
1.155654
1.266821
1.266821
1.369608
1.369608
1.149024
1.149024
1.362394
1.362394
1.347256
1.347256
1.184961
1.184961
1.338070
1.338070
1.185872
1.185872
1.396153
1.396153
1.352079
1.352079
1.352705
1.352705
1.212757
1.212757
1.345170
1.345170
1.376925
1.376925
1.380745
1.380745
1.314487
1.314487
1.307006
1.307006
1.381224
1.381224
1.358416
1.358416
1.187782
1.187782
1.274746
1.274746
1.388344
1.388344
1.357997
1.357997
1.312979
1.383505
1.312979
1.383505
1.391689
1.391689
1.145816
1.145816
1.252018
1.252018
1.340558
1.340558
1.313138
1.313138
1.266382
1.266382
1.368142
1.368142
1.303846
1.303846
1.128248
1.128248
1.281825
1.281825
1.281963
1.281963
1.150584
1.150584
1.203548
1.203548
1.172022
1.172022
1.296342
1.296342
1.197414
1.197414
1.315368
1.315368
1.395476
1.395476
1.047186
1.047186
1.186744
1.186744
1.356476
1.356476
1.189719
1.189719
1.333875
1.333875
1.295959
1.365010
1.295959
1.365010
1.292774
1.292774
1.376360
1.376360
1.383549
1.383549
1.216842
1.216842
1.141619
1.141619
1.092377
1.092377
1.223044
1.223044
1.107450
1.107450
1.314660
1.314660
1.118665
1.118665
1.271815
1.271815
1.256347
1.256347
1.266403
1.266403
1.245221
1.245221
1.218992
1.218992
1.396620
1.396620
1.318080
1.318080
1.381427
1.381427
1.383760
1.383760
1.228367
1.228367
1.156249
1.156249
1.278401
1.278401
1.392451
1.392451
1.114305
1.114305
1.128852
1.128852
1.365054
1.365054
1.233041
1.233041
1.393926
1.393926
1.061646
1.061646
1.207693
1.207693
1.215530
1.215530
1.194003
1.194003
1.205087
1.205087
1.268177
1.268177
1.369892
1.369892
1.398697
1.398697
1.193517
1.193517
1.139114
1.139114
1.386255
1.386255
1.331056
1.331056
1.156755
1.156755
1.322941
1.322941
1.204345
1.204345
1.337667
1.337667
1.341282
1.341282
1.093901
1.093901
1.371384
1.371384
1.144046
1.144046
1.335896
1.335896
1.264423
1.264423
1.309280
1.309280
1.281633
1.281633
1.328040
1.394179
1.394179
1.328040
1.337401
1.337401
1.297766
1.297766
1.315313
1.315313
1.234170
1.234170
1.272719
1.272719
1.264727
1.264727
1.221686
1.221686
1.297561
1.297561
1.267529
1.267529
1.303341
1.303341
1.148239
1.148239
1.277560
1.277560
1.225423
1.225423
1.299099
1.299099
1.289805
1.289805
1.336630
1.336630
1.179810
1.179810
1.348141
1.348141
1.225298
1.225298
1.344172
1.344172
1.141878
1.141878
1.320057
1.320057
1.132846
1.132846
1.346886
1.346886
1.354629
1.354629
1.327526
1.327526
1.241255
1.241255
1.124777
1.124777
1.288109
1.288109
1.271624
1.271624
1.304574
1.304574
1.201647
1.201647
1.280271
1.280271
1.354159
1.354159
1.383434
1.383434
1.287590
1.287590
1.267571
1.267571
1.034908
1.034908
1.107475
1.107475
1.301579
1.301579
1.116857
1.116857
1.348247
1.348247
1.345901
1.345901
1.163260
1.163260
1.224532
1.224532
1.371541
1.371541
1.379272
1.379272
1.209218
1.209218
1.228874
1.228874
1.249940
1.249940
1.310546
1.310546
1.363548
1.363548
1.318564
1.318564
1.333371
1.333371
1.357373
1.357373
1.153074
1.153074
1.266407
1.266407
