1.359836
1.359836
1.375173
1.375173
1.223542
1.223542
1.258535
1.258535
1.314230
1.314230
1.240744
1.240744
1.333822
1.333822
1.398640
1.398640
1.382939
1.382939
1.104740
1.104740
1.395439
1.395439
1.396326
1.396326
1.266593
1.266593
1.325120
1.325120
1.345161
1.345161
1.396478
1.396478
1.218241
1.218241
1.359842
1.359842
1.143632
1.212011
1.143632
1.212011
1.334709
1.334709
1.339895
1.339895
1.274790
1.274790
1.305261
1.305261
1.042648
1.042648
1.391799
1.391799
1.271015
1.271015
1.259923
1.259923
1.374044
1.374044
1.150995
1.150995
1.347387
1.347387
1.204660
1.204660
1.183442
1.183442
1.317527
1.317527
1.376408
1.376408
1.267996
1.267996
1.396098
1.396098
1.261310
1.261310
1.341556
1.341556
1.241125
1.241125
1.308942
1.308942
1.289865
1.289865
1.326669
1.326669
1.395541
1.395541
1.193360
1.193360
1.146448
1.146448
1.334796
1.334796
1.394283
1.394283
1.372386
1.372386
1.290577
1.290577
1.337959
1.305355
1.305355
1.337959
1.399345
1.399345
1.214395
1.214395
1.212689
1.212689
1.188654
1.193976
1.188654
1.193976
1.224115
1.224115
1.298599
1.298599
1.389676
1.389676
1.393913
1.393913
1.178298
1.178298
1.206731
1.206731
1.357235
1.357235
1.356151
1.356151
1.368565
1.368565
1.361470
1.361470
1.361513
1.361513
1.243462
1.243462
1.370675
1.370675
1.327251
1.327251
1.258062
1.258062
1.165669
1.165669
1.346395
1.346395
1.279555
1.279555
1.281713
1.281713
1.336006
1.336006
1.093288
1.093288
1.378626
1.378626
1.299528
1.299528
1.267182
1.267182
1.267144
1.267144
1.359527
1.359527
1.103414
1.103414
1.312750
1.312750
1.365300
1.365300
1.352453
1.311837
1.352453
1.311837
1.289876
1.289876
1.208395
1.208395
1.362237
1.362237
1.266766
1.266766
1.341638
1.341638
1.178683
1.178683
1.280860
1.280860
1.312127
1.312127
1.390324
1.390324
1.363262
1.363262
1.242641
1.242641
1.399895
1.399895
1.328873
1.328873
1.212047
1.212047
1.376576
1.376576
1.372771
1.372771
1.327405
1.327405
1.396573
1.396573
1.227689
1.227689
1.346021
1.346021
1.371720
1.371720
1.067462
1.067462
1.275633
1.275633
1.349354
1.349354
1.190241
1.190241
1.341196
1.341196
1.356054
1.356054
1.338541
1.389297
1.389297
1.338541
1.210914
1.210914
1.391086
1.391086
1.262979
1.262979
1.388203
1.388203
1.362335
1.362335
1.355992
1.355992
1.234074
1.234074
1.390038
1.390038
1.133189
1.133189
1.303118
1.303118
1.370094
1.370094
1.395460
1.395460
1.278252
1.278252
1.215279
1.215279
1.389114
1.389114
1.133184
1.133184
1.267923
1.267923
1.048033
1.048033
1.274955
1.274955
1.384669
1.384669
1.382929
1.382929
1.275669
1.275669
1.326934
1.326934
1.395236
1.395236
1.295922
1.295922
1.325180
1.325180
1.391263
1.391263
1.300348
1.300348
1.387902
1.387902
1.384593
1.384593
1.247700
1.247700
1.274552
1.274552
1.323427
1.323427
1.363147
1.363147
1.317449
1.317449
1.352546
1.352546
1.204327
1.204327
1.260772
1.260772
1.211206
1.211206
1.274745
1.274745
1.342939
1.342939
1.308315
1.308315
1.364866
1.364866
1.172101
1.172101
1.250666
1.250666
1.332577
1.332577
1.240046
1.240046
1.359379
1.359379
1.270635
1.270635
1.365141
1.365141
1.215702
1.215702
1.165271
1.165271
1.341835
1.341835
1.363423
1.363423
1.359181
1.359181
1.184166
1.184166
1.254714
1.254714
1.337149
1.337149
1.344336
1.344336
1.197549
1.254871
1.254871
1.197549
1.203059
1.203059
1.384907
1.306897
1.384907
1.306897
1.379322
1.379322
1.203490
1.203490
1.376492
1.376492
1.340269
1.340269
1.123358
1.123358
1.353148
1.353148
1.326943
1.326943
1.206238
1.206238
1.172419
1.172419
1.067319
1.067319
1.202179
1.202179
1.391508
1.391508
1.367332
1.367332
1.192208
1.192208
1.235798
1.235798
1.217652
1.217652
1.338911
1.338911
1.245938
1.245938
1.370714
1.370714
1.307506
1.307506
1.320527
1.320527
1.251941
1.251941
1.212763
1.212763
1.296059
1.296059
1.239720
1.239720
1.270776
1.270776
1.306549
1.306549
1.370237
1.370237
1.313185
1.313185
1.389581
1.389581
1.126214
1.126214
1.309068
1.309068
1.178273
1.178273
1.395170
1.395170
1.349240
1.349240
1.381477
1.381477
1.349873
1.349873
1.360966
1.360966
1.361285
1.361285
1.219060
1.219060
1.376942
1.376942
1.398364
1.398364
1.351533
1.351533
1.377291
1.377291
1.236700
1.236700
1.291342
1.291342
1.153626
1.153626
1.277234
1.277234
1.035219
1.035219
1.171169
1.171169
1.270746
1.270746
1.239203
1.239203
1.305360
1.305360
1.264277
1.264277
1.344059
1.344059
1.374226
1.374226
1.299897
1.299897
1.182068
1.182068
1.166025
1.166025
1.235830
1.235830
1.249869
1.249869
1.257327
1.257327
1.329981
1.329981
1.310313
1.310313
1.275865
1.275865
1.393082
1.393082
1.397049
1.397049
1.368676
1.368676
1.226050
1.226050
1.356571
1.356571
1.250048
1.250048
1.361775
1.361775
1.175959
1.175959
1.207763
1.207763
1.320840
1.320840
1.007942
1.007942
1.395966
1.395966
1.332816
1.332816
1.385360
1.385360
1.250361
1.250361
1.311213
1.311213
1.309028
1.309028
1.247968
1.247968
1.201631
1.201631
1.276890
1.276890
1.255311
1.255311
1.182105
1.182105
1.387064
1.387064
1.275891
1.275891
1.286559
1.286559
1.159441
1.159441
1.009701
1.009701
1.117412
1.117412
1.281163
1.281163
1.357239
1.357239
1.366926
1.366926
1.285096
1.285096
1.379288
1.379288
1.141791
1.141791
1.374492
1.374492
1.215740
1.215740
1.160148
1.160148
1.117069
1.117069
1.386204
1.386204
1.354181
1.354181
1.363837
1.363837
