1.361012
1.361012
1.081042
1.081042
1.357203
1.357203
1.335446
1.335446
1.293842
1.293842
1.368067
1.368067
1.386372
1.386372
1.346993
1.346993
1.377814
1.377814
1.389341
1.389341
1.246254
1.371289
1.371289
1.246254
1.389813
1.389813
1.384306
1.152659
1.384306
1.152659
1.398414
1.398414
1.320050
1.320050
1.193685
1.193685
1.337685
1.337685
1.309342
1.309342
1.228704
1.228704
1.192211
1.192211
1.105323
1.105323
1.258564
1.258564
1.302372
1.302372
1.257565
1.257565
1.202147
1.202147
1.384911
1.384911
1.382673
1.382673
1.180050
1.180050
1.363616
1.363616
1.198897
1.198897
1.375957
1.375957
1.105670
1.105670
1.108767
1.108767
1.395785
1.395785
1.302977
1.302977
1.329087
1.329087
1.327348
1.327348
1.370127
1.370127
1.123180
1.123180
1.344165
1.344165
1.396158
1.396158
1.265227
1.265227
1.367177
1.367177
1.363084
1.363084
1.382447
1.382447
1.065194
1.065194
1.270738
1.270738
1.375564
1.375564
1.190382
1.190382
1.375861
1.375861
1.396192
1.396192
1.327254
1.327254
1.387390
1.387390
1.335444
1.335444
1.250688
1.250688
1.188140
1.188140
1.217228
1.217228
1.342273
1.342273
1.395583
1.395583
1.220318
1.220318
1.203049
1.203049
1.167520
1.167520
1.323454
1.323454
1.338200
1.338200
1.277725
1.277725
1.367853
1.367853
1.062290
1.062290
1.321340
1.321340
1.272225
1.272225
1.355360
1.355360
1.124521
1.124521
1.366394
1.366394
1.359161
1.359161
1.391332
1.391332
1.367145
1.367145
1.344036
1.344036
1.265831
1.265831
1.357357
1.357357
1.189942
1.189942
1.199573
1.199573
1.298292
1.298292
1.227752
1.227752
1.304705
1.304705
1.360802
1.360802
1.294679
1.294679
1.315487
1.315487
1.154424
1.154424
1.394551
1.394551
1.233036
1.233036
1.107409
1.107409
1.302605
1.302605
1.353959
1.353959
1.352863
1.352863
1.374444
1.374444
1.200749
1.200749
1.398391
1.398391
1.154698
1.154698
1.387051
1.387051
1.137893
1.137893
1.391897
1.391897
1.373218
1.373218
1.282662
1.282662
1.089354
1.089354
1.203063
1.203063
1.322101
1.322101
1.321596
1.321596
1.240083
1.240083
1.395916
1.395916
1.361753
1.361753
1.203351
1.203351
1.298336
1.298336
1.226744
1.226744
1.296939
1.296939
1.262066
1.262066
1.392407
1.392407
1.307658
1.307658
1.233834
1.233834
1.374139
1.374139
1.177133
1.177133
1.369821
1.369821
1.362395
1.362395
1.285856
1.285856
1.297382
1.297382
1.371678
1.371678
1.331243
1.331243
1.360294
1.360294
1.290268
1.290268
1.089999
1.089999
1.279501
1.279501
1.351374
1.351374
1.334071
1.334071
1.343860
1.343860
1.187516
1.187516
1.370100
1.370100
1.247400
1.247400
1.349454
1.349454
1.019176
1.019176
1.355249
1.355249
1.389198
1.389198
1.377726
1.377726
1.354338
1.354338
1.345126
1.345126
1.389540
1.389540
1.197631
1.197631
1.286656
1.286656
1.342157
1.342157
1.208731
1.208731
1.087530
1.087530
1.130988
1.130988
1.198717
1.198717
1.314733
1.314733
1.206449
1.206449
1.385212
1.385212
1.240782
1.240782
1.308290
1.308290
1.379678
1.379678
1.314883
1.314883
1.384991
1.384991
1.257367
1.257367
1.395412
1.395412
1.258864
1.258864
1.192599
1.192599
1.215608
1.215608
1.314574
1.314574
1.169747
1.169747
1.194521
1.194521
1.185001
1.185001
1.385300
1.385300
1.335984
1.335984
1.277951
1.277951
1.201438
1.201438
1.385251
1.385251
1.053321
1.053321
1.250975
1.250975
1.317160
1.317160
1.399616
1.399616
1.297257
1.336814
1.297257
1.336814
1.179069
1.179069
1.399616
1.399616
1.086248
1.086248
1.371299
1.371299
1.332279
1.332279
1.243093
1.243093
1.394410
1.394410
1.382419
1.382419
1.298442
1.298442
1.288238
1.288238
1.346431
1.346431
1.300049
1.300049
1.351987
1.351987
1.393343
1.393343
1.340241
1.340241
1.333350
1.333350
1.198751
1.198751
1.258746
1.258746
1.297928
1.297928
1.243536
1.243536
1.392667
1.392667
1.156485
1.156485
1.290408
1.290408
1.394363
1.394363
1.257903
1.257903
1.195599
1.195599
1.145587
1.145587
1.386117
1.386117
1.351262
1.351262
1.376454
1.376454
1.252070
1.252070
1.232641
1.232641
1.252151
1.252151
1.308534
1.308534
1.096983
1.096983
1.324398
1.324398
1.268499
1.268499
1.118031
1.118031
1.134947
1.134947
1.336940
1.336940
1.395389
1.395389
1.128304
1.128304
1.312278
1.312278
1.370223
1.370223
1.205069
1.205069
1.080522
1.080522
1.155905
1.155905
1.237621
1.237621
1.302318
1.302318
1.317598
1.317598
1.385553
1.385553
1.260826
1.260826
1.116397
1.116397
1.351167
1.351167
1.394136
1.394136
1.384508
1.384508
1.340182
1.340182
1.133301
1.133301
1.273598
1.273598
1.264948
1.264948
1.119818
1.119818
1.335302
1.335302
1.255285
1.255285
1.362658
1.362658
1.156445
1.156445
1.252094
1.252094
1.373666
1.373666
1.231673
1.231673
1.097251
1.097251
1.392450
1.392450
1.378872
1.378872
1.267854
1.267854
1.186036
1.186036
1.210406
1.210406
1.310482
1.310482
1.329427
1.329427
1.390809
1.390809
1.310422
1.310422
1.334924
1.334924
1.063187
1.063187
1.372623
1.372623
1.242361
1.242361
1.305796
1.305796
1.321727
1.321727
1.192967
1.192967
1.151777
1.151777
1.243481
1.243481
1.349032
1.349032
1.372055
1.372055
1.323202
1.323202
1.329161
1.329161
1.223169
1.223169
1.343269
1.343269
1.353096
1.353096
1.380726
1.380726
1.181992
1.181992
1.326029
1.326029
1.288680
1.288680
1.339049
1.339049
1.311407
1.311407
1.372648
1.372648
1.397857
1.397857
1.365411
1.365411
1.389886
1.389886
1.191143
1.191143
1.210289
1.210289
1.343248
1.343248
1.291292
1.291292
1.272151
1.272151
1.280613
1.280613
1.351608
1.351608
1.260759
1.260759
1.222228
1.222228
1.335975
1.335975
1.338288
1.338288
1.265843
1.265843
