1.261759
1.261759
1.191875
1.191875
1.386107
1.386107
1.305113
1.305113
1.153858
1.153858
1.206160
1.206160
1.380269
1.380269
1.368171
1.368171
1.395282
1.395282
1.214386
1.214386
1.355818
1.355818
1.171394
1.221949
1.171394
1.221949
1.341818
1.341818
1.270973
1.270973
1.296788
1.296788
1.394903
1.394903
1.280045
1.280045
1.274248
1.274248
1.324792
1.324792
1.367370
1.367370
1.295190
1.295190
1.089633
1.089633
1.353261
1.353261
1.371846
1.371846
1.368737
1.368737
1.327617
1.327617
1.267180
1.267180
1.105932
1.105932
1.288667
1.288667
1.353053
1.353053
1.366735
1.366735
1.323860
1.323860
1.363046
1.363046
1.187443
1.187443
1.371328
1.371328
1.258461
1.258461
1.360296
1.360296
1.110822
1.110822
1.170073
1.170073
1.166920
1.166920
1.292724
1.292724
1.344138
1.344138
1.138325
1.138325
1.219418
1.219418
1.330039
1.330039
1.368138
1.368138
1.212042
1.307092
1.212042
1.307092
1.289076
1.289076
1.316996
1.316996
1.399122
1.399122
1.043805
1.043805
1.274892
1.274892
1.257263
1.257263
1.303298
1.303298
1.297753
1.297753
1.388510
1.388510
1.152954
1.152954
1.378799
1.378799
1.396819
1.396819
1.285405
1.285405
1.224407
1.224407
1.125761
1.125761
1.228714
1.228714
1.271755
1.271755
1.323458
1.323458
1.063842
1.063842
1.251073
1.251073
1.348308
1.348308
1.379276
1.379276
1.396918
1.396918
1.314935
1.314935
1.278522
1.278522
1.344593
1.344593
1.220389
1.220389
1.379622
1.379622
1.160867
1.160867
1.343936
1.343936
1.259695
1.259695
1.130248
1.130248
1.224901
1.224901
1.291656
1.291656
1.358024
1.358024
1.189826
1.189826
1.394120
1.394120
1.268572
1.268572
1.398443
1.398443
1.092221
1.092221
1.183685
1.183685
1.304169
1.304169
1.315251
1.315251
1.283100
1.283100
1.254309
1.254309
1.143929
1.143929
1.275384
1.275384
1.305787
1.305787
1.328062
1.328062
1.287466
1.287466
1.299191
1.299191
1.317064
1.317064
1.074487
1.074487
1.042857
1.042857
1.310533
1.310533
1.343452
1.343452
1.384264
1.384264
1.173355
1.173355
1.386958
1.386958
1.362704
1.362704
1.379357
1.379357
1.397756
1.397756
1.269091
1.269091
1.329639
1.329639
1.257453
1.257453
1.300659
1.300659
1.220165
1.220165
1.300741
1.300741
1.224024
1.224024
1.387291
1.387291
1.288930
1.288930
1.261344
1.261344
1.357962
1.357962
1.337948
1.337948
1.369229
1.369229
1.314597
1.314597
1.321884
1.321884
1.024361
1.024361
1.283880
1.283880
1.384461
1.384461
1.294745
1.294745
1.211406
1.211406
1.388087
1.388087
1.233078
1.233078
1.360343
1.363272
1.360343
1.363272
1.290307
1.290307
1.368624
1.368624
1.397292
1.397292
1.386160
1.386160
1.375268
1.375268
1.058819
1.058819
1.251521
1.251521
1.301496
1.301496
1.137240
1.137240
1.392077
1.392077
1.396136
1.396136
1.375748
1.375748
1.162317
1.162317
1.324522
1.324522
1.206771
1.206771
1.340295
1.340295
1.336258
1.336258
1.356206
1.356206
1.236334
1.236334
1.336162
1.336162
1.215412
1.215412
1.212966
1.212966
1.211008
1.211008
1.337058
1.337058
1.332947
1.332947
1.317304
1.317304
1.264935
1.264935
1.272105
1.272105
1.259979
1.259979
1.361163
1.361163
1.392668
1.392668
1.357390
1.357390
1.257010
1.257010
1.262245
1.326833
1.326833
1.262245
1.373100
1.373100
1.390327
1.390327
1.303959
1.303959
1.370141
1.370141
1.253318
1.253318
1.121920
1.121920
1.294269
1.294269
1.121869
1.121869
1.239335
1.239335
1.379307
1.379307
1.301480
1.301480
1.279015
1.279015
1.326738
1.326738
1.350275
1.350275
1.383602
1.383602
1.316431
1.316431
1.273824
1.273824
1.306221
1.306221
1.204442
1.204442
1.326689
1.326689
1.374934
1.374934
1.321778
1.399125
1.399125
1.321778
1.376375
1.376375
1.218396
1.218396
1.388066
1.388066
1.365623
1.365623
1.349777
1.349777
1.334870
1.334870
1.306318
1.306318
1.195949
1.195949
1.205009
1.205009
1.231158
1.231158
1.214005
1.214005
1.352083
1.352083
1.223529
1.223529
1.379034
1.379034
1.379218
1.379218
1.358016
1.358016
1.352569
1.352569
1.115637
1.115637
1.239935
1.239935
