1.354435
1.354435
1.340861
1.340861
1.279859
1.279859
1.289100
1.289100
1.383358
1.383358
1.312383
1.312383
1.214736
1.214736
1.268187
1.268187
1.167058
1.167058
1.362473
1.362473
1.378815
1.378815
1.264092
1.264092
1.168944
1.168944
1.389701
1.389701
1.360082
1.360082
1.314825
1.314825
1.333291
1.333291
1.121856
1.121856
1.366882
1.366882
1.318049
1.318049
1.377300
1.377300
1.181806
1.181806
1.266831
1.266831
1.062709
1.062709
1.116659
1.116659
1.377697
1.377697
1.358947
1.358947
1.225950
1.225950
1.276884
1.276884
1.275561
1.275561
1.252664
1.351720
1.252664
1.351720
1.330782
1.330782
1.325176
1.325176
1.097295
1.097295
1.264407
1.264407
1.323877
1.323877
1.153417
1.153417
1.322413
1.322413
1.327347
1.274249
1.274249
1.327347
1.300395
1.300395
1.328352
1.328352
1.301224
1.301224
1.375742
1.375742
1.399135
1.399135
1.388585
1.388585
1.291989
1.291989
1.285834
1.285834
1.244697
1.244697
1.368254
1.368254
1.270386
1.270386
1.349334
1.349334
1.376371
1.376371
1.113144
1.113144
1.384063
1.384063
1.133373
1.133373
1.337214
1.337214
1.364406
1.364406
1.390296
1.390296
1.332452
1.332452
1.367090
1.367090
1.343725
1.343725
1.386236
1.386236
1.211195
1.211195
1.101487
1.101487
1.368508
1.368508
1.370490
1.370490
1.191339
1.191339
1.365971
1.365971
1.161040
1.161040
1.398126
1.398126
1.355894
1.355894
1.336326
1.336326
1.265084
1.265084
1.221372
1.221372
1.364997
1.364997
1.349778
1.349778
1.355995
1.355995
1.209581
1.209581
1.252467
1.252467
1.201460
1.201460
1.267360
1.267360
1.281363
1.281363
1.315183
1.315183
1.379602
1.379602
1.037914
1.037914
1.311554
1.311554
1.326429
1.326429
1.163216
1.163216
1.281073
1.281073
1.209431
1.209431
1.135795
1.135795
1.336554
1.336554
1.085123
1.085123
1.306774
1.306774
1.319959
1.319959
1.374384
1.374384
1.184034
1.184034
1.316531
1.316531
1.194675
1.194675
1.303633
1.303633
1.256477
1.256477
1.385576
1.385576
1.339635
1.339635
1.167965
1.167965
1.284488
1.284488
1.278753
1.278753
1.358083
1.358083
1.372581
1.372581
1.228316
1.228316
1.218219
1.218219
1.337898
1.337898
1.341095
1.341095
1.356461
1.356461
1.388444
1.388444
1.398413
1.398413
1.370424
1.370424
1.279171
1.279171
1.195249
1.195249
1.349881
1.349881
1.390282
1.390282
1.202335
1.202335
1.335228
1.335228
1.346958
1.346958
1.319620
1.319620
1.224919
1.224919
1.184889
1.184889
1.368790
1.368790
1.283974
1.283974
1.264637
1.264637
1.251898
1.251898
1.308007
1.308007
1.100321
1.100321
1.329162
1.329162
1.296142
1.296142
1.207617
1.207617
1.190369
1.190369
1.245038
1.245038
1.393934
1.393934
1.361803
1.361803
1.357409
1.357409
1.378906
1.378906
1.346362
1.346362
1.206926
1.206926
1.263253
1.263253
1.390339
1.390339
1.290413
1.290413
1.150667
1.150667
1.307520
1.307520
1.386515
1.386515
1.253149
1.253149
1.285876
1.285876
1.147084
1.147084
1.310932
1.310932
1.374958
1.374958
1.262904
1.262904
1.242710
1.242710
1.106630
1.106630
1.331764
1.331764
1.368035
1.368035
1.289946
1.289946
1.396742
1.396742
1.314416
1.314416
1.357078
1.357078
1.198371
1.198371
1.393903
1.393903
1.243818
1.243818
1.364463
1.364463
1.370455
1.370455
1.222578
1.222578
1.046098
1.046098
1.310996
1.310996
1.395699
1.395699
1.237303
1.237303
1.383458
1.383458
1.385453
1.292755
1.385453
1.292755
1.340811
1.340811
1.258983
1.258983
1.341203
1.341203
1.392627
1.392627
1.266091
1.266091
1.375799
1.375799
1.393560
1.393560
1.252111
1.252111
1.143590
1.143590
1.327043
1.327043
1.238280
1.238280
1.368037
1.368037
1.282299
1.282299
1.081009
1.081009
1.337774
1.337774
1.168163
1.168163
1.153172
1.153172
1.343559
1.343559
1.034979
1.034979
1.174934
1.174934
1.201890
1.201890
1.327906
1.327906
1.168612
1.168612
1.172923
1.172923
1.155493
1.155493
1.214791
1.214791
1.134492
1.134492
1.239624
1.239624
1.251887
1.251887
1.324020
1.324020
1.388142
1.388142
1.337048
1.337048
1.302819
1.302819
1.259526
1.259526
1.240772
1.240772
1.250961
1.250961
1.178147
1.178147
1.216639
1.216639
1.322604
1.322604
1.306818
1.306818
1.343182
1.343182
1.397712
1.397712
1.384193
1.384193
1.293540
1.293540
1.301661
1.301661
1.259826
1.259826
1.202257
1.202257
1.354757
1.354757
1.391024
1.391024
1.297096
1.297096
1.395529
1.395529
1.215861
1.215861
1.290110
1.290110
1.278471
1.278471
1.332545
1.332545
1.339124
1.339124
1.036739
1.036739
1.396034
1.396034
1.151912
1.151912
1.385132
1.385132
1.172801
1.172801
1.226747
1.226747
1.381564
1.381564
1.309122
1.309122
1.388136
1.388136
1.231723
1.231723
1.258215
1.258215
1.270434
1.270434
1.329636
1.329636
1.054970
1.054970
1.386836
1.386836
1.305980
1.305980
1.309912
1.309912
