1.397404
1.397404
1.330394
1.330394
1.214204
1.214204
1.373170
1.373170
1.304389
1.304389
1.226217
1.226217
1.214972
1.214972
1.207185
1.207185
1.369975
1.369975
1.371774
1.371774
1.347229
1.347229
1.357613
1.357613
1.012661
1.012661
1.384131
1.384131
1.075693
1.075693
1.371048
1.371048
1.398719
1.398719
1.178042
1.178042
1.016292
1.016292
1.392903
1.392903
1.330256
1.330256
1.386540
1.386540
1.371959
1.371959
1.214978
1.214978
1.329459
1.329459
1.271844
1.271844
1.009641
1.009641
1.332238
1.332238
1.313386
1.313386
1.385103
1.385103
1.329103
1.329103
1.349157
1.349157
1.248016
1.248016
1.352653
1.352653
1.346764
1.346764
1.365645
1.365645
1.336875
1.336875
1.395479
1.395479
1.218643
1.218643
1.178094
1.178094
1.298961
1.298961
1.338598
1.338598
1.303145
1.303145
1.242989
1.242989
1.345611
1.372035
1.372035
1.345611
1.192888
1.192888
1.377982
1.377982
1.348038
1.348038
1.354517
1.354517
1.169562
1.169562
1.392779
1.392779
1.201070
1.201070
1.369615
1.369615
1.098249
1.098249
1.326737
1.326737
1.303988
1.303988
1.094032
1.094032
1.164752
1.164752
1.395550
1.395550
1.195655
1.195655
1.205389
1.205389
1.359091
1.359091
1.248814
1.248814
1.380618
1.380618
1.324246
1.324246
1.083496
1.083496
1.291378
1.291378
1.382288
1.382288
1.339121
1.339121
1.393484
1.393484
1.357933
1.357933
1.386100
1.386100
1.352568
1.352568
1.129637
1.129637
1.362189
1.362189
1.352727
1.352727
1.245723
1.245723
1.250152
1.250152
1.081280
1.081280
1.022908
1.022908
1.117033
1.117033
1.278925
1.278925
1.084235
1.084235
1.370458
1.370458
1.068482
1.068482
1.190891
1.190891
1.323857
1.323857
1.392205
1.392205
1.339493
1.339493
1.264909
1.264909
1.367116
1.367116
1.325628
1.325628
1.222669
1.222669
1.162568
1.162568
1.282688
1.282688
1.279640
1.279640
1.356612
1.356612
1.146625
1.146625
1.111611
1.111611
1.115686
1.115686
1.287599
1.287599
1.312832
1.312832
1.268720
1.268720
1.370605
1.370605
1.303575
1.303575
1.379618
1.172894
1.379618
1.172894
1.394549
1.394549
1.302943
1.302943
1.357483
1.357483
1.180872
1.180872
1.278180
1.278180
1.254992
1.254992
1.318370
1.318370
1.396589
1.396589
1.269697
1.269697
1.183010
1.183010
1.020346
1.020346
1.140649
1.140649
1.315748
1.315748
1.384348
1.384348
1.386450
1.386450
1.328422
1.328422
1.351869
1.351869
1.361355
1.361355
1.234657
1.234657
1.371500
1.371500
1.034386
1.034386
1.338761
1.338761
1.236085
1.236085
1.383221
1.383221
1.351319
1.351319
1.392465
1.392465
1.357009
1.357009
1.311461
1.311461
1.377104
1.377104
1.239596
1.239596
1.345437
1.345437
1.379356
1.379356
1.377336
1.377336
1.208760
1.208760
1.374668
1.374668
1.150396
1.150396
1.199288
1.199288
1.354348
1.354348
1.368749
1.368749
1.309367
1.309367
1.284349
1.284349
1.244635
1.244635
1.144133
1.144133
1.385607
1.385607
1.336533
1.336533
1.374354
1.374354
1.329824
1.329824
1.396728
1.396728
1.331074
1.331074
1.271996
1.271996
1.308041
1.308041
1.129350
1.129350
1.115246
1.115246
1.308757
1.308757
1.299985
1.299985
1.231647
1.231647
1.323646
1.323646
1.289914
1.289914
1.397246
1.397246
1.393795
1.393795
1.309111
1.309111
1.139086
1.139086
1.375598
1.375598
1.271258
1.271258
1.188010
1.188010
1.164898
1.164898
1.323153
1.323153
1.303672
1.303672
1.368340
1.368340
1.341829
1.341829
1.241546
1.241546
1.264959
1.264959
1.377784
1.377784
1.362926
1.362926
