1.338689
1.338689
1.373600
1.373600
1.343750
1.343750
1.151523
1.151523
1.382655
1.382655
1.072714
1.072714
1.233177
1.233177
1.285654
1.285654
1.370432
1.370432
1.381091
1.381091
1.398272
1.398272
1.239709
1.239709
1.347263
1.347263
1.386040
1.386040
1.134412
1.134412
1.318824
1.318824
1.331697
1.331697
1.300022
1.300022
1.227365
1.227365
1.395067
1.395067
1.373515
1.373515
1.118223
1.065875
1.118223
1.065875
1.289519
1.289519
1.319547
1.319547
1.175110
1.175110
1.343447
1.343447
1.162844
1.162844
1.362209
1.362209
1.140607
1.140607
1.289127
1.397343
1.370946
1.289127
1.397343
1.370946
1.322231
1.322231
1.251028
1.251028
1.283908
1.283908
1.302692
1.302692
1.143510
1.143510
1.367776
1.367776
1.355934
1.355934
1.218934
1.218934
1.259841
1.259841
1.092393
1.092393
1.396875
1.396875
1.325601
1.325601
1.198577
1.198577
1.327862
1.327862
1.204391
1.204391
1.368027
1.368027
1.093581
1.093581
1.285149
1.285149
1.245197
1.245197
1.226526
1.226526
1.271902
1.271902
1.112214
1.112214
1.352026
1.352026
1.346255
1.346255
1.360396
1.360396
1.203618
1.203618
1.196679
1.196679
1.257506
1.282035
1.282035
1.257506
1.153412
1.153412
1.382277
1.382277
1.394309
1.394309
1.386343
1.386343
1.387071
1.387071
1.368125
1.368125
1.390952
1.390952
1.375647
1.375647
1.391502
1.391502
1.124623
1.124623
1.297924
1.297924
1.317777
1.317777
1.360178
1.360178
1.371788
1.371788
1.321671
1.321671
1.309341
1.309341
1.352719
1.352719
1.387431
1.387431
1.280877
1.280877
1.338257
1.338257
1.255117
1.255117
1.370631
1.374003
1.374003
1.370631
1.235566
1.235566
1.391322
1.391322
1.384468
1.384468
1.383279
1.383279
1.295666
1.295666
1.396023
1.396023
1.310270
1.310270
1.338366
1.338366
1.099917
1.099917
1.347018
1.347018
1.282959
1.282959
1.373199
1.373199
1.382254
1.382254
1.324474
1.324474
1.397468
1.397468
1.344937
1.344937
1.217916
1.217916
1.244094
1.244094
1.368688
1.368688
1.154457
1.154457
1.135100
1.135100
1.393887
1.393887
1.277947
1.277947
1.388547
1.388547
1.270377
1.270377
1.298585
1.298585
1.394620
1.394620
1.278127
1.278127
1.258438
1.258438
1.383641
1.383641
1.358857
1.358857
1.192050
1.189457
1.189457
1.192050
1.368427
1.368427
1.315934
1.315934
1.229440
1.229440
1.391093
1.391093
1.399801
1.399801
1.382545
1.382545
1.174894
1.174894
1.044845
1.044845
1.394252
1.394252
1.305007
1.305007
1.360965
1.360965
1.288301
1.288301
1.323179
1.323179
1.104938
1.104938
1.308141
1.308141
1.383322
1.383322
1.189095
1.189095
1.382538
1.382538
1.306603
1.306603
1.321660
1.321660
1.161866
1.161866
1.312054
1.312054
1.097732
1.097732
1.308706
1.308706
1.394059
1.394059
1.371791
1.371791
1.391248
1.391248
1.368059
1.368059
1.269791
1.269791
1.370816
1.370816
1.375961
1.375961
1.268159
1.268159
1.392897
1.392897
1.313831
1.313831
1.282253
1.387395
1.387395
1.282253
1.193574
1.193574
1.370682
1.370682
1.347026
1.347026
1.119484
1.119484
1.382808
1.382808
1.398647
1.398647
1.273422
1.273422
1.297258
1.297258
1.386338
1.386338
1.243156
1.243156
1.262412
1.262412
1.206927
1.206927
1.308984
1.308984
1.353654
1.353654
1.119085
1.119085
1.348324
1.348324
1.290301
1.290301
1.325293
1.325293
1.393221
1.393221
1.295118
1.295118
1.104161
1.104161
1.381612
1.381612
1.320272
1.320272
1.304223
1.304223
1.308681
1.308681
1.068799
1.068799
1.356220
1.356220
1.396249
1.396249
1.381929
1.381929
1.335484
1.335484
1.269621
1.269621
1.335032
1.335032
1.114726
1.114726
1.040261
1.040261
1.348104
1.348104
1.399810
1.399810
1.371430
1.371430
1.083044
1.083044
1.395833
1.395833
1.220717
1.220717
1.170421
1.170421
1.314963
1.314963
1.309110
1.309110
1.153564
1.153564
1.319927
1.319927
1.370634
1.370634
1.320661
1.320661
1.306593
1.306593
1.353918
1.353918
1.306235
1.306235
1.293597
1.293597
1.347808
1.347808
1.059699
1.059699
1.237050
1.237050
1.357642
1.357642
1.308791
1.308791
1.348982
1.348982
1.317326
1.317326
1.314968
1.314968
1.293369
1.293369
1.359060
1.359060
1.387649
1.387649
1.296208
1.296208
1.370966
1.370966
1.284394
1.284394
1.388450
1.388450
1.358135
1.358135
1.328087
1.328087
1.349003
1.349003
1.342876
1.342876
1.132336
1.132336
1.275222
1.275222
1.041105
1.041105
1.398086
1.398086
1.241215
1.241215
1.387203
1.387203
1.102105
1.102105
1.036834
1.036834
1.363036
1.363036
1.391992
1.391992
1.196684
1.196684
1.373017
1.373017
1.087068
1.087068
1.236235
1.236235
1.364580
1.364580
1.269387
1.269387
1.319677
1.319677
1.132365
1.132365
1.135882
1.135882
1.150569
1.150569
1.293079
1.293079
1.324803
1.324803
1.118380
1.118380
1.304277
1.304277
1.200984
1.200984
1.358362
1.358362
1.294999
1.294999
1.372827
1.372827
1.392559
1.392559
1.396137
1.396137
1.334996
1.334996
1.307595
1.307595
1.334194
1.334194
1.354237
1.354237
1.308660
1.308660
1.345729
1.345729
1.325948
1.325948
1.152671
1.152671
1.235554
1.235554
1.231290
1.231290
1.331968
1.331968
1.148676
1.148676
1.389941
1.389941
1.086792
1.086792
1.226262
1.226262
1.294354
1.294354
1.218652
1.218652
1.379087
1.379087
1.395697
1.395697
1.168999
1.168999
1.377738
1.377738
1.236993
1.236993
1.267912
1.267912
1.391763
1.391763
1.233545
1.233545
1.381030
1.381030
1.179775
1.179775
1.169142
1.169142
1.397204
1.397204
1.370047
1.370047
1.154458
1.154458
1.147293
1.147293
1.395095
1.395095
1.273317
1.273317
1.303228
1.303228
1.083756
1.083756
1.257879
1.257879
1.328960
1.328960
1.388472
1.388472
1.167869
1.167869
1.151836
1.151836
1.256912
1.256912
1.331993
1.331993
1.206899
1.206899
1.232738
1.232738
1.200961
1.200961
1.102436
1.102436
1.145777
1.145777
1.343775
1.343775
1.242653
1.242653
1.227138
1.227138
1.157399
1.157399
1.070643
1.070643
1.201718
1.201718
1.331972
1.331972
1.077374
1.077374
1.161669
1.161669
1.328913
1.328913
1.326240
1.326240
1.066537
1.066537
1.159227
1.159227
1.223113
1.223113
1.128952
1.128952
1.291058
1.291058
1.365252
1.365252
1.074006
1.074006
1.361261
1.361261
1.327951
1.327951
1.371974
1.371974
1.363617
1.363617
1.336376
1.336376
1.366774
1.366774
1.366429
1.366429
1.291768
1.291768
1.384142
1.384142
1.304716
1.304716
1.314490
1.314490
1.349091
1.349091
1.302744
1.302744
1.363608
1.363608
1.223802
1.223802
1.359502
1.359502
1.381854
1.381854
1.397018
1.397018
1.387013
1.387013
1.141137
1.141137
1.374790
1.374790
1.396525
1.396525
1.324400
1.324400
1.237167
1.237167
1.378761
1.378761
1.106788
1.106788
1.203098
1.203098
1.206026
1.206026
1.087136
1.087136
1.098681
1.098681
1.391455
1.391455
1.247365
1.247365
1.342740
1.342740
1.384756
1.384756
1.320448
1.320448
1.191601
1.191601
1.119640
1.119640
1.365502
1.365502
1.379288
1.379288
1.084984
1.084984
1.346541
1.346541
1.163357
1.163357
1.385776
1.385776
1.126825
1.126825
1.135917
1.135917
1.302887
1.302887
1.140775
1.140775
1.122590
1.122590
1.239116
1.239116
1.305784
1.305784
1.149392
1.149392
1.280133
1.280133
1.283396
1.283396
1.297768
1.297768
1.261184
1.261184
1.236698
1.236698
1.210900
1.210900
1.075368
1.075368
1.196109
1.196109
1.159458
1.159458
1.376552
1.376552
1.149287
1.149287
1.265427
1.265427
1.307048
1.307048
1.279876
1.279876
1.144940
1.144940
1.124128
1.124128
1.264849
1.264849
1.282040
1.282040
1.316018
1.316018
1.356814
1.356814
1.217090
1.217090
1.270063
1.270063
1.381860
1.381860
1.222285
1.222285
1.358739
1.358739
1.061917
1.061917
