1.073286
1.073286
1.214022
1.214022
1.147908
1.147908
1.301336
1.301336
1.270615
1.270615
1.272247
1.272247
1.246601
1.246601
1.120789
1.120789
1.399081
1.399081
1.329733
1.329733
1.342191
1.342191
1.352129
1.352129
1.381638
1.381638
1.245257
1.245257
1.366205
1.366205
1.374580
1.374580
1.304618
1.304618
1.179152
1.179152
1.241902
1.241902
1.309496
1.309496
1.350340
1.350340
1.376826
1.376826
1.318139
1.318139
1.256187
1.256187
1.304209
1.304209
1.259316
1.259316
1.298568
1.298568
1.377807
1.377807
1.312502
1.312502
1.271754
1.271754
1.354575
1.354575
1.287764
1.287764
1.383891
1.383891
1.349113
1.349113
1.396216
1.396216
1.250802
1.250802
1.111508
1.111508
1.333996
1.333996
1.066550
1.066550
1.350771
1.350771
1.367956
1.367956
1.393342
1.393342
1.256325
1.256325
1.034320
1.034320
1.240933
1.240933
1.340812
1.340812
1.243572
1.243572
1.378470
1.378470
1.244785
1.244785
1.229923
1.229923
1.341331
1.341331
1.119040
1.119040
1.386772
1.386772
1.382015
1.382015
1.208673
1.208673
1.238081
1.238081
1.106183
1.106183
1.170110
1.170110
1.120704
1.120704
1.328530
1.328530
1.300466
1.300466
1.365297
1.365297
1.350177
1.350177
1.224707
1.224707
1.031208
1.031208
1.150510
1.150510
1.101437
1.101437
1.207291
1.207291
1.252331
1.252331
1.312198
1.312198
1.339800
1.339800
1.094903
1.379804
1.381585
1.379804
1.094903
1.381585
1.161275
1.161275
1.364710
1.364710
1.380639
1.380639
1.143697
1.143697
1.120173
1.120173
1.219686
1.219686
1.328241
1.328241
1.365145
1.365145
1.326931
1.326931
1.337310
1.337310
1.276539
1.276539
1.339490
1.339490
1.298233
1.298233
1.317121
1.317121
1.275924
1.275924
1.336104
1.336104
1.334999
1.334999
1.138543
1.138543
1.369472
1.369472
1.391777
1.391777
1.343803
1.343803
1.197796
1.197796
1.269460
1.269460
1.395556
1.395556
1.276837
1.276837
1.337078
1.337078
1.213007
1.213007
1.282074
1.282074
1.313243
1.313243
1.101950
1.101950
1.364570
1.364570
1.345998
1.345998
1.218381
1.218381
1.316185
1.316185
1.372303
1.372303
1.132161
1.132161
1.286243
1.286243
1.145935
1.145935
1.106072
1.106072
1.375593
1.375593
1.378555
1.378555
1.319598
1.319598
1.300759
1.300759
1.275575
1.275575
1.297141
1.297141
1.396610
1.396610
1.298200
1.298200
1.348490
1.348490
1.316798
1.316798
1.232238
1.232238
1.237702
1.237702
1.215917
1.215917
1.148264
1.148264
1.326357
1.326357
1.356837
1.356837
1.374189
1.374189
1.247204
1.247204
1.381905
1.381905
1.378351
1.378351
1.234685
1.234685
1.345587
1.345587
1.367050
1.367050
1.312594
1.312594
1.390419
1.390419
1.338735
1.338735
1.190836
1.190836
1.315329
1.315329
1.278310
1.278310
1.303542
1.303542
1.366584
1.366584
1.294374
1.294374
1.296218
1.296218
1.270240
1.270240
1.254199
1.254199
1.278818
1.278818
1.078624
1.078624
1.102989
1.102989
1.373542
1.373542
1.269928
1.269928
1.352415
1.352415
1.176740
1.176740
1.205534
1.205534
1.176791
1.176791
1.384239
1.384239
1.335879
1.335879
1.337182
1.337182
1.092797
1.092797
1.356358
1.356358
1.368079
1.368079
1.359589
1.359589
1.352205
1.352205
1.169027
1.169027
1.113546
1.113546
1.226637
1.226637
1.372861
1.372861
1.229662
1.229662
1.357145
1.357145
1.144746
1.144746
1.319299
1.319299
1.347761
1.347761
1.273009
1.273009
1.322263
1.322263
1.032772
1.032772
1.086230
1.086230
1.085837
1.085837
1.099232
1.099232
1.361581
1.361581
1.305769
1.305769
1.350520
1.350520
1.269635
1.269635
1.217899
1.217899
1.240778
1.240778
1.283603
1.283603
1.365814
1.365814
1.309741
1.309741
1.239779
1.239779
1.131978
1.131978
1.391151
1.391151
1.319980
1.319980
1.380754
1.380754
1.294146
1.294146
1.327201
1.327201
1.372766
1.372766
1.291923
1.291923
1.263961
1.263961
1.318265
1.318265
1.175932
1.175932
1.314429
1.314429
1.277161
1.277161
1.261593
1.261593
1.319766
1.319766
1.197713
1.197713
1.376713
1.376713
1.116526
1.116526
1.339149
1.339149
1.094873
1.094873
