1.298401
1.298401
1.188232
1.188232
1.183929
1.183929
1.346299
1.242206
1.346299
1.242206
1.333268
1.333268
1.236335
1.236335
1.298866
1.298866
1.388423
1.388423
1.138315
1.138315
1.383620
1.383620
1.146347
1.146347
1.165515
1.165515
1.383435
1.383435
1.349740
1.349740
1.187348
1.187348
1.340772
1.340772
1.219145
1.396922
1.219145
1.396922
1.327187
1.327187
1.340760
1.340760
1.159348
1.285647
1.285647
1.159348
1.344613
1.344613
1.108915
1.339576
1.339576
1.108915
1.393659
1.393659
1.395798
1.395798
1.078331
1.078331
1.343375
1.343375
1.364650
1.364650
1.328282
1.328282
1.340980
1.340980
1.282941
1.282941
1.016453
1.016453
1.398551
1.398551
1.187106
1.187106
1.368777
1.368777
1.350600
1.350600
1.272743
1.272743
1.080879
1.080879
1.107484
1.107484
1.301164
1.301164
1.300584
1.300584
1.330132
1.330132
1.132851
1.132851
1.370817
1.370817
1.226434
1.226434
1.349416
1.349416
1.302179
1.302179
1.385153
1.385153
1.364124
1.364124
1.261362
1.261362
1.341556
1.341556
1.318051
1.318051
1.332835
1.332835
1.066676
1.066676
1.385886
1.385886
1.399889
1.399889
1.321169
1.321169
1.265708
1.265708
1.304267
1.304267
1.317156
1.317156
1.385762
1.385762
1.276074
1.276074
1.239416
1.239416
1.251667
1.251667
1.318752
1.318752
1.335504
1.309654
1.335504
1.309654
1.271921
1.271921
1.394177
1.394177
1.333732
1.333732
1.391010
1.391010
1.340341
1.340341
1.271690
1.271690
1.231952
1.231952
1.388450
1.388450
1.305003
1.305003
1.176844
1.176844
1.314944
1.314944
1.281221
1.281221
1.376723
1.269725
1.376723
1.269725
1.356505
1.356505
1.243139
1.243139
1.329817
1.329817
1.332919
1.332919
1.373679
1.373679
1.292557
1.292557
1.173778
1.173778
1.371227
1.371227
1.308185
1.308185
1.348295
1.348295
1.017138
1.017138
1.273134
1.273134
1.344926
1.344926
1.296039
1.296039
1.200729
1.200729
1.364428
1.364428
1.146055
1.146055
1.329313
1.329313
1.229162
1.229162
1.306663
1.306663
1.327412
1.327412
1.260947
1.260947
1.282338
1.282338
1.394594
1.394594
1.189723
1.189723
1.113428
1.113428
1.226083
1.226083
1.224995
1.224995
1.191644
1.191644
1.288832
1.288832
1.205749
1.205749
1.167185
1.167185
1.397839
1.397839
1.303008
1.303008
1.249511
1.249511
1.303744
1.303744
1.336444
1.336444
1.330107
1.330107
1.395179
1.395179
1.391602
1.391602
1.110702
1.110702
1.396357
1.396357
1.231014
1.231014
1.388092
1.388092
1.244858
1.244858
1.395412
1.395412
1.338999
1.338999
1.250173
1.250173
1.334949
1.334949
1.375193
1.375193
1.136797
1.136797
1.342649
1.342649
1.097066
1.097066
1.388041
1.388041
1.298921
1.298921
1.259842
1.259842
1.358072
1.358072
1.379168
1.379168
1.385446
1.385446
1.192303
1.192303
1.325636
1.325636
1.351518
1.351518
1.181383
1.181383
1.399350
1.156302
1.156302
1.399350
1.255009
1.255009
1.169155
1.169155
1.182801
1.182801
1.385622
1.385622
1.305721
1.305721
1.315178
1.315178
1.363081
1.363081
1.312035
1.312035
1.263836
1.263836
1.378805
1.378805
1.228337
1.228337
1.384258
1.384258
1.394763
1.394763
1.262953
1.262953
1.380039
1.380039
1.208234
1.208234
1.344445
1.344445
1.255469
1.255469
1.157418
1.157418
1.248968
1.248968
1.375936
1.375936
1.261183
1.261183
1.388505
1.388505
1.287138
1.287138
1.252570
1.252570
1.254657
1.254657
1.277162
1.159342
1.159342
1.277162
1.286964
1.286964
1.237712
1.237712
1.260529
1.260529
1.383156
1.383156
1.280829
1.280829
1.277369
1.357125
1.357125
1.277369
1.381572
1.381572
1.398066
1.398066
1.036340
1.036340
1.359666
1.359666
1.360795
1.360795
1.370674
1.370674
1.344664
1.344664
1.234953
1.234953
1.324988
1.324988
1.338642
1.338642
1.212024
1.212024
1.306150
1.306150
1.392223
1.392223
1.226766
1.226766
1.377864
1.377864
1.352413
1.352413
1.335786
1.335786
1.356399
1.356399
1.321397
1.321397
1.284329
1.284329
1.303593
1.303593
1.319020
1.319020
1.394329
1.394329
1.291568
1.291568
1.128264
1.128264
1.270399
1.270399
1.386454
1.386454
1.127209
1.127209
1.374538
1.374538
1.345902
1.345902
1.299914
1.299914
1.204825
1.204825
1.152567
1.152567
1.289350
1.289350
1.257404
1.257404
1.354884
1.354884
1.141781
1.141781
1.162989
1.162989
1.386456
1.386456
1.274589
1.274589
1.332497
1.332497
1.351383
1.351383
1.333719
1.333719
1.330513
1.330513
1.358009
1.358009
1.329935
1.329935
1.387756
1.387756
1.216673
1.216673
1.341210
1.341210
1.370187
1.370187
1.324849
1.324849
1.349673
1.349673
1.077383
1.077383
1.245549
1.245549
1.392394
1.128854
1.392394
1.128854
1.360108
1.360108
1.148289
1.148289
1.350598
1.350598
1.075898
1.075898
1.355651
1.355651
1.327987
1.327987
1.312101
1.312101
1.340943
1.340943
1.370482
1.370482
1.289078
1.289078
1.249317
1.249317
1.275138
1.275138
1.351886
1.351886
1.318839
1.318839
1.245762
1.245762
1.350898
1.350898
1.238620
1.238620
1.323612
1.323612
1.366424
1.366424
1.231606
1.231606
1.296669
1.296669
1.203279
1.203279
1.374365
1.374365
1.388503
1.388503
1.322874
1.322874
1.086965
1.086965
1.375559
1.375559
1.280338
1.280338
1.293326
1.293326
1.259599
1.259599
1.307423
1.307423
1.189476
1.189476
