1.379445
1.379445
1.312252
1.204249
1.204249
1.312252
1.107543
1.107543
1.085842
1.085842
1.272341
1.272341
1.243621
1.243621
1.300082
1.300082
1.395373
1.395373
1.371136
1.371136
1.345214
1.345214
1.041774
1.373566
1.041774
1.373566
1.213578
1.213578
1.230261
1.230261
1.371048
1.371048
1.345214
1.345214
1.095098
1.095098
1.052188
1.052188
1.116616
1.116616
1.371048
1.371048
1.348490
1.348490
1.327876
1.327876
1.145250
1.145250
1.280354
1.280354
1.323728
1.323728
1.367306
1.367306
1.360940
1.360940
1.397346
1.397346
1.230944
1.230944
1.368259
1.368259
1.374407
1.374407
1.300084
1.279361
1.300084
1.279361
1.210602
1.210602
1.274750
1.274750
1.147610
1.147610
1.296278
1.296278
1.301192
1.301192
1.343783
1.343783
1.389409
1.389409
1.357301
1.357301
1.341842
1.341842
1.307115
1.307115
1.078058
1.078058
1.388279
1.388279
1.374368
1.374368
1.252872
1.252872
1.369158
1.369158
1.394866
1.394866
1.216930
1.216930
1.275357
1.275357
1.117621
1.117621
1.252669
1.252669
1.220360
1.220360
1.156977
1.156977
1.175745
1.175745
1.377226
1.377226
1.275283
1.275283
1.396830
1.396830
1.310019
1.310019
1.241667
1.374544
1.241667
1.374544
1.366809
1.366809
1.398439
1.398439
1.344200
1.344200
1.260918
1.260918
1.352827
1.352827
1.285138
1.285138
1.236282
1.236282
1.217660
1.217660
1.158188
1.158188
1.281486
1.281486
1.363896
1.363896
1.392851
1.392851
1.167065
1.167065
1.312280
1.312280
1.391460
1.391460
1.149508
1.149508
1.263947
1.263947
1.386700
1.386700
1.293167
1.293167
1.351034
1.351034
1.193682
1.193682
1.115255
1.115255
1.181723
1.181723
1.020148
1.020148
1.134972
1.134972
1.293879
1.293879
1.012222
1.012222
1.259309
1.259309
1.292926
1.292926
1.142589
1.142589
1.315500
1.315500
1.203257
1.203257
1.248130
1.248130
1.310552
1.310552
1.352499
1.352499
1.342292
1.342292
1.177343
1.177343
1.270206
1.270206
1.232504
1.232504
1.134628
1.134628
1.190048
1.190048
1.380499
1.380499
1.357689
1.357689
1.014776
1.014776
1.180978
1.180978
1.242889
1.242889
1.295205
1.295205
1.314480
1.314480
1.287674
1.287674
1.387305
1.387305
1.298875
1.298875
1.236437
1.236437
1.275620
1.275620
1.276680
1.276680
1.379000
1.379000
1.131964
1.131964
1.327575
1.327575
1.302405
1.302405
1.365363
1.365363
1.371414
1.371414
1.391170
1.391170
1.251120
1.251120
1.329027
1.329027
1.149723
1.149723
1.191800
1.191800
1.276987
1.276987
1.271431
1.271431
1.356100
1.356100
1.382522
1.382522
1.328740
1.328740
1.357847
1.357847
1.375138
1.375138
1.395147
1.395147
1.302760
1.302760
1.363493
1.363493
1.373027
1.373027
1.396511
1.396511
1.294120
1.294120
1.342107
1.342107
1.230594
1.230594
1.367933
1.367933
1.292801
1.292801
1.351580
1.351580
1.073238
1.073238
1.049419
1.049419
1.296921
1.296921
1.086840
1.086840
1.265787
1.265787
1.351722
1.351722
1.319274
1.319274
1.392755
1.392755
1.369890
1.369890
1.367180
1.367180
1.170664
1.170664
1.301983
1.301983
1.381047
1.381047
1.212553
1.212553
1.372523
1.372523
1.275161
1.275161
1.273498
1.273498
1.126781
1.126781
1.229509
1.229509
1.294760
1.294760
1.341702
1.341702
1.336526
1.336526
1.240251
1.240251
1.018314
1.018314
1.262625
1.262625
1.221988
1.221988
1.384868
1.384868
1.223277
1.223277
1.345675
1.345675
1.288823
1.288823
1.242993
1.242993
1.363400
1.363400
1.313325
1.313325
1.282334
1.282334
1.338245
1.338245
1.398988
1.398988
1.287935
1.287935
1.111752
1.111752
1.338929
1.338929
1.178565
1.178565
1.394633
1.394633
1.302528
1.302528
1.119868
1.119868
1.392737
1.392737
1.210033
1.210033
1.117390
1.117390
1.345081
1.345081
1.076060
1.076060
1.269194
1.269194
1.352253
1.352253
1.263462
1.263462
1.344369
1.344369
1.271917
1.271917
1.347432
1.347432
1.269056
1.269056
1.262894
1.262894
1.330100
1.330100
1.156436
1.156436
1.084216
1.084216
1.252950
1.252950
1.162523
1.162523
1.219360
1.219360
1.340626
1.340626
1.268506
1.268506
1.383862
1.383862
1.343467
1.343467
1.376647
1.376647
1.190771
1.190771
1.117137
1.117137
1.300915
1.300915
1.117001
1.117001
1.395362
1.395362
1.351143
1.351143
1.250494
1.250494
1.310519
1.310519
1.290169
1.290169
1.347339
1.347339
1.153487
1.153487
1.297892
1.297892
1.286001
1.286001
1.100473
1.100473
1.391234
1.391234
1.382211
1.382211
1.364863
1.364863
1.236303
1.236303
1.396370
1.396370
1.246163
1.246163
1.123470
1.123470
1.340192
1.340192
1.233269
1.233269
1.160695
1.160695
1.376114
1.376114
1.151099
1.151099
1.238835
1.238835
1.278706
1.278706
1.332174
1.332174
1.328718
1.328718
1.336891
1.336891
1.232197
1.232197
1.287995
1.287995
1.289727
1.289727
1.115201
1.115201
1.217930
1.217930
1.251652
1.251652
1.355445
1.355445
1.119017
1.119017
1.382875
1.382875
1.182235
1.182235
1.385041
1.385041
1.192573
1.192573
1.397154
1.397154
1.333125
1.333125
1.281628
1.281628
1.158265
1.158265
1.318766
1.318766
1.371862
1.371862
1.084129
1.084129
1.244672
1.244672
1.330814
1.330814
1.320559
1.320559
1.298360
1.298360
1.341945
1.341945
1.272665
1.272665
1.267020
1.267020
1.296106
1.296106
1.340038
1.340038
1.331760
1.331760
1.380508
1.380508
1.241387
1.241387
1.224737
1.224737
1.263525
1.263525
