1.190647
1.190647
1.285888
1.285888
1.389789
1.389789
1.354885
1.354885
1.346333
1.346333
1.131995
1.131995
1.325091
1.329261
1.329261
1.325091
1.272224
1.272224
1.329057
1.329057
1.329670
1.329670
1.186663
1.186663
1.352366
1.352366
1.332539
1.332539
1.234378
1.330856
1.330856
1.234378
1.374666
1.374666
1.326054
1.326054
1.349592
1.349592
1.296670
1.296670
1.351285
1.244398
1.244398
1.351285
1.314193
1.314193
1.256047
1.256047
1.330626
1.330626
1.328310
1.328310
1.305850
1.305850
1.373465
1.373465
1.371126
1.371126
1.307510
1.307510
1.378573
1.378573
1.243490
1.243490
1.246138
1.246138
1.349531
1.170929
1.170929
1.349531
1.228866
1.228866
1.143848
1.143848
1.261536
1.261536
1.363865
1.363865
1.398861
1.398861
1.184875
1.184875
1.350429
1.350429
1.372439
1.372439
1.278886
1.278886
1.131875
1.131875
1.062234
1.062234
1.297273
1.297273
1.326746
1.326746
1.287449
1.287449
1.377855
1.377855
1.136768
1.392145
1.392145
1.136768
1.362264
1.362264
1.288952
1.288952
1.159517
1.159517
1.329401
1.329401
1.313330
1.313330
1.266382
1.266382
1.243236
1.243236
1.334972
1.334972
1.131958
1.131958
1.272842
1.272842
1.294306
1.294306
1.351337
1.351337
1.156906
1.280352
1.156906
1.280352
1.382127
1.382127
1.368453
1.368453
1.091202
1.095055
1.095055
1.091202
1.373360
1.373360
1.146486
1.146486
1.168537
1.168537
1.242228
1.242228
1.371069
1.371069
1.240910
1.240910
1.384875
1.384875
1.320319
1.320319
1.108023
1.108023
1.270154
1.270154
1.354115
1.354115
1.306593
1.306593
1.292636
1.292636
1.299779
1.299779
1.300477
1.300477
1.311587
1.311587
1.297773
1.297773
1.307497
1.307497
1.343426
1.343426
1.338835
1.338835
1.342985
1.342985
1.256648
1.256648
1.295484
1.295484
1.040797
1.040797
1.393417
1.393417
1.249888
1.249888
1.219463
1.219463
1.131132
1.131132
1.215327
1.215327
1.210145
1.210145
1.384946
1.384946
1.337521
1.337521
1.299592
1.299592
1.384490
1.384490
1.112087
1.112087
1.255418
1.255418
1.368990
1.368990
1.134409
1.134409
1.313744
1.313744
1.371148
1.371148
1.281811
1.281811
1.290356
1.290356
1.317301
1.317301
1.348804
1.348804
1.377599
1.377599
1.311578
1.311578
1.299731
1.299731
1.157608
1.157608
1.352926
1.352926
1.359534
1.359534
1.267117
1.267117
1.314044
1.314044
1.377110
1.377110
1.222460
1.222460
1.267111
1.267111
1.337911
1.337911
1.365596
1.365596
1.305798
1.305798
1.369990
1.369990
1.099216
1.099216
1.316327
1.316327
1.224328
1.224328
1.235580
1.235580
1.231694
1.231694
1.375641
1.375641
1.283113
1.283113
1.030966
1.030966
1.151028
1.151028
1.316682
1.316682
1.215786
1.215786
1.358847
1.358847
1.390598
1.390598
1.349148
1.349148
1.351286
1.351286
1.267095
1.267095
1.375498
1.375498
1.217441
1.217441
1.098297
1.098297
1.323717
1.323717
1.125645
1.083325
1.083325
1.125645
1.340820
1.340820
1.398278
1.398278
1.310194
1.310194
1.195836
1.195836
1.383208
1.383208
1.341801
1.341801
1.061940
1.061940
1.187623
1.187623
1.329121
1.329121
1.086302
1.086302
1.315039
1.254936
1.315039
1.254936
1.146145
1.146145
1.319810
1.319810
1.299833
1.299833
1.259889
1.259889
1.265058
1.265058
1.175713
1.175713
1.357026
1.357026
1.256426
1.256426
1.313390
1.313390
1.384005
1.384005
1.311884
1.311884
1.297681
1.297681
1.232599
1.232599
1.391475
1.391475
1.370463
1.370463
1.395768
1.395768
1.339243
1.339243
1.327788
1.327788
1.173674
1.173674
1.283199
1.283199
1.174063
1.174063
1.388950
1.388950
1.394682
1.394682
1.309490
1.309490
1.098796
1.098796
1.244775
1.244775
1.339088
1.339088
1.334200
1.334200
1.318758
1.318758
1.226494
1.226494
1.231860
1.231860
1.365288
1.365288
1.306355
1.306355
1.376891
1.376891
1.068942
1.068942
1.322648
1.322648
1.240465
1.240465
1.272160
1.272160
1.200799
1.200799
1.378739
1.378739
1.288925
1.288925
1.304422
1.304422
1.380180
1.380180
1.309006
1.309006
1.262946
1.262946
1.308058
1.308058
1.353941
1.353941
1.195696
1.195696
1.308235
1.308235
1.333949
1.333949
1.307089
1.307089
1.138195
1.138195
1.372747
1.372747
1.120167
1.120167
1.348018
1.348018
1.169602
1.169602
1.366839
1.366839
1.316411
1.316411
1.280734
1.280734
1.198317
1.198317
1.311551
1.311551
1.223996
1.223996
1.360057
1.360057
1.337350
1.337350
1.370579
1.370579
1.388814
1.388814
1.366260
1.366260
1.376839
1.376839
1.325627
1.325627
1.087026
1.087026
1.295913
1.295913
1.336831
1.336831
1.352238
1.352238
1.388500
1.388500
1.118341
1.118341
1.350974
1.350974
1.291067
1.291067
1.249663
1.249663
1.308615
1.308615
1.349883
1.349883
1.072598
1.072598
1.365804
1.365804
1.233071
1.233071
1.373570
1.373570
1.313660
1.313660
1.386168
1.386168
1.306031
1.306031
1.263949
1.263949
1.293312
1.293312
1.286961
1.286961
1.125787
1.125787
1.277516
1.277516
1.242952
1.242952
1.380977
1.380977
1.389114
1.389114
1.341878
1.341878
1.349822
1.349822
1.356220
1.356220
1.180997
1.180997
1.316617
1.316617
1.381062
1.381062
1.351403
1.351403
1.332217
1.332217
1.390425
1.390425
1.294444
1.294444
1.306089
1.306089
1.200194
1.200194
1.293579
1.293579
1.249281
1.249281
1.170111
1.170111
1.301351
1.301351
1.075889
1.075889
1.280467
1.280467
1.388223
1.388223
1.255660
1.255660
