1.393361
1.393361
1.353486
1.353486
1.346409
1.346409
1.176156
1.176156
1.162035
1.162035
1.340055
1.340055
1.313227
1.313227
1.377986
1.377986
1.238595
1.238595
1.171097
1.171097
1.301940
1.301940
1.365295
1.365295
1.375660
1.375660
1.333196
1.333196
1.215561
1.215561
1.045422
1.045422
1.252767
1.252767
1.060035
1.241361
1.241361
1.060035
1.396351
1.396351
1.384925
1.384925
1.066840
1.066840
1.312013
1.312013
1.112894
1.112894
1.321523
1.321523
1.379949
1.379949
1.377292
1.377292
1.168530
1.168530
1.386051
1.386051
1.297734
1.297734
1.386606
1.386606
1.305453
1.305453
1.388445
1.388445
1.328566
1.328566
1.352978
1.352978
1.392771
1.392771
1.322786
1.322786
1.350103
1.350103
1.382627
1.382627
1.331125
1.331125
1.322535
1.322535
1.227757
1.227757
1.340650
1.340650
1.370028
1.370028
1.375287
1.375287
1.377879
1.377879
1.295370
1.295370
1.377164
1.377164
1.280489
1.280489
1.198577
1.198577
1.026883
1.026883
1.224356
1.224356
1.253836
1.253836
1.352273
1.352273
1.393856
1.393856
1.234878
1.234878
1.238354
1.238354
1.303113
1.303113
1.078477
1.078477
1.226374
1.226374
1.322384
1.322384
1.310973
1.310973
1.206284
1.206284
1.399116
1.399116
1.398746
1.398746
1.165144
1.165144
1.201165
1.201165
1.169415
1.169415
1.322824
1.322824
1.162218
1.162218
1.136639
1.136639
1.379951
1.379951
1.258785
1.258785
1.133229
1.133229
1.202129
1.202129
1.376079
1.266319
1.376079
1.266319
1.335522
1.335522
1.143052
1.143052
1.232767
1.232767
1.368604
1.368604
1.276178
1.276178
1.297383
1.297383
1.167122
1.167122
1.239342
1.239342
1.378047
1.378047
1.353556
1.353556
1.385639
1.385639
1.398544
1.398544
1.308238
1.308238
1.338994
1.338994
1.286310
1.286310
1.333296
1.333296
1.078110
1.078110
1.064143
1.064143
1.376431
1.376431
1.362731
1.362731
1.160600
1.160600
1.367187
1.367187
1.202877
1.202877
1.242594
1.242594
1.235387
1.235387
1.388071
1.388071
1.145412
1.145412
1.204643
1.204643
1.339758
1.339758
1.366255
1.366255
1.281078
1.281078
1.204849
1.204849
1.354209
1.354209
1.361214
1.361214
1.266291
1.266291
1.059630
1.059630
1.227888
1.227888
1.040571
1.040571
1.391347
1.391347
1.150375
1.150375
1.253673
1.253673
1.309858
1.309858
1.311182
1.311182
1.195463
1.195463
1.153173
1.153173
1.177469
1.177469
1.366104
1.366104
1.277288
1.277288
1.377852
1.377852
1.391589
1.391589
1.124337
1.124337
1.189446
1.189446
1.384424
1.384424
1.308776
1.308776
1.182288
1.182288
1.381934
1.381934
1.383841
1.383841
1.280055
1.280055
1.390566
1.390566
1.268341
1.268341
1.207112
1.207112
1.335009
1.335009
1.292285
1.292285
1.393152
1.393152
1.164030
1.164030
1.161490
1.161490
1.315851
1.315851
1.201870
1.201870
1.237434
1.237434
1.292922
1.292922
1.386737
1.386737
1.204810
1.204810
1.184199
1.184199
1.393904
1.393904
1.244606
1.244606
1.269716
1.269716
1.192469
1.192469
1.267634
1.267634
1.293539
1.293539
1.395152
1.395152
1.398597
1.398597
1.274787
1.274787
1.398235
1.398235
1.394478
1.394478
1.306676
1.306676
1.224408
1.224408
1.390518
1.390518
1.171972
1.171972
1.390192
1.390192
1.215836
1.215836
1.154394
1.154394
1.145910
1.145910
1.341607
1.341607
1.210652
1.210652
1.211758
1.211758
1.359092
1.359092
1.034465
1.034465
1.240046
1.240046
1.387536
1.387536
1.354404
1.354404
1.362855
1.362855
1.347481
1.347481
1.238197
1.238197
1.116606
1.116606
1.308906
1.308906
1.308984
1.308984
1.143878
1.143878
1.205702
1.205702
1.266676
1.266676
1.263744
1.263744
1.251708
1.251708
1.232339
1.232339
1.292648
1.292648
1.192770
1.192770
1.367624
1.367624
1.262105
1.262105
1.352495
1.352495
1.137951
1.137951
1.231277
1.231277
1.321537
1.321537
1.318142
1.318142
1.275773
1.275773
1.375568
1.375568
1.148179
1.148179
1.275933
1.275933
1.399208
1.399208
1.350223
1.350223
1.319080
1.319080
1.316322
1.316322
1.307522
1.307522
1.380119
1.380119
1.363112
1.363112
1.369347
1.369347
1.221123
1.221123
1.336179
1.336179
1.155606
1.155606
1.310120
1.310120
1.392539
1.392539
1.298777
1.298777
1.374690
1.374690
1.300991
1.300991
1.385944
1.385944
1.347661
1.347661
1.083027
1.083027
1.399636
1.399636
1.342874
1.342874
1.393815
1.215482
1.215482
1.393815
1.342157
1.342157
1.389536
1.389536
1.219757
1.219757
1.224732
1.224732
1.290529
1.290529
1.398978
1.398978
1.289199
1.289199
