1.344967
1.344967
1.175907
1.175907
1.316700
1.316700
1.108844
1.240983
1.108844
1.240983
1.266375
1.266375
1.351966
1.351966
1.242169
1.242169
1.369180
1.369180
1.289749
1.289749
1.375293
1.375293
1.360902
1.326381
1.360902
1.326381
1.339837
1.339837
1.332690
1.332690
1.296520
1.296520
1.376748
1.376748
1.268983
1.268983
1.249659
1.278012
1.278012
1.249659
1.250976
1.250976
1.294571
1.294571
1.385266
1.385266
1.215026
1.369122
1.369122
1.215026
1.183555
1.183555
1.182102
1.182102
1.226966
1.226966
1.398634
1.398634
1.245808
1.245808
1.355911
1.355911
1.226074
1.226074
1.334426
1.334426
1.373986
1.373986
1.356265
1.356265
1.248969
1.248969
1.309568
1.309568
1.252084
1.252084
1.376281
1.376281
1.156407
1.156407
1.323273
1.323273
1.385313
1.385313
1.121841
1.121841
1.254853
1.254853
1.341936
1.259173
1.341936
1.259173
1.289781
1.289781
1.258404
1.317808
1.258404
1.317808
1.289781
1.289781
1.259173
1.259173
1.254853
1.254853
1.349488
1.349488
1.385313
1.385313
1.310886
1.310886
1.297604
1.297604
1.145662
1.145662
1.185492
1.185492
1.347540
1.347540
1.378408
1.378408
1.380255
1.380255
1.334366
1.334366
1.369486
1.369486
1.369935
1.369935
1.399549
1.399549
1.359641
1.359641
1.361097
1.361097
1.302644
1.302644
1.390508
1.390508
1.361556
1.361556
1.199708
1.199708
1.333928
1.333928
1.385805
1.385805
1.253755
1.253755
1.380113
1.380113
1.340814
1.340814
1.160455
1.160455
1.337173
1.337173
1.293392
1.293392
1.081973
1.081973
1.383864
1.383864
1.223492
1.223492
1.340245
1.340245
1.355961
1.355961
1.349935
1.349935
1.341038
1.341038
1.375992
1.375992
1.346835
1.164708
1.164708
1.346835
1.187518
1.187518
1.385284
1.385284
1.397891
1.397891
1.368217
1.368217
1.369771
1.369771
1.268787
1.268787
1.332196
1.332196
1.384317
1.370400
1.381937
1.370400
1.384317
1.381937
1.158135
1.219226
1.158135
1.219226
1.285659
1.285659
1.233998
1.233998
1.387344
1.387344
1.170468
1.170468
1.072425
1.072425
1.162809
1.162809
1.089616
1.089616
1.240384
1.240384
1.388055
1.388055
1.283434
1.283434
1.362514
1.362514
1.031302
1.031302
1.354265
1.354265
1.261382
1.261382
1.345467
1.345467
1.242398
1.242398
1.369644
1.369644
1.114623
1.114623
1.228179
1.228179
1.290258
1.290258
1.368029
1.368029
1.274320
1.274320
1.239647
1.239647
1.373904
1.373904
1.024037
1.024037
1.343623
1.343623
1.082192
1.082192
1.115963
1.115963
1.378340
1.378340
1.220621
1.220621
1.315166
1.315166
1.187891
1.187891
1.316234
1.316234
1.367346
1.367346
1.306265
1.306265
1.383182
1.383182
1.161122
1.161122
1.278224
1.278224
1.258531
1.258531
1.132329
1.132329
1.349496
1.349496
1.395901
1.395901
1.369134
1.369134
1.203335
1.203335
1.211446
1.211446
1.333017
1.333017
1.281640
1.281640
1.323454
1.323454
1.354222
1.354222
1.047503
1.047503
1.181572
1.181572
1.367081
1.367081
1.213280
1.213280
1.250175
1.250175
1.272655
1.272655
1.154828
1.154828
1.271476
1.271476
1.256261
1.256261
1.276199
1.276199
1.351014
1.351014
1.306832
1.306832
1.274944
1.274944
1.178026
1.178026
1.235725
1.235725
1.379338
1.379338
1.211160
1.211160
1.178571
1.178571
1.243635
1.243635
1.382011
1.382011
1.323160
1.323160
1.361976
1.361976
1.249956
1.249956
1.040581
1.040581
1.113131
1.113131
1.360218
1.360218
1.279078
1.279078
1.364033
1.364033
1.318902
1.318902
1.157978
1.157978
1.257868
1.257868
1.203120
1.203120
1.273098
1.273098
1.156957
1.156957
1.267547
1.267547
1.364215
1.364215
1.301210
1.301210
1.358499
1.358499
1.129186
1.129186
1.281183
1.281183
1.139975
1.139975
1.385993
1.398414
1.385993
1.398414
1.215484
1.215484
1.154370
1.154370
1.255588
1.255588
1.343992
1.343992
1.165138
1.165138
1.344311
1.344311
1.392309
1.392309
1.376932
1.376932
1.137298
1.137298
1.288309
1.288309
1.330708
1.330708
1.332563
1.332563
1.360283
1.360283
1.292125
1.292125
1.166371
1.166371
1.213516
1.213516
1.226226
1.226226
1.333276
1.333276
1.328320
1.328320
1.220496
1.220496
1.243317
1.243317
1.249862
1.249862
1.368443
1.368443
1.387662
1.387662
1.359010
1.359010
1.113057
1.113057
1.102300
1.102300
1.168905
1.168905
1.291969
1.291969
1.339810
1.339810
1.282062
1.282062
1.179002
1.179002
1.389230
1.389230
