1.318282
1.318282
1.316556
1.316556
1.229142
1.229142
1.270052
1.270052
1.317413
1.317413
1.155106
1.155106
1.269437
1.269437
1.347598
1.347598
1.345843
1.345843
1.242630
1.242630
1.044322
1.044322
1.399297
1.399297
1.376857
1.376857
1.328675
1.328675
1.328876
1.328876
1.232852
1.232852
1.399057
1.399057
1.353116
1.353116
1.293241
1.293241
1.127286
1.127286
1.058296
1.058296
1.262921
1.262921
1.313561
1.313561
1.334808
1.334808
1.313581
1.313581
1.328784
1.328784
1.383704
1.383704
1.269498
1.269498
1.378635
1.378635
1.347819
1.347819
1.335664
1.335664
1.397044
1.397044
1.187942
1.187942
1.397018
1.397018
1.120675
1.120675
1.157399
1.157399
1.387160
1.387160
1.248725
1.248725
1.084977
1.084977
1.392974
1.392974
1.152312
1.152312
1.368936
1.368936
1.333205
1.333205
1.338405
1.338405
1.197931
1.197931
1.288408
1.288408
1.252778
1.252778
1.291195
1.291195
1.026268
1.026268
1.399294
1.399294
1.304725
1.304725
1.378750
1.378750
1.094070
1.094070
1.111757
1.295031
1.111757
1.295031
1.338046
1.338046
1.351144
1.351144
1.331499
1.331499
1.324654
1.324654
1.301417
1.301417
1.346254
1.346254
1.303080
1.303080
1.258775
1.258775
1.381549
1.381549
1.312828
1.312828
1.349699
1.349699
1.277428
1.277428
1.287851
1.287851
1.369184
1.369184
1.385669
1.385669
1.203189
1.370730
1.370730
1.203189
1.345076
1.345076
1.238453
1.238453
1.359624
1.359624
1.379337
1.379337
1.359919
1.359919
1.192583
1.192583
1.325049
1.325049
1.390933
1.390933
1.290902
1.290902
1.362323
1.362323
1.316521
1.316521
1.328931
1.328931
1.290584
1.290584
1.298257
1.298257
1.398157
1.398157
1.343987
1.343987
1.370402
1.370402
1.165013
1.165013
1.207259
1.207259
1.335140
1.335140
1.383217
1.383217
1.160018
1.160018
1.356353
1.356353
1.253751
1.253751
1.087643
1.296766
1.296766
1.087643
1.362394
1.362394
1.393709
1.393709
1.247933
1.247933
1.260305
1.260305
1.018680
1.018680
1.334664
1.334664
1.289400
1.289400
1.390470
1.390470
1.286308
1.286308
1.362806
1.362806
1.296961
1.296961
1.391732
1.391732
1.359718
1.359718
1.167659
1.167659
1.350903
1.350903
1.243835
1.243835
1.335881
1.335881
1.200830
1.200830
1.244825
1.244825
1.064612
1.064612
1.234969
1.234969
1.182929
1.182929
1.242177
1.242177
1.076380
1.076380
1.311864
1.311864
1.390582
1.390582
1.241292
1.241292
1.395138
1.395138
1.351433
1.351433
1.273490
1.273490
1.233613
1.233613
1.210245
1.210245
1.304316
1.304316
1.399865
1.399865
1.378961
1.378961
1.280393
1.280393
1.332332
1.332332
1.306007
1.306007
1.161859
1.161859
1.200768
1.200768
1.237451
1.237451
1.380457
1.380457
1.339949
1.339949
1.211717
1.211717
1.380906
1.380906
1.191635
1.191635
1.390693
1.390693
1.399986
1.399986
1.287651
1.287651
1.315512
1.315512
1.379860
1.379860
1.281381
1.281381
1.219708
1.195172
1.219708
1.195172
1.337862
1.337862
1.336278
1.336278
1.250723
1.250723
1.381055
1.381055
1.333035
1.333035
1.389332
1.389332
1.338350
1.338350
1.276295
1.276295
1.235093
1.235093
1.193743
1.193743
1.307309
1.307309
1.213859
1.213859
1.332491
1.332491
1.387227
1.387227
1.250492
1.250492
1.334260
1.334260
1.105279
1.105279
1.220833
1.220833
1.388391
1.388391
1.375809
1.375809
1.360335
1.360335
1.342374
1.342374
1.375464
1.375464
1.068850
1.068850
1.352358
1.352358
1.231322
1.231322
1.213397
1.213397
1.178940
1.178940
1.259889
1.259889
1.202940
1.202940
1.388640
1.388640
1.327476
1.327476
1.231625
1.231625
1.303351
1.303351
1.252780
1.252780
1.235680
1.235680
1.363951
1.363951
1.199107
1.199107
1.286083
1.286083
1.280269
1.280269
1.282117
1.282117
1.394140
1.394140
1.336562
1.336562
