1.367595
1.367595
1.288612
1.288612
1.161675
1.161675
1.301144
1.301144
1.350945
1.350945
1.210209
1.210209
1.203374
1.203374
1.257458
1.257458
1.160676
1.160676
1.324283
1.324283
1.276979
1.276979
1.394732
1.394732
1.294967
1.294967
1.335146
1.335146
1.291044
1.317945
1.317945
1.291044
1.375462
1.375462
1.047188
1.047188
1.276619
1.276619
1.366542
1.366542
1.336778
1.336778
1.293212
1.293212
1.346906
1.346906
1.247027
1.247027
1.340988
1.340988
1.143059
1.143059
1.061553
1.061553
1.321833
1.321833
1.129656
1.129656
1.196282
1.196282
1.337362
1.337362
1.218102
1.218102
1.254208
1.254208
1.289924
1.289924
1.294398
1.294398
1.382758
1.382758
1.309804
1.217964
1.309804
1.217964
1.189949
1.189949
1.301629
1.301629
1.124014
1.124014
1.393705
1.393705
1.288328
1.288328
1.169481
1.169481
1.214661
1.214661
1.292905
1.292905
1.290736
1.290736
1.240463
1.240463
1.316299
1.316299
1.233989
1.233989
1.269077
1.269077
1.315144
1.315144
1.126047
1.126047
1.391061
1.391061
1.257357
1.257357
1.244955
1.244955
1.154880
1.154880
1.343189
1.343189
1.347430
1.347430
1.322955
1.322955
1.133714
1.133714
1.172559
1.172559
1.368314
1.368314
1.084072
1.084072
1.380826
1.380826
1.203960
1.203960
1.243355
1.243355
1.316987
1.316987
1.206712
1.206712
1.240224
1.240224
1.352912
1.352912
1.225890
1.225890
1.205476
1.205476
1.234168
1.234168
1.393483
1.393483
1.383085
1.383085
1.392567
1.392567
1.326670
1.326670
1.367363
1.367363
1.192698
1.192698
1.102182
1.102182
1.269355
1.269355
1.131155
1.131155
1.191857
1.191857
1.300884
1.300884
1.224191
1.224191
1.284262
1.284262
1.396179
1.396179
1.376556
1.376556
1.390544
1.390544
1.126496
1.126496
1.156337
1.156337
1.294188
1.294188
1.399675
1.399675
1.299145
1.299145
1.314601
1.314601
1.242715
1.242715
1.198416
1.198416
1.317058
1.317058
1.212670
1.212670
1.251630
1.251630
1.226274
1.226274
1.231877
1.231877
1.353921
1.353921
1.327943
1.327943
1.348412
1.348412
1.237890
1.237890
1.262218
1.262218
1.317098
1.317098
1.079018
1.079018
1.295071
1.295071
1.170967
1.170967
1.284574
1.284574
1.191079
1.191079
1.363448
1.363448
1.363127
1.363127
1.302148
1.302148
1.351991
1.351991
1.370771
1.370771
1.371064
1.371064
1.194407
1.194407
1.286447
1.286447
1.299457
1.299457
1.388439
1.388439
1.183325
1.183325
1.396592
1.396592
1.223601
1.223601
1.216935
1.216935
1.114810
1.114810
1.187801
1.187801
1.138213
1.138213
1.269267
1.269267
1.114039
1.114039
1.098704
1.098704
1.274868
1.274868
1.346839
1.346839
1.364428
1.364428
1.327338
1.327338
1.288316
1.288316
1.286137
1.286137
1.283893
1.283893
1.316836
1.316836
1.186162
1.186162
1.351387
1.351387
1.232372
1.232372
1.304117
1.304117
1.396011
1.396011
1.334899
1.334899
1.374320
1.374320
1.023808
1.023808
1.274009
1.274009
1.321455
1.321455
1.257204
1.257204
1.323092
1.323092
1.289991
1.289991
1.192296
1.192296
1.137835
1.137835
1.159786
1.159786
1.364587
1.364587
1.373653
1.373653
1.146860
1.146860
1.339894
1.339894
1.270024
1.270024
1.157575
1.157575
1.398619
1.398619
1.299271
1.299271
1.394328
1.394328
1.249932
1.249932
1.210376
1.210376
1.248226
1.248226
1.202179
1.202179
1.279672
1.279672
1.376202
1.376202
1.321539
1.321539
1.304404
1.304404
1.267055
1.267055
1.373028
1.373028
1.353769
1.353769
1.386889
1.386889
1.164917
1.164917
1.112857
1.112857
1.369711
1.369711
1.234392
1.234392
1.307269
1.307269
1.335856
1.335856
1.052016
1.052016
1.338662
1.338662
1.275798
1.275798
1.253668
1.253668
1.312914
1.312914
1.219436
1.219436
1.353369
1.353369
1.329738
1.329738
1.374459
1.374459
1.278695
1.278695
1.317082
1.317082
1.250630
1.250630
1.386976
1.386976
1.382457
1.382457
1.289863
1.289863
1.167410
1.167410
1.318319
1.318319
1.169767
1.169767
1.325188
1.325188
1.299316
1.299316
1.370093
1.370093
1.215571
1.215571
1.381964
1.381964
1.281813
1.281813
1.133574
1.133574
1.314474
1.314474
1.385102
1.385102
1.262306
1.262306
1.257377
1.257377
1.105198
1.105198
1.196102
1.196102
1.199706
1.199706
1.150049
1.150049
1.329064
1.329064
1.238393
1.238393
1.300450
1.300450
1.244483
1.244483
1.324752
1.324752
1.230561
1.230561
1.332833
1.332833
