1.341480
1.341480
1.395044
1.395044
1.298601
1.298601
1.264821
1.264821
1.277076
1.277076
1.307563
1.307563
1.221631
1.221631
1.226274
1.226274
1.281019
1.281019
1.326741
1.326741
1.144927
1.144927
1.395314
1.395314
1.260194
1.260194
1.334059
1.334059
1.300108
1.300108
1.375661
1.375661
1.310292
1.310292
1.396214
1.396214
1.261163
1.261163
1.335674
1.335674
1.264346
1.264346
1.347124
1.347124
1.332837
1.332837
1.391894
1.391894
1.132325
1.132325
1.186029
1.186029
1.267236
1.267236
1.394077
1.394077
1.218115
1.218115
1.340355
1.340355
1.226506
1.226506
1.214612
1.214612
1.158754
1.158754
1.276180
1.276180
1.234122
1.234122
1.368280
1.368280
1.363327
1.363327
1.187486
1.187486
1.394874
1.394874
1.218079
1.218079
1.312626
1.312626
1.390401
1.390401
1.239368
1.239368
1.266078
1.266078
1.035442
1.035442
1.279926
1.279926
1.328185
1.328185
1.231541
1.231541
1.250135
1.250135
1.369905
1.369905
1.290394
1.290394
1.320253
1.320253
1.345247
1.345247
1.262313
1.262313
1.302196
1.302196
1.254667
1.254667
1.226685
1.226685
1.368808
1.368808
1.132185
1.132185
1.354577
1.354577
1.256046
1.256046
1.130458
1.130458
1.171008
1.171008
1.207573
1.207573
1.246694
1.246694
1.298966
1.298966
1.279504
1.279504
1.337796
1.337796
1.304250
1.304250
1.307638
1.307638
1.271854
1.271854
1.167728
1.167728
1.339907
1.339907
1.261499
1.261499
1.373209
1.373209
1.362182
1.362182
1.376777
1.376777
1.205287
1.205287
1.239614
1.239614
1.253580
1.253580
1.304506
1.304506
1.316999
1.316999
1.287903
1.287903
1.225289
1.225289
1.055194
1.055194
1.309915
1.309915
1.356277
1.356277
1.366596
1.366596
1.298753
1.298753
1.272696
1.272696
1.332670
1.332670
1.375375
1.375375
1.152467
1.152467
1.123334
1.123334
1.352537
1.352537
1.299541
1.299541
1.247320
1.247320
1.237602
1.237602
1.359561
1.359561
1.037572
1.037572
1.161358
1.161358
1.385116
1.385116
1.241725
1.241725
1.388104
1.388104
1.349792
1.349792
1.355334
1.355334
1.344078
1.280276
1.280276
1.344078
1.249747
1.249747
1.352111
1.352111
1.097626
1.097626
1.350610
1.350610
1.262913
1.262913
1.349537
1.349537
1.333895
1.333895
1.363981
1.363981
1.254885
1.254885
1.390257
1.390257
1.327368
1.327368
1.368028
1.368028
1.306415
1.306415
1.183001
1.183001
1.219706
1.219706
1.319288
1.319288
1.297363
1.297363
1.395387
1.395387
1.382453
1.382453
1.398633
1.398633
1.338380
1.338380
1.180162
1.180162
1.348289
1.348289
1.188307
1.188307
1.353571
1.353571
1.127867
1.127867
1.356304
1.356304
1.392945
1.392945
1.174914
1.174914
1.297389
1.297389
1.383227
1.383227
1.376713
1.376713
1.385857
1.385857
1.185540
1.185540
1.274045
1.274045
1.182796
1.182796
1.390216
1.390216
1.305458
1.305458
1.269397
1.269397
1.217158
1.217158
1.248280
1.248280
1.295580
1.295580
1.363505
1.363505
1.314223
1.314223
1.310253
1.310253
1.209992
1.209992
1.263948
1.263948
1.309567
1.309567
1.251873
1.251873
1.377166
1.377166
1.253858
1.253858
1.373987
1.373987
1.332366
1.332366
1.196831
1.196831
1.170926
1.170926
1.206299
1.206299
1.224507
1.224507
1.148768
1.148768
1.290283
1.290283
1.123906
1.123906
1.377071
1.377071
1.149605
1.149605
1.155762
1.155762
1.394008
1.394008
1.389348
1.389348
1.294796
1.294796
1.343148
1.343148
