1.318297
1.318297
1.368451
1.368451
1.221883
1.221883
1.391415
1.391415
1.329566
1.329566
1.265683
1.265683
1.154161
1.154161
1.383142
1.383142
1.244667
1.244667
1.296636
1.296636
1.289962
1.289962
1.218264
1.218264
1.355455
1.355455
1.184899
1.184899
1.282175
1.282175
1.294855
1.294855
1.331543
1.331543
1.170782
1.170782
1.289704
1.289704
1.215680
1.393411
1.393411
1.215680
1.369074
1.369074
1.157835
1.157835
1.300942
1.300942
1.242989
1.242989
1.161659
1.161659
1.116140
1.116140
1.393286
1.393286
1.340678
1.340678
1.116061
1.116061
1.144819
1.144819
1.190599
1.190599
1.243209
1.243209
1.292154
1.292154
1.144876
1.368311
1.144876
1.368311
1.079131
1.079131
1.337347
1.337347
1.247519
1.247519
1.255402
1.255402
1.303464
1.303464
1.367663
1.367663
1.302731
1.302731
1.305943
1.305943
1.143263
1.143263
1.340761
1.340761
1.306518
1.306518
1.399379
1.399379
1.234941
1.234941
1.390754
1.390754
1.313281
1.313281
1.214874
1.214874
1.383156
1.383156
1.316388
1.316388
1.242953
1.242953
1.206561
1.206561
1.364195
1.364195
1.357644
1.357644
1.378450
1.378450
1.319735
1.319735
1.354015
1.354015
1.344138
1.379308
1.344138
1.379308
1.375870
1.375870
1.311553
1.311553
1.134072
1.134072
1.116719
1.116719
1.369024
1.369024
1.248799
1.248799
1.262447
1.262447
1.318018
1.318018
1.221206
1.221206
1.285463
1.285463
1.389245
1.389245
1.381139
1.381139
1.398378
1.398378
1.196576
1.196576
1.397767
1.397767
1.323960
1.323960
1.331712
1.331712
1.244269
1.244269
1.178144
1.178144
1.236510
1.236510
1.266130
1.266130
1.244457
1.244457
1.325602
1.325602
1.066945
1.066945
1.282993
1.282993
1.390942
1.390942
1.200813
1.200813
1.335251
1.335251
1.318376
1.318376
1.285502
1.285502
1.244774
1.244774
1.361388
1.361388
1.288152
1.288152
1.296194
1.296194
1.214995
1.214995
1.397665
1.397665
1.193769
1.193769
1.370231
1.370231
1.362332
1.362332
1.266385
1.266385
1.306381
1.306381
1.391371
1.391371
1.297174
1.297174
1.381105
1.381105
1.264634
1.259051
1.259051
1.264634
1.351631
1.351631
1.287080
1.275360
1.287080
1.275360
1.265481
1.265481
1.172205
1.172205
1.359078
1.359078
1.146162
1.146162
1.200918
1.200918
1.234462
1.234462
1.358963
1.358963
1.315880
1.315880
1.384162
1.384162
1.157573
1.157573
1.330224
1.330224
1.286147
1.286147
1.295830
1.295830
1.178085
1.178085
1.221291
1.221291
1.367499
1.367499
1.313364
1.313364
1.382434
1.382434
1.392058
1.392058
1.305491
1.305491
1.203855
1.203855
1.083204
1.083204
1.391315
1.391315
1.299480
1.299480
1.316957
1.316957
1.339392
1.339392
1.346883
1.346883
1.320350
1.320350
1.133032
1.133032
1.294352
1.294352
1.310408
1.310408
1.368744
1.368744
1.399456
1.399456
1.170802
1.170802
1.288648
1.288648
1.319778
1.319778
1.346014
1.346014
1.241378
1.241378
1.316303
1.316303
1.365512
1.365512
1.314904
1.314904
1.094268
1.094268
1.221817
1.221817
1.358275
1.358275
1.283566
1.283566
1.211844
1.211844
1.377586
1.377586
1.387252
1.387252
1.257681
1.257681
1.398863
1.398863
1.202366
1.202366
1.320426
1.320426
1.393524
1.393524
1.279895
1.279895
1.396408
1.396408
1.298861
1.298861
1.168357
1.168357
1.255243
1.255243
1.392501
1.392501
1.084502
1.084502
1.255523
1.255523
1.275809
1.275809
1.391860
1.391860
1.389675
1.389675
1.159709
1.159709
1.342916
1.342916
1.314641
1.314641
1.350192
1.350192
1.285298
1.285298
1.378024
1.378024
1.286772
1.286772
1.399400
1.399400
1.355751
1.355751
1.239890
1.239890
1.235674
1.235674
1.128874
1.128874
1.076364
1.076364
1.333752
1.333752
1.282844
1.282844
1.312999
1.312999
1.333325
1.333325
1.356919
1.356919
1.341325
1.341325
1.244698
1.244698
1.092203
1.092203
1.322232
1.322232
1.300647
1.300647
1.352311
1.352311
1.372531
1.372531
1.361424
1.361424
1.394978
1.394978
1.252328
1.252328
1.141654
1.141654
1.298203
1.298203
1.348554
1.348554
1.376620
1.376620
1.340553
1.340553
1.355935
1.355935
1.295866
1.184163
1.184163
1.295866
1.376337
1.376337
1.370206
1.370206
1.333201
1.333201
1.178121
1.178121
1.132692
1.132692
1.384910
1.384910
1.288657
1.288657
1.305516
1.305516
1.262321
1.262321
1.236180
1.236180
1.398776
1.398776
1.321125
1.321125
1.296330
1.296330
1.351341
1.351341
1.315383
1.315383
1.370282
1.370282
1.245233
1.245233
1.203822
1.203822
1.329485
1.329485
1.309241
1.309241
1.350318
1.350318
1.332871
1.332871
1.338254
1.338254
1.169399
1.169399
1.382170
1.382170
1.172994
1.172994
1.314584
1.314584
1.357140
1.357140
1.226925
1.226925
1.289164
1.289164
1.105759
1.105759
1.200613
1.200613
1.207075
1.207075
1.129495
1.129495
1.140386
1.140386
1.241060
1.241060
1.254999
1.254999
1.332724
1.332724
1.246603
1.246603
1.335133
1.335133
1.340762
1.340762
1.351836
1.351836
1.272085
1.272085
1.264646
1.264646
1.154853
1.154853
