1.255828
1.255828
1.143701
1.143701
1.303714
1.303714
1.243138
1.243138
1.324338
1.324338
1.384213
1.375424
1.384213
1.375424
1.336806
1.336806
1.102106
1.102106
1.266246
1.266246
1.342308
1.342308
1.200655
1.200655
1.346481
1.346481
1.208033
1.208033
1.123520
1.123520
1.202542
1.202542
1.278893
1.278893
1.384936
1.384936
1.389031
1.389031
1.354221
1.354221
1.260074
1.260074
1.283491
1.283491
1.251512
1.251512
1.380196
1.380196
1.379914
1.379914
1.341139
1.341139
1.298745
1.298745
1.329405
1.329405
1.372485
1.372485
1.326563
1.326563
1.396610
1.396610
1.358558
1.358558
1.152960
1.152960
1.037636
1.037636
1.389224
1.389224
1.338706
1.338706
1.297865
1.297865
1.394570
1.394570
1.274832
1.274832
1.312722
1.312722
1.344117
1.344117
1.175963
1.175963
1.304502
1.304502
1.270097
1.270097
1.397643
1.397643
1.225831
1.225831
1.177039
1.177039
1.384775
1.384775
1.290379
1.290379
1.359807
1.359807
1.139636
1.139636
1.286537
1.286537
1.357431
1.357431
1.316676
1.316676
1.277612
1.277612
1.145258
1.145258
1.354983
1.354983
1.263974
1.263974
1.305204
1.305204
1.146908
1.146908
1.364309
1.364309
1.399873
1.399873
1.389554
1.389554
1.362609
1.362609
1.161217
1.161217
1.329600
1.329600
1.275504
1.275504
1.374708
1.374708
1.374586
1.374586
1.397905
1.397905
1.367209
1.367209
1.333281
1.333281
1.288039
1.288039
1.263714
1.263714
1.290781
1.290781
1.380915
1.380915
1.238130
1.238130
1.315387
1.315387
1.380337
1.380337
1.131479
1.131479
1.383488
1.383488
1.369213
1.369213
1.346953
1.346953
1.382867
1.382867
1.385590
1.385590
1.099980
1.099980
1.163770
1.163770
1.039783
1.039783
1.358590
1.358590
1.061234
1.061234
1.396137
1.396137
1.315263
1.315263
1.066754
1.066754
1.291664
1.291664
1.385591
1.385591
1.261654
1.261654
1.202060
1.202060
1.313752
1.313752
1.255755
1.255755
1.342514
1.342514
1.340591
1.340591
1.356595
1.356595
1.372905
1.372905
1.385157
1.385157
1.326205
1.326205
1.299891
1.299891
1.353634
1.353634
1.355052
1.355052
1.243436
1.243436
1.381239
1.381239
1.367708
1.367708
1.136768
1.136768
1.206643
1.206643
1.217771
1.217771
1.285729
1.285729
1.288852
1.288852
1.205871
1.205871
1.364245
1.364245
1.358686
1.358686
1.345965
1.345965
1.172657
1.172657
1.392275
1.392275
1.320038
1.320038
1.345637
1.345637
1.154583
1.154583
1.282250
1.282250
1.364068
1.364068
1.240724
1.240724
1.389868
1.389868
1.394492
1.394492
1.377273
1.377273
1.374536
1.374536
1.241801
1.241801
1.171925
1.171925
1.369646
1.369646
1.338520
1.338520
1.259089
1.259089
1.129836
1.129836
1.213935
1.213935
1.157416
1.157416
1.233218
1.233218
1.381053
1.381053
1.192400
1.192400
1.188568
1.188568
1.395334
1.395334
1.346351
1.346351
1.309677
1.309677
1.142625
1.142625
1.234696
1.234696
1.097250
1.097250
1.080308
1.080308
1.268886
1.268886
1.125752
1.125752
1.278689
1.278689
1.265209
1.265209
1.313373
1.313373
1.382287
1.382287
1.332794
1.332794
1.356066
1.356066
1.206689
1.206689
1.245126
1.245126
1.379839
1.379839
1.357950
1.357950
1.305216
1.305216
