1.295753
1.295753
1.308254
1.308254
1.374948
1.374948
1.147504
1.147504
1.379066
1.379066
1.310615
1.310615
1.396052
1.396052
1.276753
1.276753
1.382256
1.382256
1.164515
1.164515
1.119699
1.119699
1.365604
1.365604
1.263903
1.263903
1.258616
1.395470
1.395470
1.258616
1.288077
1.288077
1.180520
1.180520
1.286281
1.286281
1.069739
1.069739
1.371728
1.371728
1.390358
1.390358
1.247135
1.247135
1.241937
1.241937
1.357415
1.357415
1.250683
1.250683
1.340619
1.274308
1.274308
1.340619
1.332226
1.332226
1.046901
1.046901
1.332808
1.332808
1.357470
1.357470
1.338550
1.338550
1.365869
1.365869
1.380049
1.380049
1.395833
1.395833
1.201523
1.201523
1.314722
1.314722
1.296445
1.296445
1.211240
1.211240
1.109107
1.109107
1.343850
1.343850
1.152283
1.152283
1.380047
1.380047
1.285879
1.285879
1.278747
1.278747
1.184071
1.184071
1.357781
1.399609
1.357781
1.399609
1.391585
1.391585
1.358913
1.358913
1.268064
1.268064
1.245080
1.245080
1.107213
1.107213
1.366335
1.366335
1.336349
1.336349
1.208032
1.208032
1.352383
1.352383
1.316393
1.316393
1.333138
1.333138
1.308489
1.308489
1.375546
1.375546
1.260997
1.347095
1.260997
1.347095
1.327713
1.327713
1.286109
1.286109
1.378046
1.378046
1.383451
1.383451
1.138080
1.138080
1.397588
1.397588
1.131117
1.131117
1.177362
1.177362
1.327446
1.327446
1.380001
1.380001
1.252954
1.252954
1.369641
1.369641
1.263671
1.263671
1.206403
1.206403
1.384320
1.384320
1.315814
1.315814
1.287754
1.287754
1.130193
1.130193
1.146078
1.146078
1.374185
1.374185
1.193432
1.193432
1.290010
1.290010
1.312226
1.312226
1.194743
1.194743
1.266184
1.266184
1.396441
1.396441
1.284277
1.284277
1.156034
1.156034
1.361612
1.361612
1.352796
1.352796
1.197811
1.197811
1.324001
1.324001
1.386933
1.386933
1.371366
1.371366
1.217344
1.217344
1.328420
1.328420
1.397401
1.397401
1.253522
1.253522
1.298029
1.298029
1.107950
1.107950
1.302073
1.302073
1.307986
1.307986
1.226922
1.226922
1.394704
1.394704
1.364912
1.364912
1.190134
1.190134
1.268425
1.373103
1.139228
1.373103
1.139228
1.268425
1.283670
1.283670
1.389448
1.389448
1.362254
1.362254
1.288848
1.288848
1.339724
1.339724
1.274884
1.274884
1.251661
1.251661
1.131038
1.131038
1.279598
1.279598
1.301616
1.301616
1.374154
1.374154
1.231380
1.231380
1.375129
1.375129
1.193712
1.193712
1.326330
1.326330
1.319622
1.319622
1.242340
1.242340
1.322924
1.322924
1.359461
1.359461
1.185819
1.185819
1.383925
1.383925
1.347709
1.347709
1.176705
1.176705
1.371342
1.371342
1.228522
1.228522
1.384202
1.384202
1.391889
1.331542
1.331542
1.391889
1.203803
1.203803
1.242968
1.242968
1.197536
1.197536
1.230984
1.230984
1.388591
1.388591
1.265369
1.265369
1.367988
1.367988
1.185004
1.185004
1.238817
1.238817
1.364103
1.364103
1.364842
1.364842
1.390939
1.390939
1.372850
1.372850
1.383052
1.383052
1.260248
1.260248
1.380409
1.380409
1.346565
1.352239
1.346565
1.352239
1.283725
1.283725
1.135876
1.135876
1.366878
1.366878
1.354853
1.354853
1.253071
1.253071
1.369501
1.369501
1.391705
1.163201
1.163201
1.391705
1.319024
1.319024
1.134017
1.134017
1.305835
1.305835
1.393766
1.393766
1.348587
1.348587
1.233206
1.233206
1.317424
1.317424
1.393249
1.393249
1.190020
1.190020
1.384814
1.384814
1.394551
1.394551
1.233989
1.233989
1.389973
1.389973
1.387685
1.387685
1.193613
1.193613
1.269852
1.269852
1.169940
1.169940
1.215802
1.215802
1.153915
1.153915
1.392169
1.392169
1.257526
1.257526
1.160904
1.160904
1.289826
1.289826
1.264811
1.264811
1.137192
1.137192
1.348314
1.348314
1.285129
1.285129
1.355938
1.355938
1.332526
1.332526
1.169240
1.169240
1.290754
1.290754
1.326352
1.326352
1.341629
1.341629
1.376644
1.376644
1.266111
1.266111
1.260042
1.260042
1.246012
1.246012
1.365131
1.365131
1.352504
1.352504
1.026661
1.026661
1.121325
1.121325
1.283243
1.283243
1.194366
1.194366
1.271404
1.271404
1.012826
1.012826
1.344532
1.344532
1.137850
1.137850
1.337145
1.337145
1.322313
1.322313
1.181291
1.181291
1.364345
1.364345
1.319467
1.319467
1.310413
1.310413
1.233737
1.233737
1.107308
1.107308
1.276048
1.276048
1.257365
1.257365
1.345515
1.345515
1.377044
1.377044
1.295327
1.295327
1.122098
1.122098
1.209033
1.209033
1.188622
1.188622
1.372821
1.372821
1.377730
1.377730
1.100789
1.100789
1.283320
1.283320
1.133787
1.133787
1.383485
1.383485
1.262102
1.262102
1.357082
1.357082
1.362438
1.362438
1.351131
1.351131
1.180880
1.180880
1.298296
1.298296
1.007216
1.007216
1.243251
1.243251
1.349759
1.349759
1.180213
1.180213
1.334301
1.334301
1.238381
1.238381
1.329321
1.329321
1.349768
1.349768
1.353193
1.353193
1.359505
1.359505
1.311180
1.311180
1.238615
1.238615
