1.128241
1.128241
1.316834
1.316834
1.305224
1.305224
1.253606
1.253606
1.381245
1.381245
1.276199
1.276199
1.158934
1.158934
1.390281
1.390281
1.273480
1.273480
1.222943
1.222943
1.044002
1.044002
1.189744
1.189744
1.314756
1.314756
1.398411
1.398411
1.190495
1.330570
1.190495
1.330570
1.198532
1.198532
1.258950
1.258950
1.287147
1.287147
1.363815
1.112397
1.363815
1.112397
1.375079
1.375079
1.332585
1.332585
1.391414
1.391414
1.262902
1.262902
1.341749
1.341749
1.312295
1.312295
1.241815
1.241815
1.360158
1.360158
1.319635
1.195414
1.195414
1.319635
1.305506
1.305506
1.171429
1.171429
1.095669
1.095669
1.301872
1.301872
1.374607
1.374607
1.302716
1.302716
1.100789
1.100789
1.311813
1.311813
1.393702
1.393702
1.238812
1.297032
1.297032
1.238812
1.359124
1.359124
1.254003
1.254003
1.155969
1.155969
1.209312
1.209312
1.190865
1.190865
1.186902
1.186902
1.377650
1.377650
1.364929
1.364929
1.206002
1.206002
1.339246
1.339246
1.323071
1.323071
1.356825
1.356825
1.316757
1.316757
1.333456
1.333456
1.350710
1.350710
1.081418
1.081418
1.340000
1.340000
1.366125
1.366125
1.298869
1.298869
1.220285
1.220285
1.387665
1.387665
1.367572
1.367572
1.298295
1.298295
1.282997
1.282997
1.300811
1.300811
1.341028
1.341028
1.355087
1.355087
1.157967
1.157967
1.190568
1.190568
1.314579
1.314579
1.212419
1.212419
1.340435
1.340435
1.243864
1.243864
1.376327
1.376327
1.221696
1.221696
1.393287
1.393287
1.337842
1.337842
1.120629
1.120629
1.124953
1.124953
1.304317
1.304317
1.291006
1.291006
1.386550
1.386550
1.191100
1.191100
1.347847
1.347847
1.037305
1.037305
1.165121
1.165121
1.010230
1.010230
1.126982
1.126982
1.226923
1.226923
1.263274
1.263274
1.228631
1.360223
1.228631
1.360223
1.288177
1.288177
1.315549
1.315549
1.023680
1.023680
1.366324
1.366324
1.247630
1.247630
1.310213
1.310213
1.368913
1.368913
1.285792
1.285792
1.082261
1.082261
1.290883
1.275515
1.275515
1.290883
1.230446
1.230446
1.375808
1.375808
1.204493
1.204493
1.392445
1.392445
1.351597
1.351597
1.345719
1.345719
1.141637
1.141637
1.380000
1.380000
1.332317
1.332317
1.337737
1.337737
1.231357
1.231357
1.161139
1.161139
1.284041
1.284041
1.084505
1.084505
1.083128
1.083128
1.359455
1.359455
1.075733
1.075733
1.347598
1.347598
1.383052
1.383052
1.230866
1.230866
1.387074
1.387074
1.279461
1.279461
1.085975
1.085975
1.208148
1.208148
1.283438
1.283438
1.216193
1.216193
1.202440
1.202440
1.307224
1.307224
1.182202
1.182202
1.182223
1.182223
1.193588
1.193588
1.230661
1.230661
1.272887
1.272887
1.124665
1.124665
1.160912
1.160912
1.083775
1.083775
1.201004
1.201004
1.336482
1.336482
1.387238
1.387238
1.281647
1.281647
1.239451
1.239451
1.394427
1.394427
1.373897
1.373897
1.307282
1.307282
1.125581
1.125581
1.166671
1.166671
1.365325
1.365325
1.354132
1.354132
1.295079
1.295079
1.268232
1.268232
1.197634
1.197634
1.130552
1.130552
1.313456
1.313456
1.297109
1.297109
1.192789
1.192789
1.163526
1.163526
1.236296
1.236296
1.376277
1.376277
1.213150
1.213150
1.335833
1.335833
1.371120
1.371120
1.268099
1.268099
1.353628
1.353628
1.143998
1.143998
1.145848
1.145848
1.395331
1.395331
1.367110
1.367110
1.221516
1.221516
1.139226
1.139226
1.397335
1.397335
1.394636
1.394636
1.361313
1.361313
1.150667
1.150667
1.228542
1.228542
1.254341
1.254341
1.272287
1.272287
1.190318
1.190318
1.114120
1.114120
1.179466
1.179466
1.190161
1.190161
1.141723
1.141723
1.140450
1.140450
1.399202
1.399202
1.325656
1.325656
1.329090
1.329090
1.189682
1.189682
1.339062
1.339062
1.365871
1.365871
1.328374
1.328374
1.051631
1.051631
1.256075
1.256075
1.359198
1.359198
1.198914
1.198914
1.387186
1.387186
1.338577
1.338577
1.353469
1.353469
1.262606
1.262606
1.318378
1.318378
1.194162
1.194162
1.166113
1.166113
1.382838
1.382838
1.333232
1.333232
1.253027
1.253027
1.387083
1.387083
1.121597
1.121597
1.324255
1.324255
1.332992
1.332992
1.198768
1.198768
1.297294
1.297294
1.258308
1.258308
1.226679
1.226679
1.176788
1.176788
1.362355
1.362355
1.396179
1.396179
1.189184
1.189184
1.268034
1.268034
1.374701
1.374701
1.181675
1.181675
1.372480
1.372480
1.329272
1.329272
1.315489
1.315489
1.174423
1.289277
1.289277
1.174423
1.370795
1.370795
1.396107
1.396107
1.155789
1.155789
1.210014
1.210014
1.391336
1.391336
1.324389
1.324389
1.352104
1.352104
1.325239
1.325239
1.137620
1.137620
1.220326
1.220326
