1.201719
1.201719
1.076452
1.076452
1.337658
1.337658
1.274529
1.274529
1.277867
1.277867
1.293274
1.293274
1.385046
1.385046
1.267783
1.267783
1.280092
1.280092
1.390404
1.390404
1.398674
1.398674
1.222055
1.222055
1.232369
1.232369
1.346939
1.346939
1.138682
1.138682
1.246586
1.246586
1.051697
1.051697
1.359494
1.359494
1.360978
1.360978
1.339934
1.339934
1.103237
1.103237
1.243450
1.243450
1.153860
1.153860
1.266532
1.266532
1.347641
1.347641
1.349108
1.349108
1.342235
1.397340
1.342235
1.397340
1.294131
1.294131
1.364715
1.376944
1.376944
1.364715
1.156503
1.156503
1.396272
1.396272
1.333131
1.333131
1.352947
1.352947
1.342303
1.342303
1.258842
1.258842
1.399580
1.399580
1.358253
1.358253
1.355835
1.355835
1.176728
1.176728
1.250740
1.250740
1.244814
1.244814
1.339306
1.339306
1.339048
1.339048
1.230246
1.230246
1.193788
1.193788
1.296672
1.296672
1.217802
1.217802
1.190672
1.190672
1.394682
1.394682
1.305573
1.305573
1.318956
1.318956
1.227650
1.227650
1.169103
1.169103
1.388356
1.388356
1.343132
1.343132
1.375923
1.375923
1.235934
1.235934
1.339103
1.339103
1.223280
1.223280
1.269257
1.269257
1.295806
1.295806
1.353572
1.353572
1.345514
1.345514
1.377312
1.377312
1.222641
1.222641
1.313999
1.313999
1.370118
1.370118
1.397934
1.397934
1.398794
1.398794
1.397373
1.397373
1.263581
1.263581
1.352793
1.352793
1.337324
1.337324
1.149109
1.149109
1.170864
1.170864
1.325076
1.325076
1.358639
1.358639
1.366163
1.366163
1.332317
1.332317
1.272315
1.272315
1.306174
1.306174
1.175192
1.175192
1.294899
1.294899
1.394281
1.394281
1.201974
1.201974
1.397610
1.397610
1.321897
1.321897
1.223487
1.223487
1.310320
1.310320
1.380102
1.380102
1.302308
1.302308
1.250870
1.250870
1.160495
1.160495
1.379013
1.379013
1.087616
1.087616
1.148814
1.148814
1.279423
1.279423
1.373805
1.373805
1.272840
1.272840
1.233575
1.233575
1.174040
1.174040
1.245443
1.245443
1.381669
1.381669
1.378218
1.378218
1.333613
1.321215
1.321215
1.333613
1.179608
1.179608
1.214401
1.214401
1.324103
1.324103
1.312369
1.312369
1.377814
1.377814
1.133904
1.133904
1.289308
1.289308
1.275370
1.275370
1.322630
1.322630
1.397916
1.397916
1.032202
1.032202
1.294930
1.294930
1.236335
1.236335
1.094749
1.094749
1.111211
1.111211
1.313820
1.313820
1.353742
1.353742
1.297428
1.297428
1.330504
1.330504
1.227076
1.227076
1.306186
1.378599
1.306186
1.378599
1.240380
1.240380
1.319843
1.319843
1.060027
1.060027
1.277176
1.277176
1.222211
1.222211
1.341148
1.341148
1.347645
1.347645
1.363974
1.363974
1.345005
1.345005
1.288818
1.288818
1.388095
1.388095
1.379929
1.379929
1.236228
1.236228
1.327456
1.327456
1.365975
1.365975
1.244103
1.244103
1.321834
1.321834
1.317264
1.317264
1.327188
1.327188
1.378747
1.378747
1.287944
1.287944
1.189811
1.189811
1.234763
1.234763
1.394607
1.394607
1.333205
1.333205
1.079347
1.079347
1.372972
1.372972
1.368522
1.368522
1.212510
1.212510
1.398206
1.398206
1.028949
1.028949
1.394580
1.394580
1.346210
1.346210
1.099049
1.099049
1.261848
1.261848
1.082280
1.082280
1.304597
1.304597
1.353086
1.353086
1.372470
1.372470
1.211117
1.211117
1.229319
1.229319
1.210410
1.210410
1.249510
1.249510
1.386296
1.386296
1.147697
1.147697
1.286914
1.286914
1.318297
1.318297
1.358800
1.358800
1.367381
1.367381
1.258766
1.258766
1.268379
1.268379
1.399810
1.399810
1.216564
1.216564
1.206471
1.206471
1.282990
1.282990
1.336722
1.336722
1.324615
1.324615
1.391038
1.391038
1.380295
1.380295
1.373380
1.373380
1.327446
1.327446
1.159688
1.159688
1.376788
1.376788
1.397987
1.397987
1.137434
1.137434
1.332944
1.332944
1.285105
1.285105
1.317259
1.317259
1.249118
1.249118
1.310951
1.310951
1.303640
1.303640
1.188585
1.188585
1.171364
1.171364
1.165707
1.165707
1.257181
1.257181
1.395245
1.395245
1.179541
1.179541
1.218470
1.218470
1.368373
1.368373
1.373178
1.373178
1.217639
1.217639
1.387288
1.387288
1.106279
1.106279
1.149228
1.149228
1.364908
1.364908
1.196147
1.196147
1.106081
1.106081
1.177343
1.177343
1.207670
1.207670
1.359203
1.359203
1.369688
1.369688
1.310460
1.310460
1.138158
1.138158
1.378733
1.378733
1.262163
1.262163
1.386740
1.386740
1.201349
1.201349
1.365337
1.365337
1.315721
1.315721
1.324655
1.324655
1.293600
1.293600
1.378557
1.378557
1.308533
1.308533
1.356109
1.356109
1.276553
1.276553
1.298120
1.298120
1.395775
1.395775
1.366186
1.366186
1.307903
1.307903
1.313771
1.313771
1.056089
1.056089
1.050630
1.050630
1.343724
1.343724
1.232803
1.232803
1.188043
1.188043
1.187762
1.187762
1.221255
1.221255
1.245463
1.245463
1.311776
1.311776
1.304442
1.304442
1.308004
1.308004
1.362256
1.362256
1.123504
1.123504
1.391327
1.391327
