1.127443
1.127443
1.373837
1.373837
1.383824
1.383824
1.332226
1.332226
1.309389
1.309389
1.372872
1.372872
1.311172
1.311172
1.367409
1.367409
1.389524
1.389524
1.392659
1.392659
1.253065
1.253065
1.399880
1.399880
1.242382
1.242382
1.390255
1.390255
1.355283
1.355283
1.284049
1.284049
1.399899
1.399899
1.282952
1.282952
1.397784
1.397784
1.180022
1.180022
1.031912
1.031912
1.166202
1.166202
1.389188
1.389188
1.301917
1.301917
1.386729
1.386729
1.267133
1.267133
1.372694
1.372694
1.301606
1.301606
1.083124
1.083124
1.371031
1.371031
1.382615
1.382615
1.228791
1.228791
1.225463
1.225463
1.320058
1.320058
1.356245
1.356245
1.302949
1.302949
1.324993
1.324993
1.231437
1.231437
1.302854
1.302854
1.346251
1.346251
1.373133
1.373133
1.296545
1.296545
1.103836
1.103836
1.215680
1.215680
1.304770
1.304770
1.167438
1.167438
1.313542
1.313542
1.354070
1.354070
1.373783
1.373783
1.346956
1.346956
1.331777
1.331777
1.198623
1.198623
1.215978
1.215978
1.264206
1.264206
1.382202
1.382202
1.197970
1.197970
1.360625
1.360625
1.376130
1.376130
1.271825
1.271825
1.285424
1.285424
1.397386
1.397386
1.175225
1.175225
1.237701
1.237701
1.347091
1.347091
1.367392
1.367392
1.124102
1.124102
1.346978
1.384611
1.346978
1.384611
1.384778
1.384778
1.278670
1.278670
1.282778
1.282778
1.325623
1.325623
1.314427
1.314427
1.387275
1.387275
1.350673
1.350673
1.209380
1.209380
1.230085
1.230085
1.381331
1.381331
1.140502
1.140502
1.312079
1.312079
1.284539
1.284539
1.370554
1.370554
1.374577
1.374577
1.294956
1.364235
1.294956
1.364235
1.352176
1.352176
1.363086
1.363086
1.264976
1.264976
1.242703
1.242703
1.305190
1.305190
1.187765
1.187765
1.274995
1.274995
1.241424
1.241424
1.355156
1.355156
1.100580
1.100580
1.328277
1.328277
1.195442
1.195442
1.371305
1.371305
1.294392
1.294392
1.363178
1.363178
1.229020
1.229020
1.333455
1.333455
1.311441
1.311441
1.363743
1.363743
1.078664
1.078664
1.169115
1.169115
1.057150
1.057150
1.299037
1.299037
1.364939
1.364939
1.103112
1.103112
1.252494
1.253764
1.252494
1.253764
1.370925
1.370925
1.261805
1.261805
1.068722
1.068722
1.282830
1.282830
1.035396
1.035396
1.189294
1.189294
1.381522
1.381522
1.215252
1.215252
1.396183
1.396183
1.396474
1.396474
1.330996
1.330996
1.339826
1.339826
1.197023
1.197023
1.313153
1.313153
1.367058
1.367058
1.290924
1.290924
1.208439
1.208439
1.374537
1.374537
1.281642
1.281642
1.108435
1.108435
1.339806
1.339806
1.222619
1.222619
1.068987
1.068987
1.347073
1.347073
1.319065
1.319065
1.396419
1.396419
1.187726
1.187726
1.217074
1.217074
1.298584
1.298584
1.348442
1.348442
1.388877
1.388877
1.101514
1.101514
1.253680
1.253680
1.344577
1.344577
1.346580
1.346580
1.204853
1.204853
1.381572
1.381572
1.128130
1.128130
1.328505
1.328505
1.317864
1.317864
1.182707
1.182707
1.261152
1.261152
1.280446
1.280446
1.321545
1.321545
1.055768
1.055768
1.208208
1.208208
1.358797
1.358797
1.297157
1.297157
1.330047
1.330047
1.223798
1.223798
1.078359
1.078359
1.297997
1.297997
1.360410
1.360410
1.295284
1.295284
1.282626
1.282626
1.334832
1.334832
1.293322
1.293322
1.298544
1.298544
1.372426
1.372426
1.392825
1.392825
1.342165
1.342165
1.291850
1.291850
1.338684
1.338684
1.218179
1.218179
1.258015
1.258015
1.349981
1.349981
1.335055
1.335055
1.381157
1.381157
1.198573
1.198573
1.127812
1.127812
1.369013
1.369013
1.158722
1.158722
1.386059
1.386059
1.318127
1.318127
1.122140
1.122140
1.274351
1.274351
1.388618
1.388618
1.386235
1.386235
1.122140
1.122140
1.111146
1.111146
1.394824
1.394824
1.346932
1.346932
1.299065
1.299065
1.229177
1.229177
1.396368
1.396368
1.326009
1.326009
1.314024
1.314024
1.264642
1.264642
1.203637
1.203637
1.264258
1.264258
1.201427
1.201427
1.346414
1.346414
1.342622
1.342622
1.254814
1.254814
1.334921
1.334921
1.200269
1.200269
1.281952
1.281952
1.388002
1.388002
1.368064
1.368064
1.092453
1.092453
1.124512
1.124512
1.372817
1.372817
1.389303
1.389303
1.057744
1.057744
1.280317
1.280317
1.210116
1.210116
1.025752
1.025752
1.166593
1.166593
1.249869
1.249869
1.396663
1.396663
1.284351
1.284351
1.189286
1.189286
1.233703
1.233703
1.271210
1.271210
1.355453
1.355453
1.136342
1.136342
1.124604
1.124604
1.142210
1.142210
1.333136
1.333136
1.346471
1.346471
1.116847
1.116847
1.381725
1.381725
1.304664
1.304664
1.371384
1.371384
1.393064
1.393064
1.189278
1.189278
1.156140
1.156140
1.307832
1.307832
1.293674
1.293674
1.263693
1.263693
1.355855
1.355855
1.373474
1.373474
1.306645
1.306645
1.253484
1.253484
1.373151
1.373151
1.374101
1.374101
1.071720
1.071720
1.342876
1.342876
1.379340
1.379340
1.383137
1.383137
1.295987
1.295987
1.357451
1.357451
1.034115
1.034115
1.215059
1.215059
1.354760
1.354760
1.279341
1.279341
1.358702
1.358702
1.240146
1.240146
1.186416
1.186416
1.355299
1.355299
1.322096
1.322096
1.313412
1.313412
1.355917
1.355917
1.228840
1.228840
1.288366
1.288366
1.053964
1.053964
1.296508
1.296508
1.344390
1.344390
1.128713
1.128713
1.302691
1.302691
1.297683
1.297683
1.170147
1.170147
1.285796
1.285796
1.148028
1.148028
1.325331
1.325331
1.221100
1.221100
1.280281
1.280281
1.387396
1.387396
1.310436
1.310436
1.226319
1.226319
1.387214
1.387214
1.232970
1.232970
