1.188056
1.188056
1.133510
1.133510
1.330635
1.330635
1.368992
1.368992
1.108439
1.108439
1.180223
1.212614
1.212614
1.180223
1.251470
1.287805
1.287805
1.251470
1.390781
1.390781
1.146828
1.146828
1.359325
1.359325
1.364082
1.364082
1.129502
1.129502
1.381048
1.381048
1.272791
1.272791
1.245289
1.245289
1.368923
1.368923
1.399316
1.399316
1.173142
1.173142
1.397517
1.277661
1.277661
1.397517
1.379002
1.379002
1.120271
1.120271
1.340944
1.340944
1.154741
1.154741
1.195485
1.195485
1.382353
1.382353
1.319765
1.319765
1.147372
1.147372
1.375777
1.375777
1.394250
1.394250
1.267472
1.267472
1.371701
1.371701
1.369959
1.369959
1.342357
1.342357
1.380098
1.380098
1.342962
1.342962
1.301144
1.301144
1.268807
1.268807
1.264581
1.264581
1.276623
1.276623
1.366231
1.366231
1.389113
1.389113
1.169975
1.169975
1.374505
1.374505
1.297666
1.297666
1.374968
1.374968
1.304801
1.304801
1.368513
1.368513
1.385937
1.385937
1.234101
1.234101
1.392656
1.392656
1.274212
1.274212
1.327879
1.327879
1.090434
1.090434
1.165421
1.165421
1.254740
1.254740
1.346742
1.346742
1.303833
1.303833
1.299275
1.299275
1.245205
1.245205
1.372595
1.372595
1.397293
1.397293
1.362421
1.362421
1.075547
1.075547
1.283061
1.283061
1.338426
1.338426
1.386483
1.386483
1.184181
1.184181
1.276763
1.276763
1.368848
1.368848
1.285960
1.285960
1.375871
1.375871
1.180907
1.180907
1.358197
1.358197
1.248214
1.248214
1.363531
1.363531
1.139162
1.139162
1.283630
1.283630
1.367070
1.367070
1.113860
1.113860
1.243565
1.243565
1.373429
1.373429
1.362408
1.362408
1.195566
1.195566
1.290946
1.290946
1.378893
1.378893
1.270496
1.270496
1.386675
1.386675
1.308497
1.308497
1.331769
1.331769
1.253528
1.253528
1.251995
1.251995
1.372537
1.372537
1.353945
1.353945
1.230178
1.230178
1.288677
1.354788
1.288677
1.354788
1.347022
1.347022
1.381537
1.381537
1.199188
1.199188
1.108676
1.108676
1.204023
1.204023
1.226612
1.226612
1.086660
1.086660
1.157079
1.157079
1.354367
1.354367
1.177509
1.177509
1.391439
1.391439
1.394923
1.394923
1.216588
1.216588
1.282489
1.282489
1.008239
1.178478
1.178478
1.008239
1.273010
1.273010
1.080739
1.080739
1.377622
1.377622
1.206578
1.206578
1.344936
1.344936
1.272993
1.272993
1.286268
1.286268
1.233030
1.233030
1.315120
1.315120
1.179278
1.179278
1.055182
1.055182
1.271796
1.085115
1.085115
1.271796
1.200812
1.200812
1.294436
1.294436
1.191456
1.191456
1.173177
1.173177
1.377695
1.377695
1.392210
1.392210
1.120712
1.120712
1.284762
1.284762
1.221515
1.221515
1.284355
1.284355
1.241507
1.241507
1.176423
1.176423
1.303226
1.303226
1.322263
1.322263
1.276599
1.276599
1.275044
1.275044
1.358883
1.358883
1.386814
1.386814
1.358876
1.358876
1.361604
1.361604
1.318522
1.318522
1.202210
1.202210
1.328694
1.328694
1.333937
1.187429
1.187429
1.333937
1.365751
1.365751
1.277967
1.277967
1.134399
1.134399
1.259203
1.259203
1.075587
1.075587
1.198181
1.198181
1.308532
1.308532
1.263458
1.263458
1.125629
1.125629
1.341845
1.341845
1.162663
1.162663
1.354906
1.354906
1.287542
1.287542
1.183365
1.183365
1.112164
1.112164
1.382051
1.382051
1.279255
1.279255
1.212171
1.212171
1.307910
1.307910
1.331049
1.331049
1.302904
1.302904
1.283198
1.283198
1.316193
1.316193
1.234737
1.234737
1.285112
1.285112
1.337148
1.337148
1.243794
1.243794
1.160698
1.160698
1.370539
1.370539
1.284662
1.284662
1.338211
1.338211
1.247533
1.247533
1.377645
1.377645
1.291990
1.291990
1.274494
1.274494
1.349415
1.349415
1.334691
1.334691
1.177551
1.177551
1.238637
1.238637
1.334173
1.334173
1.357093
1.357093
1.384296
1.384296
1.283326
1.283326
1.396498
1.396498
1.377656
1.377656
1.383158
1.383158
1.370204
1.370204
1.207842
1.207842
1.357862
1.357862
1.279113
1.279113
1.344915
1.344915
1.124091
1.124091
1.348521
1.348521
1.292714
1.292714
1.389113
1.389113
1.381578
1.381578
1.330568
1.330568
1.196310
1.196310
1.379086
1.379086
1.319014
1.319014
1.356433
1.356433
1.223233
1.223233
1.331152
1.331152
1.379292
1.379292
1.223619
1.223619
1.277026
1.277026
1.358162
1.358162
1.361186
1.361186
1.341291
1.341291
1.245807
1.245807
1.332025
1.332025
1.099107
1.099107
1.390146
1.390146
1.253535
1.253535
1.358751
1.358751
1.312114
1.312114
1.212909
1.212909
1.255362
1.255362
1.237807
1.237807
1.230312
1.230312
1.381694
1.381694
1.119218
1.119218
1.302399
1.302399
1.314924
1.314924
1.327655
1.327655
1.248054
1.248054
1.160702
1.160702
1.292060
1.292060
1.289184
1.289184
1.224056
1.224056
1.194885
1.194885
1.252973
1.252973
1.331302
1.331302
1.111967
1.111967
1.339813
1.339813
1.272468
1.272468
1.393224
1.393224
1.364288
1.364288
1.288447
1.288447
1.170404
1.170404
1.329500
1.329500
1.352966
1.352966
1.391762
1.391762
1.272463
1.272463
1.396340
1.396340
1.255120
1.255120
1.370979
1.370979
1.206389
1.206389
1.386364
1.386364
1.230434
1.230434
1.240120
1.240120
1.370650
1.370650
1.330872
1.330872
1.394424
1.394424
1.135019
1.135019
1.154529
1.154529
1.100385
1.100385
1.251774
1.251774
1.145815
1.145815
1.290526
1.290526
1.177112
1.177112
1.244876
1.244876
1.383685
1.383685
1.290742
1.290742
1.201335
1.201335
1.386481
1.386481
1.086148
1.086148
1.307651
1.307651
1.328169
1.328169
1.360046
1.360046
1.060272
1.060272
1.290908
1.290908
1.052190
1.052190
1.178416
1.178416
1.349943
1.349943
1.366664
1.366664
1.218989
1.218989
1.236068
1.236068
1.295114
1.295114
1.255478
1.255478
1.224037
1.224037
1.387178
1.387178
1.251497
1.251497
1.361283
1.361283
1.395631
1.395631
1.352841
1.352841
1.374748
1.374748
1.388317
1.388317
1.344780
1.344780
1.228806
1.228806
1.103043
1.103043
1.264769
1.264769
1.119369
1.119369
1.393846
1.393846
1.081547
1.081547
1.072772
1.072772
1.309284
1.309284
1.193157
1.193157
1.109001
1.109001
1.160555
1.160555
1.362670
1.362670
1.349042
1.349042
1.237265
1.237265
1.342710
1.342710
1.156410
1.156410
1.364241
1.364241
1.301581
1.301581
1.130663
1.130663
1.319639
1.350780
1.319639
1.350780
1.259244
1.259244
1.355835
1.355835
1.235189
1.235189
1.366343
1.366343
1.178737
1.178737
1.355043
1.355043
1.214653
1.214653
1.271347
1.271347
1.246634
1.246634
1.399458
1.399458
1.297175
1.297175
1.207310
1.323613
1.207310
1.323613
1.285575
1.285575
1.261915
1.261915
1.354333
1.354333
1.371648
1.371648
