1.214342
1.214342
1.364197
1.364197
1.176199
1.176199
1.086767
1.086767
1.090911
1.090911
1.205705
1.205705
1.396394
1.396394
1.349860
1.349860
1.320038
1.320038
1.248748
1.268416
1.248748
1.268416
1.390070
1.390070
1.355776
1.355776
1.291555
1.291555
1.288848
1.288848
1.323002
1.323002
1.358647
1.086345
1.086345
1.358647
1.378871
1.378871
1.310168
1.310168
1.136708
1.136708
1.300745
1.300745
1.216675
1.216675
1.313604
1.313604
1.293823
1.293823
1.355301
1.234224
1.355301
1.234224
1.383003
1.383003
1.242923
1.241136
1.241136
1.242923
1.316329
1.316329
1.118268
1.118268
1.375742
1.375742
1.396147
1.359752
1.396147
1.359752
1.220801
1.220801
1.397542
1.397542
1.279351
1.279351
1.364902
1.364902
1.261361
1.261361
1.139575
1.139575
1.036787
1.036787
1.211424
1.211424
1.352601
1.352601
1.329825
1.329825
1.342528
1.342528
1.284963
1.284963
1.299243
1.299243
1.283059
1.283059
1.349852
1.349852
1.360267
1.360267
1.162619
1.162619
1.305136
1.305136
1.187405
1.187405
1.295104
1.295104
1.125524
1.125524
1.197489
1.197489
1.139934
1.139934
1.283362
1.283362
1.294050
1.294050
1.353803
1.353803
1.296379
1.296379
1.291345
1.291345
1.260152
1.260152
1.248312
1.248312
1.386367
1.386367
1.141565
1.141565
1.257940
1.257940
1.187185
1.187185
1.222036
1.222036
1.065882
1.065882
1.399044
1.399044
1.319563
1.319563
1.227055
1.227055
1.207034
1.207034
1.369686
1.369686
1.176698
1.176698
1.200552
1.200552
1.343589
1.343589
1.257696
1.257696
1.397146
1.397146
1.275774
1.275774
1.163737
1.163737
1.297760
1.297760
1.072704
1.072704
1.209879
1.209879
1.227755
1.227755
1.208439
1.208439
1.307702
1.307702
1.287811
1.287811
1.342283
1.342283
1.330055
1.330055
1.327344
1.327344
1.098044
1.098044
1.313905
1.313905
1.230861
1.230861
1.391605
1.391605
1.334162
1.334162
1.229544
1.229544
1.354847
1.354847
1.004929
1.004929
1.286762
1.286762
1.289189
1.289189
1.262753
1.262753
1.398584
1.398584
1.348693
1.348693
1.249650
1.249650
1.382350
1.382350
1.222984
1.222984
1.264062
1.264062
1.374786
1.374786
1.355287
1.355287
1.397369
1.397369
1.230241
1.361400
1.230241
1.361400
1.303068
1.303068
1.319901
1.319901
1.322665
1.322665
1.347714
1.347714
1.323914
1.323914
1.281119
1.281119
1.196243
1.196243
1.397428
1.337710
1.337710
1.397428
1.233843
1.233843
1.204749
1.204749
1.250700
1.250700
1.293221
1.293221
1.328481
1.328481
1.300433
1.300433
1.076319
1.076319
1.346000
1.346000
1.352507
1.352507
1.310831
1.310831
1.231410
1.231410
1.144325
1.144325
1.274743
1.274743
1.183043
1.183043
1.317204
1.317204
1.193925
1.193925
1.223860
1.223860
1.139104
1.139104
1.300492
1.337647
1.337647
1.300492
1.331696
1.331696
1.381980
1.381980
1.384383
1.384383
1.197106
1.197106
1.312850
1.312850
1.219391
1.219391
1.377536
1.377536
1.269695
1.269695
1.223950
1.223950
1.326268
1.326268
1.334372
1.334372
1.116860
1.116860
1.315014
1.315014
1.314952
1.314952
1.323746
1.323746
1.229500
1.229500
1.250905
1.250905
1.216486
1.216486
1.165254
1.165254
1.369764
1.369764
1.239383
1.239383
1.306541
1.306541
1.267140
1.267140
1.361307
1.361307
1.164439
1.164439
1.365763
1.365763
1.318674
1.318674
1.247016
1.247016
1.121439
1.121439
1.132731
1.132731
1.256385
1.256385
1.386493
1.386493
1.321267
1.321267
1.341928
1.341928
1.281165
1.281165
1.303553
1.303553
1.066124
1.066124
1.337271
1.337271
1.355686
1.355686
1.365671
1.365671
1.374922
1.374922
1.273682
1.273682
1.288565
1.288565
1.207510
1.207510
1.394751
1.394751
1.346449
1.346449
1.365434
1.365434
1.246729
1.246729
1.375377
1.375377
1.165451
1.165451
1.252641
1.252641
1.360791
1.360791
1.215791
1.215791
1.395833
1.395833
1.399493
1.399493
1.277176
1.277176
1.287165
1.287165
1.312219
1.312219
1.378358
1.378358
1.047436
1.047436
1.297647
1.297647
1.369945
1.369945
1.396241
1.396241
1.345093
1.345093
1.274280
1.274280
1.370419
1.370419
1.365211
1.365211
1.336792
1.336792
1.221444
1.221444
1.121673
1.121673
1.369054
1.369054
1.374383
1.374383
1.225878
1.225878
1.232914
1.232914
1.330848
1.330848
1.347313
1.347313
1.046945
1.046945
1.224515
1.224515
1.280773
1.280773
1.375046
1.375046
1.269032
1.269032
1.297988
1.297988
1.283300
1.283300
1.217491
1.217491
1.274121
1.274121
1.207694
1.207694
1.335791
1.335791
1.374451
1.374451
1.252312
1.252312
1.268526
1.268526
1.375779
1.375779
1.367015
1.367015
1.285617
1.285617
1.219244
1.219244
1.338729
1.338729
1.243300
1.243300
1.108846
1.108846
1.395730
1.395730
1.274542
1.274542
1.331084
1.331084
1.394278
1.394278
1.396953
1.396953
1.351698
1.351698
1.255094
1.255094
1.352047
1.352047
1.278716
1.278716
1.126554
1.126554
1.159881
1.159881
1.186587
1.186587
1.193137
1.193137
1.199317
1.199317
1.319615
1.319615
1.350807
1.350807
1.396015
1.396015
1.374543
1.374543
1.363337
1.363337
1.322101
1.322101
1.277974
1.277974
1.250254
1.250254
1.334338
1.334338
1.264860
1.264860
1.267184
1.267184
1.315536
1.315536
1.197574
1.197574
1.338111
1.338111
1.282661
1.282661
1.306702
1.306702
1.066937
1.066937
1.280055
1.280055
1.131721
1.131721
1.182593
1.182593
1.288891
1.288891
1.394179
1.394179
1.366850
1.366850
1.384157
1.384157
1.350648
1.350648
1.022335
1.022335
1.336709
1.336709
1.349572
1.198162
1.349572
1.198162
1.299574
1.299574
1.349367
1.349367
1.194223
1.194223
1.337113
1.337113
1.237454
1.237454
1.260015
1.260015
1.288396
1.288396
1.379870
1.379870
1.230972
1.230972
1.387354
1.387354
1.295780
1.295780
1.125577
1.125577
1.215402
1.215402
1.204396
1.204396
