1.126277
1.126277
1.367808
1.367808
1.312341
1.312341
1.244066
1.244066
1.220435
1.220435
1.314613
1.314613
1.326669
1.326669
1.330852
1.330852
1.316580
1.316580
1.274069
1.274069
1.109844
1.109844
1.390292
1.390292
1.329978
1.329978
1.221469
1.221469
1.368463
1.368463
1.150680
1.150680
1.383316
1.383316
1.226427
1.226427
1.384404
1.384404
1.313395
1.313395
1.297265
1.297265
1.386221
1.386221
1.236717
1.236717
1.158317
1.158317
1.193462
1.193462
1.181294
1.181294
1.138366
1.138366
1.362988
1.362988
1.333325
1.333325
1.372747
1.372747
1.361635
1.361635
1.319579
1.319579
1.232868
1.232868
