1.361990
1.361990
1.307813
1.307813
1.266672
1.266672
1.395078
1.395078
1.157907
1.157907
1.390921
1.390921
1.117546
1.117546
1.382418
1.382418
1.193620
1.193620
1.213956
1.213956
1.285557
1.285557
1.344550
1.344550
1.375044
1.375044
1.240008
1.240008
1.140970
1.140970
1.372536
1.372536
1.290641
1.290641
1.396544
1.396544
1.152257
1.152257
1.349851
1.349851
1.318698
1.318698
1.269424
1.269424
1.313475
1.313475
1.162414
1.162414
1.275235
1.275235
1.169644
1.169644
1.115474
1.115474
1.247753
1.247753
1.379131
1.379131
1.231328
1.231328
1.320791
1.320791
1.301715
1.301715
1.319365
1.319365
1.391448
1.391448
