1.097350
1.097350
1.146445
1.146445
1.138161
1.138161
1.182537
1.182537
1.317924
1.317924
1.192118
1.192118
1.201018
1.201018
1.260929
1.260929
1.323841
1.323841
1.354729
1.354729
1.272946
1.272946
1.369485
1.369485
1.367534
1.367534
1.378147
1.378147
1.343378
1.343378
1.307849
1.369373
1.307849
1.369373
1.366868
1.366868
1.275596
1.275596
1.146561
1.146561
1.094107
1.094107
1.317740
1.317740
1.182719
1.182719
1.272377
1.272377
1.362997
1.362997
1.270835
1.270835
1.333173
1.333173
1.293465
1.293465
1.315501
1.315501
1.375769
1.375769
1.361262
1.361262
1.365174
1.365174
1.383897
1.383897
1.344369
1.344369
1.365748
1.365748
1.373727
1.373727
1.352274
1.352274
1.396272
1.396272
1.260994
1.260994
1.110131
1.110131
1.390065
1.390065
1.323645
1.323645
1.376012
1.376012
1.143011
1.227669
1.227669
1.143011
1.320185
1.320185
1.399450
1.142154
1.399450
1.142154
1.180448
1.180448
1.236143
1.236143
1.390412
1.390412
1.275404
1.275404
1.369299
1.369299
1.393158
1.393158
1.221816
1.221816
1.106045
1.106045
1.381357
1.381357
1.319070
1.319070
1.334617
1.334617
1.279545
1.279545
1.393148
1.393148
1.377955
1.377955
1.202828
1.202828
1.085984
1.085984
1.278291
1.278291
1.269284
1.269284
1.240748
1.240748
1.392406
1.392406
1.110899
1.110899
1.375515
1.375515
1.203191
1.203191
1.225643
1.225643
1.353599
1.353599
1.384897
1.384897
1.336896
1.336896
1.302366
1.302366
1.316733
1.316733
1.344081
1.344081
1.306208
1.306208
1.326486
1.326486
1.373258
1.373258
1.356456
1.356456
1.291186
1.291186
1.106570
1.106570
1.293389
1.293389
1.288305
1.288305
1.231253
1.231253
1.374714
1.374714
1.332509
1.332509
1.342142
1.342142
1.130342
1.130342
1.292137
1.292137
1.351799
1.351799
1.267677
1.267677
1.287533
1.287533
1.201964
1.201964
1.260995
1.260995
1.350095
1.350095
1.398334
1.398334
1.365900
1.365900
1.125691
1.125691
1.271580
1.271580
1.331119
1.331119
1.310927
1.310927
1.384265
1.384265
1.359834
1.359834
1.337124
1.337124
1.304302
1.304302
1.320988
1.320988
1.358765
1.358765
1.215675
1.215675
1.345000
1.345000
1.286282
1.286282
1.357810
1.357810
1.192713
1.192713
1.030607
1.030607
1.286350
1.286350
1.305268
1.305268
1.113378
1.113378
1.099440
1.099440
1.366559
1.366559
1.342436
1.342436
1.241637
1.241637
1.298380
1.298380
1.207170
1.207170
1.157529
1.157529
1.266127
1.266127
1.348813
1.348813
1.335965
1.335965
1.263217
1.263217
1.376116
1.376116
1.390895
1.390895
1.257622
1.257622
1.144939
1.144939
1.361235
1.361235
1.202038
1.202038
1.250964
1.250964
1.250580
1.250580
1.113728
1.113728
1.388465
1.388465
1.219105
1.219105
1.321194
1.321194
1.251887
1.239516
1.251887
1.239516
1.312971
1.312971
1.254401
1.254401
1.273111
1.273111
1.155967
1.155967
1.334579
1.334579
1.207354
1.207354
1.259986
1.259986
1.313549
1.313549
1.106457
1.106457
1.219595
1.219595
1.246556
1.246556
1.052550
1.052550
1.114451
1.114451
1.340064
1.340064
1.248445
1.248445
1.257961
1.257961
1.240072
1.240072
1.396981
1.396981
1.145908
1.145908
1.071536
1.071536
1.265849
1.265849
1.272204
1.272204
1.360528
1.360528
1.281423
1.281423
1.347329
1.347329
1.175137
1.175137
1.117418
1.117418
1.384607
1.384607
1.265975
1.265975
1.364244
1.364244
1.393185
1.393185
1.396778
1.396778
1.331361
1.331361
1.257721
1.257721
1.227757
1.227757
1.190188
1.190188
1.083323
1.083323
1.326526
1.326526
1.336526
1.336526
1.377242
1.377242
1.269104
1.269104
1.349911
1.349911
1.251927
1.251927
1.369004
1.369004
1.379916
1.379916
1.247978
1.247978
1.390355
1.390355
1.318734
1.318734
1.362689
1.362689
1.168908
1.168908
1.161280
1.161280
1.324062
1.324062
1.398387
1.398387
1.186841
1.186841
1.304578
1.304578
1.281901
1.281901
1.325843
1.325843
1.271117
1.271117
1.376203
1.376203
1.237108
1.237108
1.093764
1.093764
1.293380
1.293380
1.200938
1.200938
1.189669
1.189669
1.334895
1.334895
1.336832
1.336832
1.371104
1.371104
1.182814
1.182814
1.209905
1.209905
1.276020
1.276020
1.291787
1.291787
1.316932
1.316932
1.366869
1.366869
1.362402
1.362402
1.197626
1.197626
1.390101
1.390101
1.344517
1.344517
1.228389
1.228389
1.274839
1.274839
1.316808
1.316808
1.322737
1.322737
1.172535
1.172535
1.193202
1.193202
1.398922
1.398922
1.101557
1.101557
