1.113751
1.113751
1.330827
1.330827
1.333550
1.333550
1.120724
1.120724
1.355162
1.355162
1.380649
1.380649
1.293165
1.293165
1.382260
1.382260
1.309073
1.309073
1.323190
1.323190
1.367612
1.367612
1.353717
1.353717
1.368713
1.368713
1.314459
1.314459
1.328504
1.328504
1.103983
1.103983
1.154728
1.154728
1.338381
1.338381
1.379112
1.379112
1.379036
1.379036
1.377324
1.377324
1.295520
1.295520
1.383788
1.383788
1.254933
1.254933
1.319734
1.319734
1.242421
1.242421
1.364161
1.364161
1.309044
1.309044
1.270996
1.270996
1.391235
1.391235
1.350188
1.350188
1.346906
1.346906
1.380925
1.380925
1.204448
1.204448
1.225616
1.225616
1.172852
1.172852
1.312223
1.312223
1.352998
1.352998
1.376525
1.376525
1.379658
1.379658
1.383880
1.383880
1.297303
1.297303
1.360152
1.360152
1.377075
1.377075
1.261577
1.261577
1.382119
1.382119
1.377455
1.377455
1.126860
1.126860
1.223437
1.223437
1.351224
1.351224
1.377649
1.377649
1.370532
1.370532
1.305287
1.305287
1.351435
1.351435
1.290970
1.290970
1.120584
1.323700
1.323700
1.120584
1.384833
1.384833
1.399536
1.399536
1.235029
1.235029
1.277975
1.277975
1.396968
1.396968
1.280048
1.280048
1.336660
1.336660
1.302786
1.302786
1.236429
1.236429
1.253893
1.253893
1.273900
1.273900
1.305819
1.305819
1.370007
1.370007
1.209827
1.209827
1.344437
1.344437
1.117203
1.117203
1.384720
1.384720
1.054814
1.054814
1.386515
1.386515
1.265639
1.265639
1.376174
1.376174
1.292861
1.292861
1.330713
1.330713
1.323522
1.323522
1.383553
1.383553
1.116979
1.116979
1.360551
1.360551
1.387656
1.387656
1.337611
1.337611
1.371395
1.371395
1.388576
1.388576
1.278371
1.278371
1.366060
1.366060
1.361236
1.361236
1.370761
1.370761
1.333544
1.333544
1.273706
1.273706
1.362455
1.362455
1.186630
1.186630
1.144500
1.144500
1.238445
1.238445
1.356621
1.356621
1.398976
1.398976
1.144199
1.144199
1.304641
1.304641
1.228089
1.228089
1.267646
1.267646
1.349351
1.349351
1.361943
1.361943
1.348510
1.348510
1.254631
1.254631
1.231412
1.231412
1.386505
1.386505
1.340446
1.340446
1.393157
1.393157
1.244124
1.244124
1.301874
1.301874
1.280632
1.280632
1.376034
1.376034
1.399333
1.399333
1.170998
1.170998
1.316254
1.316254
1.256254
1.256254
1.330901
1.330901
1.355301
1.355301
1.175467
1.175467
1.362139
1.362139
1.383370
1.383370
1.372304
1.372304
1.284900
1.284900
1.390824
1.390824
1.237821
1.237821
1.204941
1.204941
1.198453
1.198453
1.346074
1.346074
1.367250
1.367250
1.278858
1.278858
1.323112
1.323112
1.210641
1.210641
1.349708
1.349708
1.361332
1.361332
1.380171
1.380171
1.226852
1.226852
1.392603
1.392603
1.359059
1.359059
1.383674
1.383674
1.398001
1.398001
1.213818
1.213818
1.369668
1.369668
1.296675
1.296675
1.219099
1.219099
1.166610
1.166610
1.261050
1.261050
1.284568
1.284568
1.343283
1.343283
1.301854
1.301854
1.214139
1.214139
1.053479
1.053479
1.308153
1.308153
1.319852
1.319852
1.301906
1.301906
1.393789
1.393789
1.077652
1.077652
1.190610
1.190610
1.213701
1.213701
1.171831
1.171831
1.337362
1.337362
1.189056
1.189056
1.351216
1.351216
1.292474
1.292474
1.322563
1.322563
1.300305
1.300305
1.286656
1.286656
1.353013
1.353013
1.307827
1.307827
1.212377
1.212377
1.384637
1.384637
1.371111
1.371111
1.274797
1.274797
1.364716
1.364716
1.312172
1.312172
1.079941
1.079941
1.290863
1.290863
1.276143
1.276143
1.379751
1.379751
1.208342
1.208342
1.356931
1.356931
1.335134
1.335134
1.368426
1.368426
1.310102
1.310102
1.201307
1.201307
1.209318
1.209318
1.358304
1.358304
1.379718
1.379718
1.354894
1.354894
1.397926
1.397926
1.382746
1.382746
1.336401
1.336401
1.158641
1.158641
1.188188
1.188188
