1.384921
1.384921
1.227013
1.227013
1.243668
1.243668
1.332638
1.332638
1.119286
1.119286
1.159041
1.159041
1.356057
1.356057
1.393425
1.393425
1.333488
1.333488
1.200370
1.200370
1.334693
1.334693
1.379889
1.379889
1.340670
1.340670
1.310861
1.310861
1.338081
1.338081
1.322114
1.322114
1.293165
1.293165
1.351063
1.351063
1.331941
1.398224
1.398224
1.331941
1.306902
1.306902
1.255813
1.255813
1.334427
1.334427
1.308860
1.308860
1.159349
1.159349
1.341645
1.341645
1.197703
1.197703
1.318531
1.318531
1.048238
1.048238
1.177202
1.177202
1.287293
1.287293
1.275853
1.275853
1.246751
1.246751
1.228838
1.228838
1.369178
1.369178
1.180824
1.180824
1.379261
1.379261
1.331643
1.331643
1.246376
1.246376
1.086071
1.086071
1.120580
1.120580
1.258775
1.258775
1.326850
1.326850
1.270548
1.270548
1.289220
1.289220
1.331945
1.331945
1.372575
1.372575
1.398593
1.398593
1.140740
1.140740
1.157996
1.157996
1.344155
1.344155
1.232638
1.232638
1.255564
1.255564
1.327994
1.327994
1.166792
1.166792
1.381774
1.381774
1.388853
1.388853
1.338871
1.338871
1.240891
1.240891
1.399706
1.399706
1.272013
1.272013
1.364773
1.303345
1.364773
1.303345
1.380032
1.380032
1.378014
1.378014
1.228745
1.228745
1.310356
1.310356
1.135856
1.135856
1.181110
1.344439
1.181110
1.344439
1.316244
1.316244
1.258641
1.258641
1.166958
1.166958
1.305139
1.305139
1.344202
1.344202
1.301240
1.301240
1.323367
1.323367
1.327639
1.327639
1.133911
1.133911
1.261706
1.261706
1.317720
1.317720
1.383932
1.383932
1.221219
1.221219
1.246893
1.246893
1.357632
1.357632
1.301713
1.301713
1.346694
1.346694
1.267500
1.267500
1.215263
1.215263
1.203448
1.203448
1.340824
1.340824
1.282658
1.282658
1.282685
1.282685
1.285965
1.285965
1.344600
1.344600
1.188602
1.188602
1.358089
1.358089
1.260527
1.260527
1.228478
1.228478
1.372247
1.372247
1.263641
1.263641
1.358162
1.358162
1.091021
1.091021
1.200934
1.200934
1.257999
1.257999
1.273493
1.273493
1.108437
1.108437
1.262273
1.262273
1.309986
1.309986
1.312902
1.312902
1.337760
1.337760
1.352955
1.352955
1.396711
1.396711
1.123423
1.155435
1.123423
1.155435
1.191134
1.191134
1.236969
1.236969
1.393549
1.393549
1.388444
1.388444
1.379499
1.379499
1.162807
1.162807
1.043139
1.043139
1.147693
1.147693
1.362811
1.362811
1.302315
1.302315
1.142529
1.142529
1.180245
1.180245
1.356883
1.356883
1.359894
1.359894
1.374185
1.374185
1.193494
1.193494
1.302947
1.302947
1.170143
1.170143
1.380782
1.380782
1.144337
1.144337
1.219923
1.219923
1.365055
1.365055
1.382129
1.382129
1.396078
1.396078
1.280035
1.280035
1.318288
1.318288
1.225458
1.225458
1.154385
1.373245
1.154385
1.373245
1.267245
1.267245
1.319812
1.319812
1.358931
1.358931
1.248462
1.248462
1.204142
1.204142
1.274572
1.274572
1.381719
1.381719
1.349672
1.349672
1.353535
1.353535
1.365797
1.365797
1.231073
1.231073
1.240661
1.240661
1.202667
1.202667
1.188552
1.188552
1.107452
1.107452
1.391723
1.391723
1.348538
1.348538
1.247633
1.247633
1.377525
1.377525
1.272958
1.272958
1.327187
1.327187
1.371288
1.371288
1.367559
1.367559
1.205195
1.205195
1.396826
1.396826
1.281431
1.281431
1.264152
1.264152
1.364571
1.364571
1.334256
1.334256
1.358136
1.358136
1.359232
1.359232
1.365381
1.365381
1.268306
1.268306
1.292840
1.292840
1.354239
1.354239
1.323394
1.323394
1.367078
1.367078
1.148749
1.148749
1.309486
1.309486
1.188398
1.188398
1.353293
1.353293
1.149076
1.149076
1.305757
1.305757
1.341316
1.341316
1.264749
1.264749
1.368086
1.368086
1.323758
1.323758
1.382418
1.382418
1.349677
1.349677
1.341072
1.341072
1.358341
1.358341
1.324923
1.324923
1.219490
1.219490
1.236272
1.236272
1.211305
1.211305
1.199997
1.199997
1.029333
1.029333
1.327335
1.327335
1.128995
1.128995
1.364725
1.364725
1.326527
1.326527
1.379101
1.379101
1.371907
1.371907
1.246490
1.246490
1.168269
1.168269
1.162852
1.162852
1.359834
1.359834
1.396731
1.396731
1.376250
1.376250
1.397821
1.397821
1.289335
1.289335
1.378510
1.378510
1.398518
1.398518
1.220521
1.220521
1.147228
1.147228
1.372535
1.372535
1.272767
1.272767
1.307524
1.307524
1.381322
1.381322
1.051107
1.051107
1.245436
1.245436
1.322772
1.322772
1.193650
1.193650
1.370005
1.370005
1.328139
1.328139
1.284694
1.284694
1.282420
1.282420
1.349038
1.349038
