1.357217
1.005441
1.363626
1.357217
1.363626
1.290655
1.005441
1.290655
1.396414
1.396414
1.171348
1.171348
1.338135
1.338135
1.364565
1.364565
1.343075
1.343075
1.164912
1.164912
1.242684
1.242684
1.165223
1.165223
1.374469
1.374469
1.111310
1.111310
1.382436
1.382436
1.161190
1.167266
1.167266
1.161190
1.203017
1.203017
1.374469
1.374469
1.339611
1.256226
1.339611
1.256226
1.263132
1.263132
1.395109
1.395109
1.222925
1.222925
1.385630
1.385630
1.274818
1.274818
1.391332
1.279452
1.279452
1.391332
1.349609
1.349609
1.391867
1.391867
1.270921
1.270921
1.230697
1.230697
1.373925
1.373925
1.274200
1.274200
1.177212
1.177212
1.298936
1.298936
1.327405
1.327405
1.309745
1.309745
1.360719
1.360719
1.383811
1.383811
1.162563
1.162563
1.390640
1.390640
1.377261
1.377261
1.105443
1.105443
1.300338
1.300338
1.323236
1.323236
1.272395
1.272395
1.327908
1.327908
1.192342
1.192342
1.349159
1.349159
1.378116
1.378116
1.393939
1.393939
1.260660
1.260660
1.362712
1.362712
1.393755
1.393755
1.162188
1.252936
1.162188
1.252936
1.272200
1.272200
1.188940
1.188940
1.324346
1.324346
1.170818
1.170818
1.356206
1.356206
1.341843
1.341843
1.320829
1.320829
1.154606
1.154606
1.335043
1.335043
1.262660
1.262660
1.376549
1.376549
1.187976
1.187976
1.277826
1.277826
1.287764
1.287764
1.167092
1.167092
1.374686
1.374686
1.384036
1.384036
1.360354
1.360354
1.151601
1.151601
1.372340
1.372340
1.345699
1.345699
1.348057
1.348057
1.161779
1.161779
1.350201
1.350201
1.209299
1.209299
1.366088
1.366088
1.154549
1.154549
1.377024
1.377024
1.249492
1.249492
1.146496
1.146496
1.166600
1.166600
1.352941
1.352941
1.291277
1.291277
1.315949
1.315949
1.344257
1.344257
1.218062
1.218062
1.395632
1.395632
1.326878
1.326878
1.124575
1.124575
1.232460
1.368906
1.368906
1.232460
1.301650
1.301650
1.242003
1.242003
1.206069
1.206069
1.301512
1.301512
1.230664
1.230664
1.338631
1.338631
1.150168
1.150168
1.345275
1.345275
1.369250
1.369250
1.271866
1.271866
1.239348
1.239348
1.296086
1.296086
1.330043
1.330043
1.180869
1.180869
1.107553
1.107553
1.160412
1.160412
1.121746
1.121746
1.171702
1.171702
1.311987
1.311987
1.394509
1.394509
1.351120
1.351120
1.187439
1.187439
1.241570
1.241570
1.340308
1.340308
1.286718
1.286718
1.387404
1.387404
1.250142
1.250142
1.072111
1.072111
1.251734
1.251734
1.355407
1.355407
1.329017
1.329017
1.230937
1.230937
1.308847
1.308847
1.246849
1.246849
1.152645
1.152645
1.293294
1.293294
1.340266
1.340266
1.357997
1.357997
1.144716
1.144716
1.057690
1.057690
1.324597
1.324597
1.397648
1.397648
1.278454
1.278454
1.258514
1.258514
1.302729
1.302729
1.290899
1.290899
1.356914
1.356914
1.305055
1.305055
1.229235
1.229235
1.284033
1.284033
1.395446
1.395446
1.357026
1.357026
1.049889
1.049889
1.381692
1.381692
1.310044
1.310044
1.396733
1.396733
1.380111
1.380111
1.184988
1.184988
1.281754
1.281754
1.289664
1.289664
1.265373
1.265373
1.235580
1.235580
1.190264
1.190264
1.326423
1.326423
1.152482
1.152482
1.242808
1.242808
1.095455
1.095455
1.292433
1.292433
1.078482
1.078482
1.335478
1.335478
1.236585
1.236585
1.377401
1.377401
1.301373
1.301373
1.245770
1.245770
1.293044
1.293044
1.377367
1.377367
1.325028
1.226016
1.226016
1.325028
1.174445
1.174445
1.230643
1.230643
1.348717
1.348717
1.360068
1.360068
1.268396
1.268396
1.190557
1.190557
1.317905
1.317905
1.064519
1.064519
1.213527
1.213527
1.336199
1.336199
1.170419
1.170419
1.243688
1.243688
1.112320
1.112320
1.327594
1.327594
1.381162
1.381162
1.299117
1.299117
1.154656
1.154656
1.396360
1.396360
1.111355
1.111355
1.323141
1.323141
1.179980
1.179980
1.382613
1.382613
1.399846
1.399846
1.341457
1.341457
1.236983
1.236983
1.347640
1.347640
1.285672
1.285672
1.222495
1.222495
1.368766
1.368766
1.336599
1.336599
1.307268
1.307268
1.355928
1.355928
1.268366
1.268366
1.376572
1.376572
1.172419
1.172419
1.284816
1.284816
1.062315
1.062315
1.290031
1.290031
1.327824
1.327824
1.367224
1.367224
1.240137
1.240137
1.216961
1.216961
1.351449
1.351449
1.341357
1.341357
1.366221
1.366221
1.272159
1.272159
1.198342
1.198342
1.216147
1.216147
1.287182
1.287182
1.398976
1.398976
1.341629
1.341629
1.202544
1.202544
1.283868
1.283868
1.365719
1.365719
1.297216
1.297216
1.338599
1.338599
1.048573
1.048573
1.261945
1.261945
1.394980
1.394980
1.374260
1.374260
1.270456
1.270456
1.359363
1.359363
1.260281
1.260281
