1.272992
1.304497
1.304497
1.272992
1.368839
1.368839
1.365880
1.280346
1.365880
1.280346
1.364438
1.364438
1.114139
1.114139
1.260655
1.260655
1.377303
1.377303
1.293773
1.293773
1.229421
1.229421
1.281054
1.281054
1.178592
1.178592
1.355453
1.355453
1.300135
1.300135
1.093334
1.093334
1.147993
1.147993
1.322472
1.322472
1.177987
1.177987
1.154149
1.154149
1.391545
1.391545
1.318330
1.318330
1.353796
1.353796
1.194450
1.194450
1.314383
1.314383
1.206939
1.206939
1.038564
1.038564
1.232448
1.232448
1.368467
1.368467
1.239473
1.239473
1.365924
1.365924
1.206475
1.306344
1.306344
1.206475
1.379571
1.345795
1.345795
1.379571
1.287991
1.287991
1.161362
1.161362
1.338482
1.338482
1.262318
1.262318
1.143563
1.143563
1.144503
1.144503
1.158570
1.158570
1.197564
1.197564
1.304548
1.304548
1.344432
1.344432
1.360882
1.360882
1.282052
1.282052
1.396023
1.396023
1.199838
1.199838
1.300662
1.300662
1.298176
1.298176
1.300363
1.300363
1.282514
1.282514
1.344599
1.344599
1.376546
1.376546
1.300318
1.300318
1.373174
1.373174
1.085398
1.085398
1.324226
1.324226
1.332797
1.332797
1.222259
1.222259
1.336909
1.336909
1.230186
1.230186
1.380645
1.380645
1.174380
1.174380
1.150552
1.150552
1.243053
1.243053
1.397312
1.397312
1.320828
1.320828
1.132148
1.132148
1.392274
1.392274
1.281993
1.281993
1.191066
1.191066
1.335258
1.335258
1.304392
1.304392
1.129948
1.129948
1.303939
1.303939
1.273867
1.273867
1.279871
1.279871
1.203239
1.203239
1.385217
1.385217
1.290154
1.290154
1.135151
1.135151
1.111273
1.111273
1.105352
1.105352
1.339226
1.339226
1.286313
1.286313
1.340528
1.340528
1.375804
1.375804
1.157226
1.157226
1.243559
1.243559
1.184456
1.184456
1.174150
1.174150
1.124134
1.124134
1.304348
1.304348
1.389906
1.389906
1.074959
1.074959
1.317342
1.317342
1.380742
1.380742
1.192993
1.192993
1.393836
1.393836
1.184935
1.184935
1.326225
1.326225
1.362153
1.362153
1.301252
1.301252
1.091374
1.091374
1.156179
1.156179
1.274191
1.274191
1.321540
1.321540
1.256783
1.256783
1.301630
1.301630
1.223924
1.223924
1.351904
1.351904
1.322867
1.322867
1.270259
1.270259
1.150377
1.150377
1.389034
1.389034
1.264525
1.264525
1.147339
1.147339
1.112437
1.112437
1.337686
1.337686
1.395112
1.395112
1.175765
1.175765
1.365355
1.365355
1.316252
1.316252
1.319806
1.225971
1.225971
1.319806
1.375459
1.375459
1.386527
1.386527
1.189499
1.189499
1.395746
1.395746
1.264564
1.264564
1.375159
1.375159
1.108228
1.108228
1.228193
1.228193
1.228158
1.228158
1.395071
1.395071
1.156989
1.156989
1.291680
1.291680
1.389052
1.389052
1.366790
1.366790
1.397030
1.397030
1.305956
1.305956
1.395259
1.270013
1.270013
1.395259
1.176875
1.176875
1.321118
1.321118
1.110466
1.110466
1.241070
1.241070
1.211135
1.211135
1.382355
1.382355
1.394885
1.394885
1.254130
1.254130
1.103575
1.103575
1.169706
1.169706
1.272041
1.272041
1.373814
1.373814
1.299052
1.299052
1.154645
1.154645
1.299494
1.299494
1.183404
1.183404
1.340993
1.340993
1.288162
1.288162
1.287305
1.287305
1.239434
1.239434
1.321978
1.321978
1.373293
1.373293
1.166748
1.166748
1.318255
1.318255
1.231333
1.231333
1.348296
1.348296
1.338208
1.338208
1.398110
1.398110
1.338651
1.338651
1.341484
1.341484
1.292514
1.292514
1.359105
1.359105
1.217012
1.217012
1.342543
1.342543
1.387375
1.387375
1.288567
1.288567
1.382352
1.382352
1.293553
1.293553
1.333238
1.333238
1.375293
1.375293
1.259465
1.259465
1.254300
1.254300
1.196129
1.196129
1.286247
1.286247
1.318052
1.318052
1.338478
1.338478
1.396861
1.396861
1.344981
1.344981
1.345986
1.345986
1.350563
1.350563
1.376650
1.376650
1.219396
1.219396
1.033759
1.033759
1.332668
1.332668
1.386007
1.386007
1.270609
1.270609
1.254425
1.254425
1.069918
1.069918
1.274612
1.274612
1.321727
1.321727
1.248758
1.248758
1.381742
1.381742
1.357034
1.357034
1.331850
1.331850
1.223000
1.223000
1.340805
1.340805
1.273956
1.273956
1.257317
1.257317
1.305261
1.305261
1.222927
1.222927
1.313293
1.313293
1.160833
1.160833
1.211088
1.211088
1.162661
1.162661
1.323069
1.323069
1.284128
1.284128
1.295641
1.295641
1.117635
1.117635
1.371543
1.371543
1.273102
1.273102
1.275866
1.275866
1.160929
1.160929
1.300412
1.300412
1.205137
1.205137
1.232981
1.232981
1.218091
1.218091
1.296646
1.296646
1.296558
1.296558
1.270265
1.270265
1.333884
1.333884
1.297236
1.297236
1.379427
1.379427
1.352971
1.352971
1.349200
1.349200
1.213277
1.213277
1.233159
1.233159
1.343117
1.343117
1.332486
1.332486
1.203779
1.203779
1.133644
1.133644
1.310226
1.310226
1.292329
1.292329
1.317368
1.317368
1.173065
1.173065
1.287164
1.287164
1.325578
1.325578
1.392447
1.392447
1.124638
1.124638
1.214804
1.214804
1.269445
1.269445
1.378476
1.378476
1.329821
1.329821
1.334497
1.334497
1.385350
1.385350
1.168961
1.168961
1.214022
1.214022
1.239003
1.239003
1.374014
1.374014
1.387707
1.387707
1.293695
1.293695
1.351241
1.351241
1.386478
1.386478
1.227678
1.227678
1.281495
1.281495
1.223010
1.223010
1.398716
1.398716
1.212890
1.212890
1.115360
1.115360
1.065615
1.065615
1.301028
1.301028
1.350154
1.350154
1.127187
1.373797
1.127187
1.373797
1.354001
1.354001
1.357708
1.357708
1.223796
1.223796
1.245839
1.245839
1.250559
1.250559
1.352984
1.352984
1.341579
1.341579
1.384531
1.384531
1.225757
1.225757
1.364686
1.364686
1.070999
1.070999
1.279143
1.279143
1.241115
1.241115
1.282324
1.282324
1.076596
1.076596
1.349122
1.349122
1.219727
1.219727
1.385362
1.385362
1.157980
1.325488
1.157980
1.325488
1.333918
1.333918
1.212104
1.212104
1.283208
1.283208
1.378394
1.378394
1.227519
1.227519
1.297587
1.297587
1.305095
1.305095
