1.315177
1.315177
1.225073
1.225073
1.177045
1.177045
1.264300
1.264300
1.352044
1.352044
1.177233
1.293113
1.177233
1.293113
1.386210
1.386210
1.358313
1.358313
1.213452
1.280306
1.280306
1.213452
1.354324
1.354324
1.378685
1.378685
1.188254
1.188254
1.335295
1.335295
1.338771
1.338771
1.240291
1.240291
1.250956
1.250956
1.240880
1.240880
1.387185
1.387185
1.390641
1.390641
1.236556
1.236556
1.366505
1.366505
1.332431
1.332431
1.326154
1.326154
1.309021
1.309021
1.300105
1.300105
1.376765
1.376765
1.276387
1.276387
1.388737
1.388737
1.320667
1.320667
1.211805
1.211805
1.384282
1.269534
1.384282
1.269534
1.243166
1.243166
1.216834
1.216834
1.297607
1.297607
1.365203
1.365203
1.355872
1.355872
1.179543
1.179543
1.294810
1.294810
1.364973
1.364973
1.344095
1.344095
1.249886
1.249886
1.360444
1.360444
1.371636
1.371636
1.314785
1.314785
1.399947
1.399947
1.372023
1.372023
1.128607
1.364677
1.364677
1.128607
1.123838
1.123838
1.363483
1.363483
1.145292
1.145292
1.264665
1.264665
1.335201
1.335201
1.310953
1.310953
1.271566
1.271566
1.334333
1.334333
1.387116
1.387116
1.353856
1.353856
1.229771
1.229771
1.260479
1.260479
1.298165
1.298165
1.317114
1.317114
1.338800
1.338800
1.383694
1.383694
1.288479
1.288479
1.290431
1.290431
1.244354
1.244354
1.389309
1.389309
1.376518
1.376518
1.105320
1.105320
1.396657
1.396657
1.292750
1.292750
1.300632
1.300632
1.064748
1.064748
1.392929
1.392929
1.143088
1.143088
1.178170
1.178170
1.133671
1.133671
1.256159
1.256159
1.182203
1.182203
1.389064
1.389064
1.157723
1.395540
1.395540
1.145485
1.145485
1.157723
1.344775
1.344775
1.360780
1.360780
1.241007
1.241007
1.294957
1.294957
1.318485
1.318485
1.182203
1.182203
1.246863
1.246863
1.369313
1.369313
1.241374
1.241374
1.300965
1.300965
1.277400
1.277400
1.318361
1.318361
1.347285
1.347285
1.394853
1.394853
1.300274
1.300274
1.251557
1.251557
1.392906
1.392906
1.383868
1.383868
1.327894
1.327894
1.024887
1.024887
1.071181
1.071181
1.263410
1.263410
1.243897
1.243897
1.177989
1.177989
1.379768
1.379768
1.125117
1.125117
1.190565
1.190565
1.351328
1.382231
1.382231
1.351328
1.354873
1.354873
1.372072
1.372072
1.347095
1.347095
1.376083
1.376083
1.208789
1.208789
1.395151
1.395151
1.147841
1.147841
1.333962
1.333962
1.250678
1.250678
1.318920
1.318920
1.367564
1.367564
1.285630
1.285630
1.167556
1.167556
1.359846
1.359846
1.322393
1.322393
1.303803
1.303803
1.399651
1.399651
1.378173
1.378173
1.198818
1.198818
1.145063
1.145063
1.383764
1.383764
1.313012
1.313012
1.271351
1.271351
1.242342
1.242342
1.269340
1.269340
1.303165
1.303165
1.377218
1.332686
1.332686
1.377218
1.160293
1.160293
1.298424
1.298424
1.167313
1.167313
1.387019
1.387019
1.368366
1.368366
1.341107
1.341107
1.215310
1.215310
1.124033
1.124033
1.366670
1.366670
1.208043
1.208043
1.301250
1.301250
1.127983
1.127983
1.352971
1.352971
1.258372
1.258372
1.290726
1.290726
1.281870
1.281870
1.388027
1.388027
1.397976
1.397976
1.260963
1.260963
1.382361
1.382361
1.230325
1.230325
1.225109
1.225109
1.397172
1.397172
1.173019
1.173019
1.376380
1.376380
1.355792
1.355792
1.321175
1.321175
1.359830
1.359830
1.277716
1.277716
1.259248
1.259248
1.197795
1.197795
1.274342
1.274342
1.327999
1.327999
1.256249
1.256249
1.216845
1.216845
1.260445
1.260445
1.232986
1.232986
1.307956
1.307956
1.281225
1.281225
1.261075
1.261075
1.343460
1.343460
1.343851
1.343851
1.261064
1.261064
1.317564
1.317564
1.253546
1.253546
1.337611
1.337611
1.325074
1.325074
1.365020
1.365020
1.121818
1.121818
1.383983
1.383983
1.391667
1.391667
1.263946
1.263946
1.394584
1.394584
1.270442
1.270442
1.382141
1.382141
1.208248
1.208248
1.264296
1.264296
1.300529
1.300529
1.082051
1.082051
1.378652
1.378652
1.315631
1.315631
1.317250
1.317250
1.280823
1.280823
1.242403
1.242403
1.355184
1.355184
1.379098
1.379098
1.271099
1.271099
1.153426
1.153426
1.335083
1.335083
1.334038
1.334038
1.214324
1.214324
1.332988
1.332988
1.205569
1.205569
1.142147
1.142147
1.155243
1.155243
1.361651
1.361651
1.232442
1.232442
1.286158
1.286158
1.339878
1.339878
1.133700
1.133700
1.379219
1.379219
1.171250
1.171250
1.238785
1.238785
1.117386
1.117386
1.373895
1.373895
1.173052
1.173052
1.177888
1.177888
1.325979
1.325979
1.226001
1.226001
1.314078
1.314078
1.248881
1.248881
1.247665
1.247665
1.316684
1.316684
1.243990
1.243990
1.340562
1.340562
1.261867
1.261867
1.210591
1.210591
1.368804
1.368804
1.237041
1.237041
1.176005
1.176005
1.315724
1.315724
1.340830
1.340830
1.151344
1.151344
1.199250
1.199250
1.343252
1.343252
1.321408
1.321408
1.284799
1.284799
1.305992
1.305992
1.324882
1.324882
1.180962
1.180962
1.171576
1.171576
1.277109
1.277109
1.271273
1.271273
1.130138
1.130138
1.292553
1.292553
1.364025
1.364025
1.253515
1.253515
1.272367
1.272367
1.293711
1.293711
1.105452
1.105452
1.320753
1.320753
1.324420
1.324420
1.364990
1.364990
1.236129
1.307546
1.236129
1.307546
1.331049
1.331049
1.213224
1.213224
1.325669
1.325669
1.392954
1.392954
1.349106
1.349106
1.207807
1.207807
1.310546
1.310546
1.300829
1.300829
1.235115
1.235115
1.220708
1.220708
1.339324
1.339324
1.338102
1.338102
1.329246
1.329246
1.264798
1.264798
1.303111
1.303111
1.213312
1.213312
1.249004
1.249004
1.391935
1.391935
1.211430
1.211430
1.271166
1.271166
1.315178
1.315178
1.377184
1.377184
1.399853
1.399853
1.280811
1.280811
1.377732
1.377732
1.380471
1.380471
1.368988
1.368988
1.350718
1.350718
1.130328
1.130328
1.395561
1.395561
1.381741
1.381741
1.263503
1.263503
1.326650
1.326650
1.107143
1.107143
1.207936
1.207936
1.152081
1.152081
1.362944
1.362944
1.275511
1.275511
1.360804
1.360804
1.253119
1.253119
1.144478
1.144478
1.379535
1.379535
1.346691
1.346691
1.365515
1.365515
1.224045
1.224045
1.191572
1.191572
1.327535
1.327535
1.228230
1.228230
1.273435
1.273435
1.038333
1.038333
1.148851
1.148851
1.371406
1.371406
1.373888
1.373888
1.367007
1.367007
1.375546
1.375546
1.146829
1.146829
1.174768
1.174768
1.210586
1.210586
1.256276
1.256276
1.083218
1.083218
1.111281
1.111281
1.248242
1.248242
1.317655
1.317655
1.113636
1.113636
1.140408
1.140408
1.329356
1.329356
1.362574
1.362574
1.398037
1.398037
1.283424
1.283424
1.203720
1.203720
1.320356
1.320356
1.173097
1.173097
1.144378
1.144378
1.367132
1.367132
1.190775
1.190775
1.084221
1.084221
1.268338
1.268338
1.078596
1.078596
1.370986
1.370986
1.360774
1.360774
1.255466
1.255466
1.224670
1.224670
1.264468
1.264468
1.369269
1.369269
1.324784
1.324784
1.252255
1.252255
1.270807
1.270807
1.392587
1.392587
1.339223
1.339223
1.399576
1.399576
1.094823
1.094823
1.391846
1.391846
1.264587
1.264587
1.198344
1.198344
1.202745
1.202745
1.231650
1.231650
1.243974
1.243974
1.307133
1.307133
1.374548
1.374548
1.227478
1.227478
1.317781
1.317781
1.339776
1.339776
1.396771
1.396771
1.367390
1.367390
1.087712
1.087712
1.333521
1.333521
1.154064
1.154064
1.211710
1.211710
1.356680
1.356680
1.186147
1.186147
1.270778
1.270778
1.254665
1.254665
1.185030
1.185030
1.331059
1.331059
1.263298
1.263298
1.335654
1.335654
1.388043
1.388043
1.297082
1.297082
1.328506
1.328506
1.265226
1.265226
1.233675
1.233675
1.368893
1.368893
1.264093
1.264093
1.282004
1.282004
1.220614
1.220614
1.339803
1.339803
1.294915
1.294915
1.397995
1.397995
1.326705
1.326705
1.300732
1.300732
1.309978
1.309978
1.398878
1.398878
1.311612
1.311612
1.251832
1.251832
1.180707
1.180707
1.122961
1.122961
1.219167
1.219167
1.299052
1.299052
1.142899
1.142899
1.290271
1.290271
1.264018
1.264018
1.372512
1.372512
1.314796
1.314796
1.384222
1.384222
1.316231
1.316231
1.216208
1.216208
1.381940
1.381940
1.189045
1.189045
1.214193
1.214193
1.356355
1.356355
1.319745
1.319745
1.141217
1.141217
1.354886
1.354886
1.391365
1.391365
1.188365
1.188365
1.396046
1.396046
1.170871
1.170871
1.250630
1.250630
1.339343
1.339343
1.322293
1.322293
1.350614
1.350614
1.149769
1.149769
1.271934
1.271934
1.215008
1.215008
1.382699
1.382699
1.202471
1.202471
1.354165
1.354165
1.237276
1.237276
1.393705
1.393705
1.322400
1.322400
1.390399
1.390399
1.313685
1.313685
1.365923
1.365923
1.120949
1.120949
1.351065
1.351065
1.261105
1.261105
1.267194
1.267194
1.190261
1.190261
1.287012
1.287012
1.322604
1.322604
1.226392
1.226392
1.252807
1.252807
1.388900
1.388900
1.374692
1.374692
1.266878
1.266878
1.201711
1.201711
1.128376
1.128376
1.282929
1.282929
1.300236
1.300236
1.377590
1.377590
1.314070
1.314070
1.290270
1.290270
1.242911
1.242911
1.392399
1.392399
1.360185
1.360185
1.324272
1.324272
1.208730
1.208730
1.363731
1.363731
1.320889
1.320889
1.317389
1.317389
1.050041
1.050041
1.100261
1.100261
1.307953
1.307953
1.082376
1.082376
1.159400
1.159400
1.021038
1.021038
1.309002
1.309002
1.325743
1.325743
1.287949
1.287949
1.375763
1.375763
1.228886
1.228886
1.306356
1.306356
1.266033
1.266033
1.394017
1.394017
1.330683
1.330683
1.261363
1.261363
1.348489
1.348489
1.366092
1.366092
1.311375
1.311375
1.330079
1.330079
1.341351
1.341351
1.056244
1.056244
1.364705
1.364705
1.090795
1.090795
1.166164
1.166164
1.282146
1.396229
1.282146
1.396229
1.090464
1.090464
1.303084
1.303084
1.326266
1.326266
1.252402
1.252402
1.240530
1.240530
1.055021
1.055021
1.150781
1.150781
1.312926
1.312926
1.338396
1.338396
1.243328
1.243328
1.337826
1.337826
1.309335
1.309335
1.181020
1.181020
1.347493
1.347493
1.238218
1.238218
1.254177
1.254177
1.262900
1.262900
1.371254
1.371254
1.306679
1.306679
1.255241
1.255241
1.348759
1.348759
1.192302
1.192302
1.164812
1.164812
1.351893
1.351893
1.359604
1.359604
