1.281696
1.344703
1.281696
1.344703
1.324884
1.324884
1.387902
1.256317
1.387902
1.256317
1.158256
1.158256
1.165253
1.165253
1.227472
1.227472
1.304668
1.397706
1.304668
1.397706
1.112453
1.112453
1.350298
1.350298
1.286348
1.286348
1.304294
1.304294
1.096857
1.096857
1.341648
1.341648
1.316092
1.316092
1.383195
1.383195
1.386594
1.386594
1.339405
1.339405
1.301770
1.301770
1.209398
1.209398
1.265389
1.352149
1.265389
1.352149
1.299653
1.299653
1.308263
1.308263
1.370827
1.370827
1.354682
1.354682
1.370063
1.370063
1.392127
1.151932
1.392127
1.151932
1.233525
1.233525
1.350326
1.350326
1.192841
1.192841
1.376098
1.376098
1.334131
1.334131
1.290131
1.290131
1.344448
1.344448
1.311359
1.311359
1.283199
1.283199
1.188957
1.188957
1.176448
1.176448
1.284282
1.284282
1.183541
1.183541
1.296898
1.296898
1.384409
1.384409
1.397251
1.397251
1.335027
1.335027
1.256646
1.256646
1.342585
1.349919
1.342585
1.349919
1.144337
1.144337
1.361968
1.361968
1.284461
1.284461
1.396093
1.292727
1.396093
1.292727
1.181125
1.181125
1.286230
1.286230
1.244555
1.299680
1.244555
1.299680
1.231682
1.231682
1.376344
1.376344
1.323924
1.323924
1.292075
1.292075
1.343793
1.343793
1.343492
1.343492
1.253248
1.253248
1.259990
1.259990
1.316037
1.316037
1.366847
1.366847
1.101424
1.101424
1.319722
1.319722
1.320328
1.320328
1.095405
1.095405
1.341264
1.341264
1.275308
1.275308
1.374770
1.374770
1.295834
1.295834
1.281743
1.213855
1.213855
1.281743
1.235631
1.235631
1.348374
1.348374
1.363413
1.363413
1.264486
1.264486
1.102415
1.102415
1.269893
1.269893
1.356542
1.356542
1.346154
1.346154
1.398273
1.398273
1.294185
1.294185
1.286958
1.286958
1.378069
1.378069
1.282837
1.204787
1.204787
1.282837
1.062660
1.062660
1.346722
1.346722
1.372098
1.372098
1.258335
1.258335
1.377152
1.377152
1.381208
1.381208
1.246952
1.246952
1.336083
1.336083
1.291175
1.291175
1.318232
1.318232
1.396024
1.396024
1.320675
1.320675
1.257403
1.257403
1.235141
1.235141
1.325477
1.325477
1.396211
1.396211
1.392633
1.392633
1.376780
1.376780
1.127966
1.127966
1.376618
1.376618
1.251919
1.251919
1.349000
1.349000
1.287396
1.287396
1.303797
1.303797
1.173800
1.173800
1.215617
1.215617
1.136229
1.136229
1.366606
1.171598
1.366606
1.171598
1.151814
1.151814
1.333218
1.333218
1.288002
1.288002
1.253808
1.253808
1.360799
1.360799
1.090815
1.344474
1.344474
1.090815
1.374397
1.374397
1.376922
1.376922
1.186115
1.247991
1.186115
1.247991
1.164000
1.164000
1.287394
1.287394
1.273420
1.273420
1.097043
1.097043
1.278818
1.278818
1.334756
1.334756
1.272674
1.249677
1.249677
1.272674
1.364858
1.364858
1.262772
1.262772
1.314597
1.314597
1.398962
1.398962
1.243017
1.243017
1.330897
1.330897
1.304129
1.304129
1.363900
1.363900
1.341463
1.341463
1.172024
1.172024
1.312083
1.312083
1.290437
1.290437
1.361531
1.361531
1.308162
1.308162
1.358826
1.358826
1.212355
1.187099
1.187099
1.212355
1.154685
1.154685
1.223267
1.223267
1.197521
1.197521
1.395567
1.395567
1.132611
1.132611
1.317507
1.317507
1.348896
1.348896
1.195124
1.195124
1.129601
1.129601
1.309030
1.309030
1.312327
1.312327
1.275718
1.275718
1.348615
1.348615
1.391119
1.391119
1.265571
1.265571
1.352145
1.352145
1.254650
1.254650
1.374857
1.374857
1.302781
1.302781
1.316561
1.316561
1.286005
1.286005
1.363310
1.363310
1.234045
1.234045
1.382702
1.382702
1.295149
1.295149
1.393330
1.393330
1.396486
1.396486
1.365449
1.365449
1.281463
1.281463
1.147815
1.147815
1.324746
1.324746
1.212692
1.212692
1.389633
1.389633
1.399146
1.399146
1.390228
1.390228
1.375969
1.375969
1.142870
1.142870
1.290552
1.290552
1.044487
1.044487
1.383549
1.383549
1.378062
1.144876
1.144876
1.378062
1.256830
1.256830
1.333341
1.333341
1.354979
1.354979
1.308088
1.308088
1.236671
1.236671
1.383052
1.383052
1.365480
1.365480
1.080910
1.080910
1.234863
1.234863
1.281617
1.281617
1.151876
1.151876
1.351705
1.351705
1.183055
1.183055
1.383828
1.383828
1.384176
1.384176
1.386653
1.386653
1.390624
1.390624
1.066783
1.066783
1.141905
1.141905
1.203432
1.203432
1.296287
1.296287
1.338873
1.338873
1.368527
1.368527
1.187251
1.187251
1.089800
1.089800
1.192623
1.192623
1.362457
1.362457
1.369023
1.369023
1.231179
1.231179
1.358395
1.358395
1.234262
1.234262
1.206042
1.206042
1.328440
1.328440
1.368629
1.368629
1.309940
1.309940
1.261245
1.261245
1.377771
1.377771
1.379168
1.379168
1.362512
1.362512
1.228467
1.228467
1.227672
1.227672
1.356053
1.356053
1.291577
1.291577
1.383466
1.383466
1.150530
1.150530
1.375930
1.375930
1.162598
1.162598
1.357843
1.357843
1.197854
1.197854
1.137341
1.137341
1.382996
1.382996
1.341132
1.341132
1.186222
1.186222
1.080661
1.080661
1.397662
1.397662
1.352844
1.352844
1.359837
1.359837
1.265890
1.265890
1.074831
1.074831
1.230995
1.284220
1.284220
1.230995
1.201967
1.201967
1.217915
1.217915
1.190768
1.190768
1.389210
1.389210
1.339359
1.339359
1.126552
1.126552
1.302556
1.302556
1.242543
1.242543
1.351519
1.351519
1.299087
1.299087
1.287745
1.287745
1.349184
1.349184
1.377112
1.377112
1.294271
1.294271
1.256194
1.256194
1.236027
1.236027
1.300783
1.300783
1.299986
1.299986
1.126597
1.126597
1.332682
1.332682
1.149476
1.149476
1.281157
1.281157
1.370773
1.370773
1.336436
1.336436
1.373737
1.373737
1.279457
1.279457
1.234746
1.234746
1.262277
1.262277
1.228155
1.228155
1.397779
1.397779
1.217649
1.217649
1.201063
1.201063
1.380045
1.380045
1.364496
1.364496
1.375573
1.375573
1.357299
1.357299
1.199091
1.199091
1.366768
1.366768
1.376567
1.376567
1.312502
1.312502
1.396342
1.396342
1.320843
1.320843
1.110771
1.110771
1.246457
1.246457
1.372803
1.372803
1.230003
1.230003
1.325090
1.325090
1.393085
1.393085
1.279460
1.279460
1.264654
1.264654
1.200159
1.200159
1.148027
1.148027
1.373451
1.373451
1.264009
1.264009
1.123281
1.123281
1.164620
1.164620
1.126002
1.126002
1.393865
1.393865
1.279816
1.279816
1.383627
1.383627
1.352308
1.352308
1.153921
1.153921
1.260904
1.260904
1.179314
1.179314
1.239722
1.239722
1.364407
1.364407
1.285157
1.207501
1.207501
1.285157
1.216057
1.216057
1.262796
1.262796
1.378804
1.378804
1.387367
1.387367
1.279361
1.279361
1.366919
1.366919
1.394804
1.394804
1.083253
1.083253
1.359639
1.359639
1.335793
1.335793
1.320249
1.320249
1.105860
1.105860
1.334382
1.334382
1.342078
1.342078
1.300731
1.300731
1.317810
1.317810
1.313084
1.313084
1.190813
1.190813
1.344511
1.344511
1.056533
1.056533
1.332819
1.332819
1.273554
1.273554
1.299050
1.299050
1.128949
1.128949
1.210559
1.210559
1.310502
1.310502
1.316827
1.316827
1.314293
1.314293
1.308595
1.308595
1.392875
1.392875
1.275131
1.275131
1.382335
1.382335
1.382605
1.382605
1.043212
1.043212
1.281415
1.281415
1.279494
1.279494
1.266334
1.266334
1.050299
1.050299
1.247856
1.247856
1.399704
1.399704
1.303524
1.303524
1.075312
1.075312
1.243554
1.243554
1.266944
1.266944
1.237913
1.237913
1.370801
1.370801
1.315282
1.315282
1.361510
1.361510
1.283785
1.283785
1.373144
1.373144
1.283068
1.283068
1.290349
1.290349
1.361736
1.361736
1.210975
1.210975
1.253145
1.253145
1.112589
1.112589
1.100466
1.100466
1.306348
1.306348
1.391229
1.391229
1.389714
1.389714
1.320528
1.320528
1.398389
1.398389
1.397530
1.397530
1.373593
1.373593
1.323693
1.323693
1.190703
1.190703
1.245890
1.245890
1.346580
1.346580
1.112013
1.112013
1.169490
1.169490
1.278852
1.278852
1.348144
1.348144
1.207013
1.207013
1.343511
1.343511
1.132148
1.132148
1.182629
1.182629
