1.361984
1.361984
1.393039
1.393039
1.287155
1.287155
1.368064
1.368064
1.381720
1.381720
1.386930
1.386930
1.375176
1.375176
1.288794
1.288794
1.153711
1.153711
1.266414
1.341495
1.341495
1.266414
1.309001
1.309001
1.172476
1.172476
1.378913
1.378913
1.306830
1.306830
1.396180
1.396180
1.365434
1.365434
1.304859
1.304859
1.274748
1.274748
1.180887
1.180887
1.284723
1.284723
1.380263
1.121936
1.121936
1.380263
1.310939
1.310939
1.211869
1.211869
1.094618
1.094618
1.248883
1.248883
1.287041
1.287041
1.369901
1.369901
1.357825
1.357825
1.324642
1.324642
1.363056
1.373879
1.363056
1.373879
1.182020
1.384163
1.182020
1.234040
1.234040
1.384163
1.261511
1.261511
1.383249
1.383249
1.389808
1.389808
1.309381
1.309381
1.230030
1.230030
1.348899
1.348899
1.328910
1.328910
1.370854
1.370854
1.325194
1.325194
1.386034
1.386034
1.180152
1.180152
1.233083
1.233083
1.167942
1.167942
1.251594
1.251594
1.274425
1.274425
1.295696
1.295696
1.309024
1.309024
1.203664
1.203664
1.264812
1.264812
1.353340
1.353340
1.087883
1.087883
1.379769
1.379769
1.380292
1.380292
1.364843
1.364843
1.384269
1.384269
1.288965
1.288965
1.344545
1.344545
1.321853
1.321853
1.219617
1.219617
1.339430
1.339430
1.344870
1.344870
1.304348
1.304348
1.273580
1.273580
1.300641
1.300641
1.159735
1.159735
1.387311
1.387311
1.144396
1.144396
1.371730
1.371730
1.291199
1.291199
1.084577
1.084577
1.138196
1.138196
1.347227
1.347227
1.240088
1.240088
1.261084
1.261084
1.179158
1.179158
1.339374
1.339374
1.238375
1.238375
1.341935
1.152727
1.341935
1.152727
1.145789
1.145789
1.386565
1.386565
1.294333
1.294333
1.160856
1.160856
1.333724
1.333724
1.134154
1.134154
1.252126
1.252126
1.148236
1.148236
1.117922
1.117922
1.126968
1.126968
1.358842
1.358842
1.252485
1.252485
1.345081
1.345081
1.127951
1.127951
1.395832
1.395832
1.198260
1.198260
1.373009
1.333508
1.333508
1.373009
1.349874
1.349874
1.364318
1.364318
1.393480
1.393480
1.371074
1.371074
1.285360
1.285360
1.216752
1.216752
1.272243
1.272243
1.281458
1.281458
1.380560
1.380560
1.278708
1.278708
1.309153
1.309153
1.319605
1.319605
1.205917
1.205917
1.231566
1.231566
1.288877
1.288877
1.350931
1.350931
1.394779
1.394779
1.322308
1.322308
1.382856
1.382856
1.398364
1.398364
1.387638
1.387638
1.308596
1.308596
1.359782
1.359782
1.369811
1.369811
1.358985
1.358985
1.201651
1.201651
1.371553
1.371553
1.393460
1.393460
1.222085
1.222085
1.367805
1.367805
1.169797
1.169797
1.326923
1.326923
1.306721
1.306721
1.338455
1.338455
1.399498
1.399498
1.187410
1.187410
1.363147
1.363147
1.295203
1.295203
1.213630
1.213630
1.238119
1.238119
1.370088
1.370088
1.292495
1.260564
1.260564
1.292495
1.339275
1.339275
1.295150
1.295150
1.269354
1.269354
1.349433
1.349433
1.111874
1.111874
1.272696
1.272696
1.231056
1.231056
1.163379
1.163379
1.372907
1.372907
1.384966
1.384966
1.305940
1.305940
1.321480
1.321480
1.303388
1.303388
1.394924
1.394924
1.345221
1.345221
1.388512
1.388512
1.387981
1.387981
1.116856
1.116856
1.367480
1.367480
1.304241
1.304241
1.138718
1.138718
1.318942
1.318942
1.386785
1.386785
1.254755
1.254755
1.391661
1.391661
1.362036
1.362036
1.393908
1.393908
1.352987
1.352987
1.262908
1.262908
1.325234
1.325234
1.285487
1.285487
1.294708
1.294708
1.336182
1.336182
1.303385
1.303385
1.390899
1.390899
1.069930
1.069930
1.353280
1.353280
1.374123
1.374123
1.187549
1.187549
1.057647
1.057647
1.394532
1.394532
1.101294
1.101294
1.215533
1.215533
1.370967
1.370967
1.209454
1.209454
1.350079
1.350079
1.370333
1.370333
1.021276
1.021276
1.276297
1.276297
1.399092
1.399092
1.312758
1.312758
1.285074
1.285074
1.384862
1.384862
1.345482
1.345482
1.357788
1.357788
1.204972
1.204972
1.323822
1.323822
1.130800
1.130800
1.394162
1.394162
1.288591
1.288591
1.341295
1.341295
1.214054
1.214054
1.112448
1.112448
1.282440
1.282440
1.249815
1.249815
1.259684
1.259684
1.382113
1.382113
1.377570
1.377570
1.230541
1.230541
1.172199
1.172199
1.315000
1.315000
1.322143
1.322143
1.227992
1.227992
1.246169
1.246169
1.261137
1.261137
1.185910
1.185910
1.040325
1.040325
1.297469
1.297469
1.381516
1.381516
1.164368
1.164368
1.244090
1.244090
1.387799
1.387799
1.192422
1.192422
1.370174
1.370174
1.298339
1.298339
1.347049
1.347049
1.377967
1.377967
1.271576
1.271576
1.327880
1.327880
1.246861
1.246861
1.321870
1.321870
1.243470
1.243470
1.337012
1.337012
1.234107
1.234107
1.385801
1.385801
1.342137
1.342137
1.160533
1.160533
1.397300
1.397300
1.146257
1.146257
1.315819
1.315819
1.250174
1.250174
1.301491
1.301491
1.327627
1.327627
1.253853
1.253853
1.389066
1.389066
1.253224
1.253224
1.208911
1.208911
1.149350
1.149350
1.322659
1.322659
1.343174
1.343174
1.259275
1.259275
1.199434
1.199434
1.291798
1.291798
1.178778
1.178778
1.149186
1.149186
1.097941
1.097941
1.351210
1.351210
1.382329
1.382329
1.376750
1.376750
1.389851
1.389851
1.133386
1.133386
1.394688
1.394688
1.328955
1.328955
1.308411
1.308411
1.202437
1.202437
1.394340
1.394340
1.351414
1.351414
1.338404
1.338404
1.157426
1.157426
1.375077
1.375077
1.369696
1.369696
1.159817
1.159817
1.394243
1.394243
1.309330
1.309330
1.363911
1.363911
1.375245
1.375245
1.272925
1.272925
1.244056
1.244056
1.206802
1.206802
1.288273
1.288273
1.201680
1.201680
1.388636
1.347068
1.347068
1.388636
1.339661
1.339661
1.270025
1.270025
1.313918
1.313918
1.309910
1.309910
1.336789
1.336789
1.387248
1.387248
