1.398787
1.398787
1.267225
1.038797
1.038797
1.267225
1.351280
1.351280
1.344908
1.344908
1.257159
1.257159
1.337342
1.337342
1.241651
1.246516
1.241651
1.246516
1.397287
1.397287
1.247014
1.247014
1.112689
1.112689
1.271236
1.271236
1.315317
1.315317
1.251553
1.251553
1.324339
1.324339
1.369897
1.369897
1.299097
1.299097
1.167817
1.167817
1.326854
1.326854
1.202409
1.202409
1.317851
1.317851
1.306338
1.306338
1.334630
1.334630
1.397534
1.397534
1.265680
1.265680
1.331671
1.331671
1.377484
1.377484
1.308298
1.393955
1.393955
1.308298
1.379411
1.379411
1.390863
1.390755
1.390863
1.358767
1.390755
1.358767
1.397385
1.397385
1.308449
1.308449
1.201838
1.201838
1.264531
1.264531
1.381917
1.381917
1.352246
1.352246
1.341393
1.341393
1.152105
1.152105
1.267747
1.267747
1.094571
1.094571
1.349220
1.349220
1.253332
1.253332
1.287038
1.287038
1.266598
1.266598
1.339154
1.339154
1.362229
1.362229
1.243505
1.243505
1.286012
1.286012
1.226908
1.226908
1.174455
1.174455
1.178336
1.178336
1.307450
1.253985
1.307450
1.253985
1.172365
1.172365
1.378447
1.378447
1.249460
1.249460
1.329195
1.329195
1.114128
1.114128
1.397411
1.397411
1.216350
1.296188
1.216350
1.296188
1.317143
1.129189
1.317143
1.129189
1.317836
1.317836
1.396895
1.396895
1.336126
1.336126
1.224308
1.209928
1.209928
1.224308
1.359701
1.359701
1.321108
1.321108
1.240452
1.240452
1.136597
1.136597
1.302493
1.302493
1.321598
1.321598
1.215502
1.215502
1.374060
1.374060
1.170119
1.170119
1.393042
1.393042
1.356669
1.356669
1.330581
1.330581
1.257093
1.334903
1.334903
1.257093
1.321043
1.321043
1.199376
1.199376
1.389957
1.389957
1.358240
1.358240
1.302330
1.302330
1.394629
1.394629
1.383287
1.383287
1.143473
1.143473
1.299243
1.299243
1.184613
1.184613
1.248113
1.248113
1.221435
1.221435
1.335832
1.335832
1.158781
1.158781
1.343829
1.343829
1.338374
1.338374
1.177766
1.177766
1.185580
1.185580
1.231735
1.231735
1.093847
1.382719
1.093847
1.382719
1.332504
1.332504
1.282638
1.282638
1.396309
1.396309
1.181853
1.181853
1.342860
1.342860
1.276468
1.276468
1.307069
1.307069
1.363670
1.363670
1.298152
1.298152
1.361479
1.361479
1.218754
1.218754
1.361745
1.361745
1.322445
1.322445
1.381678
1.381678
1.149241
1.149241
1.150068
1.150068
1.363623
1.269616
1.363623
1.269616
1.316023
1.316023
1.009251
1.009251
1.268338
1.268338
1.337578
1.337578
1.155132
1.155132
1.376438
1.376438
1.204767
1.204767
1.306402
1.306402
1.270616
1.270616
1.270610
1.270610
1.377183
1.377183
1.246630
1.246630
1.392067
1.392067
1.278995
1.278995
1.384387
1.116497
1.384387
1.116497
1.277590
1.277590
1.326261
1.326261
1.294400
1.294400
1.395928
1.395928
1.212196
1.212196
1.380711
1.380711
1.383298
1.383298
1.362883
1.362883
1.375247
1.254775
1.375247
1.254775
1.392135
1.392135
1.390482
1.390482
1.360759
1.360759
1.303502
1.303502
1.186720
1.186720
1.217946
1.217946
1.361285
1.361285
1.275391
1.275391
1.197566
1.197566
1.392092
1.392092
1.363225
1.363225
1.236337
1.236337
1.144420
1.144420
1.329065
1.329065
1.123570
1.123570
1.254164
1.254164
1.256449
1.256449
1.386554
1.386554
1.399082
1.399082
1.208412
1.208412
1.296974
1.296974
1.391063
1.391063
1.399315
1.399315
1.141101
1.141101
1.269417
1.269417
1.304116
1.304116
1.395372
1.395372
1.292002
1.292002
1.118841
1.118841
1.353854
1.353854
1.143605
1.378254
1.378254
1.143605
1.087658
1.087658
1.248738
1.248738
1.297902
1.297902
1.223248
1.396384
1.396384
1.223248
1.230262
1.230262
1.294389
1.294389
1.337940
1.337940
1.190979
1.190979
1.134285
1.134285
1.366909
1.349645
1.349645
1.366909
1.300974
1.300974
1.371766
1.371766
1.361507
1.361507
1.376422
1.376422
1.101233
1.101233
1.306807
1.306807
1.330878
1.330878
1.320820
1.320820
1.316230
1.316230
1.374897
1.374897
1.307106
1.307106
1.382476
1.382476
1.374341
1.374341
1.245054
1.245054
1.384612
1.384612
1.349431
1.349431
1.354891
1.354891
1.227904
1.227904
1.384997
1.384997
1.389481
1.389481
1.339370
1.339370
1.283740
1.283740
1.342830
1.342830
1.264500
1.264500
1.384100
1.384100
1.330918
1.330918
1.081924
1.081924
1.304515
1.304515
1.171361
1.171361
1.105880
1.105880
1.325112
1.325112
1.299777
1.299777
1.127137
1.127137
1.193692
1.193692
1.093931
1.093931
1.399390
1.399390
1.171537
1.171537
1.265645
1.265645
1.331115
1.331115
1.329239
1.329239
1.387903
1.387903
1.370431
1.370431
1.129586
1.129586
1.336499
1.336499
1.121318
1.121318
1.379144
1.379144
1.396662
1.396662
1.301253
1.301253
1.325552
1.325552
1.152779
1.152779
1.394142
1.394142
1.159567
1.159567
1.227605
1.227605
1.288815
1.288815
1.334130
1.334130
1.078676
1.078676
1.392331
1.392331
1.306640
1.306640
1.393176
1.393176
1.295606
1.295606
1.294276
1.294276
1.325580
1.325580
1.218564
1.218564
1.278762
1.278762
1.398435
1.398435
1.393690
1.393690
1.239845
1.239845
1.249413
1.249413
1.340778
1.340778
1.258238
1.258238
1.250471
1.250471
1.325556
1.325556
1.266973
1.266973
1.213623
1.213623
1.236189
1.236189
1.369967
1.369967
1.243569
1.243569
1.281095
1.281095
1.201261
1.201261
1.185911
1.185911
1.353703
1.353703
1.208682
1.208682
1.294755
1.294755
1.278867
1.278867
1.384832
1.384832
1.225679
1.225679
1.310163
1.310163
1.283547
1.283547
1.048774
1.048774
1.220974
1.220974
1.240499
1.240499
1.199030
1.199030
1.248223
1.248223
1.101761
1.101761
1.388112
1.388112
1.374901
1.374901
1.276214
1.276214
1.297644
1.232281
1.232281
1.297644
1.300049
1.300049
1.257527
1.257527
1.395135
1.395135
1.389667
1.389667
1.268534
1.268534
1.237827
1.237827
1.332479
1.332479
1.344646
1.344646
1.345876
1.345876
1.219009
1.219009
1.239233
1.239233
1.377318
1.377318
1.384734
1.384734
1.345624
1.345624
1.305378
1.305378
1.387134
1.387134
1.386509
1.386509
1.393217
1.393217
1.204881
1.204881
1.196245
1.196245
1.242093
1.242093
1.353423
1.353423
1.311719
1.311719
1.338243
1.338243
1.339501
1.339501
1.176576
1.176576
1.390301
1.390301
1.390302
1.390302
1.396815
1.396815
1.233099
1.233099
