1.389031
1.389031
1.222233
1.222233
1.335354
1.335354
1.292682
1.292682
1.267656
1.267656
1.285773
1.354540
1.354540
1.285773
1.391662
1.391662
1.330702
1.379513
1.132693
1.330702
1.132693
1.379513
1.356654
1.356654
1.252262
1.156492
1.156492
1.252262
1.393308
1.393308
1.042585
1.042585
1.246093
1.246093
1.324171
1.324171
1.391829
1.391829
1.139121
1.139121
1.317378
1.317378
1.339462
1.339462
1.372155
1.372155
1.265537
1.265537
1.258482
1.258482
1.371585
1.371585
1.250944
1.250944
1.326422
1.326422
1.303250
1.303250
1.250968
1.250968
1.264656
1.264656
1.280876
1.370044
1.280876
1.370044
1.323269
1.323269
1.101450
1.101450
1.186151
1.186151
1.229528
1.229528
1.354339
1.354339
1.370988
1.370988
1.248173
1.248173
1.252239
1.252239
1.386808
1.244612
1.244612
1.386808
1.195034
1.327267
1.327267
1.195034
1.347597
1.347597
1.243033
1.243033
1.146237
1.146237
1.382635
1.382635
1.337338
1.337338
1.334157
1.334157
1.340026
1.340026
1.072196
1.072196
1.342450
1.342450
1.258735
1.258735
1.343350
1.343350
1.294849
1.294849
1.268739
1.268739
1.283180
1.283180
1.081085
1.081085
1.319558
1.319558
1.366506
1.366506
1.019104
1.019104
1.085371
1.085371
1.169989
1.169989
1.303981
1.303981
1.168759
1.168759
1.024419
1.024419
1.373859
1.373859
1.384881
1.365115
1.365115
1.384881
1.346337
1.346337
1.336691
1.325852
1.325852
1.336691
1.329619
1.310260
1.365066
1.329619
1.310260
1.365066
1.325852
1.325852
1.367758
1.367758
1.369126
1.369126
1.384732
1.384732
1.387543
1.387543
1.357738
1.103103
1.040021
1.357738
1.103103
1.040021
1.123826
1.123826
1.061388
1.061388
1.382206
1.382206
1.363586
1.363586
1.365750
1.365750
1.277532
1.277532
1.253941
1.253941
1.230409
1.230409
1.273276
1.273276
1.389560
1.389560
1.280195
1.280195
1.290759
1.290759
1.248018
1.248018
1.397680
1.397680
1.293995
1.293995
1.179834
1.179834
1.193128
1.247170
1.247170
1.193128
1.328876
1.328876
1.365856
1.365856
1.228202
1.228202
1.334234
1.334234
1.306762
1.306762
1.162910
1.162910
1.369076
1.369076
1.393179
1.393179
1.210858
1.210858
1.388968
1.388968
1.382587
1.382587
1.393970
1.393970
1.352669
1.352669
1.237035
1.398081
1.237035
1.398081
1.246752
1.246752
1.394929
1.394929
1.213229
1.213229
1.247912
1.247912
1.063095
1.063095
1.197580
1.197580
1.126259
1.126259
1.282661
1.282661
1.123192
1.123192
1.251432
1.251432
1.357404
1.357404
1.348893
1.348893
1.376783
1.376783
1.112828
1.112828
1.377710
1.377710
1.286588
1.286588
1.149881
1.149881
1.324705
1.324705
1.299406
1.299406
1.106475
1.106475
1.377202
1.377202
1.277122
1.277122
1.191038
1.191038
1.352465
1.352465
1.256324
1.256324
1.399704
1.399704
1.151871
1.151871
1.222513
1.222513
1.286301
1.286301
1.374035
1.374035
1.268416
1.268416
1.274333
1.274333
1.056779
1.056779
1.160572
1.160572
1.378487
1.378487
1.340677
1.340677
1.347088
1.347088
1.365762
1.365762
1.161026
1.161026
1.202897
1.202897
1.392958
1.392958
1.348405
1.348405
1.380620
1.380620
1.399707
1.399707
1.241208
1.241208
1.085053
1.085053
1.269275
1.269275
1.220011
1.220011
1.394075
1.394075
1.050043
1.050043
1.253552
1.253552
1.223911
1.223911
1.338243
1.338243
1.148662
1.148662
1.301677
1.301677
1.377099
1.377099
1.362319
1.362319
1.042856
1.042856
1.330007
1.330007
1.384139
1.384139
1.379276
1.379276
1.331592
1.331592
1.339618
1.339618
1.274963
1.274963
1.315246
1.315246
1.294037
1.294037
1.362908
1.362908
1.109664
1.109664
1.393746
1.393746
1.349721
1.349721
1.205361
1.205361
1.135695
1.135695
1.268687
1.268687
1.193649
1.193649
1.358564
1.358564
1.361799
1.361799
1.273977
1.273977
1.336969
1.336969
1.213636
1.213636
1.358675
1.358675
1.394224
1.394224
1.343981
1.343981
1.315723
1.315723
1.318455
1.318455
1.153030
1.153030
1.354436
1.354436
1.199341
1.199341
1.396838
1.396838
1.378057
1.378057
1.283438
1.283438
1.335304
1.335304
1.139315
1.139315
1.297235
1.297235
1.151505
1.151505
1.360157
1.360157
1.274115
1.274115
1.292890
1.292890
1.394935
1.394935
1.252180
1.252180
1.281078
1.281078
1.253039
1.253039
1.193887
1.158743
1.193887
1.158743
1.308385
1.308385
1.235924
1.235924
1.388669
1.388669
1.289990
1.289990
1.395735
1.359728
1.395735
1.359728
1.055443
1.055443
1.193899
1.193899
1.386085
1.386085
1.277525
1.277525
1.191084
1.191084
1.370460
1.370460
1.220786
1.220786
1.193364
1.193364
1.383470
1.383470
1.360323
1.360323
1.242459
1.242459
1.365252
1.365252
1.247383
1.247383
1.300622
1.300622
1.209340
1.209340
1.287058
1.287058
1.318547
1.318547
1.353652
1.353652
1.393834
1.393834
1.396708
1.396708
1.240199
1.240199
1.119373
1.119373
1.214442
1.214442
1.385170
1.385170
1.392176
1.392176
1.377885
1.377885
1.334689
1.334689
1.193438
1.193438
1.144310
1.144310
1.266813
1.266813
1.046203
1.046203
1.387248
1.387248
1.392959
1.392959
1.046348
1.046348
1.393789
1.393789
1.270002
1.270002
1.363710
1.363710
1.141524
1.141524
1.346793
1.346793
1.203707
1.203707
1.248876
1.248876
1.253838
1.253838
1.369994
1.369994
1.106214
1.106214
1.285514
1.285514
1.259653
1.259653
1.256991
1.256991
1.364567
1.364567
1.339182
1.339182
1.261114
1.261114
1.104318
1.104318
1.339810
1.339810
1.286788
1.286788
1.379347
1.379347
1.392693
1.392693
1.361011
1.361011
1.148738
1.148738
1.355604
1.355604
1.357267
1.357267
1.327947
1.327947
1.358542
1.358542
1.190328
1.190328
1.354409
1.354409
1.388620
1.388620
1.385125
1.385125
1.226336
1.226336
1.366989
1.366989
1.337185
1.337185
1.390827
1.390827
1.158621
1.158621
1.271922
1.271922
1.360949
1.360949
1.344407
1.344407
1.277985
1.277985
1.214414
1.214414
1.386854
1.386854
1.377731
1.377731
1.088170
1.088170
1.209137
1.209137
1.134088
1.134088
1.399101
1.399101
1.391198
1.391198
1.364778
1.364778
1.260785
1.260785
1.184285
1.184285
1.265330
1.168600
1.265330
1.168600
1.312547
1.312547
1.113846
1.113846
1.200649
1.200649
1.298570
1.298570
1.132178
1.132178
1.391689
1.391689
1.214789
1.214789
1.373607
1.373607
1.221369
1.221369
1.399544
1.399544
1.357141
1.357141
1.220021
1.220021
