1.397155
1.397155
1.384021
1.384021
1.389875
1.389875
1.383847
1.288943
1.383847
1.288943
1.305289
1.241017
1.305289
1.241017
1.146713
1.146713
1.189962
1.189962
1.347384
1.347384
1.261864
1.261864
1.335108
1.335108
1.201097
1.201097
1.308997
1.308997
1.354986
1.354986
1.290808
1.290808
1.226010
1.226010
1.399586
1.399586
1.265235
1.265235
1.259088
1.259088
1.023249
1.023249
1.388172
1.388172
1.221433
1.221433
1.397331
1.397331
1.344789
1.344789
1.044022
1.044022
1.306957
1.306957
1.335522
1.335522
1.145589
1.145589
1.181857
1.181857
1.298731
1.298731
1.374799
1.374799
1.334425
1.334425
1.356671
1.356671
1.276357
1.276357
1.367115
1.367115
1.372325
1.372325
1.329327
1.329327
1.310431
1.310431
1.141470
1.141470
1.251118
1.355463
1.355463
1.251118
1.196794
1.196794
1.256107
1.256107
1.288345
1.288345
1.259202
1.259202
1.308446
1.308446
1.335905
1.335905
1.231198
1.231198
1.360608
1.360608
1.218920
1.218920
1.310869
1.200512
1.200512
1.310869
1.380403
1.380403
1.263466
1.263466
1.373363
1.373363
1.265504
1.265504
1.324549
1.324549
1.250627
1.250627
1.358457
1.358457
1.047388
1.047388
1.217803
1.217803
1.387729
1.387729
1.252018
1.252018
1.065819
1.065819
1.309742
1.309742
1.355775
1.355775
1.310872
1.310872
1.271108
1.271108
1.277241
1.277241
1.397772
1.397772
1.103310
1.103310
1.195896
1.195896
1.295782
1.295782
1.192567
1.192567
1.376905
1.376905
1.360858
1.360858
1.346641
1.251911
1.346641
1.251911
1.168798
1.168798
1.302442
1.302442
1.125586
1.125586
1.382798
1.382798
1.384194
1.384194
1.203501
1.203501
1.343867
1.387784
1.387784
1.343867
1.304957
1.304957
1.244103
1.244103
1.256233
1.256233
1.187212
1.187212
1.300022
1.171845
1.171845
1.300022
1.377363
1.377363
1.347762
1.347762
1.344101
1.344101
1.185827
1.185827
1.179851
1.179851
1.388373
1.388373
1.348124
1.348124
1.296894
1.296894
1.355810
1.345491
1.355810
1.345491
1.294502
1.294502
1.351244
1.351244
1.279016
1.279016
1.282548
1.282548
1.397660
1.397660
1.198083
1.344770
1.344770
1.198083
1.356080
1.356080
1.243776
1.243776
1.104691
1.104691
1.362855
1.362855
1.137583
1.137583
1.078689
1.078689
1.281887
1.281887
1.283594
1.283594
1.297048
1.396760
1.297048
1.396760
1.141515
1.141515
1.357264
1.389466
1.389466
1.357264
1.377927
1.377927
1.313342
1.313342
1.373194
1.373194
1.195657
1.195657
1.293085
1.293085
1.194814
1.194814
1.138395
1.138395
1.359952
1.359952
1.274337
1.274337
1.357279
1.357279
1.302222
1.302222
1.129007
1.129007
1.380481
1.380481
1.264068
1.264068
1.379998
1.379998
1.375785
1.375785
1.348913
1.348913
1.352886
1.352886
1.281633
1.281633
1.375835
1.375835
1.322437
1.322437
1.195715
1.195715
1.301527
1.301527
1.268565
1.268565
1.391062
1.182615
1.182615
1.391062
1.168773
1.168773
1.206152
1.206152
1.124597
1.124597
1.348975
1.348975
1.367266
1.367266
1.388502
1.388502
1.239130
1.239130
1.392502
1.392502
1.328306
1.328306
1.267696
1.267696
1.309001
1.309001
1.162465
1.162465
1.218875
1.218875
1.302910
1.302910
1.302687
1.302687
1.169882
1.169882
1.388849
1.388849
1.380460
1.380460
1.397406
1.397406
1.310690
1.310690
1.390672
1.390672
1.204358
1.204358
1.288527
1.288527
1.362609
1.263370
1.362609
1.263370
1.166271
1.166271
1.297300
1.297300
1.355299
1.355299
1.209229
1.209229
1.226014
1.226014
1.292233
1.292233
1.336073
1.336073
1.178689
1.178689
1.115877
1.115877
1.210078
1.210078
1.381266
1.381266
1.391103
1.391103
1.175333
1.175333
1.236721
1.347485
1.236721
1.347485
1.196566
1.196566
1.361446
1.361446
1.170145
1.170145
1.202423
1.202423
1.322342
1.322342
1.281379
1.281379
1.244190
1.244190
1.265884
1.265884
1.306419
1.306419
1.384483
1.384483
1.273193
1.349721
1.273193
1.349721
1.236634
1.236634
1.157087
1.157087
1.393724
1.393724
1.297650
1.297650
1.358137
1.358137
1.383989
1.383989
1.398802
1.398802
1.389898
1.389898
1.227052
1.227052
1.093096
1.093096
1.334208
1.334208
1.286745
1.286745
1.392308
1.392308
1.182732
1.182732
1.344954
1.344954
1.394696
1.394696
1.368464
1.368464
1.395357
1.395357
1.343738
1.343738
1.115526
1.115526
1.378782
1.378782
1.393216
1.393216
1.321820
1.321820
1.304262
1.304262
1.259095
1.259095
1.373727
1.373727
1.190941
1.190941
1.184092
1.184092
1.096337
1.096337
1.251183
1.251183
1.325622
1.325622
1.239329
1.239329
1.255524
1.255524
1.293234
1.293234
1.221335
1.221335
1.210712
1.210712
1.271162
1.271162
1.366520
1.366520
1.228156
1.228156
1.383194
1.383194
1.387641
1.387641
1.325842
1.325842
1.147385
1.147385
1.373904
1.373904
1.393222
1.393222
1.057908
1.057908
1.180490
1.180490
1.381353
1.381353
1.397119
1.397119
1.359705
1.359705
1.367408
1.367408
1.331454
1.331454
1.263655
1.263655
1.307911
1.307911
1.392937
1.392937
1.280911
1.280911
1.228042
1.228042
1.318541
1.318541
1.075147
1.075147
1.278906
1.381868
1.381868
1.278906
1.325272
1.325272
1.297780
1.297780
1.049165
1.049165
1.239587
1.239587
1.239344
1.239344
1.322488
1.322488
1.222426
1.222426
1.374582
1.374582
1.285351
1.285351
1.138305
1.138305
1.381091
1.381091
1.312657
1.312657
1.242050
1.242050
1.311717
1.311717
1.269553
1.269553
1.389602
1.389602
1.375680
1.375680
1.321919
1.321919
1.396595
1.396595
1.339765
1.339765
1.247762
1.247762
1.107935
1.107935
1.363392
1.363392
1.261122
1.261122
1.231336
1.231336
1.383216
1.383216
1.377193
1.377193
1.172612
1.172612
1.230990
1.230990
1.370356
1.370356
1.335812
1.335812
1.199675
1.199675
1.074956
1.074956
1.327022
1.327022
1.256296
1.256296
1.317814
1.317814
1.266617
1.266617
1.275340
1.275340
1.238018
1.238018
1.339963
1.339963
1.152241
1.152241
1.222030
1.222030
1.182411
1.182411
1.048171
1.048171
1.392435
1.392435
1.371240
1.371240
1.118487
1.118487
1.281035
1.281035
1.398611
1.398611
1.365827
1.365827
1.258394
1.258394
1.243297
1.243297
1.270919
1.270919
1.324054
1.324054
1.386103
1.187451
1.386103
1.187451
1.330895
1.330895
1.168426
1.168426
1.351874
1.351874
1.129775
1.129775
1.096180
1.096180
1.363689
1.363689
1.256577
1.256577
1.314008
1.314008
1.114736
1.114736
1.320305
1.320305
1.139719
1.139719
1.390835
1.390835
1.159119
1.159119
1.092249
1.092249
1.358948
1.358948
1.296949
1.296949
1.254135
1.254135
1.319841
1.319841
1.281027
1.281027
1.362072
1.362072
1.381448
1.381448
1.336551
1.336551
1.199348
1.199348
1.147523
1.147523
1.260872
1.260872
1.302323
1.302323
1.098481
1.098481
1.087703
1.087703
1.155201
1.155201
1.358616
1.358616
