1.292873
1.198818
1.292873
1.198818
1.392751
1.392751
1.184931
1.184931
1.389819
1.389819
1.396192
1.396192
1.385384
1.385384
1.377625
1.139671
1.139671
1.377625
1.365544
1.365544
1.344998
1.344998
1.274111
1.382602
1.274111
1.382602
1.351903
1.351903
1.329117
1.329117
1.223506
1.223506
1.198991
1.198991
1.225650
1.397592
1.225650
1.397592
1.275182
1.275182
1.370221
1.370221
1.364541
1.364541
1.239033
1.239033
1.227637
1.227637
1.210160
1.210160
1.314631
1.314631
1.362393
1.362393
1.354153
1.354153
1.256061
1.256061
1.261303
1.261303
1.349344
1.349344
1.284108
1.282268
1.282268
1.284108
1.215482
1.215482
1.313865
1.313865
1.287087
1.384037
1.287087
1.384037
1.395755
1.395755
1.382494
1.382494
1.295358
1.295358
1.382803
1.382803
1.324022
1.324022
1.284540
1.284540
1.082211
1.082211
1.042204
1.042204
1.339463
1.339463
1.381622
1.381622
1.274044
1.274044
1.359824
1.359824
1.074160
1.074160
1.108537
1.108537
1.276485
1.276485
1.237314
1.237314
1.380786
1.380786
1.204865
1.204865
1.346262
1.346262
1.192121
1.192121
1.394975
1.394975
1.396979
1.396979
1.395810
1.395810
1.080405
1.114031
1.080405
1.114031
1.335473
1.335473
1.318215
1.318215
1.335785
1.335785
1.383796
1.383796
1.298920
1.298920
1.252776
1.252776
1.328199
1.328199
1.235875
1.235875
1.036791
1.036791
1.328915
1.328915
1.200049
1.200049
1.051992
1.051992
1.300991
1.300991
1.294102
1.294102
1.185721
1.185721
1.221755
1.221755
1.223792
1.223792
1.282653
1.282653
1.193328
1.193328
1.176506
1.176506
1.248208
1.254207
1.254207
1.248208
1.212070
1.212070
1.351174
1.351174
1.196361
1.196361
1.301669
1.301669
1.278129
1.278129
1.214443
1.214443
1.372070
1.372070
1.248321
1.248321
1.192307
1.192307
1.099735
1.099735
1.230350
1.194926
1.230350
1.194926
1.269494
1.269494
1.191010
1.191010
1.393282
1.393282
1.389879
1.389879
1.396918
1.396918
1.395925
1.395925
1.192226
1.192226
1.386998
1.386998
1.381940
1.381940
1.254911
1.254911
1.105157
1.351709
1.105157
1.351709
1.290670
1.290670
1.296769
1.296769
1.078347
1.078347
1.277330
1.277330
1.361698
1.361698
1.367248
1.367248
1.198506
1.198506
1.286505
1.286505
1.396918
1.396918
1.346147
1.383482
1.346147
1.383482
1.371766
1.371766
1.303083
1.303083
1.268889
1.268889
1.390011
1.390011
1.349153
1.349153
1.226845
1.226845
1.337742
1.336265
1.336265
1.337742
1.125585
1.125585
1.297444
1.297444
1.320217
1.320217
1.255675
1.255675
1.333479
1.333479
1.389600
1.139379
1.139379
1.389600
1.143972
1.143972
1.255440
1.255440
1.338154
1.338154
1.117024
1.117024
1.325629
1.325629
1.365405
1.365405
1.314676
1.314676
1.049330
1.049330
1.111768
1.111768
1.116893
1.116893
1.117658
1.117658
1.276398
1.276398
1.190794
1.190794
1.063390
1.063390
1.268666
1.268666
1.263303
1.263303
1.155834
1.155834
1.250098
1.250098
1.136633
1.136633
1.363509
1.363509
1.330826
1.330826
1.283820
1.283820
1.118936
1.118936
1.320736
1.320736
1.188525
1.188525
1.379376
1.379376
1.240591
1.240591
1.310927
1.310927
1.106486
1.106486
1.382917
1.382917
1.371614
1.371614
1.330963
1.330963
1.324512
1.324512
1.207349
1.207349
1.313219
1.313219
1.215168
1.215168
1.317782
1.317782
1.287474
1.287474
1.335251
1.335251
1.356029
1.356029
1.299817
1.299817
1.248137
1.248137
1.345009
1.345009
1.320517
1.320517
1.326621
1.326621
1.361158
1.361158
1.357353
1.357353
1.392887
1.392887
1.298199
1.298199
1.323287
1.323287
1.174938
1.174938
1.254728
1.254728
1.305368
1.305368
1.279880
1.279880
1.358993
1.358993
1.390537
1.390537
1.229612
1.229612
1.214548
1.214548
1.399975
1.399975
1.298772
1.298772
1.014053
1.014053
1.209887
1.209887
1.279407
1.279407
1.330102
1.330102
1.198447
1.198447
1.237666
1.237666
1.348955
1.348955
1.069898
1.069898
1.217106
1.217106
1.390690
1.390690
1.295197
1.295197
1.248580
1.248580
1.079736
1.079736
1.378591
1.378591
1.379682
1.379682
1.337563
1.337563
1.021406
1.021406
1.148965
1.148965
1.312793
1.312793
1.357988
1.357988
1.163619
1.163619
1.256508
1.256508
1.342679
1.342679
1.255858
1.255858
1.186659
1.186659
1.155424
1.155424
1.225255
1.225255
1.239903
1.239903
1.354892
1.354892
1.349900
1.349900
1.297220
1.297220
1.217257
1.217257
1.339810
1.339810
1.398364
1.398364
1.162519
1.162519
1.111588
1.111588
1.158356
1.158356
1.237356
1.237356
1.335355
1.335355
1.211002
1.211002
1.384878
1.384878
1.205966
1.205966
1.397239
1.397239
1.287438
1.287438
1.389321
1.389321
1.155032
1.155032
1.307879
1.307879
1.205197
1.205197
1.164047
1.164047
1.284474
1.284474
1.358257
1.358257
1.286489
1.286489
1.369291
1.369291
1.292288
1.292288
1.290423
1.290423
1.343663
1.343663
1.356679
1.356679
1.247681
1.247681
1.305482
1.305482
1.314225
1.314225
1.132621
1.132621
1.336195
1.336195
1.294431
1.294431
1.370604
1.370604
1.266171
1.266171
1.157998
1.157998
1.297054
1.297054
1.141113
1.141113
1.054341
1.054341
1.212259
1.212259
1.375863
1.375863
1.133264
1.133264
1.298142
1.298142
1.143680
1.143680
1.020653
1.020653
1.370856
1.370856
1.367945
1.367945
1.245283
1.245283
1.283865
1.283865
1.260977
1.260977
1.304408
1.304408
1.107131
1.107131
1.381262
1.381262
1.327478
1.327478
1.126342
1.126342
1.352026
1.352026
1.227682
1.227682
1.329517
1.329517
1.332202
1.332202
1.194437
1.194437
1.178790
1.178790
1.117804
1.117804
1.334977
1.334977
