1.250243
1.250243
1.179796
1.179796
1.210293
1.210293
1.304792
1.304792
1.288370
1.288370
1.354463
1.354463
1.272031
1.272031
1.380083
1.380083
1.327473
1.327473
1.262848
1.262848
1.365091
1.365091
1.362980
1.362980
1.301368
1.301368
1.280724
1.280724
1.355126
1.355126
1.278193
1.278193
1.277898
1.277898
1.326875
1.326875
1.385652
1.385652
1.303593
1.303593
1.307037
1.307037
1.335217
1.335217
1.350828
1.350828
1.080918
1.209771
1.209771
1.080918
1.392987
1.392987
1.361237
1.361237
1.386744
1.386744
1.258781
1.258781
1.334466
1.334466
1.312469
1.312469
1.328950
1.344761
1.328950
1.344761
1.264990
1.264990
1.283835
1.283835
1.332492
1.332492
1.392326
1.392326
1.313366
1.313366
1.055151
1.055151
1.306555
1.306555
1.157908
1.157908
1.367046
1.367046
1.399313
1.399313
1.170125
1.170125
1.367489
1.156622
1.156622
1.367489
1.370358
1.370358
1.353202
1.353202
1.281055
1.281055
1.289042
1.289042
1.375077
1.375077
1.177697
1.177697
1.255947
1.255947
1.381636
1.381636
1.146343
1.146343
1.319517
1.319517
1.308007
1.308007
1.244393
1.244393
1.128581
1.128581
1.205946
1.205946
1.275589
1.275589
1.239423
1.239423
1.355838
1.355838
1.369889
1.369889
1.390704
1.390704
1.328548
1.328548
1.184081
1.199061
1.199061
1.184081
1.332003
1.332003
1.137749
1.137749
1.188433
1.188433
1.353456
1.188421
1.166356
1.188421
1.353456
1.166356
1.390986
1.390986
1.278170
1.278170
1.189107
1.189107
1.238514
1.238514
1.389151
1.389151
1.145413
1.145413
1.095823
1.095823
1.308934
1.308934
1.120625
1.120625
1.078312
1.078312
1.149246
1.149246
1.378309
1.378309
1.250734
1.250734
1.362768
1.362768
1.190781
1.190781
1.388601
1.388601
1.308334
1.308334
1.391868
1.391868
1.160748
1.160748
1.380937
1.380937
1.208114
1.208114
1.219691
1.219691
1.234355
1.399479
1.234355
1.399479
1.068860
1.068860
1.330659
1.330659
1.204895
1.204895
1.374452
1.374452
1.197740
1.197740
1.108624
1.108624
1.232787
1.232787
1.138060
1.138060
1.230144
1.230144
1.211388
1.211388
1.236799
1.236799
1.356655
1.356655
1.187007
1.187007
1.244240
1.244240
1.236571
1.236571
1.226998
1.226998
1.335171
1.335171
1.399235
1.399235
1.284301
1.284301
1.396256
1.396256
1.048571
1.048571
1.397910
1.397910
1.234446
1.234446
1.086105
1.086105
1.306790
1.342652
1.306790
1.342652
1.278967
1.278967
1.330736
1.330736
1.147781
1.147781
1.320494
1.320494
1.281717
1.281717
1.353286
1.353286
1.329824
1.329824
1.360324
1.360324
1.396496
1.396496
1.219910
1.219910
1.312283
1.312283
1.377293
1.377293
1.375938
1.375938
1.387107
1.387107
1.283379
1.283379
1.301408
1.301408
1.184503
1.184503
1.395771
1.395771
1.317838
1.317838
1.344484
1.344484
1.389189
1.389189
1.061892
1.061892
1.359943
1.359943
1.370739
1.370739
1.258168
1.258168
1.336808
1.336808
1.224852
1.224852
1.366666
1.366666
1.349802
1.349802
1.269974
1.372731
1.269974
1.372731
1.173412
1.173412
1.261619
1.261619
1.373403
1.373403
1.330399
1.330399
1.258144
1.258144
1.296335
1.296335
1.103457
1.103457
1.340609
1.340609
1.275414
1.275414
1.348921
1.348921
1.325186
1.325186
1.345517
1.345517
1.359764
1.359764
1.138182
1.138182
1.361924
1.361924
1.320789
1.320789
1.104866
1.104866
1.378976
1.378976
1.109072
1.109072
1.315100
1.315100
1.377971
1.377971
1.397694
1.397694
1.339255
1.339255
1.229141
1.229141
1.357261
1.357261
1.367838
1.367838
1.286367
1.286367
1.343924
1.343924
1.361498
1.361498
1.293899
1.293899
1.203846
1.203846
1.277563
1.277563
1.120613
1.120613
1.350282
1.350282
1.149935
1.149935
1.186826
1.186826
1.354744
1.354744
1.215230
1.215230
1.381713
1.381713
1.245249
1.245249
1.040444
1.040444
1.385897
1.385897
1.345646
1.345646
1.211512
1.211512
1.277059
1.277059
1.290591
1.290591
1.180582
1.180582
1.286826
1.286826
1.398345
1.398345
1.327362
1.327362
1.230667
1.230667
1.343113
1.343113
1.388248
1.388248
1.322995
1.322995
1.169962
1.169962
1.271454
1.271454
1.257080
1.257080
1.311803
1.311803
1.350303
1.350303
1.377645
1.377645
1.162473
1.162473
1.255837
1.255837
1.368045
1.368045
1.374941
1.374941
1.390422
1.390422
1.380361
1.380361
1.178470
1.178470
1.355038
1.355038
1.392623
1.392623
1.322911
1.322911
1.345361
1.345361
1.320562
1.320562
1.211410
1.211410
1.184694
1.184694
1.321308
1.321308
1.187170
1.187170
1.205680
1.205680
1.210212
1.210212
1.306958
1.306958
1.364475
1.364475
1.267626
1.267626
1.197093
1.197093
1.209469
1.209469
1.282680
1.282680
1.367521
1.367521
1.173781
1.173781
1.399073
1.399073
1.268515
1.268515
1.168602
1.168602
1.276041
1.276041
1.291466
1.291466
1.254694
1.254694
1.346938
1.346938
1.334925
1.334925
1.376837
1.376837
1.284530
1.284530
1.182579
1.182579
1.283239
1.283239
1.374115
1.374115
1.133882
1.133882
1.302701
1.302701
1.276383
1.276383
1.367967
1.367967
1.154077
1.154077
1.366476
1.366476
1.365812
1.365812
1.343610
1.343610
1.345374
1.345374
1.225373
1.225373
1.194508
1.194508
1.283150
1.283150
1.276083
1.276083
1.270238
1.270238
1.264850
1.264850
1.242548
1.242548
1.309102
1.309102
1.043478
1.043478
1.384593
1.384593
1.244361
1.244361
1.322603
1.322603
1.381168
1.381168
1.361737
1.361737
1.195112
1.195112
1.144099
1.144099
1.382102
1.382102
1.247734
1.247734
1.251430
1.251430
1.136166
1.136166
1.095137
1.095137
1.329691
1.329691
1.226084
1.226084
1.341254
1.341254
1.322934
1.322934
1.361196
1.361196
1.274095
1.274095
1.355968
1.355968
1.281174
1.281174
1.232876
1.232876
1.260312
1.194981
1.260312
1.194981
1.285178
1.285178
1.328639
1.328639
1.373724
1.373724
1.366535
1.366535
1.338540
1.338540
1.308178
1.308178
1.257161
1.257161
1.359508
1.359508
1.265020
1.265020
1.383630
1.383630
1.308046
1.308046
1.283569
1.283569
1.183532
1.183532
1.342682
1.342682
1.365474
1.365474
1.369638
1.369638
1.170868
1.170868
1.294455
1.294455
1.210066
1.210066
1.222471
1.222471
1.372799
1.372799
1.303813
1.303813
1.207995
1.207995
1.340344
1.340344
1.308546
1.308546
1.260621
1.260621
1.376428
1.194736
1.194736
1.376428
1.054969
1.054969
1.291058
1.291058
1.025946
1.025946
1.208161
1.208161
1.349449
1.349449
1.203432
1.203432
1.314433
1.314433
1.399295
1.399295
1.284032
1.284032
1.367515
1.367515
1.292695
1.292695
1.362629
1.362629
1.322038
1.322038
1.200841
1.200841
1.202718
1.202718
1.352765
1.352765
1.293045
1.293045
1.188803
1.188803
1.307338
1.307338
1.249759
1.249759
1.214404
1.214404
1.150580
1.150580
1.379119
1.379119
1.287007
1.287007
1.329736
1.329736
1.387133
1.387133
1.211153
1.211153
1.238918
1.238918
1.203629
1.203629
1.343454
1.343454
1.151243
1.151243
1.382709
1.382709
1.252065
1.252065
1.220405
1.220405
1.388404
1.388404
1.308577
1.308577
1.377925
1.377925
1.289777
1.289777
1.397262
1.397262
1.171474
1.171474
1.354263
1.354263
1.108532
1.108532
1.388925
1.388925
1.382017
1.382017
1.124825
1.124825
1.310105
1.310105
1.257878
1.257878
1.357598
1.357598
1.367429
1.367429
1.203008
1.203008
1.393531
1.393531
1.266562
1.266562
1.164493
1.164493
1.341107
1.341107
1.260944
1.260944
1.277805
1.277805
1.186265
1.186265
1.110732
1.110732
1.318475
1.318475
1.136959
1.136959
1.353174
1.353174
1.319363
1.319363
1.256882
1.256882
1.314191
1.314191
1.327264
1.327264
1.365290
1.365290
1.198735
1.198735
1.372337
1.372337
1.237997
1.237997
1.225664
1.225664
1.368042
1.368042
1.386312
1.386312
