1.394045
1.394045
1.344371
1.380560
1.344371
1.380560
1.322968
1.322968
1.307377
1.307377
1.044794
1.044794
1.284475
1.336060
1.284475
1.336060
1.174021
1.173762
1.173762
1.174021
1.318778
1.318778
1.091280
1.091280
1.328835
1.328835
1.289053
1.289053
1.198556
1.198556
1.220684
1.220684
1.103568
1.103568
1.227452
1.227452
1.390006
1.390006
1.329547
1.329547
1.162705
1.162705
1.217909
1.217909
1.331958
1.331958
1.373006
1.373006
1.394780
1.394780
1.279493
1.279493
1.157853
1.157853
1.245731
1.245731
1.146709
1.146709
1.299293
1.299293
1.365045
1.365045
1.366355
1.366355
1.094707
1.094707
1.298428
1.298428
1.320825
1.320825
1.224255
1.224255
1.239394
1.239394
1.185669
1.185669
1.224650
1.224650
1.296214
1.296214
1.026554
1.026554
1.352763
1.352763
1.386260
1.386260
1.398133
1.398133
1.342028
1.342028
1.261642
1.261642
1.257448
1.257448
1.154264
1.152393
1.152393
1.154264
1.369141
1.369141
1.372525
1.372525
1.310298
1.310298
1.257767
1.257767
1.245468
1.245468
1.258226
1.258226
1.276185
1.276185
1.149026
1.149026
1.280464
1.280464
1.147461
1.147461
1.372782
1.372782
1.360956
1.360956
1.256789
1.256789
1.313294
1.313294
1.323311
1.323311
1.398709
1.398709
1.326633
1.326633
1.181167
1.181167
1.277674
1.277674
1.346554
1.346554
1.300239
1.300239
1.324163
1.324163
1.380308
1.380308
1.363325
1.363325
1.292854
1.292854
1.239929
1.239929
1.366563
1.366563
1.345323
1.345323
1.357819
1.357819
1.322841
1.322841
1.374595
1.374595
1.360473
1.360473
1.347835
1.347835
1.055731
1.055731
1.102479
1.102479
1.242931
1.242931
1.208747
1.208747
1.115792
1.115792
1.358249
1.358249
1.321319
1.321319
1.390197
1.390197
1.382990
1.382990
1.196592
1.196592
1.294885
1.294885
1.025357
1.025357
1.295514
1.295514
1.325941
1.325941
1.333591
1.333591
1.286791
1.286791
1.383806
1.383806
1.089694
1.089694
1.335986
1.335986
1.311668
1.311668
1.346789
1.346789
1.398271
1.398271
1.296346
1.296346
1.295551
1.295551
1.354529
1.354529
1.313309
1.313309
1.155846
1.155846
1.337780
1.337780
1.393294
1.393294
1.290045
1.290045
1.193957
1.193957
1.069222
1.069222
1.117553
1.117553
1.316794
1.316794
1.261854
1.261854
1.316542
1.316542
1.251048
1.251048
1.360566
1.360566
1.226674
1.226674
1.298708
1.298708
1.145769
1.145769
1.214496
1.214496
1.172666
1.172666
1.396866
1.396866
1.262494
1.262494
1.281367
1.281367
1.275174
1.275174
1.310333
1.310333
1.102420
1.102420
1.229451
1.287711
1.229451
1.287711
1.327925
1.327925
1.148341
1.148341
1.296977
1.296977
1.371705
1.371705
1.257605
1.257605
1.167601
1.379922
1.167601
1.379922
1.332017
1.332017
1.249689
1.249689
1.339460
1.339460
1.326362
1.326362
1.259042
1.259042
1.389732
1.389732
1.295171
1.295171
1.074842
1.074842
1.383456
1.383456
1.373402
1.373402
1.362332
1.362332
1.236516
1.236516
1.301385
1.301385
1.343887
1.343887
1.369829
1.369829
1.277170
1.277170
1.260953
1.260953
1.399148
1.399148
1.234080
1.234080
1.392233
1.392233
1.267723
1.267723
1.256411
1.256411
1.325674
1.325674
1.332654
1.332654
1.281260
1.281260
1.392697
1.392697
1.214438
1.214438
1.371351
1.371351
1.294637
1.294637
1.398325
1.398325
1.341403
1.341403
1.279637
1.279637
1.292176
1.371320
1.292176
1.371320
1.199403
1.199403
1.389988
1.389988
1.340415
1.340415
1.149441
1.149441
1.283613
1.283613
1.165680
1.165680
1.258747
1.258747
1.241770
1.241770
1.075446
1.075446
1.050045
1.050045
1.309526
1.309526
1.289300
1.289300
1.246983
1.246983
1.258104
1.258104
1.197241
1.197241
1.206895
1.206895
1.267732
1.267732
1.195644
1.195644
1.061546
1.061546
1.160499
1.160499
1.371545
1.371545
1.175552
1.175552
1.359031
1.359031
1.387025
1.387025
1.124941
1.124941
1.254078
1.254078
1.283405
1.283405
1.241972
1.241972
1.288504
1.288504
1.185425
1.185425
1.348688
1.348688
1.273579
1.273579
1.236231
1.236231
1.384087
1.384087
1.342339
1.342339
1.290425
1.290425
1.303351
1.303351
1.263838
1.263838
1.097165
1.097165
1.149927
1.149927
1.317879
1.317879
1.129636
1.129636
1.372967
1.372967
1.390569
1.390569
1.285962
1.285962
1.311830
1.311830
1.249423
1.249423
1.343792
1.343792
1.284219
1.284219
1.312558
1.312558
1.277014
1.277014
1.358119
1.358119
1.282556
1.282556
1.358635
1.358635
1.080943
1.080943
1.243115
1.243115
1.280824
1.280824
1.320968
1.320968
1.338097
1.338097
1.197806
1.197806
1.110569
1.110569
1.346961
1.346961
1.328962
1.328962
1.309776
1.309776
1.316324
1.316324
1.320268
1.320268
1.319288
1.319288
1.188855
1.188855
1.353887
1.353887
1.224643
1.224643
1.195668
1.195668
1.238511
1.238511
1.339336
1.339336
1.362029
1.362029
1.128746
1.128746
1.314226
1.314226
1.185194
1.185194
1.288149
1.288149
1.340684
1.340684
1.390800
1.390800
1.190804
1.190804
1.328656
1.328656
1.270828
1.270828
1.323402
1.323402
1.344845
1.344845
1.171768
1.171768
1.345160
1.345160
1.346601
1.346601
1.213908
1.213908
1.321337
1.321337
1.355920
1.355920
1.387692
1.387692
1.211219
1.211219
1.378046
1.378046
1.361038
1.361038
1.347821
1.347821
1.294337
1.294337
1.110232
1.110232
1.145144
1.145144
1.256465
1.256465
1.160629
1.160629
1.386183
1.386183
1.234634
1.234634
1.109958
1.217250
1.217250
1.109958
1.398861
1.398861
1.258997
1.258997
1.312233
1.312233
1.280041
1.280041
1.291714
1.291714
1.310057
1.310057
1.361510
1.361510
1.320997
1.320997
1.262919
1.262919
1.323172
1.323172
1.025288
1.025288
1.245126
1.245126
1.287839
1.287839
1.379898
1.379898
1.269093
1.269093
1.268241
1.268241
1.276880
1.276880
1.257716
1.257716
1.348988
1.348988
1.367190
1.367190
1.344921
1.344921
1.308857
1.308857
1.126266
1.126266
1.225328
1.225328
1.338643
1.338643
1.294061
1.294061
1.310587
1.310587
1.323820
1.323820
1.283949
1.283949
1.359912
1.359912
1.222106
1.222106
1.380046
1.380046
1.117466
1.117466
1.182905
1.182905
1.367304
1.367304
1.259101
1.259101
1.388841
1.388841
1.265868
1.265868
1.393066
1.393066
1.390061
1.390061
1.336772
1.336772
1.113590
1.113590
1.351269
1.351269
1.302861
1.302861
1.190254
1.190254
1.387894
1.387894
1.129490
1.129490
1.362001
1.362001
1.277334
1.277334
1.188977
1.188977
1.351008
1.351008
1.348732
1.348732
1.352211
1.352211
1.290021
1.290021
1.124245
1.124245
1.383444
1.383444
1.368234
1.368234
1.365935
1.365935
1.371628
1.371628
1.380634
1.380634
1.219060
1.219060
1.144765
1.144765
1.232542
1.232542
1.224188
1.224188
1.283016
1.283016
1.243676
1.243676
1.392470
1.392470
1.308517
1.308517
1.303608
1.303608
1.297236
1.297236
1.200640
1.200640
1.151397
1.151397
1.267807
1.267807
1.395787
1.395787
1.309698
1.309698
1.287366
1.287366
1.279838
1.279838
1.321101
1.321101
1.125063
1.125063
1.368007
1.368007
1.369633
1.369633
1.350743
1.350743
1.363943
1.363943
1.299101
1.299101
1.370042
1.370042
1.335430
1.335430
1.193638
1.193638
1.297490
1.297490
1.198107
1.198107
1.298431
1.298431
1.334578
1.334578
1.384344
1.384344
1.314444
1.314444
1.334053
1.334053
1.329889
1.329889
1.085691
1.085691
1.348926
1.348926
1.234304
1.234304
1.398396
1.398396
1.108603
1.108603
1.108354
1.108354
1.273578
1.273578
1.353647
1.353647
1.342980
1.342980
1.377584
1.377584
1.226187
1.226187
1.238181
1.238181
1.351726
1.351726
1.323062
1.323062
1.274435
1.274435
1.280676
1.280676
1.367828
1.367828
1.261410
1.261410
1.386052
1.386052
1.384910
1.384910
