1.297385
1.297385
1.330396
1.330396
1.299405
1.299405
1.381419
1.381419
1.347809
1.347809
1.357139
1.357139
1.286851
1.286851
1.157670
1.157670
1.255047
1.255047
1.237750
1.237750
1.397405
1.397405
1.367301
1.367301
1.394995
1.267388
1.374048
1.267388
1.374048
1.394995
1.367449
1.367449
1.369988
1.369988
1.343760
1.343760
1.083219
1.083219
1.394803
1.394803
1.112545
1.112545
1.106275
1.106275
1.302765
1.302765
1.372268
1.372268
1.306993
1.306993
1.389195
1.389195
1.300443
1.300443
1.338163
1.318095
1.318095
1.338163
1.376655
1.376655
1.308940
1.308940
1.274046
1.219138
1.274046
1.219138
1.192130
1.192130
1.354985
1.239746
1.239746
1.354985
1.293218
1.293218
1.345570
1.345570
1.351710
1.351710
1.265443
1.265443
1.371780
1.371780
1.248578
1.248578
1.378994
1.265736
1.265736
1.378994
1.339439
1.339439
1.099186
1.099186
1.362632
1.362632
1.398895
1.398895
1.352540
1.352540
1.077353
1.077353
1.347247
1.347247
1.329500
1.270214
1.329500
1.270214
1.395216
1.395216
1.394780
1.284758
1.284758
1.394780
1.223836
1.223836
1.364815
1.364815
1.227014
1.227014
1.377889
1.377889
1.306117
1.306117
1.333925
1.333925
1.163871
1.163871
1.267601
1.267601
1.248193
1.248193
1.351240
1.351240
1.185399
1.185399
1.227767
1.227767
1.244340
1.244340
1.154013
1.154013
1.365450
1.378927
1.365450
1.378927
1.154013
1.154013
1.104588
1.104588
1.120615
1.120615
1.280975
1.280975
1.344967
1.344967
1.151541
1.151541
1.123263
1.123263
1.074078
1.074078
1.195302
1.195302
1.340486
1.340486
1.100370
1.100370
1.299796
1.299796
1.150492
1.150492
1.365613
1.365613
1.299234
1.299234
1.258595
1.258595
1.358230
1.358230
1.245677
1.245677
1.323233
1.323233
1.225822
1.225822
1.120755
1.120755
1.329139
1.399404
1.399404
1.329139
1.295402
1.295402
1.371721
1.371721
1.327760
1.327760
1.325375
1.325375
1.299009
1.299009
1.201955
1.201955
1.139271
1.139271
1.391672
1.349247
1.391672
1.349247
1.123507
1.123507
1.366970
1.366970
1.319801
1.319801
1.373228
1.373228
1.284355
1.284355
1.399646
1.399646
1.256824
1.256824
1.383488
1.383488
1.309402
1.309402
1.158635
1.158635
1.380887
1.380887
1.310770
1.310770
1.381049
1.381049
1.385128
1.385128
1.176292
1.176292
1.227259
1.227259
1.388880
1.388880
1.389101
1.389101
1.379040
1.379040
1.087929
1.087929
1.234245
1.234245
1.216227
1.216227
1.321869
1.321869
1.388031
1.388031
1.336133
1.336133
1.347876
1.347876
1.393636
1.393636
1.384797
1.384797
1.175912
1.175912
1.273904
1.273904
1.145746
1.145746
1.374349
1.374349
1.260453
1.260453
1.115254
1.115254
1.379801
1.379801
1.184325
1.184325
1.352162
1.352162
1.251531
1.251531
1.316832
1.316832
1.354630
1.354630
1.380914
1.380914
1.131032
1.131032
1.272187
1.272187
1.141354
1.141354
1.198193
1.198193
1.241266
1.241266
1.312401
1.312401
1.349655
1.349655
1.374967
1.374967
1.343465
1.343465
1.361703
1.361703
1.353813
1.353813
1.387742
1.364019
1.364019
1.387742
1.275928
1.275928
1.360906
1.360906
1.396215
1.396215
1.357061
1.357061
1.150166
1.150166
1.250665
1.250665
1.377571
1.377571
1.303501
1.303501
1.204967
1.204967
1.257897
1.257897
1.196132
1.196132
1.351231
1.351231
1.195065
1.195065
1.230496
1.230496
1.327015
1.327015
1.345125
1.345125
1.101699
1.101699
1.185695
1.185695
1.251006
1.251006
1.365237
1.365237
1.341753
1.341753
1.110375
1.110375
1.212549
1.212549
1.384740
1.384740
1.397485
1.397485
1.256230
1.256230
1.294836
1.294836
1.267283
1.267283
1.254072
1.254072
1.370944
1.370944
1.353537
1.353537
1.391366
1.391366
1.313815
1.313815
1.280154
1.280154
1.372596
1.372596
1.250224
1.250224
1.266013
1.266013
1.095621
1.095621
1.167605
1.167605
1.398848
1.398848
1.356275
1.356275
1.370885
1.370885
1.196848
1.196848
1.397560
1.397560
1.254003
1.254003
1.284642
1.284642
1.281701
1.281701
1.346336
1.346336
1.278253
1.278253
1.154437
1.154437
1.163647
1.163647
1.285098
1.285098
1.394191
1.394191
1.370347
1.370347
1.204893
1.204893
1.256296
1.256296
1.288723
1.288723
1.231811
1.231811
1.285599
1.285599
1.363164
1.363164
1.253085
1.253085
1.388803
1.388803
1.355830
1.355830
1.344095
1.344095
1.251404
1.251404
1.353900
1.353900
1.269840
1.269840
1.356210
1.356210
1.135466
1.135466
1.203041
1.203041
1.066043
1.066043
1.394002
1.394002
1.210403
1.210403
1.272741
1.272741
1.332825
1.332825
1.397306
1.397306
1.107646
1.107646
1.370929
1.370929
1.314777
1.314777
1.107875
1.107875
1.372182
1.372182
1.242033
1.242033
1.382151
1.382151
1.080893
1.080893
1.031120
1.031120
1.313760
1.313760
1.334160
1.334160
1.304236
1.304236
1.307260
1.307260
1.298653
1.298653
1.294383
1.294383
1.187256
1.187256
1.318201
1.318201
1.241262
1.241262
1.227869
1.227869
1.198734
1.198734
1.078985
1.078985
1.331844
1.331844
1.339993
1.339993
1.372676
1.372676
1.329091
1.329091
1.325556
1.325556
1.309170
1.309170
1.386097
1.386097
1.356018
1.340560
1.340560
1.356018
1.348905
1.348905
1.188370
1.188370
1.025304
1.025304
1.159174
1.159174
1.132349
1.132349
1.362948
1.362948
1.093334
1.093334
1.372952
1.372952
1.282005
1.186684
1.282005
1.186684
1.301867
1.301867
1.318453
1.318453
1.372604
1.372604
1.365186
1.365186
1.135032
1.135032
1.207401
1.207401
1.332685
1.332685
1.173363
1.173363
1.367453
1.367453
1.375039
1.375039
1.382264
1.382264
1.139250
1.139250
1.386593
1.386593
1.396645
1.396645
1.301700
1.301700
1.277581
1.277581
1.329513
1.329513
1.385370
1.385370
1.194404
1.194404
1.193130
1.193130
1.357674
1.357674
1.188512
1.188512
1.248775
1.248775
1.355983
1.355983
1.315711
1.315711
1.301467
1.301467
1.346401
1.346401
1.106992
1.106992
1.369004
1.369004
1.141887
1.141887
1.289450
1.289450
1.374058
1.374058
1.192146
1.192146
1.330327
1.375228
1.375228
1.330327
1.188550
1.188550
1.194998
1.194998
1.357887
1.357887
1.337232
1.337232
1.389357
1.389357
1.300338
1.300338
1.355779
1.355779
1.234576
1.234576
1.384624
1.384624
1.128708
1.128708
1.160402
1.160402
1.035795
1.035795
1.329564
1.329564
1.329337
1.329337
1.355029
1.355029
1.316773
1.316773
1.299650
1.299650
1.291313
1.291313
1.202575
1.202575
1.315275
1.315275
1.281312
1.281312
1.008931
1.008931
1.268041
1.268041
1.166384
1.166384
1.282555
1.282555
1.016410
1.016410
1.252818
1.252818
1.321219
1.321219
1.206518
1.206518
1.187328
1.187328
1.195357
1.195357
1.365015
1.365015
1.389964
1.389964
1.229626
1.229626
1.382263
1.382263
1.325002
1.325002
1.384570
1.384570
1.184824
1.184824
1.186238
1.186238
1.305752
1.305752
1.389515
1.389515
1.320468
1.320468
1.211050
1.211050
1.261786
1.261786
1.300142
1.300142
1.130112
1.130112
1.388818
1.388818
1.319340
1.319340
1.285684
1.285684
1.286418
1.286418
1.217701
1.217701
1.220447
1.220447
1.352707
1.352707
1.263349
1.263349
1.394688
1.394688
1.195036
1.195036
1.173710
1.173710
1.374004
1.374004
