1.388572
1.388572
1.387734
1.387734
1.293970
1.293970
1.385048
1.385048
1.189361
1.189361
1.285844
1.285844
1.354292
1.354292
1.349543
1.349543
1.177672
1.177672
1.224642
1.224642
1.396010
1.396010
1.327647
1.327647
1.375316
1.375316
1.296689
1.152343
1.152343
1.296689
1.318422
1.318422
1.312416
1.312416
1.380914
1.380914
1.289309
1.289309
1.344256
1.344256
1.132440
1.132440
1.218569
1.218569
1.060022
1.060022
1.335950
1.335950
1.274992
1.274992
1.279892
1.279892
1.017401
1.017401
1.351192
1.351192
1.367915
1.367915
1.342558
1.342558
1.367965
1.367965
1.355101
1.355101
1.395831
1.395831
1.194225
1.194225
1.387908
1.387908
1.386232
1.386232
1.347095
1.347095
1.251866
1.251866
1.356456
1.356456
1.355616
1.254986
1.254986
1.355616
1.171601
1.171601
1.213136
1.213136
1.127359
1.127359
1.199622
1.199622
1.367525
1.367525
1.180418
1.180418
1.309697
1.309697
1.380282
1.380282
1.344564
1.344564
1.119390
1.119390
1.332064
1.332064
1.277335
1.277335
1.393669
1.393669
1.355925
1.355925
1.210971
1.210971
1.180305
1.127057
1.127057
1.180305
1.391351
1.391351
1.113289
1.113289
1.309522
1.309522
1.220102
1.220102
1.380747
1.380747
1.352359
1.204790
1.352359
1.204790
1.274666
1.274666
1.356923
1.356923
1.206930
1.206930
1.351725
1.351725
1.352408
1.352408
1.313727
1.313727
1.376807
1.376807
1.374656
1.374656
1.370007
1.370007
1.170667
1.176155
1.170667
1.176155
1.124069
1.124069
1.396124
1.396124
1.399226
1.399226
1.282685
1.282685
1.341918
1.341918
1.243850
1.243850
1.210219
1.210219
1.315976
1.315976
1.177149
1.177149
1.142865
1.142865
1.057501
1.057501
1.348634
1.348634
1.389071
1.389071
1.329878
1.329878
1.362364
1.362364
1.089209
1.089209
1.200691
1.200691
1.330004
1.330004
1.385679
1.385679
1.253682
1.354253
1.354253
1.253682
1.320728
1.320728
1.185856
1.185856
1.349845
1.349845
1.279284
1.279284
1.367431
1.367431
1.273109
1.273109
1.281771
1.281771
1.254902
1.254902
1.210311
1.210311
1.116343
1.116343
1.128863
1.128863
1.345262
1.345262
1.330216
1.330216
1.163247
1.163247
1.373288
1.373288
1.172961
1.172961
1.314936
1.314936
1.393678
1.393678
1.166913
1.166913
1.338852
1.338852
1.284974
1.284974
1.386261
1.386261
1.264078
1.264078
1.360940
1.360940
1.360452
1.360452
1.372874
1.372874
1.394540
1.394540
1.102298
1.102298
1.364621
1.364621
1.257721
1.257721
1.039115
1.039115
1.363881
1.363881
1.021951
1.021951
1.265677
1.265677
1.207691
1.207691
1.202916
1.202916
1.314752
1.314752
1.309988
1.309988
1.374596
1.374596
1.281953
1.281953
1.374701
1.374701
1.065862
1.065862
1.342913
1.342913
1.202935
1.116993
1.202935
1.116993
1.378491
1.378491
1.379151
1.379151
1.330351
1.330351
1.255709
1.255709
1.077288
1.077288
1.355031
1.355031
1.233446
1.233446
1.381520
1.381520
1.228091
1.228091
1.379903
1.379903
1.167704
1.167704
1.231153
1.231153
1.264767
1.264767
1.276069
1.276069
1.309719
1.309719
1.204345
1.204345
1.315761
1.315761
1.042995
1.042995
1.353539
1.353539
1.235094
1.235094
1.329962
1.329962
1.398390
1.398390
1.203796
1.203796
1.243415
1.243415
1.263494
1.263494
1.187034
1.187034
1.377607
1.377607
1.341152
1.341152
1.307947
1.307947
1.314929
1.314929
1.233108
1.233108
1.358585
1.358585
1.225726
1.225726
1.265666
1.265666
1.366944
1.366944
1.227559
1.227559
1.307085
1.307085
1.312970
1.312970
1.264561
1.264561
1.244352
1.136601
1.136601
1.244352
1.273550
1.273550
1.086572
1.086572
1.335017
1.335017
1.028791
1.028791
1.362812
1.362812
1.374454
1.374454
1.293911
1.293911
1.231969
1.231969
1.266146
1.266146
1.346597
1.346597
1.344702
1.344702
1.295493
1.295493
1.124003
1.124003
1.372453
1.372453
1.279476
1.279476
1.281812
1.281812
1.311862
1.311862
1.250018
1.250018
1.203416
1.203416
1.373213
1.373213
1.385402
1.385402
1.095239
1.095239
1.385087
1.385087
1.153278
1.153278
1.309177
1.309177
1.033210
1.033210
1.372773
1.372773
1.185081
1.185081
1.393118
1.393118
1.274475
1.274475
1.332781
1.332781
1.120044
1.120044
1.205842
1.205842
1.198643
1.198643
1.180768
1.180768
1.133327
1.133327
1.351135
1.351135
1.366504
1.366504
1.291959
1.291959
1.256066
1.256066
1.128507
1.128507
1.180599
1.180599
1.368074
1.368074
1.352228
1.352228
1.252043
1.252043
1.253683
1.253683
1.352838
1.352838
1.274322
1.274322
1.351246
1.351246
1.332210
1.332210
1.217039
1.217039
1.388733
1.388733
1.332120
1.332120
1.386453
1.386453
1.259674
1.259674
1.336451
1.336451
1.187408
1.187408
1.159254
1.159254
1.300158
1.300158
1.255607
1.255607
1.110553
1.110553
1.389282
1.389282
1.277039
1.277039
1.325582
1.325582
1.069449
1.069449
1.348359
1.348359
1.225108
1.225108
1.383097
1.383097
1.275853
1.275853
1.367987
1.367987
1.332106
1.332106
1.076428
1.076428
1.166714
1.166714
1.244187
1.244187
1.074781
1.074781
1.270400
1.270400
1.323186
1.323186
1.349690
1.349690
1.339621
1.339621
1.287048
1.287048
1.115265
1.115265
1.234695
1.234695
1.216715
1.216715
1.106515
1.106515
1.117843
1.117843
1.352214
1.352214
1.381093
1.381093
1.200906
1.200906
1.266535
1.266535
1.237674
1.237674
1.247017
1.247017
1.022297
1.022297
1.312690
1.312690
1.373803
1.373803
1.255419
1.255419
1.331711
1.331711
1.354260
1.354260
1.268618
1.268618
1.210348
1.210348
1.284278
1.284278
1.214493
1.214493
1.352698
1.352698
1.124159
1.124159
1.176423
1.176423
1.171922
1.171922
1.361042
1.361042
1.338988
1.338988
1.313248
1.313248
1.368982
1.368982
1.375036
1.375036
1.274678
1.274678
1.260903
1.260903
1.311446
1.311446
1.209023
1.209023
1.253843
1.253843
1.338598
1.338598
1.350777
1.350777
1.374166
1.374166
1.356872
1.356872
1.304283
1.304283
1.325677
1.325677
1.157296
1.157296
1.373660
1.373660
1.382064
1.382064
1.283541
1.283541
1.130632
1.130632
1.344838
1.344838
1.085526
1.085526
1.240454
1.240454
1.399938
1.399938
1.350181
1.350181
1.360950
1.360950
1.237999
1.237999
1.271766
1.271766
1.375511
1.375511
1.380947
1.380947
1.379852
1.379852
1.362223
1.362223
1.314311
1.314311
1.394671
1.394671
1.363484
1.325318
1.325318
1.363484
1.299828
1.299828
1.371447
1.371447
1.247579
1.247579
1.329646
1.329646
1.309157
1.309157
1.307544
1.307544
1.126130
1.126130
1.256194
1.256194
1.210703
1.210703
1.391251
1.391251
1.343934
1.343934
1.176620
1.176620
1.266867
1.266867
1.151527
1.151527
1.377627
1.377627
1.232221
1.232221
1.339290
1.339290
1.267760
1.267760
1.067699
1.067699
1.378071
1.378071
