1.109891
1.109891
1.349756
1.349756
1.180593
1.180593
1.331065
1.331065
1.397604
1.397604
1.260491
1.260491
1.294117
1.294117
1.341799
1.341799
1.295002
1.375243
1.350580
1.375243
1.350580
1.295002
1.329695
1.329695
1.056384
1.056384
1.307770
1.307770
1.233221
1.233221
1.331866
1.331866
1.153997
1.153997
1.319015
1.319015
1.025436
1.025436
1.324313
1.324313
1.279481
1.279481
1.393879
1.393879
1.114660
1.114660
1.316980
1.316980
1.204893
1.204893
1.377567
1.377567
1.335909
1.245051
1.335909
1.245051
1.386122
1.386122
1.355197
1.355197
1.285720
1.285720
1.291694
1.291694
1.383355
1.383355
1.297648
1.297648
1.389648
1.389648
1.380067
1.380067
1.213984
1.213984
1.223527
1.223527
1.314304
1.314304
1.379563
1.379563
1.242596
1.242596
1.284510
1.284510
1.311029
1.311029
1.369428
1.369428
1.287028
1.287028
1.245070
1.245070
1.351309
1.351309
1.386830
1.386830
1.367744
1.379173
1.367744
1.379173
1.193561
1.193561
1.324609
1.324609
1.314354
1.314354
1.377503
1.377503
1.376719
1.389176
1.376719
1.389176
1.360545
1.360545
1.318736
1.318736
1.244200
1.244200
1.282181
1.282181
1.307568
1.307568
1.295021
1.295021
1.249902
1.249902
1.258915
1.283283
1.258915
1.283283
1.315614
1.315614
1.323641
1.323641
1.166292
1.166292
1.163668
1.163668
1.388353
1.388353
1.329839
1.329839
1.370860
1.370860
1.375485
1.375485
1.328547
1.328547
1.278070
1.311464
1.278070
1.311464
1.311411
1.311411
1.274487
1.274487
1.381369
1.381369
1.150917
1.150917
1.172304
1.172304
1.369316
1.179627
1.179627
1.369316
1.352200
1.058807
1.352200
1.058807
1.338299
1.338299
1.337888
1.337888
1.366544
1.366544
1.311893
1.311893
1.388126
1.388126
1.375888
1.375888
1.356542
1.356542
1.397156
1.397156
1.377686
1.377686
1.225259
1.225259
1.194533
1.194533
1.386467
1.386467
1.376089
1.376089
1.343856
1.343856
1.154656
1.154656
1.155195
1.155195
1.383987
1.383987
1.153129
1.153129
1.398406
1.398406
1.312087
1.312087
1.163182
1.163182
1.163428
1.163428
1.377890
1.229496
1.377890
1.229496
1.281753
1.281753
1.332910
1.332910
1.281272
1.281272
1.216824
1.216824
1.324147
1.324147
1.380580
1.380580
1.045687
1.045687
1.362859
1.362859
1.173909
1.173909
1.168545
1.168545
1.043626
1.143889
1.043626
1.143889
1.246761
1.246761
1.220220
1.220220
1.393510
1.393510
1.352697
1.352697
1.391268
1.391268
1.337196
1.337196
1.176741
1.176741
1.394979
1.394979
1.280012
1.280012
1.372114
1.372114
1.105018
1.105018
1.086674
1.086674
1.323082
1.323082
1.396785
1.396785
1.323648
1.323648
1.330079
1.330079
1.333212
1.333212
1.392204
1.392204
1.325866
1.325866
1.397323
1.397323
1.321519
1.284928
1.321519
1.284928
1.397323
1.397323
1.230805
1.230805
1.319723
1.319723
1.398967
1.398967
1.378995
1.378995
1.279870
1.279870
1.140831
1.140831
1.254753
1.254753
1.377987
1.346292
1.377987
1.346292
1.340612
1.340612
1.301911
1.301911
1.363421
1.363421
1.309373
1.309373
1.341983
1.341983
1.246681
1.246681
1.351446
1.351446
1.240185
1.240185
1.267363
1.267363
1.182019
1.182019
1.357182
1.357182
1.382737
1.382737
1.205962
1.205962
1.163095
1.163095
1.312615
1.312615
1.385760
1.385760
1.348212
1.348212
1.378295
1.378295
1.268922
1.268922
1.362619
1.362619
1.275493
1.275493
1.370208
1.370208
1.280127
1.336292
1.280127
1.336292
1.367761
1.367761
1.330822
1.330822
1.145135
1.145135
1.175793
1.175793
1.397670
1.397670
1.287086
1.287086
1.378912
1.378912
1.227510
1.227510
1.316968
1.316968
1.312202
1.312202
1.214874
1.214874
1.071961
1.071961
1.352091
1.352091
1.228891
1.228891
1.242416
1.242416
1.304050
1.304050
1.365870
1.365870
1.355101
1.355101
1.290693
1.290693
1.342181
1.342181
1.090216
1.090216
1.379702
1.379702
1.200259
1.200259
1.134755
1.134755
1.081258
1.081258
1.379138
1.379138
1.075487
1.075487
1.330354
1.330354
1.376950
1.376950
1.171039
1.171039
1.299833
1.299833
1.257650
1.257650
1.236191
1.393776
1.393776
1.236191
1.283681
1.283681
1.291796
1.291796
1.261304
1.261304
1.235963
1.235963
1.265382
1.265382
1.135701
1.135701
1.399229
1.399229
1.305236
1.305236
1.299467
1.299467
1.147391
1.147391
1.206749
1.206749
1.374007
1.374007
1.160492
1.160492
1.364177
1.364177
1.142606
1.142606
1.396985
1.396985
1.250342
1.250342
1.383805
1.383805
1.359941
1.359941
1.366517
1.366517
1.353534
1.353534
1.109885
1.109885
1.353188
1.353188
1.192965
1.192965
1.062879
1.062879
1.270761
1.270761
1.373977
1.373977
1.395859
1.395859
1.387140
1.387140
1.323364
1.323364
1.372993
1.372993
1.095215
1.095215
1.386078
1.386078
1.186212
1.186212
1.329087
1.329087
1.373868
1.373868
1.300398
1.300398
1.398019
1.398019
1.293421
1.293421
1.304228
1.304228
1.285019
1.285019
1.154790
1.154790
1.153162
1.153162
1.193419
1.193419
1.398689
1.398689
1.344230
1.344230
1.355478
1.355478
1.399388
1.399388
1.280870
1.280870
1.276923
1.276923
1.122137
1.122137
1.193086
1.193086
1.357868
1.357868
1.275744
1.275744
1.182746
1.182746
1.365094
1.365094
1.270412
1.270412
1.260596
1.260596
1.364454
1.364454
1.169982
1.169982
1.182626
1.182626
1.330833
1.330833
1.272663
1.272663
1.055549
1.055549
1.226908
1.226908
1.089450
1.089450
1.291634
1.291634
1.221897
1.221897
1.394390
1.394390
1.326329
1.326329
1.241950
1.241950
1.270554
1.270554
1.222319
1.222319
1.383059
1.383059
1.335428
1.335428
1.284420
1.284420
1.305618
1.305618
1.379239
1.379239
1.061162
1.061162
1.313898
1.313898
1.376579
1.376579
1.392393
1.392393
1.385371
1.385371
1.309756
1.309756
1.272171
1.272171
1.285295
1.285295
1.373414
1.373414
1.362998
1.362998
1.332235
1.332235
1.320493
1.320493
1.376274
1.376274
1.164354
1.164354
1.318618
1.318618
1.149052
1.149052
1.190845
1.190845
1.363312
1.363312
1.335512
1.335512
1.245982
1.245982
1.149492
1.149492
1.367635
1.367635
1.231732
1.231732
1.378055
1.378055
1.331449
1.331449
1.336782
1.336782
1.124261
1.124261
1.247406
1.247406
1.292394
1.292394
1.327365
1.327365
1.314334
1.314334
1.363734
1.363734
1.348592
1.348592
