1.333420
1.333420
1.372171
1.376674
1.336494
1.376674
1.336494
1.372171
1.397782
1.141459
1.397782
1.141459
1.398314
1.398314
1.209812
1.209812
1.383171
1.383171
1.306143
1.287801
1.306143
1.226513
1.226513
1.287801
1.377947
1.377947
1.385391
1.385391
1.391908
1.391908
1.281177
1.281177
1.180027
1.180027
1.364718
1.364718
1.387134
1.387134
1.293827
1.293827
1.398911
1.398911
1.303553
1.303553
1.361215
1.371769
1.371769
1.361215
1.359746
1.359746
1.201163
1.201163
1.381518
1.381518
1.072568
1.072568
1.239907
1.239907
1.328066
1.328066
1.294893
1.294893
1.364522
1.364522
1.295662
1.295662
1.371552
1.371552
1.260869
1.376167
1.260869
1.376167
1.264287
1.264287
1.320685
1.320685
1.296354
1.296354
1.052572
1.052572
1.252297
1.252297
1.366144
1.366144
1.269576
1.269576
1.097947
1.097947
1.261374
1.261374
1.347110
1.347110
1.128463
1.128463
1.216677
1.216677
1.172708
1.172708
1.275704
1.275704
1.285604
1.285604
1.308082
1.308082
1.313123
1.313123
1.315128
1.315128
1.088823
1.088823
1.114541
1.114541
1.187352
1.187352
1.226318
1.226318
1.276721
1.276721
1.388366
1.388366
1.185319
1.185319
1.397124
1.397124
1.313483
1.313483
1.128943
1.128943
1.336594
1.336594
1.093463
1.093463
1.333523
1.333523
1.246255
1.246255
1.398584
1.398584
1.312909
1.312909
1.365276
1.380436
1.380436
1.365276
1.359157
1.359157
1.377686
1.377686
1.321079
1.321079
1.184794
1.184794
1.210862
1.210862
1.352782
1.352782
1.377286
1.377286
1.134225
1.134225
1.277187
1.389766
1.277187
1.389766
1.352436
1.352436
1.145205
1.145205
1.368876
1.368876
1.357736
1.357736
1.386915
1.386915
1.373649
1.373649
1.374600
1.374600
1.270304
1.270304
1.261009
1.261009
1.275261
1.275261
1.045934
1.045934
1.264517
1.264517
1.394858
1.394858
1.315990
1.315990
1.383717
1.383717
1.306114
1.306114
1.299982
1.299982
1.388659
1.388659
1.261674
1.261674
1.235518
1.235518
1.357146
1.357146
1.321238
1.321238
1.071807
1.071807
1.311349
1.311349
1.347554
1.347554
1.334270
1.334270
1.382950
1.382950
1.338386
1.338386
1.196750
1.196750
1.360809
1.360809
1.272752
1.272752
1.317058
1.317058
1.366565
1.366565
1.213790
1.213790
1.373081
1.373081
1.379119
1.379119
1.237796
1.237796
1.384179
1.384179
1.370809
1.370809
1.361428
1.361428
1.208529
1.208529
1.389514
1.389514
1.375837
1.375837
1.327383
1.327383
1.150866
1.150866
1.395470
1.395470
1.355853
1.355853
1.243728
1.243728
1.155381
1.155381
1.197108
1.197108
1.378095
1.378095
1.127930
1.127930
1.246594
1.246594
1.368880
1.368880
1.302375
1.302375
1.378216
1.378216
1.234481
1.234481
1.246188
1.246188
1.348636
1.348636
1.376737
1.376737
1.330712
1.330712
1.186107
1.186107
1.269577
1.269577
1.312636
1.312636
1.216684
1.216684
1.324173
1.324173
1.387679
1.387679
1.172132
1.172132
1.286401
1.286401
1.191243
1.191243
1.061677
1.061677
1.203188
1.203188
1.327392
1.327392
1.159298
1.159298
1.160353
1.160353
1.207379
1.207379
1.361549
1.361549
1.278819
1.278819
1.158082
1.158082
1.350621
1.350621
1.286289
1.286289
1.262296
1.262296
1.289004
1.289004
1.283436
1.283436
1.267218
1.267218
1.350547
1.350547
1.357222
1.357222
1.331931
1.331931
1.367837
1.367837
1.320980
1.320980
1.369938
1.369938
1.242477
1.242477
1.328286
1.383491
1.328286
1.383491
1.268030
1.268030
1.235439
1.235439
1.372367
1.372367
1.381353
1.381353
1.125086
1.125086
1.187771
1.187771
1.226440
1.226440
1.242132
1.242132
1.279702
1.279702
1.369427
1.369427
1.376927
1.376927
1.394346
1.394346
1.342035
1.342035
1.375339
1.375339
1.364349
1.364349
1.187153
1.187153
1.387301
1.387301
1.370676
1.370676
1.281165
1.281165
1.330477
1.330477
1.389875
1.389875
1.334426
1.334426
1.283550
1.283550
1.180407
1.180407
1.352211
1.352211
1.231713
1.231713
1.357792
1.357792
1.313868
1.313868
1.285351
1.285351
1.398091
1.398091
1.174710
1.174710
1.380833
1.380833
1.319823
1.319823
1.194011
1.194011
1.348651
1.348651
1.341080
1.341080
1.181953
1.181953
1.390280
1.390280
1.142988
1.142988
1.163328
1.163328
1.283551
1.283551
1.371363
1.371363
1.219228
1.219228
1.325645
1.325645
1.116728
1.116728
1.393355
1.393355
1.310207
1.310207
1.399825
1.399825
1.145226
1.145226
1.336307
1.336307
1.345375
1.345375
1.343281
1.343281
1.129336
1.129336
1.316271
1.316271
1.232062
1.232062
1.354338
1.354338
1.293931
1.293931
1.210677
1.210677
1.062704
1.062704
1.397329
1.397329
1.167174
1.167174
1.019551
1.019551
1.211422
1.211422
1.317018
1.317018
1.228147
1.228147
1.370476
1.370476
1.207093
1.207093
1.263586
1.263586
1.356984
1.356984
1.296255
1.296255
1.369113
1.369113
1.298187
1.298187
1.140773
1.140773
1.156786
1.156786
1.304697
1.304697
1.239133
1.239133
1.349482
1.349482
1.313012
1.313012
1.168312
1.168312
1.300152
1.300152
1.289449
1.289449
1.399813
1.399813
1.381039
1.381039
1.393294
1.393294
1.322412
1.322412
1.382354
1.382354
1.362516
1.362516
1.378989
1.378989
1.399860
1.399860
1.330253
1.330253
1.392561
1.392561
1.356496
1.356496
1.346975
1.346975
1.325966
1.325966
1.160334
1.160334
1.244742
1.244742
1.396478
1.396478
1.325710
1.325710
1.393474
1.393474
1.394764
1.394764
1.361999
1.361999
1.317209
1.317209
1.117237
1.117237
1.365085
1.365085
1.098598
1.098598
1.328964
1.328964
1.317650
1.317650
1.397922
1.397922
1.186309
1.186309
1.257087
1.257087
1.004650
1.004650
1.222162
1.222162
1.395022
1.395022
1.246923
1.246923
1.265400
1.265400
1.229029
1.229029
1.300880
1.300880
1.390177
1.390177
1.263895
1.347548
1.347548
1.263895
1.291439
1.291439
1.327596
1.327596
1.342575
1.342575
1.387562
1.387562
1.391824
1.391824
1.359233
1.359233
1.305569
1.305569
1.259314
1.259314
1.326842
1.326842
1.372776
1.372776
1.386206
1.386206
1.115780
1.115780
1.300820
1.300820
1.364111
1.364111
1.218449
1.218449
1.254307
1.254307
1.183812
1.183812
1.225518
1.225518
1.251367
1.251367
1.365603
1.365603
1.213096
1.213096
1.177541
1.177541
1.302758
1.302758
1.186094
1.186094
1.223366
1.223366
1.383125
1.383125
1.354283
1.354283
1.348089
1.348089
1.387512
1.387512
1.397689
1.397689
1.082823
1.082823
1.398627
1.398627
1.352340
1.352340
1.296484
1.296484
1.268973
1.268973
1.082316
1.082316
1.106909
1.106909
1.384544
1.384544
1.215622
1.215622
1.379103
1.379103
1.091236
1.091236
1.170484
1.170484
1.245377
1.245377
1.353286
1.353286
1.324860
1.324860
1.391624
1.391624
1.217603
1.217603
1.296931
1.296931
1.379295
1.379295
1.325840
1.325840
1.385726
1.385726
1.243395
1.243395
1.322398
1.322398
1.311308
1.311308
1.244739
1.244739
1.352472
1.352472
1.173970
1.173970
1.129329
1.129329
1.168077
1.168077
1.258800
1.258800
1.378879
1.378879
1.143656
1.311340
1.143656
1.311340
1.382077
1.382077
1.271718
1.271718
1.302594
1.302594
1.268656
1.268656
1.371345
1.371345
1.295867
1.295867
1.390570
1.390570
1.345647
1.345647
1.398810
1.398810
1.323775
1.323775
1.281819
1.281819
1.100616
1.100616
1.373467
1.373467
1.278328
1.278328
1.153205
1.153205
1.396608
1.396608
1.335174
1.335174
1.131661
1.131661
1.380251
1.380251
1.323706
1.323706
1.377508
1.377508
1.078369
1.078369
1.293725
1.371344
1.293725
1.371344
1.254011
1.254011
1.111769
1.111769
1.240595
1.240595
1.392381
1.392381
1.382060
1.382060
1.339076
1.339076
1.338881
1.338881
1.372219
1.372219
1.301504
1.301504
1.370962
1.370962
1.202551
1.202551
1.222535
1.222535
1.393124
1.393124
1.266756
1.266756
1.350424
1.350424
1.390962
1.390962
1.277031
1.277031
1.101243
1.101243
1.354817
1.354817
1.279793
1.279793
1.105284
1.105284
1.233141
1.233141
1.230857
1.230857
1.387535
1.387535
1.303120
1.303120
1.395320
1.395320
1.387834
1.387834
1.249319
1.249319
1.399283
1.399283
1.314717
1.314717
1.381610
1.381610
1.279121
1.279121
1.390051
1.390051
1.336466
1.336466
1.392131
1.392131
1.126239
1.126239
1.211878
1.211878
1.357298
1.357298
1.242191
1.242191
1.286024
1.286024
1.335339
1.335339
1.381537
1.381537
1.287155
1.287155
1.257792
1.257792
1.392596
1.392596
1.144590
1.144590
1.241871
1.241871
1.256156
1.256156
1.365690
1.365690
1.311456
1.311456
1.192950
1.192950
1.328490
1.328490
1.073727
1.073727
1.187656
1.187656
1.014461
1.014461
1.345269
1.345269
1.109090
1.109090
1.341295
1.341295
1.304337
1.304337
1.301888
1.301888
1.378330
1.378330
1.176428
1.176428
1.202100
1.202100
1.344055
1.344055
1.356035
1.356035
1.058854
1.058854
1.295776
1.295776
1.220228
1.220228
