1.278640
1.278640
1.169842
1.169842
1.144859
1.144859
1.384433
1.384433
1.250061
1.250061
1.238708
1.238708
1.385946
1.385946
1.346791
1.346791
1.270410
1.270410
1.135235
1.135235
1.191421
1.191421
1.364469
1.364469
1.203948
1.203948
1.327907
1.327907
1.346414
1.346414
1.315253
1.315253
1.371091
1.389525
1.389525
1.371091
1.355599
1.355599
1.256434
1.256434
1.371640
1.371640
1.218930
1.218930
1.348486
1.348486
1.367586
1.367586
1.181925
1.181925
1.375096
1.375096
1.227186
1.227186
1.372461
1.372461
1.378924
1.378924
1.308122
1.308122
1.102222
1.102222
1.305420
1.305420
1.314113
1.314113
1.262821
1.262821
1.235340
1.323463
1.323463
1.235340
1.294616
1.294616
1.252118
1.252118
1.367397
1.367397
1.188398
1.188398
1.252374
1.252374
1.174688
1.174688
1.078613
1.078613
1.357829
1.357829
1.194736
1.194736
1.312539
1.312539
1.308685
1.308685
1.347595
1.347595
1.353170
1.353170
1.147579
1.147579
1.303716
1.250421
1.303716
1.250421
1.252524
1.252524
1.245379
1.245379
1.315078
1.315078
1.288939
1.288939
1.036241
1.036241
1.244497
1.244497
1.318884
1.318884
1.399757
1.399757
1.397771
1.397771
1.388449
1.388449
1.394385
1.394385
1.353459
1.353459
1.085979
1.085979
1.119401
1.119401
1.317242
1.317242
1.314341
1.314341
1.369631
1.369631
1.227540
1.227540
1.167716
1.167716
1.164077
1.164077
1.252676
1.252676
1.167113
1.167113
1.222589
1.222589
1.060910
1.060910
1.208722
1.208722
1.346223
1.346223
1.381636
1.375847
1.381636
1.375847
1.390500
1.390500
1.074882
1.074882
1.187467
1.187467
1.191608
1.191608
1.208255
1.208255
1.226496
1.226496
1.319527
1.319527
1.179442
1.179442
1.319984
1.319984
1.318631
1.318631
1.320024
1.320024
1.167156
1.167156
1.380704
1.380704
1.047729
1.047729
1.328797
1.266110
1.328797
1.266110
1.304711
1.304711
1.230359
1.230359
1.375473
1.337678
1.337678
1.375473
1.357295
1.357295
1.173634
1.173634
1.395944
1.395944
1.385798
1.385798
1.318655
1.318655
1.242573
1.242573
1.333257
1.333257
1.220071
1.186100
1.220071
1.186100
1.151655
1.151655
1.038487
1.038487
1.365627
1.365627
1.388147
1.388147
1.212392
1.212392
1.316211
1.316211
1.283049
1.283049
1.169423
1.169423
1.370713
1.370713
1.159812
1.159812
1.351134
1.351134
1.189116
1.189116
1.248189
1.248189
1.345524
1.345524
1.171192
1.171192
1.393796
1.393796
1.336147
1.336147
1.307524
1.307524
1.244298
1.244298
1.397334
1.397334
1.381916
1.381916
1.358528
1.358528
1.264797
1.264797
1.217577
1.217577
1.334909
1.334909
1.392864
1.392864
1.384588
1.384588
1.158842
1.282041
1.282041
1.158842
1.242307
1.242307
1.146821
1.146821
1.250377
1.250377
1.059981
1.059981
1.244032
1.244032
1.128539
1.128539
1.281853
1.281853
1.396773
1.396773
1.374771
1.374771
1.279825
1.279825
1.337235
1.337235
1.356363
1.356363
1.286399
1.286399
1.231772
1.231772
1.258026
1.258026
1.081005
1.081005
1.387448
1.387448
1.169839
1.169839
1.380258
1.380258
1.342296
1.342296
1.399714
1.399714
1.154704
1.154704
1.359532
1.359532
1.241861
1.241861
1.234988
1.234988
1.157519
1.157519
1.362718
1.362718
1.392797
1.392797
1.312413
1.312413
1.143964
1.143964
1.138269
1.138269
1.353755
1.353755
1.374052
1.374052
1.178901
1.178901
1.381709
1.381709
1.049956
1.049956
1.303117
1.303117
1.326464
1.326464
1.364122
1.364122
1.350008
1.350008
1.250476
1.250476
1.296207
1.296207
1.392245
1.392245
1.080614
1.080614
1.257426
1.257426
1.388888
1.388888
1.257557
1.257557
1.353355
1.353355
1.238580
1.238580
1.166917
1.166917
1.261883
1.261883
1.338833
1.338833
1.086118
1.086118
1.279785
1.279785
1.292529
1.292529
1.171003
1.171003
1.353153
1.353153
1.357376
1.357376
1.139846
1.139846
1.281124
1.281124
1.259116
1.259116
1.390309
1.390309
1.232993
1.232993
1.066331
1.066331
1.311307
1.311307
1.343997
1.343997
1.370763
1.370763
1.134721
1.134721
1.165349
1.165349
1.225933
1.203482
1.225933
1.203482
1.307518
1.307518
1.283445
1.283445
1.345473
1.345473
1.236630
1.236630
1.135622
1.135622
1.200941
1.200941
1.380063
1.380063
1.200187
1.200187
1.363865
1.363865
1.289022
1.289022
1.228711
1.228711
1.372146
1.372146
1.347747
1.347747
1.246465
1.246465
1.196886
1.196886
1.344292
1.344292
1.300922
1.300922
1.160690
1.160690
1.291080
1.291080
1.285660
1.285660
1.065945
1.065945
1.271723
1.271723
1.331031
1.370828
1.331031
1.370828
1.243611
1.243611
1.394219
1.394219
1.399082
1.399082
1.385325
1.343216
1.385325
1.343216
1.353027
1.353027
1.124942
1.124942
1.394629
1.394629
1.317288
1.317288
1.322410
1.322410
1.393353
1.393353
1.309627
1.309627
1.118893
1.118893
1.191463
1.191463
1.308212
1.308212
1.366071
1.366071
1.274686
1.274686
1.279504
1.279504
1.249480
1.249480
1.334339
1.334339
1.259773
1.259773
1.185277
1.185277
1.310053
1.310053
1.213404
1.213404
1.358144
1.358144
1.093892
1.093892
1.307129
1.307129
1.225503
1.311669
1.225503
1.311669
1.264082
1.264082
1.322116
1.322116
1.114854
1.114854
1.385139
1.385139
1.381981
1.381981
1.380682
1.380682
1.361181
1.361181
1.265061
1.265061
1.161449
1.161449
1.340752
1.340752
1.182441
1.182441
1.305636
1.305636
1.135074
1.135074
1.365152
1.365152
1.361786
1.361786
1.292501
1.292501
1.236629
1.236629
1.261794
1.261794
1.349695
1.349695
1.286360
1.286360
1.318266
1.318266
1.352832
1.352832
1.373334
1.373334
1.120675
1.120675
1.382987
1.382987
1.395773
1.395773
1.284165
1.284165
1.324193
1.324193
1.177530
1.177530
1.281169
1.281169
1.255433
1.255433
1.224841
1.224841
1.129936
1.129936
1.281571
1.281571
1.152384
1.152384
1.240714
1.240714
1.230011
1.230011
1.137282
1.137282
1.230753
1.230753
1.353942
1.353942
1.231516
1.231516
1.212237
1.212237
1.227767
1.227767
1.156227
1.156227
1.257901
1.257901
1.152088
1.152088
1.260448
1.260448
1.276486
1.276486
1.369043
1.369043
1.183616
1.183616
1.194031
1.194031
1.154043
1.154043
1.315484
1.315484
1.279686
1.279686
1.314975
1.314975
1.131873
1.131873
1.278933
1.278933
1.108524
1.108524
1.265002
1.265002
1.342024
1.342024
1.187105
1.187105
1.392313
1.392313
1.362020
1.362020
1.331780
1.331780
1.276227
1.276227
1.394430
1.394430
1.343149
1.343149
1.089861
1.089861
1.270023
1.270023
1.392382
1.392382
1.349511
1.349511
1.298910
1.298910
1.350068
1.350068
1.226148
1.226148
1.272820
1.272820
1.385063
1.385063
1.315094
1.315094
1.201426
1.201426
1.356012
1.356012
1.362796
1.362796
1.212835
1.212835
1.201409
1.201409
1.192529
1.192529
1.269623
1.269623
1.295550
1.295550
1.332662
1.332662
1.222377
1.222377
1.375604
1.375604
1.385793
1.385793
1.218197
1.218197
1.360816
1.360816
1.197495
1.197495
1.217663
1.217663
1.140292
1.140292
1.388709
1.388709
1.362869
1.362869
1.313620
1.313620
1.331212
1.331212
1.302488
1.302488
1.287570
1.287570
1.293741
1.293741
1.200372
1.200372
1.099709
1.099709
1.307913
1.307913
1.204265
1.204265
1.153307
1.153307
