1.382870
1.382870
1.179012
1.179012
1.195859
1.195859
1.330107
1.330107
1.311107
1.311107
1.076350
1.076350
1.341791
1.341791
1.220537
1.220537
1.330213
1.330213
1.363270
1.363270
1.075688
1.080931
1.080931
1.075688
1.357278
1.357278
1.158688
1.158688
1.157974
1.157974
1.272094
1.272094
1.375400
1.375400
1.371582
1.371582
1.355055
1.355055
1.315891
1.315891
1.379460
1.388544
1.388544
1.379460
1.152517
1.152517
1.038670
1.038670
1.292037
1.292037
1.327665
1.327665
1.392796
1.392796
1.349558
1.349558
1.265854
1.265854
1.333697
1.333697
1.192453
1.192453
1.323747
1.323747
1.369247
1.369247
1.389904
1.389904
1.355443
1.355443
1.367518
1.367518
1.211523
1.211523
1.355586
1.355586
1.229810
1.229810
1.353728
1.353728
1.272185
1.272185
1.380764
1.380764
1.204253
1.204253
1.244731
1.244731
1.347891
1.347891
1.216124
1.216124
1.304611
1.304611
1.132881
1.132881
1.344580
1.344580
1.098830
1.098830
1.299793
1.299793
1.355841
1.355841
1.344582
1.344582
1.370694
1.370694
1.282399
1.282399
1.383729
1.383729
1.355677
1.355677
1.171125
1.171125
1.336313
1.336313
1.373791
1.373791
1.361103
1.361103
1.357423
1.357423
1.046294
1.046294
1.192080
1.192080
1.160582
1.395338
1.395338
1.160582
1.371390
1.371390
1.347232
1.347232
1.238588
1.238588
1.383719
1.383719
1.344167
1.344167
1.364403
1.364403
1.149759
1.149759
1.346288
1.346288
1.362673
1.362673
1.390838
1.390838
1.362250
1.362250
1.228668
1.228668
1.244485
1.244485
1.235250
1.235250
1.309869
1.218840
1.309869
1.218840
1.310116
1.310116
1.305328
1.305328
1.232240
1.232240
1.303849
1.303849
1.260427
1.260427
1.246732
1.246732
1.285579
1.285579
1.178438
1.178438
1.394664
1.394664
1.378747
1.378747
1.183355
1.183355
1.090195
1.090195
1.082261
1.082261
1.324587
1.324587
1.286280
1.286280
1.136195
1.136195
1.261803
1.261803
1.152072
1.377133
1.377133
1.152072
1.369310
1.369310
1.370509
1.370509
1.310185
1.310185
1.261417
1.261417
1.346061
1.346061
1.355481
1.355481
1.360616
1.360616
1.320679
1.320679
1.120309
1.120309
1.232143
1.232143
1.344009
1.344009
1.396457
1.396457
1.384787
1.384787
1.334658
1.334658
1.347511
1.347511
1.357981
1.357981
1.386473
1.386473
1.377158
1.377158
1.381606
1.381606
1.155516
1.155516
1.346047
1.346047
1.213030
1.213030
1.071777
1.071777
1.386534
1.386534
1.181475
1.181475
1.313092
1.313092
1.277920
1.277920
1.348641
1.348641
1.338632
1.338632
1.295354
1.295354
1.293046
1.293046
1.314065
1.314065
1.213591
1.213591
1.159821
1.159821
1.238443
1.238443
1.360489
1.360489
1.279275
1.279275
1.357481
1.357481
1.231582
1.231582
1.096525
1.096525
1.396703
1.396703
1.270189
1.270189
1.324602
1.324602
1.251591
1.251591
1.289653
1.289653
1.090058
1.090058
1.396216
1.396216
1.388180
1.388180
1.247343
1.247343
1.250640
1.250640
1.174249
1.174249
1.378379
1.378379
1.292331
1.292331
1.361997
1.361997
1.087817
1.087817
1.145400
1.145400
1.327585
1.327585
1.284445
1.284445
1.121807
1.121807
1.309003
1.309003
1.333769
1.333769
1.356590
1.356590
1.239264
1.239264
1.036624
1.036624
1.253268
1.253268
1.334421
1.334421
1.396651
1.396651
1.262059
1.262059
1.356965
1.356965
1.203147
1.203147
1.303669
1.303669
1.273952
1.273952
1.269232
1.269232
1.380027
1.380027
1.394216
1.394216
1.362705
1.362705
1.347815
1.347815
1.333195
1.333195
1.386816
1.386816
1.252799
1.252799
1.173457
1.173457
1.188322
1.188322
1.320015
1.320015
1.354585
1.354585
1.335575
1.335575
1.252585
1.252585
1.176953
1.176953
1.339536
1.339536
1.251095
1.251095
1.368451
1.368451
1.300282
1.300282
1.136369
1.136369
1.322349
1.322349
1.355258
1.355258
1.360803
1.360803
1.241579
1.241579
1.376280
1.376280
1.331876
1.331876
1.103512
1.103512
1.218072
1.218072
1.369624
1.369624
1.346962
1.346962
1.264912
1.264912
1.235916
1.235916
1.324318
1.324318
1.310206
1.310206
1.183319
1.183319
1.377475
1.377475
1.352947
1.352947
1.344960
1.344960
1.262160
1.262160
1.258430
1.258430
1.391545
1.391545
1.263393
1.263393
1.305011
1.305011
1.217758
1.217758
1.396736
1.396736
1.253928
1.253928
1.299070
1.299070
1.371809
1.371809
1.378087
1.378087
1.347154
1.347154
1.265044
1.265044
1.294545
1.294545
1.350254
1.350254
1.298864
1.298864
1.290972
1.290972
1.293386
1.293386
1.342278
1.342278
1.223979
1.223979
1.389565
1.389565
1.342659
1.342659
1.383298
1.383298
1.360840
1.360840
1.366604
1.366604
1.322452
1.322452
1.399097
1.399097
1.379418
1.379418
1.330671
1.330671
1.380083
1.380083
1.146729
1.146729
1.148320
1.148320
1.241730
1.241730
1.370918
1.370918
