1.243481
1.243481
1.188447
1.188447
1.341674
1.341674
1.305254
1.305254
1.105126
1.105126
1.279173
1.279173
1.120535
1.120535
1.360061
1.360061
1.327575
1.327575
1.319434
1.319434
1.184027
1.184027
1.132511
1.132511
1.352975
1.352975
1.243079
1.243079
1.279279
1.279279
1.267527
1.273332
1.139003
1.273332
1.139003
1.267527
1.361610
1.361610
1.353021
1.220947
1.333987
1.220947
1.333987
1.353021
1.372373
1.372373
1.169985
1.169985
1.137004
1.137004
1.061225
1.061225
1.375900
1.375900
1.366195
1.366195
1.204879
1.204879
1.237425
1.237425
1.323402
1.323402
1.330934
1.330934
1.303365
1.303365
1.310818
1.310818
1.386950
1.386950
1.350589
1.350589
1.253327
1.275924
1.253327
1.275924
1.123573
1.123573
1.345275
1.345275
1.224985
1.224985
1.394581
1.394581
1.161742
1.161742
1.173990
1.173990
1.245346
1.245346
1.395764
1.395764
1.341034
1.341034
1.147922
1.147922
1.247930
1.247930
1.381565
1.313900
1.313900
1.381565
1.195411
1.195411
1.168239
1.168239
1.241245
1.241245
1.158413
1.158413
1.270814
1.270814
1.267708
1.267708
1.351165
1.351165
1.267811
1.361295
1.267811
1.361295
1.330196
1.185227
1.330196
1.185227
1.380939
1.380939
1.325251
1.384780
1.325251
1.384780
1.338310
1.338310
1.107667
1.077021
1.391570
1.391570
1.107667
1.077021
1.368259
1.368259
1.240129
1.240129
1.119607
1.119607
1.269710
1.378017
1.269710
1.378017
1.327122
1.208254
1.208254
1.327122
1.384254
1.384254
1.027184
1.027184
1.288701
1.288701
1.392759
1.392759
1.268758
1.268758
1.391578
1.391578
1.378675
1.378675
1.280816
1.280816
1.392406
1.392406
1.341794
1.341794
1.138518
1.138518
1.384979
1.384979
1.232312
1.232312
1.274228
1.274228
1.107733
1.107733
1.387619
1.387619
1.309478
1.309478
1.342830
1.367403
1.367403
1.342830
1.195982
1.237408
1.237408
1.195982
1.360536
1.360536
1.393230
1.393230
1.398709
1.398709
1.257359
1.257359
1.248241
1.248241
1.284646
1.284646
1.307496
1.307496
1.272217
1.272217
1.368294
1.368294
1.381112
1.381112
1.283586
1.283586
1.345529
1.345529
1.360380
1.360380
1.178667
1.178667
1.397702
1.397702
1.156492
1.156492
1.376862
1.376862
1.089337
1.089337
1.328076
1.328076
1.249585
1.249585
1.274652
1.274652
1.145160
1.145160
1.234505
1.234505
1.269432
1.269432
1.144667
1.144667
1.353705
1.353705
1.120340
1.120340
1.395171
1.395171
1.319613
1.319613
1.161882
1.161882
1.371195
1.371195
1.341449
1.341449
1.382068
1.382068
1.319752
1.319752
1.395993
1.395993
1.384693
1.384693
1.267068
1.267068
1.206443
1.206443
1.344809
1.344809
1.095485
1.095485
1.092583
1.092583
1.328830
1.328830
1.374538
1.374538
1.361040
1.361040
1.276703
1.276703
1.354843
1.354843
1.388988
1.388988
1.142368
1.142368
1.221377
1.221377
1.340536
1.340536
1.282176
1.282176
1.333975
1.333975
1.288322
1.288322
1.383398
1.383398
1.285027
1.130664
1.285027
1.130664
1.240054
1.240054
1.298896
1.298896
1.250142
1.250142
1.198433
1.198433
1.264178
1.264178
1.150823
1.150823
1.384587
1.384587
1.369483
1.369483
1.332738
1.332738
1.181683
1.181683
1.338630
1.338630
1.206736
1.206736
1.327310
1.327310
1.297963
1.297963
1.399625
1.399625
1.397349
1.397349
1.320671
1.320671
1.374849
1.374849
1.365651
1.365651
1.283956
1.283956
1.333683
1.333683
1.138697
1.138697
1.322575
1.322575
1.255105
1.255105
1.362879
1.362879
1.226898
1.226898
1.246496
1.246496
1.271981
1.271981
1.348289
1.348289
1.061847
1.061847
1.358706
1.358706
1.260817
1.260817
1.109232
1.109232
1.318105
1.318105
1.390993
1.390993
1.158966
1.158966
1.193035
1.193035
1.290763
1.290763
1.314707
1.314707
1.310916
1.310916
1.353439
1.353439
1.319261
1.319261
1.376291
1.376291
1.335112
1.335112
1.280045
1.280045
1.304781
1.304781
1.290456
1.290456
1.302864
1.302864
1.342709
1.342709
1.110833
1.110833
1.340534
1.340534
1.312629
1.312629
1.387321
1.387321
1.358544
1.358544
1.154325
1.154325
1.158303
1.158303
1.375243
1.375243
1.368229
1.368229
1.320737
1.320737
1.399702
1.399702
1.313533
1.313533
1.276548
1.276548
1.135133
1.135133
1.335858
1.335858
1.255839
1.255839
1.287982
1.287982
1.307328
1.307328
1.376536
1.376536
1.255021
1.255021
1.070065
1.070065
1.160573
1.160573
1.371681
1.371681
1.383066
1.383066
1.389666
1.389666
1.182340
1.182340
1.336998
1.336998
1.318666
1.318666
1.071323
1.071323
1.284856
1.284856
1.359234
1.359234
1.328081
1.328081
1.190037
1.190037
1.301829
1.301829
1.108198
1.108198
1.256377
1.256377
1.346592
1.346592
1.377030
1.377030
1.179616
1.179616
1.359097
1.311713
1.311713
1.359097
1.383708
1.383708
1.294744
1.294744
1.280431
1.280431
1.174655
1.174655
1.393857
1.393857
1.335699
1.335699
1.150384
1.150384
1.087173
1.087173
1.159655
1.159655
1.337723
1.337723
1.287021
1.287021
1.308481
1.308481
1.185500
1.185500
1.104522
1.104522
1.284945
1.284945
1.267096
1.267096
1.289525
1.289525
1.083339
1.083339
1.352957
1.352957
1.136674
1.136674
1.222192
1.222192
1.364944
1.364944
1.216668
1.216668
1.134017
1.134017
1.122243
1.122243
1.310332
1.310332
1.384158
1.384158
1.297370
1.297370
1.320800
1.320800
1.216698
1.216698
1.133610
1.133610
1.399790
1.399790
1.074331
1.074331
1.241005
1.241005
1.377710
1.377710
1.191717
1.191717
1.005937
1.005937
1.343110
1.343110
1.277170
1.277170
1.324187
1.324187
1.234150
1.234150
1.291620
1.291620
1.385282
1.385282
1.230154
1.230154
1.345136
1.345136
1.139525
1.139525
1.244120
1.244120
