1.334028
1.334028
1.187997
1.187997
1.377113
1.300857
1.377113
1.300857
1.219913
1.219913
1.257357
1.258465
1.257357
1.258465
1.203725
1.203725
1.381902
1.315361
1.315361
1.381902
1.192652
1.192652
1.113123
1.113123
1.340284
1.340284
1.393325
1.393325
1.341016
1.279353
1.341016
1.279353
1.357477
1.357477
1.359666
1.359666
1.218655
1.218655
1.320524
1.320524
1.397720
1.159152
1.159152
1.397720
1.238299
1.238299
1.384772
1.384772
1.349372
1.349372
1.371568
1.371568
1.353990
1.353990
1.091642
1.091642
1.247777
1.247777
1.248959
1.248959
1.397293
1.397293
1.263477
1.263477
1.248251
1.248251
1.383110
1.383110
1.187839
1.187839
1.384444
1.384444
1.370689
1.370689
1.120667
1.120667
1.244112
1.244112
1.399520
1.399520
1.085520
1.085520
1.279461
1.279461
1.332309
1.332309
1.331088
1.331088
1.368097
1.368097
1.153972
1.153972
1.240173
1.240173
1.261471
1.261471
1.375517
1.375517
1.285265
1.323015
1.285265
1.323015
1.289439
1.289439
1.357283
1.357283
1.211947
1.211947
1.343220
1.343220
1.312733
1.312733
1.389381
1.389381
1.150593
1.150593
1.389783
1.389783
1.390211
1.390211
1.149989
1.149989
1.369629
1.369629
1.327428
1.327428
1.328650
1.328650
1.276300
1.276300
1.163681
1.163681
1.318653
1.318653
1.291623
1.291623
1.282376
1.282376
1.323155
1.323155
1.269842
1.269842
1.109373
1.109373
1.324667
1.324667
1.281840
1.281840
1.205838
1.205838
1.335755
1.335755
1.096308
1.096308
1.263191
1.263191
1.388832
1.388832
1.268056
1.268056
1.301921
1.301921
1.392723
1.392723
1.396887
1.396887
1.338199
1.338199
1.354999
1.354999
1.358382
1.358382
1.335548
1.335548
1.042415
1.042415
1.305669
1.305669
1.352333
1.352333
1.226858
1.226858
1.226266
1.226266
1.300283
1.300283
1.295817
1.295817
1.269577
1.269577
1.361509
1.361509
1.282424
1.282424
1.308767
1.308767
1.385142
1.385142
1.288709
1.288709
1.396745
1.396745
1.348989
1.348989
1.298614
1.298614
1.307849
1.307849
1.193601
1.193601
1.373845
1.373845
1.351367
1.351367
1.357718
1.357718
1.360002
1.360002
1.257748
1.257748
1.251702
1.251702
1.237837
1.237837
1.391071
1.391071
1.322847
1.322847
1.399084
1.399084
1.124254
1.124254
1.191761
1.191761
1.367591
1.367591
1.250771
1.250771
1.071763
1.071763
1.255090
1.255090
1.085386
1.085386
1.127353
1.127353
1.394789
1.394789
1.373618
1.373618
1.171082
1.171082
1.293646
1.293646
1.355141
1.355141
1.065395
1.065395
1.180697
1.180697
1.098579
1.098579
1.326036
1.326036
1.245581
1.209886
1.245581
1.209886
1.372406
1.372406
1.168685
1.168685
1.323616
1.323616
1.183999
1.183999
1.296240
1.296240
1.251778
1.251778
1.200229
1.200229
1.393152
1.393152
1.373118
1.373118
1.079009
1.079009
1.322743
1.322743
1.117038
1.117038
1.116468
1.116468
1.381204
1.381204
1.270228
1.270228
1.386298
1.386298
1.192561
1.192561
1.351028
1.351028
1.236323
1.236323
1.383042
1.383042
1.159650
1.159650
1.200280
1.200280
1.169133
1.169133
1.350984
1.350984
1.242489
1.242489
1.330868
1.330868
1.263177
1.263177
1.187225
1.187225
1.388694
1.388694
1.072138
1.072138
1.230936
1.230936
1.109682
1.109682
1.289328
1.289328
1.096491
1.096491
1.126693
1.126693
1.369904
1.369904
1.269867
1.269867
1.358602
1.358602
1.335004
1.335004
1.204723
1.204723
1.287851
1.287851
1.164002
1.164002
1.331923
1.331923
1.360736
1.360736
1.209718
1.209718
1.280020
1.280020
1.164517
1.164517
1.076962
1.076962
1.167741
1.167741
1.351431
1.351431
1.309297
1.309297
1.169018
1.169018
1.365636
1.365636
1.321166
1.321166
1.319495
1.319495
1.304266
1.304266
1.361277
1.361277
1.150993
1.150993
1.386199
1.386199
1.396328
1.154764
1.396328
1.154764
1.225116
1.225116
1.201280
1.201280
1.368949
1.368949
1.201841
1.201841
1.317347
1.317347
1.365882
1.365882
1.365064
1.365064
1.190579
1.190579
1.376626
1.092054
1.092054
1.376626
1.093050
1.093050
1.297544
1.297544
1.303481
1.303481
1.117694
1.117694
1.155534
1.155534
1.368210
1.368210
1.350999
1.350999
1.394560
1.394560
1.399465
1.399465
1.390820
1.390820
1.328153
1.328153
1.228201
1.228201
1.328949
1.328949
1.120986
1.120986
1.168911
1.168911
1.389633
1.389633
1.389445
1.389445
1.371539
1.371539
1.199320
1.363817
1.363817
1.199320
1.266205
1.266205
1.286100
1.286100
1.278054
1.278054
1.373323
1.373323
1.333917
1.333917
1.299290
1.299290
1.129331
1.129331
1.309683
1.309683
1.233813
1.233813
1.338493
1.338493
1.303435
1.303435
1.212718
1.212718
1.358466
1.358466
1.322743
1.322743
1.381918
1.381918
1.191608
1.191608
1.192375
1.192375
1.360187
1.360187
1.265482
1.265482
1.258917
1.258917
1.358252
1.358252
1.240893
1.240893
1.135963
1.135963
1.368112
1.368112
1.253444
1.253444
1.224273
1.224273
1.264630
1.264630
1.314774
1.314774
1.397422
1.397422
1.206845
1.206845
1.150474
1.193053
1.150474
1.193053
1.295934
1.295934
1.362495
1.362495
