1.173346
1.173346
1.215360
1.215360
1.351843
1.351843
1.262890
1.262890
1.387555
1.387555
1.191094
1.191094
1.155279
1.155279
1.305550
1.305550
1.346221
1.346221
1.269442
1.269442
1.215921
1.215921
1.307643
1.307643
1.382475
1.382475
1.162556
1.162556
1.278421
1.278421
1.327418
1.327418
1.373345
1.373345
1.272641
1.272641
1.334405
1.334405
1.355758
1.355758
1.281867
1.281867
1.246766
1.246766
1.383445
1.383445
1.223733
1.223733
1.129580
1.129580
1.181968
1.181968
1.294221
1.294221
1.338223
1.338223
1.389570
1.389570
1.378504
1.378504
1.373207
1.373207
1.395902
1.395902
1.376645
1.376645
1.236237
1.236237
1.310369
1.310369
1.299492
1.299492
1.234861
1.234861
1.385112
1.385112
1.197853
1.197853
1.257690
1.257690
1.265075
1.265075
1.359094
1.359094
1.340793
1.340793
1.292006
1.292006
1.372079
1.372079
1.169290
1.169290
1.287598
1.287598
1.315574
1.315574
1.392109
1.392109
1.027382
1.027382
1.236932
1.236932
1.212218
1.212218
1.298649
1.298649
1.166759
1.166759
1.207843
1.362884
1.207843
1.199684
1.362884
1.199684
1.254680
1.254680
1.377507
1.377507
1.266919
1.266919
1.255976
1.255976
1.223650
1.223650
1.347931
1.347931
1.300635
1.300635
1.305856
1.305856
1.272853
1.272853
1.375854
1.375854
1.322762
1.322762
1.273724
1.341283
1.341283
1.273724
1.374052
1.374052
1.392517
1.392517
1.342257
1.342257
1.334337
1.334337
1.309940
1.309940
1.142145
1.142145
1.086276
1.086276
1.363175
1.363175
1.373446
1.373446
1.282995
1.282995
1.232240
1.232240
1.392623
1.392623
1.232872
1.232872
1.385412
1.385412
1.195644
1.195644
1.281880
1.281880
1.250713
1.250713
1.187534
1.187534
1.387797
1.387797
1.351565
1.351565
1.202111
1.202111
1.135429
1.135429
1.379764
1.379764
1.383496
1.383496
1.105115
1.105115
1.392217
1.392217
1.224044
1.224044
1.255139
1.255139
1.388085
1.388085
1.304022
1.304022
1.137044
1.137044
1.330934
1.330934
1.371869
1.371869
1.219880
1.219880
1.110146
1.110146
1.371478
1.371478
1.281285
1.281285
1.312822
1.312822
1.257587
1.257587
1.382374
1.382374
1.332595
1.332595
1.267372
1.267372
1.089374
1.089374
1.325073
1.325073
1.333926
1.333926
1.265533
1.265533
1.357482
1.357482
1.359042
1.359042
1.191437
1.191437
1.024008
1.024008
1.317399
1.317399
1.399145
1.399145
1.300880
1.396997
1.300880
1.396997
1.394145
1.394145
1.394176
1.394176
1.284287
1.284287
1.289699
1.289699
1.296147
1.296147
1.240209
1.240209
1.139402
1.139402
1.328841
1.328841
1.312580
1.312580
1.251214
1.251214
1.220574
1.364285
1.220574
1.364285
1.098488
1.098488
1.362257
1.362257
1.238460
1.238460
1.064549
1.064549
1.205538
1.205538
1.279152
1.279152
1.170401
1.170401
1.381268
1.381268
1.300217
1.300217
1.397291
1.397291
1.388890
1.388890
1.277359
1.277359
1.332618
1.332618
1.192015
1.192015
1.395289
1.395289
1.314931
1.314931
1.361393
1.361393
1.370708
1.370708
1.346337
1.346337
1.393088
1.393088
1.247708
1.247708
1.249552
1.249552
1.298603
1.298603
1.395020
1.395020
1.359868
1.359868
1.167021
1.167021
1.262200
1.262200
1.356185
1.356185
1.135824
1.161123
1.135824
1.161123
1.392506
1.392506
1.325471
1.325471
1.397021
1.397021
1.050617
1.050617
1.221712
1.221712
1.367281
1.367281
1.335407
1.335407
1.359859
1.300732
1.300732
1.359859
1.379026
1.379026
1.122716
1.122716
1.305501
1.305501
1.378863
1.378863
1.350472
1.350472
1.347095
1.347095
1.145092
1.145092
1.318940
1.318940
1.097853
1.097853
1.160748
1.160748
1.245991
1.245991
1.334479
1.334479
1.178983
1.178983
1.362301
1.362301
1.289468
1.289468
1.337118
1.337118
1.393896
1.393896
1.372748
1.372748
1.278021
1.278021
1.376776
1.376776
1.287512
1.287512
1.246862
1.246862
1.397576
1.397576
1.385860
1.385860
1.240931
1.240931
1.285987
1.285987
1.333207
1.333207
1.266163
1.266163
1.240244
1.240244
1.270841
1.270841
1.152793
1.152793
1.075693
1.053316
1.075693
1.053316
1.107574
1.107574
1.348408
1.348408
1.269963
1.269963
1.211091
1.211091
1.140956
1.140956
1.272388
1.376355
1.262500
1.262500
1.272388
1.376355
1.313109
1.313109
1.344515
1.344515
1.391675
1.391675
1.354400
1.354400
1.042148
1.042148
1.061444
1.061444
1.176072
1.176072
1.345195
1.345195
1.070220
1.070220
1.334739
1.334739
1.326860
1.326860
1.303616
1.303616
1.331907
1.331907
1.214442
1.214442
1.388825
1.388825
1.211387
1.211387
1.342846
1.342846
1.395603
1.395603
1.327531
1.327531
1.349977
1.349977
1.279189
1.279189
1.265083
1.265083
1.325454
1.325454
1.284477
1.284477
1.310429
1.310429
1.194126
1.194126
1.275877
1.275877
1.219806
1.219806
1.367064
1.367064
1.269059
1.269059
1.381329
1.381329
1.383990
1.383990
1.356177
1.356177
1.384187
1.384187
1.260736
1.260736
1.376001
1.376001
1.299714
1.299714
1.201443
1.201443
1.379220
1.379220
1.201333
1.201333
1.129335
1.129335
1.304370
1.304370
1.296954
1.296954
1.397492
1.397492
1.391999
1.391999
1.364707
1.364707
1.383211
1.383211
1.351992
1.351992
1.391426
1.391426
1.353406
1.353406
1.205184
1.205184
1.384257
1.384257
1.285370
1.285370
1.273343
1.273343
1.227157
1.227157
1.202522
1.202522
1.195432
1.195432
1.291357
1.291357
1.353275
1.353275
1.283244
1.283244
1.391974
1.391974
1.194676
1.194676
1.273381
1.273381
1.283484
1.283484
1.172101
1.172101
1.354153
1.238500
1.238500
1.354153
1.095784
1.095784
1.271422
1.271422
1.230731
1.230731
1.159094
1.159094
1.392271
1.392271
1.313121
1.313121
1.241061
1.241061
1.285910
1.285910
1.334954
1.334954
1.293094
1.293094
1.362936
1.362936
1.106847
1.106847
1.314404
1.314404
1.225996
1.225996
1.378918
1.378918
1.269074
1.269074
1.272801
1.272801
1.382125
1.382125
1.373506
1.373506
1.354996
1.354996
1.333849
1.333849
1.367772
1.367772
1.389822
1.392587
1.392587
1.389822
1.267842
1.267842
1.223121
1.223121
1.275688
1.275688
1.394370
1.394370
1.311069
1.311069
1.041103
1.041103
1.239320
1.239320
1.376128
1.376128
1.218124
1.218124
1.147484
1.147484
1.389277
1.389277
1.235902
1.235902
1.352635
1.352635
1.318862
1.318862
1.390686
1.390686
1.389397
1.389397
1.359486
1.359486
1.367952
1.367952
1.257493
1.257493
1.273865
1.273865
1.200751
1.200751
1.316966
1.316966
1.288803
1.288803
1.261353
1.261353
1.262225
1.262225
1.364679
1.364679
1.362760
1.362760
1.172583
1.172583
1.243595
1.243595
1.113033
1.113033
1.353571
1.353571
1.335698
1.335698
1.093469
1.093469
1.349848
1.349848
1.142268
1.142268
1.226634
1.226634
1.349970
1.349970
1.235203
1.235203
1.388879
1.388879
1.353249
1.353249
1.366640
1.366640
1.289956
1.289956
1.240888
1.240888
1.287481
1.287481
1.227829
1.227829
1.397566
1.397566
1.162561
1.162561
1.392700
1.392700
1.385674
1.385674
1.201560
1.201560
1.066678
1.066678
1.327475
1.327475
1.333661
1.333661
1.285294
1.285294
1.236425
1.236425
1.285370
1.285370
1.266394
1.266394
1.304802
1.304802
1.334933
1.334933
1.190973
1.190973
1.371186
1.371186
1.071817
1.071817
1.282885
1.282885
1.079855
1.079855
1.254294
1.254294
1.222098
1.222098
1.244735
1.244735
1.328504
1.328504
1.365888
1.365888
1.296296
1.296296
1.215737
1.215737
1.026496
1.026496
1.290779
1.290779
1.379698
1.379698
1.392784
1.392784
1.317139
1.317139
1.358596
1.358596
1.251622
1.251622
1.338086
1.338086
1.397636
1.397636
1.189844
1.189844
1.198766
1.198766
1.299783
1.299783
1.088716
1.088716
1.391710
1.391710
1.155474
1.155474
1.273052
1.273052
1.310270
1.310270
1.345145
1.345145
1.355848
1.355848
1.123417
1.123417
1.313086
1.313086
1.307456
1.307456
1.297293
1.297293
1.282095
1.282095
1.114628
1.114628
1.343994
1.343994
1.332923
1.332923
1.332458
1.332458
1.155545
1.155545
1.242570
1.242570
1.176914
1.176914
1.379935
1.379935
1.279227
1.279227
1.250361
1.250361
1.374450
1.374450
1.094499
1.094499
1.249115
1.249115
1.384119
1.384119
1.349043
1.349043
1.313995
1.313995
1.270086
1.270086
1.199823
1.199823
1.281197
1.281197
1.210495
1.210495
1.347825
1.347825
1.375707
1.375707
1.202519
1.202519
1.182002
1.182002
1.169566
1.169566
1.398858
1.398858
1.269602
1.269602
1.211550
1.211550
1.354123
1.354123
1.195614
1.195614
1.185458
1.185458
1.329527
1.329527
1.336758
1.336758
1.335860
1.335860
1.160008
1.160008
1.203512
1.203512
1.398432
1.398432
1.261487
1.261487
1.118167
1.118167
1.212347
1.212347
1.247812
1.247812
1.321455
1.321455
1.346363
1.346363
1.339422
1.339422
1.131327
1.131327
1.392482
1.392482
1.240668
1.240668
1.313242
1.313242
1.201319
1.201319
1.160217
1.160217
1.352489
1.352489
1.264714
1.264714
1.293634
1.293634
1.375487
1.375487
1.101979
1.101979
1.305298
1.305298
1.267464
1.267464
1.128739
1.128739
1.154280
1.154280
1.326663
1.326663
1.145544
1.145544
1.192726
1.192726
