1.221183
1.221183
1.214491
1.263813
1.214491
1.365525
1.365525
1.263813
1.332412
1.332412
1.316882
1.316882
1.286761
1.129639
1.129639
1.286761
1.353523
1.353523
1.367749
1.367749
1.266431
1.266431
1.282929
1.282929
1.287172
1.287172
1.082594
1.082594
1.327710
1.339160
1.339160
1.327710
1.064680
1.064680
1.214517
1.214517
1.292934
1.284780
1.284780
1.292934
1.048570
1.048570
1.325401
1.325401
1.395323
1.395323
1.274246
1.274246
1.380049
1.380049
1.390555
1.390555
1.349704
1.349704
1.384882
1.384882
1.374496
1.374496
1.258877
1.258877
1.294875
1.294875
1.338273
1.281899
1.281899
1.338273
1.356241
1.356241
1.361263
1.361263
1.317275
1.317275
1.378512
1.378512
1.283279
1.283279
1.348935
1.348935
1.350356
1.350356
1.184772
1.184772
1.278530
1.278530
1.361070
1.361070
1.318469
1.318469
1.379114
1.379114
1.329774
1.160153
1.160153
1.329774
1.235958
1.235958
1.255933
1.255933
1.352967
1.352967
1.315722
1.315722
1.383185
1.383185
1.233427
1.233427
1.219067
1.219067
1.252362
1.252362
1.378074
1.378074
1.040233
1.040233
1.162766
1.162766
1.249317
1.249317
1.286297
1.286297
1.285814
1.285814
1.152483
1.152483
1.210915
1.210915
1.127659
1.127659
1.337166
1.337166
1.362446
1.362446
1.073305
1.073305
1.082194
1.082194
1.224993
1.224993
1.321431
1.321431
1.354808
1.354808
1.341654
1.341654
1.356553
1.356553
1.364205
1.364205
1.194979
1.194979
1.121307
1.121307
1.396606
1.396606
1.114528
1.114528
1.190694
1.190694
1.344942
1.344942
1.279522
1.279522
1.202612
1.202612
1.374712
1.374712
1.294967
1.294967
1.360515
1.105316
1.360515
1.105316
1.274367
1.274367
1.375294
1.375294
1.351803
1.351803
1.212535
1.212535
1.343195
1.377368
1.377368
1.343195
1.304216
1.304216
1.270042
1.270042
1.387766
1.387766
1.295856
1.295856
1.387083
1.387083
1.345126
1.345126
1.282591
1.282591
1.287712
1.287712
1.393875
1.393875
1.304610
1.304610
1.224295
1.224295
1.302008
1.302008
1.371998
1.371998
1.207952
1.207952
1.236678
1.236678
1.090376
1.090376
1.178087
1.178087
1.354265
1.351133
1.351133
1.354265
1.174849
1.368754
1.174849
1.368754
1.152351
1.152351
1.287475
1.287475
1.184085
1.184085
1.208285
1.208285
1.285560
1.349832
1.285560
1.349832
1.335775
1.335775
1.280832
1.280832
1.302408
1.302408
1.329091
1.329091
1.349211
1.349211
1.211169
1.211169
1.365937
1.365937
1.359383
1.359383
1.267703
1.267703
1.358068
1.358068
1.264848
1.264848
1.341905
1.341905
1.333561
1.333561
1.300773
1.300773
1.350220
1.048954
1.350220
1.048954
1.328310
1.328310
1.169515
1.169515
1.340338
1.340338
1.354418
1.354418
1.236226
1.236226
1.314429
1.314429
1.322127
1.322127
1.222623
1.222623
1.378914
1.378914
1.311942
1.311942
1.234259
1.234259
1.288736
1.288736
1.326365
1.326365
1.305905
1.305905
1.304440
1.304440
1.182011
1.182011
1.267601
1.267601
1.212760
1.207468
1.212760
1.207468
1.240160
1.240160
1.332364
1.332364
1.302484
1.302484
1.263871
1.263871
1.220682
1.220682
1.303528
1.303528
1.226224
1.226224
1.237619
1.237619
1.113848
1.113848
1.132089
1.132089
1.399695
1.399695
1.229287
1.229287
1.309809
1.309809
1.317309
1.317309
1.335864
1.335864
1.322821
1.322821
1.317041
1.317041
1.268372
1.268372
1.381325
1.381325
1.173740
1.173740
1.291820
1.291820
1.269200
1.269200
1.369082
1.369082
1.390275
1.390275
1.340984
1.340984
1.360151
1.360151
1.352062
1.352062
1.292955
1.292955
1.264286
1.264286
1.374771
1.374771
1.248889
1.248889
1.322592
1.322592
1.232986
1.232986
1.163819
1.163819
1.368139
1.368139
1.339679
1.339679
1.269779
1.269779
1.344477
1.344477
1.193618
1.193618
1.191634
1.191634
1.036236
1.036236
1.326217
1.326217
1.399449
1.399449
1.359363
1.192464
1.359363
1.192464
1.269838
1.269838
1.346061
1.346061
1.382532
1.382532
1.265369
1.265369
1.280820
1.280820
1.284086
1.284086
1.390314
1.390314
1.365020
1.365020
1.336906
1.336906
1.206824
1.206824
1.228344
1.228344
1.370277
1.370277
1.253707
1.253707
1.163703
1.163703
1.332375
1.332375
1.273640
1.273640
1.307768
1.307768
1.127010
1.127010
1.393927
1.393927
1.385429
1.195941
1.385429
1.195941
1.344571
1.344571
1.364533
1.364533
1.280957
1.280957
1.068662
1.068662
1.393575
1.393575
1.136428
1.136428
1.357231
1.357231
1.336979
1.336979
1.349970
1.349970
1.245010
1.245010
1.282720
1.282720
1.368854
1.368854
1.306471
1.306471
1.215556
1.215556
1.387199
1.387199
1.284269
1.284269
1.326018
1.326018
1.318703
1.318703
1.321959
1.321959
1.273938
1.273938
1.391350
1.391350
1.389901
1.389901
1.372513
1.372513
1.234059
1.234059
1.256248
1.256248
1.180676
1.180676
1.306262
1.306262
1.369712
1.369712
1.368375
1.368375
1.201097
1.201097
1.295232
1.295232
1.260482
1.260482
1.319924
1.319924
1.326610
1.326610
1.145928
1.145928
1.282543
1.282543
1.119176
1.119176
1.282196
1.282196
1.356210
1.356210
1.383514
1.383514
1.392675
1.392675
1.372572
1.372572
1.211441
1.211441
1.139885
1.139885
1.331909
1.331909
1.384231
1.384231
1.292253
1.292253
1.203065
1.203065
1.175798
1.175798
1.341400
1.341400
1.120601
1.120601
1.393892
1.393892
1.316798
1.316798
1.373393
1.373393
1.307690
1.307690
1.261718
1.261718
1.318908
1.318908
1.200030
1.200030
1.363669
1.363669
1.397803
1.397803
1.215241
1.215241
1.396973
1.396973
1.266664
1.266664
1.303100
1.303100
1.383663
1.383663
1.312625
1.312625
1.309689
1.309689
1.392275
1.392275
1.269413
1.269413
1.394180
1.394180
1.336914
1.336914
1.396096
1.396096
1.299527
1.299527
1.302778
1.302778
1.268515
1.268515
1.269058
1.269058
1.352856
1.352856
1.213154
1.213154
1.192905
1.192905
1.321305
1.321305
1.151569
1.151569
1.330152
1.330152
1.390947
1.390947
1.203258
1.203258
1.146578
1.146578
1.128648
1.128648
1.369874
1.369874
1.329490
1.329490
1.128277
1.128277
1.353824
1.353824
1.319023
1.319023
1.393931
1.393931
1.263641
1.263641
1.307945
1.307945
1.361177
1.361177
1.286175
1.286175
1.278788
1.278788
1.139827
1.139827
1.299597
1.299597
1.397926
1.397926
1.336552
1.336552
1.300736
1.300736
1.393247
1.393247
1.394456
1.394456
1.091993
1.091993
1.357952
1.357952
1.227024
1.227024
1.377017
1.377017
1.122790
1.122790
1.255611
1.255611
1.283332
1.283332
1.360377
1.360377
1.358083
1.358083
1.363387
1.363387
1.218179
1.218179
1.261986
1.261986
1.259707
1.259707
1.352896
1.352896
1.197073
1.197073
1.050358
1.050358
1.269343
1.269343
1.311334
1.311334
1.092967
1.092967
1.056675
1.056675
1.349104
1.349104
1.335464
1.335464
1.343035
1.343035
1.271580
1.271580
1.366736
1.366736
1.297757
1.297757
1.390969
1.390969
1.069332
1.069332
1.229558
1.229558
1.251746
1.251746
1.271505
1.271505
1.117818
1.117818
1.299450
1.299450
1.378044
1.378044
1.361179
1.361179
1.273177
1.273177
1.375360
1.375360
1.220523
1.220523
1.384556
1.384556
1.181933
1.181933
1.345106
1.345106
1.373004
1.373004
1.385878
1.385878
1.352397
1.352397
1.288572
1.288572
1.332018
1.332018
1.269785
1.269785
1.355662
1.355662
1.393144
1.393144
1.357349
1.357349
1.112130
1.112130
1.238221
1.238221
1.352632
1.352632
1.341803
1.341803
1.258446
1.258446
1.387881
1.387881
1.174747
1.174747
1.256304
1.256304
1.323194
1.323194
1.381442
1.381442
1.275981
1.275981
