1.271022
1.271022
1.322663
1.322663
1.158267
1.158267
1.375131
1.375131
1.330008
1.330008
1.095570
1.095570
1.185458
1.185458
1.224450
1.224450
1.236572
1.236572
1.185591
1.178220
1.178220
1.185591
1.374026
1.374026
1.360202
1.360202
1.371827
1.371827
1.384930
1.384930
1.363478
1.363478
1.221097
1.221097
1.309689
1.309689
1.313295
1.313295
1.307314
1.307314
1.364841
1.364841
1.274136
1.274136
1.205594
1.289558
1.205594
1.289558
1.289344
1.289344
1.322405
1.322405
1.378397
1.378397
1.159242
1.159242
1.338348
1.338348
1.357778
1.339889
1.357778
1.339889
1.300729
1.300729
1.045657
1.045657
1.393451
1.393451
1.361013
1.361013
1.295781
1.295781
1.157792
1.157792
1.395605
1.328564
1.395605
1.328564
1.386849
1.386849
1.387620
1.285053
1.387620
1.285053
1.360235
1.360235
1.338102
1.338102
1.391413
1.391413
1.367153
1.367153
1.396124
1.396124
1.389442
1.389442
1.354245
1.121181
1.354245
1.121181
1.336360
1.234071
1.336360
1.234071
1.223052
1.223052
1.346007
1.346007
1.395982
1.395982
1.326908
1.326908
1.218810
1.353868
1.218810
1.353868
1.327154
1.327154
1.326961
1.326961
1.155081
1.155081
1.365369
1.365369
1.212265
1.212265
1.312780
1.312780
1.326176
1.326176
1.334822
1.334822
1.230463
1.230463
1.257069
1.257069
1.382457
1.382457
1.389196
1.389196
1.312695
1.312695
1.151106
1.151106
1.340177
1.340177
1.298844
1.298844
1.314865
1.314865
1.202500
1.202500
1.361273
1.361273
1.371422
1.371422
1.239948
1.239948
1.315239
1.315239
1.333386
1.333386
1.181367
1.181367
1.249449
1.249449
1.371087
1.371087
1.306371
1.306371
1.302339
1.302339
1.089182
1.089182
1.213181
1.213181
1.360789
1.360789
1.258679
1.258679
1.173579
1.173579
1.283278
1.283278
1.388875
1.388875
1.159418
1.159418
1.341222
1.341222
1.303523
1.303523
1.155175
1.155175
1.276654
1.276654
1.308183
1.308183
1.398811
1.390487
1.398811
1.390487
1.350629
1.350629
1.380661
1.380661
1.207883
1.207883
1.338454
1.068579
1.338454
1.068579
1.339051
1.339051
1.169919
1.169919
1.099090
1.099090
1.212659
1.212659
1.211483
1.211483
1.109619
1.109619
1.376794
1.376794
1.399481
1.399481
1.350061
1.350061
1.310290
1.310290
1.232165
1.232165
1.153073
1.153073
1.159259
1.159259
1.313976
1.388055
1.313976
1.388055
1.144487
1.144487
1.398388
1.398388
1.376426
1.376426
1.108842
1.108842
1.141985
1.141985
1.359285
1.359285
1.239059
1.239059
1.349247
1.349247
1.219239
1.219239
1.395598
1.395598
1.372190
1.372190
1.365031
1.365031
1.372166
1.372166
1.340529
1.340529
1.221649
1.221649
1.259643
1.259643
1.350595
1.350595
1.264960
1.264960
1.124925
1.124925
1.231828
1.231828
1.255388
1.255388
1.220718
1.220718
1.223852
1.223852
1.092563
1.092563
1.195836
1.195836
1.329413
1.329413
1.308573
1.308573
1.314323
1.314323
1.354633
1.354633
1.148402
1.148402
1.310509
1.310509
1.099865
1.099865
1.345623
1.345623
1.316533
1.316533
1.359228
1.359228
1.396418
1.396418
1.394810
1.394810
1.254458
1.254458
1.288071
1.288071
1.329316
1.329316
1.374774
1.374774
1.194034
1.194034
1.290489
1.290489
1.189544
1.189544
1.279064
1.279064
1.316240
1.316240
1.301921
1.301921
1.322816
1.322816
1.211836
1.211836
1.237836
1.237836
1.153853
1.153853
1.328558
1.328558
1.180910
1.180910
1.303538
1.303538
1.284424
1.284424
1.236896
1.236896
1.341368
1.341368
1.382011
1.382011
1.338169
1.338169
1.315367
1.315367
1.366721
1.366721
1.287718
1.287718
1.340541
1.340541
1.304518
1.304518
1.273655
1.273655
1.366382
1.366382
1.212988
1.212988
1.357330
1.357330
1.261591
1.261591
1.373787
1.373787
1.261411
1.261411
1.397049
1.397049
1.343201
1.343201
1.351800
1.351800
1.317731
1.317731
1.153420
1.153420
1.377832
1.377832
1.349630
1.349630
1.277021
1.277021
1.217692
1.217692
1.345490
1.345490
1.290529
1.290529
1.108633
1.108633
1.333730
1.333730
1.381794
1.381794
1.320467
1.320467
1.280924
1.280924
1.323463
1.323463
1.301156
1.301156
1.182468
1.182468
1.379670
1.379670
1.228379
1.228379
1.325244
1.325244
1.336198
1.336198
1.353023
1.353023
1.340385
1.340385
1.383435
1.383435
1.319902
1.319902
1.392287
1.392287
1.272547
1.272547
1.375831
1.375831
1.350443
1.350443
1.368591
1.368591
1.263195
1.263195
1.299724
1.299724
1.295785
1.295785
1.187845
1.187845
1.228764
1.228764
1.189730
1.189730
1.255483
1.255483
1.126754
1.126754
1.198740
1.198740
1.351317
1.351317
1.160946
1.160946
1.373417
1.373417
1.247716
1.247716
1.161364
1.161364
1.269449
1.269449
1.215391
1.215391
1.331370
1.331370
1.375819
1.375819
1.162690
1.162690
1.038849
1.038849
1.369492
1.369492
1.344554
1.344554
1.393361
1.393361
1.145780
1.145780
1.171062
1.171062
1.203913
1.203913
1.106808
1.106808
1.180091
1.180091
1.237908
1.237908
1.376930
1.376930
1.358743
1.358743
1.161947
1.161947
1.284452
1.284452
1.270701
1.270701
1.270246
1.270246
1.349740
1.349740
1.393169
1.393169
1.357495
1.357495
1.168870
1.168870
1.340586
1.340586
1.191103
1.191103
1.378777
1.378777
1.271069
1.271069
1.362042
1.362042
1.229087
1.229087
1.391051
1.391051
1.256946
1.256946
1.236411
1.236411
1.220916
1.220916
1.317804
1.317804
1.070093
1.070093
1.121426
1.121426
1.146597
1.146597
1.223213
1.223213
1.143753
1.143753
1.332080
1.332080
1.251210
1.251210
1.388615
1.388615
1.227970
1.227970
1.339036
1.339036
1.245583
1.245583
1.326802
1.326802
1.334838
1.334838
1.196945
1.196945
1.191858
1.191858
1.231216
1.231216
1.311220
1.311220
1.122387
1.122387
1.365342
1.365342
1.229582
1.229582
1.352752
1.352752
1.314404
1.314404
1.364387
1.364387
1.188071
1.188071
