1.265189
1.265189
1.387622
1.387622
1.170178
1.170178
1.042693
1.042693
1.380557
1.380557
1.357627
1.357627
1.346531
1.346531
1.048660
1.048660
1.193826
1.193826
1.222512
1.222512
1.197996
1.197996
1.344833
1.344833
1.352310
1.352310
1.089721
1.089721
1.177731
1.177731
1.229181
1.229181
1.311560
1.311560
1.320131
1.320131
1.373543
1.373543
1.328206
1.328206
1.341077
1.388597
1.341077
1.388597
1.108359
1.108359
1.204063
1.352306
1.352306
1.204063
1.176546
1.176546
1.308846
1.308846
1.235639
1.235639
1.339845
1.339845
1.324573
1.324573
1.274208
1.274208
1.343067
1.343067
1.354658
1.354658
1.291869
1.291869
1.360517
1.360517
1.352245
1.352245
1.113226
1.113226
1.359163
1.359163
1.353767
1.353767
1.374589
1.374589
1.242390
1.242390
1.275129
1.275129
1.375993
1.375993
1.342384
1.342384
1.391414
1.391414
1.178258
1.178258
1.235804
1.235804
1.135474
1.135474
1.380155
1.380155
1.057758
1.057758
1.354358
1.354358
1.315643
1.315643
1.291381
1.291381
1.197598
1.197598
1.152332
1.152332
1.259644
1.259644
1.384721
1.384721
1.309723
1.309723
1.352605
1.352605
1.132408
1.395329
1.132408
1.395329
1.157837
1.207719
1.157837
1.207719
1.384976
1.384976
1.288847
1.288847
1.177199
1.177199
1.323504
1.323504
1.375715
1.375715
1.333170
1.333170
1.265337
1.265337
1.345236
1.345236
1.228154
1.228154
1.373199
1.373199
1.359648
1.359648
1.392526
1.392526
1.185673
1.185673
1.360560
1.360560
1.163857
1.163857
1.238840
1.238840
1.256058
1.256058
1.372376
1.372376
1.181497
1.181497
1.310209
1.310209
1.269503
1.269503
1.261444
1.261444
1.083483
1.083483
1.052100
1.052100
1.368011
1.368011
1.159744
1.159744
1.148458
1.148458
1.325810
1.325810
1.209168
1.209168
1.384879
1.384879
1.269415
1.269415
1.351021
1.351021
1.337956
1.337956
1.130094
1.130094
1.315164
1.315164
1.275223
1.275223
1.313366
1.313366
1.361490
1.361490
1.386616
1.386616
1.291378
1.291378
1.291635
1.291635
1.343928
1.343928
1.293510
1.293510
1.316829
1.354595
1.354595
1.316829
1.144096
1.144096
1.368892
1.368892
1.383189
1.383189
1.072534
1.072534
1.309408
1.309408
1.137844
1.137844
1.220267
1.220267
1.340448
1.340448
1.320468
1.320468
1.303132
1.303132
1.155406
1.224315
1.224315
1.155406
1.161240
1.161240
1.316667
1.316667
1.301295
1.301295
1.170197
1.170197
1.293818
1.293818
1.313150
1.313150
1.332690
1.332690
1.126941
1.126941
1.091809
1.091809
1.395728
1.395728
1.143198
1.143198
1.285600
1.285600
1.013574
1.013574
1.179878
1.179878
1.346705
1.346705
1.281384
1.281384
1.307473
1.307473
1.302813
1.302813
1.177809
1.177809
1.398436
1.398436
1.346372
1.346372
1.356934
1.356934
1.350244
1.350244
1.351279
1.351279
1.300574
1.300574
1.381046
1.381046
1.396836
1.396836
1.328111
1.328111
1.214212
1.214212
1.359481
1.359481
1.324734
1.324734
1.343800
1.343800
1.335942
1.335942
1.259402
1.259402
1.378515
1.378515
1.271667
1.271667
1.346668
1.346668
1.386033
1.386033
1.358689
1.358689
1.359796
1.359796
1.331219
1.331219
1.322259
1.322259
1.312836
1.312836
1.062972
1.062972
1.329322
1.329322
1.057152
1.057152
1.292019
1.292019
1.245856
1.245856
1.350767
1.350767
1.370810
1.370810
1.083164
1.083164
1.156363
1.156363
1.381058
1.381058
1.129366
1.129366
1.394378
1.394378
1.244824
1.244824
1.348175
1.348175
1.393267
1.393267
1.397363
1.397363
1.262922
1.262922
1.336477
1.336477
1.291357
1.291357
1.171764
1.171764
1.157042
1.157042
1.391334
1.391334
1.166619
1.166619
1.365972
1.365972
1.341989
1.341989
1.392561
1.392561
1.266934
1.266934
1.161964
1.161964
1.313820
1.313820
1.380863
1.380863
1.391785
1.391785
1.397028
1.397028
1.348612
1.348612
1.396007
1.396007
1.389798
1.389798
1.332835
1.332835
1.369507
1.369507
1.294577
1.294577
1.331987
1.331987
1.251449
1.251449
1.305595
1.305595
1.286751
1.286751
1.345512
1.345512
1.325554
1.325554
1.380599
1.380599
1.127407
1.127407
1.336802
1.336802
1.263269
1.263269
1.242595
1.242595
1.345595
1.345595
1.067374
1.067374
1.298745
1.298745
1.368245
1.368245
1.184025
1.184025
1.346842
1.346842
1.229486
1.229486
1.253632
1.253632
1.262110
1.262110
1.234348
1.234348
1.347991
1.347991
1.306432
1.306432
1.311166
1.311166
1.313469
1.313469
1.370772
1.370772
1.392940
1.392940
1.162699
1.162699
1.352262
1.352262
1.256247
1.256247
1.337688
1.337688
1.113158
1.113158
1.280088
1.280088
1.399639
1.399639
1.302320
1.302320
1.319087
1.319087
1.185248
1.185248
1.377551
1.377551
1.287280
1.287280
1.339643
1.339643
1.312164
1.312164
1.396401
1.396401
1.187954
1.187954
1.285855
1.285855
1.247060
1.247060
1.353167
1.353167
1.307190
1.307190
1.368914
1.368914
1.379890
1.379890
1.224508
1.224508
1.213088
1.213088
1.262318
1.262318
1.140358
1.140358
1.236375
1.236375
1.334130
1.334130
1.168549
1.168549
1.395935
1.395935
1.361651
1.361651
1.133950
1.133950
1.169143
1.169143
1.376956
1.376956
1.379083
1.379083
1.115129
1.115129
1.395748
1.395748
1.355585
1.355585
1.154917
1.154917
1.174611
1.174611
1.242511
1.242511
1.337487
1.337487
1.211909
1.211909
1.393355
1.393355
1.298852
1.298852
1.292931
1.292931
1.136508
1.136508
1.355935
1.355935
1.211182
1.211182
1.336697
1.336697
1.169075
1.169075
1.241912
1.241912
1.273956
1.273956
1.070722
1.070722
1.274688
1.274688
1.398013
1.398013
1.326989
1.326989
1.255799
1.255799
1.396513
1.396513
1.252969
1.252969
1.358948
1.358948
1.372146
1.372146
1.253444
1.253444
1.115774
1.115774
1.356799
1.356799
1.124243
1.124243
1.275688
1.275688
1.396141
1.396141
1.374136
1.374136
1.256347
1.256347
1.131149
1.272453
1.131149
1.272453
1.233333
1.233333
1.220958
1.220958
1.250997
1.250997
1.387770
1.387770
1.392263
1.392263
1.237818
1.237818
1.361215
1.361215
1.358311
1.358311
1.173587
1.173587
1.133343
1.133343
1.261901
1.261901
1.255798
1.255798
1.279517
1.279517
1.387261
1.387261
1.329786
1.329786
1.135981
1.135981
1.396479
1.396479
1.375656
1.375656
1.230891
1.230891
1.387754
1.387754
1.235003
1.235003
1.368188
1.368188
1.345917
1.345917
1.347887
1.347887
1.379701
1.379701
1.367506
1.367506
1.192830
1.192830
1.313312
1.313312
1.273727
1.273727
1.202240
1.202240
1.222587
1.222587
1.307780
1.307780
1.217386
1.217386
1.319489
1.319489
1.234663
1.234663
1.328518
1.328518
1.320132
1.320132
1.338873
1.338873
1.177855
1.177855
1.307744
1.307744
1.137033
1.137033
1.294790
1.294790
1.338184
1.338184
1.341337
1.341337
1.319157
1.319157
1.188899
1.188899
1.267586
1.267586
1.238178
1.238178
1.259511
1.259511
1.184503
1.184503
1.385915
1.385915
1.355975
1.355975
1.252733
1.252733
1.296798
1.296798
1.256245
1.256245
1.392264
1.392264
1.288992
1.288992
1.179731
1.179731
1.127561
1.127561
1.248494
1.248494
1.361308
1.361308
1.392033
1.392033
1.273255
1.273255
1.370206
1.370206
1.206185
1.206185
1.297548
1.297548
1.324602
1.324602
1.353553
1.353553
1.364461
1.364461
1.330928
1.330928
1.242846
1.242846
1.350019
1.350019
1.295402
1.295402
1.291678
1.291678
1.325708
1.325708
