1.302221
1.302221
1.115156
1.115156
1.181517
1.181517
1.250349
1.250349
1.152130
1.152130
1.338489
1.338489
1.196266
1.196266
1.293398
1.293398
1.359311
1.359311
1.234043
1.234043
1.369904
1.369904
1.243016
1.243016
1.360431
1.360431
1.363407
1.363407
1.174165
1.174165
1.288696
1.288696
1.374782
1.374782
1.248837
1.248837
1.255417
1.255417
1.390060
1.390060
1.288981
1.288981
1.360599
1.360599
1.380463
1.380463
1.375824
1.375824
1.355867
1.355867
1.115063
1.115063
1.389666
1.389666
1.279940
1.279940
1.254452
1.254452
1.383711
1.383711
1.302298
1.302298
1.340671
1.340671
1.279088
1.279088
1.344565
1.344565
1.358407
1.358407
1.282590
1.282590
1.357771
1.357771
1.246184
1.246184
1.325786
1.325786
1.219170
1.219170
1.237166
1.237166
1.370723
1.370723
1.370099
1.370099
1.143975
1.143975
1.333336
1.333336
1.124789
1.124789
1.152427
1.152427
1.387583
1.387583
1.398065
1.398065
1.200019
1.200019
1.375025
1.375025
1.328998
1.328998
1.374474
1.374474
1.290311
1.290311
1.201272
1.201272
1.287812
1.287812
1.134105
1.134105
1.295868
1.295868
1.378435
1.378435
1.174186
1.174186
1.284446
1.284446
1.259870
1.259870
1.373292
1.373292
1.234570
1.234570
1.295275
1.295275
1.386230
1.386230
1.330383
1.330383
1.285864
1.285864
1.152590
1.152590
1.187963
1.187963
1.267367
1.267367
1.186836
1.186836
1.379464
1.379464
1.121646
1.121646
1.259779
1.259779
1.333277
1.333277
1.342244
1.128664
1.342244
1.128664
1.366566
1.366566
1.281677
1.281677
1.351190
1.351190
1.239479
1.239479
1.294556
1.294556
1.189201
1.189201
1.368816
1.368816
1.209630
1.209630
1.259633
1.259633
1.354643
1.354643
1.216761
1.216761
1.313536
1.313536
1.307178
1.307178
1.139925
1.266218
1.139925
1.266218
1.393834
1.393834
1.191828
1.398603
1.191828
1.398603
1.368589
1.368589
1.260948
1.260948
1.309093
1.309093
1.367267
1.367267
1.367793
1.367793
1.387871
1.387871
1.368471
1.368471
1.318340
1.352510
1.318340
1.352510
1.290406
1.290406
1.391546
1.391546
1.251749
1.251749
1.215152
1.215152
1.380320
1.380320
1.340606
1.394798
1.340606
1.394798
1.271975
1.271975
1.354264
1.354264
1.261266
1.261266
1.305922
1.305922
1.396407
1.396407
1.325530
1.325530
1.358911
1.358911
1.343613
1.343613
1.374518
1.374518
1.131474
1.131474
1.239077
1.124700
1.239077
1.124700
1.370868
1.370868
1.394029
1.394029
1.181053
1.181053
1.297605
1.297605
1.386961
1.386961
1.068875
1.068875
1.355550
1.355550
1.397293
1.397293
1.202565
1.202565
1.293923
1.293923
1.381206
1.381206
1.391414
1.391414
1.197177
1.197177
1.246086
1.246086
1.062755
1.062755
1.235302
1.235302
1.121925
1.121925
1.393477
1.393477
1.306628
1.306628
1.308583
1.308583
1.373669
1.373669
1.309500
1.309500
1.366308
1.366308
1.231092
1.231092
1.261426
1.261426
1.382604
1.382604
1.334064
1.334064
1.293164
1.293164
1.341130
1.341130
1.199150
1.322221
1.199150
1.322221
1.161119
1.161119
1.103459
1.103459
1.282863
1.282863
1.164716
1.164716
1.396500
1.396500
1.383956
1.383956
1.395822
1.395822
1.354189
1.354189
1.311914
1.311914
1.374104
1.374104
1.362174
1.362174
1.230749
1.230749
1.092784
1.092784
1.186091
1.186091
1.273533
1.273533
1.122158
1.122158
1.391959
1.391959
1.372012
1.372012
1.308426
1.308426
1.327837
1.327837
1.167750
1.167750
1.136109
1.136109
1.367463
1.367463
1.255611
1.255611
1.179195
1.179195
1.371430
1.371430
1.347065
1.347065
1.374739
1.374739
1.191942
1.191942
1.130696
1.130696
1.325873
1.325873
1.266379
1.266379
1.088384
1.088384
1.244097
1.244097
1.383405
1.383405
1.280098
1.280098
1.283933
1.283933
1.269792
1.269792
1.333369
1.333369
1.367226
1.367226
1.238359
1.238359
1.132998
1.132998
1.311826
1.311826
1.244927
1.244927
1.353612
1.353612
1.110378
1.110378
1.170937
1.170937
1.392457
1.392457
1.367324
1.367324
1.214579
1.214579
1.234417
1.234417
1.315431
1.315431
1.361499
1.361499
1.192995
1.192995
1.266917
1.266917
1.334081
1.334081
1.139865
1.318549
1.318549
1.139865
1.358996
1.358996
1.211828
1.211828
1.389244
1.389244
1.368511
1.368511
1.109871
1.109871
1.389192
1.389192
1.393324
1.393324
1.272819
1.272819
1.332109
1.332109
1.318259
1.318259
1.369908
1.369908
1.333528
1.333528
1.150487
1.150487
1.057175
1.057175
1.170069
1.170069
1.181364
1.181364
1.295364
1.295364
1.221973
1.265989
1.221973
1.265989
1.261644
1.261644
1.190814
1.190814
1.332561
1.332561
1.264449
1.264449
1.326128
1.326128
1.268850
1.268850
1.216735
1.216735
1.235469
1.235469
1.321094
1.321094
1.323190
1.323190
1.308646
1.308646
1.297226
1.297226
1.345497
1.345497
1.033009
1.033009
1.239134
1.239134
1.385753
1.385753
1.100635
1.100635
1.143365
1.143365
1.318121
1.318121
1.314191
1.314191
1.300538
1.300538
1.380740
1.380740
1.289080
1.289080
1.391494
1.391494
1.197263
1.197263
1.283450
1.283450
1.317985
1.317985
1.178545
1.178545
1.199017
1.199017
1.395535
1.395535
1.221493
1.221493
1.360441
1.360441
1.279490
1.279490
1.247376
1.247376
1.205587
1.205587
1.179382
1.179382
1.343016
1.343016
1.337887
1.337887
1.373938
1.373938
1.377242
1.377242
1.271801
1.271801
1.276458
1.276458
1.351618
1.351618
1.306892
1.306892
1.253809
1.253809
1.387945
1.387945
1.320048
1.320048
1.268594
1.268594
1.147672
1.147672
1.238027
1.238027
1.301210
1.301210
1.383413
1.383413
1.305340
1.305340
1.206440
1.206440
1.261802
1.261802
1.325373
1.325373
1.313946
1.313946
1.387673
1.387673
1.035472
1.035472
1.388940
1.388940
1.393698
1.393698
1.220234
1.220234
1.258096
1.258096
1.281433
1.281433
1.361786
1.361786
1.365012
1.365012
1.340995
1.340995
1.157834
1.157834
1.203367
1.203367
1.237832
1.237832
1.374802
1.374802
1.255173
1.255173
1.106781
1.106781
1.093138
1.093138
1.319890
1.319890
1.398633
1.398633
1.323707
1.323707
1.168060
1.168060
1.397671
1.397671
1.372422
1.372422
1.157430
1.157430
1.393736
1.393736
1.288883
1.288883
1.274813
1.274813
1.347982
1.347982
1.234556
1.234556
1.383608
1.383608
1.295557
1.295557
1.387114
1.387114
1.089894
1.089894
1.397260
1.397260
1.099817
1.099817
1.135722
1.135722
1.352944
1.352944
1.132035
1.132035
1.080194
1.080194
1.094534
1.094534
1.170467
1.170467
1.058242
1.058242
1.166639
1.166639
1.204899
1.204899
1.361852
1.361852
1.310977
1.310977
1.399731
1.399731
1.396888
1.396888
1.319702
1.319702
1.381921
1.381921
1.275421
1.275421
1.163008
1.163008
1.223413
1.223413
1.396485
1.396485
1.067612
1.067612
1.253397
1.253397
1.254753
1.254753
1.372099
1.372099
1.309989
1.309989
1.249024
1.249024
1.337535
1.337535
1.267730
1.267730
1.251129
1.251129
1.360003
1.360003
1.089051
1.089051
1.387056
1.387056
1.216833
1.216833
1.358924
1.358924
1.240326
1.240326
1.056504
1.056504
1.356771
1.356771
1.394891
1.394891
1.170010
1.170010
1.326353
1.326353
1.184631
1.184631
1.201074
1.201074
1.213089
1.213089
1.321259
1.321259
1.398458
1.398458
1.380846
1.380846
1.337944
1.337944
1.376891
1.376891
1.145968
1.145968
1.308958
1.308958
