1.323019
1.323019
1.284125
1.284125
1.251927
1.251927
1.256066
1.256066
1.172635
1.172635
1.374864
1.374864
1.102060
1.102060
1.309553
1.359915
1.309553
1.359915
1.282775
1.282775
1.275377
1.275377
1.258055
1.304062
1.258055
1.304062
1.192263
1.192263
1.249424
1.249424
1.326861
1.326861
1.252372
1.252372
1.173541
1.173541
1.367230
1.367230
1.244227
1.244227
1.151436
1.151436
1.293875
1.319709
1.293875
1.319709
1.294494
1.294494
1.273214
1.273214
1.213844
1.213844
1.175696
1.175696
1.271017
1.218958
1.218958
1.271017
1.083470
1.083470
1.262899
1.262899
1.393938
1.393938
1.342056
1.342056
1.369126
1.274028
1.274028
1.369126
1.341365
1.341365
1.244730
1.244730
1.381948
1.381948
1.172354
1.172354
1.289505
1.289505
1.117666
1.117666
1.360565
1.360565
1.289369
1.289369
1.372271
1.372271
1.336117
1.336117
1.386199
1.386199
1.156368
1.156368
1.355290
1.355290
1.060078
1.060078
1.254537
1.254537
1.246331
1.246331
1.318517
1.090930
1.090930
1.318517
1.342870
1.342870
1.325020
1.325020
1.294292
1.294292
1.284226
1.284226
1.258207
1.258207
1.322095
1.322095
1.286410
1.286410
1.356742
1.350138
1.350138
1.356742
1.335137
1.335137
1.399267
1.399267
1.309793
1.309793
1.279166
1.279166
1.232999
1.232999
1.188142
1.188142
1.166187
1.166187
1.290341
1.290341
1.249099
1.383775
1.383775
1.249099
1.197275
1.197275
1.069707
1.069707
1.374659
1.374659
1.281359
1.281359
1.330731
1.330731
1.285704
1.285704
1.275796
1.275796
1.329251
1.365498
1.365498
1.329251
1.158692
1.158692
1.356708
1.356708
1.274787
1.274787
1.282013
1.282013
1.315670
1.315670
1.398562
1.398562
1.320973
1.320973
1.325330
1.325330
1.369057
1.369057
1.160045
1.160045
1.265876
1.265876
1.147956
1.147956
1.049510
1.049510
1.374590
1.374590
1.035566
1.035566
1.060781
1.060781
1.241100
1.241100
1.245491
1.245491
1.122478
1.122478
1.196270
1.196270
1.368295
1.368295
1.158240
1.158240
1.332500
1.332500
1.287481
1.287481
1.309607
1.309607
1.376188
1.376188
1.308957
1.308957
1.137298
1.137298
1.221287
1.221287
1.223093
1.223093
1.263037
1.263037
1.333318
1.333318
1.336220
1.336220
1.396354
1.396354
1.036024
1.036024
1.226975
1.226975
1.345770
1.345770
1.375538
1.375538
1.356042
1.356042
1.128470
1.128470
1.307666
1.307666
1.377514
1.377514
1.236949
1.236949
1.233294
1.233294
1.313363
1.313363
1.155730
1.155730
1.184257
1.184257
1.399457
1.399457
1.304746
1.304746
1.361364
1.361364
1.355046
1.355046
1.252048
1.252048
1.151238
1.151238
1.280840
1.280840
1.383635
1.383635
1.387236
1.387236
1.376192
1.376192
1.198449
1.198449
1.086111
1.086111
1.246372
1.246372
1.304092
1.304092
1.300958
1.300958
1.185269
1.185269
1.331204
1.331204
1.393967
1.393967
1.305695
1.305695
1.354239
1.354239
1.363716
1.363716
1.188558
1.188558
1.301496
1.301496
1.158534
1.158534
1.040217
1.040217
1.092717
1.092717
1.335880
1.335880
1.216625
1.216625
1.393324
1.393324
1.092346
1.092346
1.303378
1.303378
1.343757
1.343757
1.362245
1.362245
1.327098
1.327098
1.142210
1.142210
1.313931
1.313931
1.374234
1.374234
1.375646
1.375646
1.181779
1.181779
1.373102
1.373102
1.324893
1.324893
1.235797
1.235797
1.222782
1.222782
1.245458
1.245458
1.318931
1.318931
1.287980
1.287980
1.370929
1.380198
1.370929
1.380198
1.350029
1.350029
1.193319
1.193319
1.044319
1.044319
1.349113
1.349113
1.378561
1.378561
1.386512
1.386512
1.353516
1.353516
1.221770
1.221770
1.337923
1.337923
1.266132
1.266132
1.372184
1.372184
1.397262
1.397262
1.006465
1.006465
1.284140
1.284140
1.148975
1.148975
1.159050
1.159050
1.276451
1.276451
1.241627
1.241627
1.166817
1.166817
1.081976
1.081976
1.181747
1.181747
1.124124
1.124124
1.107952
1.107952
1.089454
1.089454
1.166104
1.166104
1.365420
1.365420
1.293072
1.293072
1.214051
1.214051
1.368351
1.368351
1.152843
1.152843
1.370926
1.370926
1.312891
1.312891
1.398953
1.398953
1.250235
1.250235
1.334699
1.334699
1.269964
1.269964
1.339121
1.339121
1.377969
1.377969
1.182954
1.182954
1.268936
1.268936
1.355610
1.355610
1.212181
1.212181
1.179645
1.179645
1.209361
1.209361
1.376047
1.376047
1.034473
1.034473
1.331546
1.331546
1.362392
1.362392
1.290499
1.290499
1.164442
1.209311
1.209311
1.164442
1.225076
1.225076
1.151730
1.151730
1.225746
1.225746
1.253758
1.253758
1.219712
1.219712
1.389647
1.389647
1.274864
1.274864
1.335481
1.335481
1.219725
1.219725
1.300223
1.300223
1.132417
1.132417
1.124597
1.124597
1.290248
1.290248
1.393253
1.393253
1.349354
1.349354
1.331194
1.331194
1.372322
1.372322
1.131277
1.131277
1.333911
1.333911
1.225242
1.225242
1.363689
1.363689
1.317091
1.317091
1.168779
1.168779
1.188977
1.188977
1.353920
1.353920
1.260882
1.260882
1.337438
1.337438
1.244442
1.244442
1.318690
1.318690
1.391108
1.391108
1.345957
1.345957
1.238879
1.238879
1.302556
1.302556
1.383464
1.383464
1.342876
1.342876
1.371880
1.371880
1.396785
1.396785
1.354813
1.354813
1.319434
1.319434
1.282355
1.282355
1.352692
1.352692
1.398879
1.398879
1.387922
1.387922
1.285593
1.285593
1.275307
1.275307
1.383707
1.383707
1.370065
1.370065
1.129734
1.129734
1.383155
1.383155
1.215514
1.215514
1.114689
1.114689
1.296668
1.296668
1.344653
1.344653
1.120357
1.120357
1.202099
1.202099
1.315031
1.315031
1.359105
1.359105
1.214823
1.214823
1.398923
1.398923
1.304907
1.304907
1.365453
1.365453
1.228794
1.228794
1.342180
1.342180
1.357242
1.357242
1.349179
1.349179
1.259227
1.281431
1.259227
1.281431
1.005877
1.005877
1.142924
1.142924
1.335340
1.335340
1.387921
1.387921
1.071898
1.071898
1.323807
1.323807
1.265423
1.265423
1.245189
1.245189
1.348728
1.348728
1.320614
1.320614
1.247682
1.247682
1.267479
1.267479
1.340654
1.340654
1.364563
1.364563
1.382985
1.382985
1.384564
1.384564
1.267886
1.267886
1.386125
1.386125
