1.390892
1.390892
1.241649
1.241649
1.345871
1.345871
1.353320
1.353320
1.285488
1.285488
1.175082
1.175082
1.237012
1.237012
1.192011
1.356530
1.192011
1.356530
1.364356
1.364356
1.342044
1.342044
1.155580
1.155580
1.219714
1.219714
1.160032
1.160032
1.179821
1.179821
1.282986
1.282986
1.333628
1.333628
1.108921
1.108921
1.088864
1.088864
1.356752
1.356752
1.346560
1.346560
1.354149
1.394624
1.394624
1.354149
1.207550
1.207550
1.117822
1.117822
1.284604
1.284604
1.081306
1.361619
1.081306
1.361619
1.079073
1.079073
1.305125
1.305125
1.365090
1.365090
1.370712
1.370712
1.343682
1.343682
1.359675
1.359675
1.215580
1.215580
1.299011
1.299011
1.238905
1.238905
1.291861
1.291861
1.271582
1.271582
1.150882
1.150882
1.359139
1.359139
1.390848
1.236987
1.236987
1.390848
1.238055
1.238055
1.340782
1.340782
1.373880
1.373880
1.376853
1.376853
1.371123
1.371123
1.261219
1.261219
1.332318
1.332318
1.203224
1.203224
1.346431
1.346431
1.358407
1.358407
1.235712
1.235712
1.217797
1.217797
1.384178
1.384178
1.393184
1.393184
1.243774
1.243774
1.342358
1.342358
1.238405
1.238405
1.312407
1.312407
1.224412
1.224412
1.237146
1.237146
1.331695
1.331695
1.319096
1.319096
1.266835
1.266835
1.398717
1.398717
1.373490
1.373490
1.265517
1.265517
1.203802
1.203802
1.297061
1.284411
1.297061
1.284411
1.376631
1.376631
1.376226
1.376226
1.101333
1.101333
1.219025
1.261636
1.219025
1.261636
1.346466
1.346466
1.228009
1.228009
1.347929
1.347929
1.051250
1.051250
1.305114
1.305114
1.345146
1.345146
1.388789
1.388789
1.364997
1.390330
1.364997
1.390330
1.368000
1.368000
1.393756
1.393756
1.284487
1.284487
1.221731
1.221731
1.292595
1.292595
1.334511
1.334511
1.373203
1.373203
1.399639
1.399639
1.342652
1.342652
1.256798
1.256798
1.388862
1.388862
1.356594
1.356594
1.383818
1.383818
1.236252
1.236252
1.234190
1.234190
1.352384
1.352384
1.318333
1.318333
1.326463
1.326463
1.261484
1.261484
1.294444
1.294444
1.240046
1.240046
1.213556
1.213556
1.374154
1.374154
1.304914
1.304914
1.103615
1.311297
1.103615
1.311297
1.161463
1.161463
1.311942
1.311942
1.307560
1.307560
1.098751
1.098751
1.239458
1.239458
1.381167
1.381167
1.264357
1.264357
1.389825
1.389825
1.227805
1.227805
1.118570
1.118570
1.317573
1.317573
1.236990
1.236990
1.278658
1.278658
1.124345
1.124345
1.397223
1.397223
1.069959
1.069959
1.318779
1.318779
1.286238
1.286238
1.371422
1.371422
1.365103
1.365103
1.298839
1.298839
1.255109
1.255109
1.362111
1.337798
1.362111
1.337798
1.388081
1.388081
1.246905
1.246905
1.063669
1.063669
1.319254
1.319254
1.297447
1.297447
1.349140
1.349140
1.098482
1.098482
1.224784
1.224784
1.160172
1.160172
1.158816
1.158816
1.096740
1.096740
1.354528
1.354528
1.312347
1.312347
1.158529
1.158529
1.174293
1.174293
1.278226
1.278226
1.313612
1.330208
1.330208
1.313612
1.395390
1.395390
1.248564
1.358078
1.358078
1.248564
1.182753
1.182753
1.116934
1.116934
1.041671
1.041671
1.323593
1.323593
1.167215
1.167215
1.386192
1.386192
1.201401
1.201401
1.263077
1.263077
1.333143
1.333143
1.370982
1.370982
1.341676
1.341676
1.338916
1.338916
1.260593
1.260593
1.312225
1.312225
1.208137
1.208137
1.396655
1.396655
1.388657
1.388657
1.183303
1.183303
1.225527
1.394561
1.394561
1.225527
1.379440
1.379440
1.365764
1.365764
1.186546
1.186546
1.350835
1.350835
1.095473
1.314169
1.095473
1.314169
1.261509
1.261509
1.141663
1.141663
1.384237
1.384237
1.325895
1.325895
1.314818
1.314818
1.295723
1.295723
1.359451
1.359451
1.229472
1.229472
1.382967
1.382967
1.279649
1.279649
1.158461
1.158461
1.370012
1.370012
1.260879
1.260879
1.229800
1.229800
1.240598
1.240598
1.373324
1.373324
1.339854
1.339854
1.284621
1.284621
1.245964
1.245964
1.272993
1.272993
1.357289
1.357289
1.319332
1.319332
1.145778
1.145778
1.274704
1.274704
1.293661
1.293661
1.397454
1.397454
1.356090
1.356090
1.078402
1.078402
1.273933
1.273933
1.252450
1.252450
1.201621
1.201621
1.368382
1.368382
1.278274
1.278274
1.128332
1.128332
1.327417
1.327417
1.359617
1.359617
1.277822
1.277822
1.251956
1.251956
1.376771
1.376771
1.271548
1.271548
1.347521
1.347521
1.374797
1.374797
1.365019
1.365019
1.142440
1.142440
1.284061
1.284061
1.368559
1.368559
1.175881
1.175881
1.207086
1.207086
1.381141
1.381141
1.229236
1.229236
1.107789
1.107789
1.296871
1.296871
1.273999
1.391765
1.273999
1.391765
1.222554
1.222554
1.255687
1.255687
1.298141
1.298141
1.359605
1.359605
1.387008
1.387008
1.303531
1.303531
1.235739
1.235739
1.343900
1.343900
1.285699
1.285699
1.344023
1.344023
1.332107
1.332107
1.312759
1.312759
1.325297
1.325297
1.318647
1.318647
1.015651
1.015651
1.360717
1.360717
1.272265
1.272265
1.386916
1.386916
1.370419
1.370419
1.370603
1.231689
1.231689
1.370603
1.279088
1.279088
1.248132
1.248132
1.127337
1.127337
1.227860
1.227860
1.315510
1.306667
1.315510
1.306667
1.293093
1.293093
1.287040
1.287040
1.206463
1.206463
1.380459
1.380459
1.222177
1.222177
1.300000
1.300000
1.284661
1.284661
1.271820
1.271820
1.346123
1.346123
1.376775
1.376775
1.372020
1.372020
1.353045
1.353045
1.158323
1.158323
1.332144
1.332144
