1.115020
1.115020
1.163010
1.163010
1.252892
1.252892
1.381495
1.381495
1.278086
1.278086
1.355949
1.355949
1.359298
1.359298
1.185658
1.185658
1.305765
1.305765
1.280215
1.243979
1.243979
1.280215
1.107610
1.107610
1.351176
1.351176
1.309295
1.309295
1.146953
1.393965
1.146953
1.393965
1.214601
1.214601
1.364505
1.364505
1.120096
1.323963
1.306868
1.306868
1.323963
1.120096
1.128206
1.153944
1.128206
1.153944
1.285545
1.285545
1.198815
1.198815
1.358733
1.358733
1.395364
1.395364
1.189769
1.189769
1.277278
1.277278
1.387117
1.387117
1.310540
1.335075
1.335075
1.310540
1.356423
1.356423
1.362583
1.362583
1.294169
1.290766
1.290766
1.294169
1.266700
1.243272
1.266700
1.243272
1.269081
1.269081
1.364806
1.364806
1.314531
1.314531
1.302241
1.302241
1.365793
1.365793
1.335715
1.335715
1.319976
1.319976
1.237676
1.237676
1.294726
1.291458
1.291458
1.294726
1.096315
1.096315
1.380892
1.380892
1.125800
1.125800
1.143854
1.143854
1.224373
1.224373
1.120282
1.120282
1.250341
1.250341
1.365391
1.365391
1.218039
1.218039
1.017946
1.017946
1.375660
1.375660
1.363855
1.363855
1.107943
1.107943
1.166565
1.166565
1.274397
1.274397
1.228206
1.228206
1.293957
1.293957
1.321639
1.321639
1.157179
1.157179
1.366878
1.366878
1.298587
1.298587
1.338610
1.338610
1.206266
1.206266
1.301745
1.294196
1.294196
1.301745
1.309109
1.108530
1.309109
1.108530
1.376463
1.376463
1.355978
1.355978
1.391816
1.391816
1.295943
1.295943
1.330744
1.330744
1.377330
1.377330
1.284307
1.284307
1.301283
1.301283
1.321756
1.321756
1.374303
1.374303
1.399162
1.399162
1.315549
1.315549
1.126668
1.126668
1.184652
1.184652
1.365313
1.330597
1.330597
1.365313
1.175638
1.175638
1.397201
1.397201
1.216123
1.216123
1.169960
1.169960
1.168251
1.168251
1.170727
1.170727
1.270624
1.270624
1.358106
1.358106
1.332690
1.332690
1.368963
1.368963
1.363041
1.254701
1.363041
1.254701
1.207364
1.207364
1.105836
1.105836
1.291132
1.291132
1.098312
1.098312
1.314544
1.314544
1.167774
1.167774
1.296680
1.296680
1.183382
1.183382
1.186257
1.186257
1.260285
1.260285
1.375123
1.375123
1.322901
1.322901
1.351827
1.351827
1.357284
1.357284
1.208996
1.208996
1.372917
1.196207
1.372917
1.196207
1.204549
1.204549
1.388901
1.388901
1.225650
1.225650
1.234988
1.234988
1.075977
1.075977
1.104062
1.104062
1.375075
1.375075
1.273044
1.273044
1.249545
1.249545
1.245850
1.245850
1.261985
1.261985
1.393786
1.393786
1.291255
1.218122
1.291255
1.218122
1.298672
1.298672
1.371012
1.371012
1.318820
1.318820
1.378899
1.378899
1.251130
1.251130
1.290405
1.290405
1.351334
1.084163
1.084163
1.351334
1.124175
1.124175
1.224446
1.224446
1.122837
1.122837
1.340361
1.340361
1.348991
1.348991
1.387324
1.387324
1.062759
1.062759
1.389385
1.389385
1.355914
1.355914
1.279277
1.279277
1.358751
1.358751
1.182431
1.182431
1.322125
1.132142
1.322125
1.132142
1.329582
1.329582
1.384138
1.384138
1.389466
1.389466
1.213589
1.213589
1.287256
1.287256
1.040789
1.040789
1.331253
1.331253
1.272789
1.272789
1.391761
1.391761
1.307892
1.307892
1.234333
1.234333
1.272969
1.272969
1.186239
1.186239
1.325196
1.325196
1.346033
1.346033
1.376372
1.376372
1.273090
1.273090
1.333432
1.333432
1.312903
1.312903
1.330396
1.330396
1.190853
1.190853
1.359454
1.359454
1.351941
1.351941
1.396200
1.396200
1.256144
1.256144
1.217664
1.217664
1.222392
1.222392
1.297820
1.297820
1.369707
1.368680
1.369707
1.368680
1.285565
1.285565
1.121927
1.121927
1.135209
1.135209
1.212181
1.212181
1.359576
1.344933
1.359576
1.344933
1.349585
1.349585
1.366891
1.366891
1.301307
1.301307
1.388173
1.256062
1.388173
1.256062
1.305793
1.305793
1.307414
1.307414
1.310015
1.310015
1.096527
1.096527
1.342473
1.342473
1.194956
1.194956
1.304131
1.304131
1.247926
1.247926
1.395822
1.395822
1.367239
1.367239
1.081179
1.081179
1.187809
1.187809
1.301970
1.301970
1.239325
1.239325
1.331243
1.331243
1.334472
1.334472
1.280110
1.280110
1.377692
1.377692
1.069121
1.069121
1.345244
1.345244
1.345023
1.345023
1.263565
1.263565
1.372068
1.372068
1.254311
1.254311
1.379465
1.379465
1.236215
1.236215
1.281687
1.281687
1.363383
1.363383
1.384485
1.384485
1.346386
1.346386
1.354715
1.354715
1.268564
1.268564
1.273845
1.273845
1.348337
1.348337
1.129299
1.129299
1.312818
1.312818
1.390498
1.390498
1.218197
1.218197
1.384562
1.384562
1.362379
1.362379
1.292739
1.292739
1.166840
1.166840
1.200188
1.200188
1.235250
1.235250
1.296009
1.296009
1.330298
1.330298
1.123331
1.123331
1.277796
1.277796
1.221664
1.221664
1.292355
1.292355
1.261730
1.261730
1.337567
1.337567
1.392777
1.392777
1.340973
1.340973
1.058845
1.058845
1.273902
1.273902
1.383241
1.383241
1.164073
1.164073
1.148357
1.148357
1.321346
1.321346
1.069872
1.069872
1.391210
1.391210
1.389755
1.389755
1.295079
1.295079
1.185133
1.185133
1.282415
1.282415
1.361645
1.361645
1.235935
1.235935
1.351943
1.351943
1.327499
1.327499
1.288022
1.288022
1.184276
1.184276
1.388633
1.388633
1.328935
1.328935
1.331377
1.331377
1.358277
1.358277
1.391137
1.391137
1.339009
1.339009
1.247681
1.247681
1.381336
1.381336
1.381966
1.381966
1.234109
1.234109
1.366368
1.366368
1.204467
1.204467
1.246856
1.246856
1.017102
1.017102
1.348889
1.348889
1.388097
1.388097
1.371048
1.371048
1.247759
1.247759
1.355876
1.355876
1.337897
1.337897
1.337332
1.337332
1.330645
1.330645
1.384106
1.384106
1.288635
1.288635
1.228948
1.228948
1.212518
1.212518
1.369530
1.369530
1.376591
1.376591
1.349596
1.349596
1.394336
1.394336
1.346144
1.346144
1.335677
1.335677
1.328913
1.328913
1.366668
1.366668
1.225328
1.225328
1.368908
1.368908
1.197454
1.197454
1.356262
1.356262
1.356171
1.356171
1.384438
1.384438
1.311339
1.311339
1.127297
1.127297
1.304162
1.304162
1.353269
1.353269
1.392217
1.392217
1.325492
1.325492
1.299094
1.299094
1.333688
1.333688
1.172248
1.172248
1.168923
1.168923
1.372249
1.372249
1.320191
1.320191
1.347966
1.347966
1.265309
1.265309
1.396455
1.396455
1.391352
1.391352
1.357671
1.357671
1.298821
1.298821
1.294721
1.294721
1.271913
1.271913
1.180685
1.180685
1.297511
1.297511
1.183255
1.183255
1.142149
1.142149
1.375298
1.375298
1.350334
1.350334
1.315468
1.315468
1.261659
1.261659
1.098947
1.098947
1.248624
1.248624
1.295242
1.295242
1.318953
1.318953
1.154317
1.154317
1.264269
1.264269
1.246451
1.246451
1.244707
1.244707
