1.179354
1.179354
1.392995
1.392995
1.028755
1.028755
1.255437
1.255437
1.276969
1.276969
1.314742
1.314742
1.318605
1.318605
1.214215
1.214215
1.322338
1.322338
1.173673
1.173673
1.399032
1.399032
1.371444
1.371444
1.222331
1.222331
1.354431
1.354431
1.210075
1.210075
1.276214
1.276214
1.361732
1.361732
1.299497
1.299497
1.324545
1.324545
1.388763
1.388763
1.146060
1.146060
1.287564
1.287564
1.261020
1.261020
1.156112
1.156112
1.237071
1.237071
1.140618
1.140618
1.360301
1.184543
1.184543
1.360301
1.311464
1.311464
1.275843
1.275843
1.333778
1.333778
1.237357
1.116592
1.116592
1.237357
1.290243
1.290243
1.318830
1.228292
1.228292
1.318830
1.376931
1.376931
1.125922
1.125922
1.314104
1.314104
1.229748
1.229748
1.382155
1.382155
1.332499
1.332499
1.357437
1.357437
1.321168
1.321168
1.270545
1.270545
1.314446
1.314446
1.363705
1.363705
1.237178
1.237178
1.375807
1.375807
1.377249
1.377249
1.294416
1.294416
1.276191
1.397850
1.397850
1.276191
1.357006
1.357006
1.201073
1.201073
1.333029
1.333029
1.233425
1.233425
1.230442
1.230442
1.268244
1.268244
1.023178
1.023178
1.315283
1.315283
1.321590
1.321590
1.374597
1.351938
1.351938
1.374597
1.203450
1.203450
1.115352
1.115352
1.221645
1.221645
1.194715
1.194715
1.160233
1.353488
1.353488
1.160233
1.348101
1.348101
1.172261
1.172261
1.364585
1.364585
1.231598
1.231598
1.238220
1.238220
1.381042
1.381042
1.260461
1.260461
1.231326
1.231326
1.313322
1.313322
1.143131
1.143131
1.057802
1.057802
1.049590
1.049590
1.352234
1.352234
1.252118
1.252118
1.053886
1.053886
1.223503
1.223503
1.303964
1.303964
1.033678
1.033678
1.328872
1.328872
1.065554
1.359023
1.199882
1.065554
1.199882
1.359023
1.375008
1.375008
1.320609
1.320609
1.372714
1.372714
1.068176
1.068176
1.206462
1.206462
1.317488
1.317488
1.387003
1.387003
1.394403
1.394403
1.119135
1.119135
1.363019
1.363019
1.399801
1.399801
1.372447
1.372447
1.340106
1.340106
1.260339
1.260339
1.149688
1.149688
1.399128
1.399128
1.085873
1.085873
1.106037
1.345535
1.345535
1.143440
1.106037
1.143440
1.373141
1.373141
1.349560
1.349560
1.287038
1.228591
1.228591
1.287038
1.339060
1.339060
1.279954
1.279954
1.206043
1.206043
1.280760
1.280760
1.031209
1.031209
1.221532
1.221532
1.283718
1.283718
1.388505
1.388505
1.310051
1.310051
1.291943
1.291943
1.392884
1.392884
1.370396
1.370396
1.351285
1.351285
1.236458
1.236458
1.351902
1.351902
1.288075
1.288075
1.142094
1.142094
1.391105
1.391105
1.305110
1.305110
1.207174
1.207174
1.121501
1.121501
1.391300
1.391300
1.398015
1.398015
1.365971
1.365971
1.354016
1.354016
1.271229
1.271229
1.242251
1.242251
1.387402
1.387402
1.226577
1.226577
1.081452
1.081452
1.397731
1.397731
1.029357
1.029357
1.109072
1.109072
1.381148
1.381148
1.372563
1.372563
1.294525
1.294525
1.327942
1.327942
1.227462
1.227462
1.341217
1.341217
1.144031
1.144031
1.354389
1.354389
1.335974
1.335974
1.093465
1.093465
1.263677
1.263677
1.326612
1.326612
1.390472
1.390472
1.276514
1.276514
1.289819
1.289819
1.299549
1.299549
1.342708
1.342708
1.181017
1.181017
1.309366
1.309366
1.382129
1.382129
1.220574
1.220574
1.162963
1.162963
1.223078
1.223078
1.259654
1.259654
1.308038
1.308038
1.157940
1.157940
1.355098
1.355098
1.223628
1.223628
1.376391
1.376391
1.342943
1.342943
1.309219
1.391396
1.391396
1.309219
1.299085
1.299085
1.346310
1.346310
1.339429
1.339429
1.394813
1.394813
1.089935
1.089935
1.193722
1.193722
1.387769
1.387769
1.215276
1.215276
1.216570
1.216570
1.217102
1.217102
1.358393
1.358393
1.093354
1.093354
1.263053
1.263053
1.366746
1.366746
1.063647
1.063647
1.222351
1.222351
1.334989
1.334989
1.390686
1.390686
1.272876
1.272876
1.165436
1.165436
1.397010
1.397010
1.288714
1.288714
1.282391
1.282391
1.349001
1.332102
1.349001
1.332102
1.263871
1.263871
1.317850
1.317850
1.147080
1.147080
1.362652
1.362652
1.330686
1.330686
1.354228
1.354228
1.348357
1.348357
1.340766
1.340766
1.300425
1.300425
1.319549
1.319549
1.119576
1.119576
1.374425
1.374425
1.311525
1.311525
1.334897
1.334897
1.389751
1.389751
1.341552
1.341552
1.179344
1.179344
1.123983
1.123983
1.259275
1.259275
1.331318
1.331318
1.389219
1.389219
1.397256
1.397256
1.259385
1.259385
1.387727
1.387727
1.371835
1.371835
1.355276
1.355276
1.352737
1.352737
1.145396
1.145396
1.301551
1.301551
1.206712
1.206712
1.184347
1.184347
1.180444
1.180444
1.330474
1.330474
1.264944
1.264944
1.271795
1.271795
1.337153
1.337153
1.274188
1.274188
1.357091
1.357091
1.228011
1.228011
1.216991
1.369842
1.369842
1.216991
1.305142
1.305142
1.079836
1.079836
1.351715
1.351715
1.383560
1.383560
1.190944
1.190944
1.124653
1.124653
1.139846
1.139846
1.314888
1.314888
1.383694
1.383694
1.382777
1.382777
1.392494
1.392494
1.304092
1.304092
1.194945
1.194945
1.118680
1.118680
1.274542
1.274542
1.189371
1.189371
1.189830
1.189830
1.148213
1.148213
1.243638
1.243638
1.255452
1.255452
1.336845
1.336845
1.132023
1.132023
1.320104
1.320104
1.141521
1.141521
1.206808
1.206808
1.255156
1.255156
1.277612
1.277612
1.194694
1.194694
1.297480
1.297480
1.337143
1.337143
1.038904
1.038904
1.178165
1.178165
1.378408
1.097756
1.097756
1.378408
1.352609
1.366713
1.366713
1.352609
1.374809
1.374809
1.355460
1.355460
1.388319
1.388319
1.096617
1.096617
1.314064
1.314064
1.387314
1.387314
1.316341
1.316341
1.316620
1.316620
1.293310
1.293310
1.173215
1.173215
1.250047
1.250047
1.396580
1.396580
1.387356
1.387356
1.242745
1.242745
1.371001
1.371001
1.380943
1.380943
1.073637
1.073637
1.256144
1.256144
1.225993
1.225993
1.338973
1.338973
1.329234
1.329234
1.355564
1.355564
1.244449
1.244449
1.289183
1.289183
1.383381
1.383381
1.390783
1.390783
1.317179
1.317179
1.302899
1.302899
1.217090
1.217090
1.384943
1.384943
1.383443
1.383443
1.311677
1.311677
1.384658
1.384658
1.104660
1.104660
1.288246
1.288246
1.363576
1.363576
1.104132
1.104132
1.347139
1.347139
1.313061
1.313061
1.053201
1.053201
1.306541
1.306541
1.284914
1.284914
1.329634
1.329634
1.361346
1.361346
1.173389
1.173389
1.388119
1.388119
1.342313
1.342313
1.346437
1.346437
1.305990
1.305990
1.231165
1.231165
1.325829
1.325829
1.222776
1.222776
1.354582
1.354582
1.310871
1.310871
1.162954
1.162954
1.271288
1.271288
1.386436
1.386436
1.246736
1.246736
1.275001
1.275001
1.069770
1.069770
1.372475
1.372475
1.279744
1.279744
