1.384954
1.384954
1.360397
1.360397
1.359861
1.359861
1.370382
1.370382
1.350533
1.350533
1.317903
1.317903
1.253960
1.253960
1.370358
1.370358
1.284694
1.284694
1.148102
1.148102
1.051315
1.051315
1.136451
1.136451
1.380366
1.380366
1.278964
1.278964
1.194184
1.194184
1.224427
1.224427
1.231737
1.231737
1.358871
1.358871
1.203295
1.203295
1.306880
1.306880
1.291954
1.291954
1.312180
1.312180
1.389688
1.389688
1.148453
1.148453
1.200499
1.200499
1.105798
1.105798
1.374869
1.374869
1.363827
1.363827
1.336592
1.336592
1.128919
1.128919
1.187730
1.187730
1.283528
1.283528
1.151173
1.151173
1.293736
1.293736
1.379732
1.379732
1.332772
1.332772
1.142692
1.142692
1.066929
1.066929
1.333330
1.333330
1.384120
1.384120
1.335345
1.335345
1.101864
1.101864
1.343733
1.343733
1.298459
1.298459
1.359450
1.359450
1.379070
1.379070
1.290644
1.290644
1.364931
1.364931
1.310011
1.310011
1.289678
1.289678
1.277920
1.277920
1.311272
1.311272
1.039704
1.039704
1.330579
1.330579
1.356939
1.356939
1.327538
1.327538
1.345841
1.345841
1.272758
1.272758
1.284866
1.284866
1.388011
1.388011
1.387243
1.387243
1.334609
1.334609
1.130992
1.130992
1.366569
1.366569
1.371035
1.371035
1.265768
1.265768
1.194048
1.194048
1.339868
1.339868
1.319624
1.319624
1.347966
1.347966
1.169417
1.169417
1.267522
1.267522
1.247836
1.247836
1.203083
1.203083
1.345217
1.345217
1.392914
1.392914
1.270895
1.270895
1.185441
1.185441
1.358145
1.358145
1.262845
1.262845
1.374154
1.374154
1.239932
1.239932
1.394693
1.394693
1.345832
1.345832
1.113633
1.113633
1.342476
1.342476
1.389855
1.389855
1.198256
1.198256
1.132664
1.132664
1.399346
1.399346
1.380100
1.380100
1.224891
1.224891
1.362641
1.362641
1.295087
1.295087
1.381335
1.381335
1.290662
1.290662
1.352247
1.352247
1.313681
1.313681
1.063836
1.063836
1.315016
1.315016
1.359331
1.359331
1.272572
1.272572
1.216668
1.216668
1.032046
1.032046
1.254588
1.254588
1.383705
1.383705
1.220445
1.220445
1.270400
1.270400
1.208467
1.352667
1.352667
1.208467
1.155942
1.155942
1.242480
1.242480
1.277850
1.277850
1.355297
1.355297
1.335206
1.335206
1.302025
1.302025
1.127943
1.293327
1.127943
1.293327
1.318022
1.399285
1.399285
1.318022
1.370786
1.370786
1.333361
1.333361
1.292423
1.292423
1.333273
1.333273
1.355902
1.355902
1.357603
1.357603
1.244524
1.244524
1.090542
1.090542
1.292345
1.292345
1.110956
1.159063
1.159063
1.110956
1.224659
1.224659
1.335225
1.335225
1.155302
1.155302
1.323510
1.323510
1.350100
1.350100
1.392724
1.392724
1.174173
1.174173
1.317564
1.317564
1.377248
1.377248
1.350742
1.350742
1.189070
1.189070
1.284313
1.284313
1.208158
1.208158
1.321579
1.321579
1.321180
1.321180
1.283915
1.283915
1.119045
1.119045
1.331123
1.331123
1.071114
1.071114
1.079232
1.079232
1.390891
1.390891
1.330157
1.330157
1.303364
1.303364
1.362922
1.362922
1.326581
1.326581
1.146795
1.146795
1.202410
1.202410
1.373918
1.373918
1.395618
1.395618
1.150780
1.150780
1.284291
1.284291
1.292458
1.292458
1.267370
1.267370
1.378422
1.378422
1.281162
1.281162
1.366238
1.366238
1.241900
1.241900
1.165026
1.165026
1.128427
1.128427
1.382598
1.382598
1.153095
1.153095
1.222963
1.222963
1.299507
1.299507
1.224643
1.224643
1.127711
1.127711
1.394951
1.394951
1.068096
1.068096
1.319031
1.319031
1.295844
1.295844
1.395325
1.395325
1.343609
1.343609
1.313369
1.313369
1.354015
1.354015
1.380510
1.380510
1.259280
1.259280
1.354534
1.354534
1.119708
1.119708
1.121640
1.121640
1.351184
1.351184
1.227539
1.227539
1.383401
1.383401
1.324558
1.324558
1.324605
1.324605
1.286402
1.286402
1.093068
1.093068
1.214555
1.214555
1.313771
1.313771
1.304795
1.304795
1.270829
1.270829
1.163975
1.163975
1.373394
1.373394
1.398435
1.398435
1.150564
1.150564
1.206143
1.206143
1.214136
1.214136
1.294324
1.294324
1.241852
1.241852
1.089384
1.089384
1.330326
1.330326
1.116893
1.116893
1.324598
1.324598
1.368359
1.368359
1.081025
1.081025
1.297642
1.297642
1.386063
1.386063
1.315755
1.315755
1.272937
1.272937
1.290686
1.290686
1.169580
1.169580
1.082654
1.082654
1.261847
1.261847
1.186515
1.186515
1.324906
1.324906
1.319916
1.319916
1.237385
1.237385
1.263615
1.263615
1.303473
1.303473
1.294059
1.294059
1.230968
1.230968
1.346086
1.268011
1.346086
1.268011
1.107096
1.107096
1.394111
1.394111
1.173023
1.173023
1.282807
1.282807
1.395854
1.395854
1.248566
1.248566
1.213696
1.213696
1.323896
1.323896
1.363509
1.363509
1.187958
1.187958
1.344809
1.344809
1.230479
1.230479
1.129578
1.129578
1.272634
1.272634
1.287069
1.287069
1.235653
1.235653
1.337479
1.337479
1.344567
1.344567
1.372194
1.372194
1.218819
1.218819
1.226077
1.226077
1.301540
1.301540
1.384247
1.384247
1.116884
1.116884
1.192986
1.192986
1.323679
1.323679
1.337177
1.337177
1.278825
1.278825
1.216992
1.216992
1.186811
1.186811
1.159647
1.245594
1.159647
1.245594
1.218311
1.218311
1.256761
1.256761
1.347387
1.347387
1.381462
1.381462
1.308343
1.308343
1.098328
1.098328
1.365091
1.365091
1.358189
1.358189
1.339542
1.339542
1.279030
1.279030
1.380647
1.380647
1.264971
1.264971
1.395691
1.395691
1.260289
1.260289
1.297964
1.297964
1.341941
1.341941
1.233184
1.233184
1.219968
1.219968
1.268626
1.268626
1.397993
1.397993
1.359022
1.359022
1.291973
1.291973
1.226230
1.226230
1.343047
1.343047
1.356645
1.356645
1.280963
1.280963
1.335769
1.335769
1.361090
1.361090
1.255707
1.255707
1.208762
1.208762
1.356886
1.356886
1.369579
1.369579
1.252443
1.252443
1.333500
1.333500
1.380102
1.380102
1.281303
1.281303
1.281181
1.281181
1.301725
1.301725
1.076309
1.076309
1.337799
1.337799
1.385002
1.385002
1.372469
1.372469
1.195509
1.195509
1.254994
1.254994
1.360699
1.360699
1.307290
1.307290
1.221821
1.221821
1.266938
1.266938
1.262679
1.262679
1.317689
1.317689
1.205229
1.205229
1.270225
1.270225
1.124167
1.124167
1.274534
1.274534
1.382649
1.382649
1.374098
1.374098
1.126345
1.126345
1.389310
1.389310
1.232663
1.232663
1.331953
1.331953
1.388172
1.388172
1.374669
1.374669
1.295803
1.295803
1.252489
1.252489
1.090888
1.090888
1.331406
1.331406
1.357066
1.357066
1.265633
1.265633
1.076672
1.076672
1.314962
1.314962
1.374632
1.374632
1.371888
1.371888
1.145118
1.145118
1.369750
1.369750
1.367977
1.367977
1.233869
1.233869
1.157160
1.157160
1.257384
1.257384
1.318711
1.318711
1.356495
1.356495
1.379329
1.379329
1.132943
1.132943
1.360503
1.360503
1.304685
1.304685
1.050423
1.050423
1.298495
1.298495
1.267615
1.267615
1.233076
1.233076
1.143733
1.143733
1.226330
1.226330
1.156452
1.156452
1.113704
1.113704
1.198395
1.198395
1.174026
1.174026
1.070116
1.070116
1.263692
1.263692
1.362262
1.362262
1.376929
1.376929
1.346147
1.346147
1.376780
1.376780
1.253126
1.253126
