1.383416
1.383416
1.327395
1.327395
1.254891
1.254891
1.199651
1.380947
1.360121
1.380947
1.199651
1.360121
1.348175
1.348175
1.304667
1.304667
1.344957
1.344957
1.304540
1.304540
1.264542
1.264542
1.217689
1.217689
1.363795
1.363795
1.388801
1.370215
1.370215
1.388801
1.134624
1.222933
1.134624
1.222933
1.392187
1.392187
1.385922
1.385922
1.165245
1.165245
1.297964
1.297964
1.329456
1.329456
1.090816
1.090816
1.382574
1.382574
1.366698
1.366698
1.064039
1.064039
1.357876
1.357876
1.398847
1.398847
1.298418
1.349662
1.298418
1.349662
1.177456
1.321169
1.321169
1.177456
1.041278
1.041278
1.335623
1.222900
1.335623
1.222900
1.368882
1.368882
1.106366
1.106366
1.202489
1.202489
1.365109
1.192942
1.192942
1.365109
1.355065
1.355065
1.304016
1.304016
1.174766
1.174766
1.235509
1.235509
1.320705
1.320705
1.345087
1.248683
1.345087
1.248683
1.300001
1.300001
1.269551
1.269551
1.333994
1.333994
1.243153
1.243153
1.228454
1.228454
1.220377
1.220377
1.356970
1.356970
1.305489
1.305489
1.166539
1.166539
1.396706
1.396706
1.287509
1.287509
1.224957
1.224957
1.309184
1.264287
1.309184
1.264287
1.121094
1.121094
1.372827
1.372827
1.348971
1.348971
1.255407
1.255407
1.389140
1.389140
1.259308
1.259308
1.347278
1.347278
1.258258
1.258258
1.337619
1.337619
1.354687
1.354687
1.310217
1.347861
1.347861
1.310217
1.213930
1.213930
1.149287
1.149287
1.373475
1.373475
1.383532
1.383532
1.270911
1.270911
1.119261
1.119261
1.155001
1.155001
1.230177
1.230177
1.134868
1.134868
1.130507
1.130507
1.353462
1.353462
1.072347
1.072347
1.219806
1.219806
1.363627
1.109304
1.109304
1.363627
1.399800
1.399800
1.262182
1.262182
1.308237
1.308237
1.298761
1.298761
1.262956
1.262956
1.197038
1.197038
1.345053
1.345053
1.279892
1.279892
1.259075
1.259075
1.383177
1.383177
1.365523
1.365523
1.247962
1.247962
1.268722
1.268722
1.298073
1.298073
1.354615
1.354615
1.271524
1.271524
1.335363
1.335363
1.392355
1.392355
1.397054
1.397054
1.336739
1.336739
1.277219
1.277219
1.112718
1.112718
1.379719
1.379719
1.330954
1.330954
1.098449
1.098449
1.385526
1.385526
1.179899
1.179899
1.189605
1.189605
1.239662
1.239662
1.299199
1.299199
1.176565
1.176565
1.365683
1.365683
1.317472
1.317472
1.206188
1.206188
1.381901
1.381901
1.279423
1.279423
1.355572
1.355572
1.283218
1.283218
1.399388
1.399388
1.396956
1.396956
1.250433
1.250433
1.328994
1.328994
1.092881
1.092881
1.119307
1.119307
1.305111
1.305111
1.390874
1.390874
1.372409
1.372409
1.343703
1.343703
1.245580
1.245580
1.242192
1.242192
1.391036
1.391036
1.332635
1.332635
1.372299
1.372299
1.098130
1.098130
1.397512
1.397512
1.324079
1.324079
1.382219
1.382219
1.185530
1.185530
1.316003
1.316003
1.273692
1.273692
1.294452
1.294452
1.237262
1.237262
1.394964
1.394964
1.301464
1.301464
1.390117
1.390117
1.390019
1.390019
1.297923
1.297923
1.204464
1.204464
1.303243
1.303243
1.336391
1.336391
1.394503
1.394503
1.371172
1.371172
1.176276
1.176276
1.118372
1.118372
1.193352
1.193352
1.160458
1.160458
1.158137
1.158137
1.306310
1.306310
1.260749
1.260749
1.395813
1.395813
1.245469
1.245469
1.376769
1.376769
1.261556
1.261556
1.328737
1.328737
1.292019
1.292019
1.182507
1.182507
1.320051
1.320051
1.386984
1.386984
1.290436
1.290436
1.109566
1.109566
1.336045
1.336045
1.298724
1.298724
1.283929
1.283929
1.368083
1.368083
1.247176
1.247176
1.254647
1.254647
1.342236
1.342236
1.097340
1.097340
1.298315
1.298315
1.375243
1.375243
1.275620
1.275620
1.183152
1.183152
1.363750
1.363750
1.379033
1.379033
1.338415
1.338415
1.272677
1.272677
1.377046
1.377046
1.074418
1.074418
1.369732
1.369732
1.390329
1.390329
1.343630
1.343630
1.209012
1.209012
1.252692
1.252692
1.304657
1.304657
1.043337
1.043337
1.209440
1.209440
1.393879
1.393879
1.207892
1.207892
1.186411
1.186411
1.013312
1.013312
1.394317
1.394317
1.146498
1.146498
1.135516
1.135516
1.272580
1.272580
1.397115
1.397115
1.132480
1.132480
1.196122
1.196122
1.376186
1.376186
1.135434
1.135434
1.379535
1.379535
1.370956
1.370956
1.393233
1.393233
1.274443
1.274443
1.213105
1.213105
1.197015
1.197015
1.364363
1.364363
1.350665
1.350665
1.248721
1.248721
1.370025
1.370025
1.259187
1.259187
1.326155
1.326155
1.340134
1.340134
1.301694
1.301694
1.248532
1.248532
1.250430
1.250430
1.328949
1.328949
1.335355
1.335355
1.186874
1.186874
1.356476
1.356476
1.299975
1.299975
1.301925
1.301925
1.348798
1.348798
1.164497
1.164497
1.185480
1.185480
1.202056
1.202056
1.398663
1.398663
1.293641
1.293641
1.368390
1.368390
1.187639
1.187639
1.366108
1.366108
1.231583
1.231583
1.122442
1.122442
1.319664
1.319664
1.335970
1.335970
1.247171
1.247171
1.282177
1.282177
1.397586
1.397586
1.242010
1.242010
1.216009
1.216009
1.334807
1.334807
1.328744
1.328744
1.365160
1.365160
1.268091
1.268091
1.247998
1.247998
1.218145
1.218145
1.239314
1.239314
1.253884
1.253884
1.351063
1.351063
1.304591
1.304591
1.222713
1.222713
1.309854
1.309854
1.170323
1.170323
1.250061
1.250061
1.270641
1.270641
1.256860
1.256860
1.371632
1.371632
1.375664
1.375664
1.386710
1.386710
1.378059
1.378059
1.368442
1.368442
1.342929
1.342929
1.260122
1.260122
1.365677
1.365677
1.364085
1.364085
1.389721
1.389721
1.221014
1.221014
1.117198
1.117198
1.360899
1.360899
1.320866
1.320866
1.385239
1.385239
1.378562
1.378562
1.114861
1.114861
1.113578
1.113578
1.377819
1.377819
1.392145
1.392145
1.389029
1.389029
1.127221
1.127221
1.370894
1.370894
1.399585
1.399585
1.393466
1.393466
1.381027
1.381027
1.242436
1.242436
1.315948
1.315948
1.315431
1.315431
1.398358
1.398358
1.229631
1.229631
1.355100
1.355100
1.336683
1.336683
1.233086
1.233086
1.323949
1.323949
1.327802
1.327802
1.377755
1.377755
1.286070
1.286070
1.262827
1.262827
1.122742
1.122742
1.377957
1.377957
