1.295329
1.295329
1.339255
1.339255
1.127934
1.127934
1.264614
1.264614
1.269355
1.269355
1.128825
1.128825
1.262394
1.262394
1.296725
1.296725
1.335077
1.335077
1.354130
1.354130
1.342242
1.342242
1.302739
1.302739
1.347001
1.128550
1.128550
1.347001
1.365438
1.365438
1.140783
1.140783
1.316665
1.283290
1.316665
1.283290
1.251105
1.251105
1.267297
1.267297
1.328252
1.328252
1.249279
1.249279
1.326048
1.326048
1.368132
1.368132
1.336523
1.336523
1.368926
1.368926
1.234478
1.234478
1.130280
1.130280
1.248813
1.248813
1.374457
1.374457
1.265258
1.265258
1.349188
1.349188
1.386141
1.386141
1.367572
1.367572
1.052309
1.052309
1.196812
1.196812
1.170759
1.170759
1.238614
1.238614
1.305329
1.305329
1.291839
1.291839
1.285421
1.285421
1.304165
1.304165
1.282125
1.282125
1.147124
1.147124
1.083888
1.083888
1.347826
1.347826
1.345623
1.141066
1.345623
1.141066
1.279189
1.279189
1.386508
1.386508
1.372877
1.372877
1.336832
1.343767
1.336832
1.343767
1.279189
1.279189
1.345623
1.345623
1.398625
1.398625
1.347826
1.347826
1.387779
1.387779
1.237813
1.237813
1.172133
1.172133
1.291072
1.291072
1.191343
1.191343
1.329776
1.329776
1.349231
1.349231
1.373050
1.373050
1.275704
1.275704
1.210775
1.210775
1.352199
1.352199
1.303911
1.303911
1.387923
1.387923
1.119025
1.119025
1.145691
1.145691
1.260670
1.260670
1.255624
1.255624
1.321620
1.321620
1.116276
1.116276
1.281697
1.281697
1.210605
1.210605
1.281427
1.281427
1.236758
1.236758
1.377090
1.377090
1.390274
1.390274
1.366983
1.366983
1.287504
1.287504
1.303144
1.303144
1.284896
1.286364
1.284896
1.286364
1.338196
1.338196
1.371576
1.371576
1.311225
1.311225
1.332329
1.332329
1.164494
1.164494
1.191298
1.191298
1.248804
1.248804
1.366936
1.236715
1.236715
1.366936
1.083193
1.212393
1.083193
1.212393
1.394300
1.394300
1.260545
1.260545
1.170136
1.170136
1.378116
1.378116
1.309942
1.109235
1.109235
1.309942
1.394698
1.394698
1.246211
1.246211
1.373265
1.373265
1.398204
1.398204
1.371092
1.371092
1.328998
1.328998
1.330656
1.330656
1.315578
1.315578
1.264250
1.264250
1.305199
1.305199
1.178016
1.178016
1.381755
1.381755
1.067473
1.067473
1.296840
1.296840
1.334312
1.334312
1.357269
1.357269
1.232860
1.232860
1.334312
1.334312
1.392484
1.392484
1.240258
1.274440
1.240258
1.274440
1.366206
1.366206
1.197745
1.197745
1.340000
1.340000
1.082044
1.082044
1.038636
1.038636
1.352215
1.352215
1.331694
1.119197
1.119197
1.331694
1.118074
1.118074
1.194924
1.194924
1.364461
1.364461
1.329314
1.329314
1.345964
1.345964
1.270805
1.270805
1.306891
1.306891
1.382615
1.382615
1.101893
1.101893
1.297913
1.297913
1.395367
1.395367
1.161063
1.161063
1.076057
1.076057
1.293428
1.293428
1.073530
1.073530
1.323998
1.323998
1.234083
1.234083
1.398184
1.398184
1.382016
1.382016
1.294159
1.294159
1.368296
1.368296
1.317383
1.317383
1.350481
1.350481
1.287964
1.287964
1.377098
1.377098
1.334065
1.334065
1.353963
1.353963
1.304841
1.304841
1.361339
1.361339
1.189205
1.189205
1.390512
1.390512
1.392939
1.392939
1.361525
1.361525
1.236541
1.236541
1.161725
1.161725
1.382794
1.382794
1.395097
1.395097
1.211721
1.211721
1.141640
1.141640
1.398578
1.398578
1.334802
1.334802
1.231186
1.231186
1.274343
1.274343
1.137589
1.137589
1.353275
1.353275
1.147768
1.147768
1.372510
1.372510
1.391150
1.391150
1.327127
1.327127
1.297298
1.297298
1.258044
1.258044
1.317861
1.317861
1.300036
1.300036
1.270947
1.270947
1.109373
1.109373
1.250994
1.250994
1.113012
1.113012
1.390377
1.390377
1.153323
1.153323
1.166802
1.166802
1.326137
1.326137
1.158647
1.158647
1.392505
1.392505
1.348355
1.348355
1.369496
1.369496
1.368463
1.368463
1.294926
1.294926
1.396216
1.396216
1.328039
1.328039
1.303515
1.303515
1.190510
1.190510
1.279780
1.279780
1.345538
1.345538
1.256917
1.256917
1.376267
1.376267
1.397981
1.397981
1.261594
1.261594
1.375566
1.375566
1.253916
1.253916
1.274340
1.274340
1.237393
1.237393
1.383955
1.383955
1.385773
1.385773
1.210239
1.210239
1.370062
1.370062
1.274611
1.274611
1.130056
1.130056
1.293522
1.293522
1.100910
1.100910
1.329231
1.329231
1.367822
1.367822
1.232902
1.232902
1.195223
1.195223
1.048969
1.048969
1.370778
1.370778
1.099283
1.099283
1.264488
1.264488
1.142504
1.142504
1.309851
1.309851
1.312022
1.312022
1.268664
1.268664
1.178981
1.178981
1.331904
1.331904
1.282193
1.282193
1.242022
1.242022
1.386916
1.386916
1.114055
1.114055
1.266580
1.266580
1.375122
1.375122
1.240079
1.240079
1.358736
1.358736
1.257634
1.257634
1.053718
1.194739
1.194739
1.053718
1.327627
1.327627
1.359214
1.359214
1.377367
1.377367
1.144984
1.144984
1.230129
1.230129
1.172076
1.172076
1.198491
1.198491
1.108216
1.108216
1.217904
1.217904
1.396882
1.396882
1.292185
1.292185
1.337080
1.337080
1.245511
1.245511
1.237811
1.237811
1.368337
1.368337
1.190080
1.190080
1.236382
1.236382
1.389808
1.389808
1.281163
1.281163
1.086537
1.086537
1.335933
1.335933
1.321412
1.321412
1.243728
1.243728
1.305718
1.305718
1.365328
1.365328
1.202474
1.202474
1.299152
1.299152
1.363578
1.363578
1.278063
1.278063
1.389279
1.389279
1.144967
1.144967
1.165942
1.165942
1.296102
1.296102
1.152302
1.152302
1.292221
1.292221
1.347295
1.347295
1.314195
1.314195
1.317739
1.317739
1.246387
1.246387
1.304774
1.304774
1.356871
1.356871
1.269774
1.269774
1.236059
1.236059
1.370008
1.370008
1.351726
1.351726
1.364394
1.364394
1.142423
1.142423
1.295500
1.295500
1.366373
1.366373
1.189080
1.189080
1.322185
1.322185
1.218027
1.218027
1.292197
1.292197
1.344993
1.344993
1.359887
1.359887
1.282289
1.282289
1.318651
1.318651
1.391631
1.391631
1.010284
1.010284
1.226366
1.226366
1.253643
1.253643
1.337936
1.337936
1.382693
1.382693
1.264327
1.264327
1.394641
1.394641
1.317340
1.317340
1.280108
1.280108
1.127180
1.127180
1.339106
1.339106
1.225174
1.225174
1.135635
1.135635
1.232623
1.232623
1.206950
1.206950
1.365792
1.365792
1.314205
1.314205
1.390312
1.390312
1.281786
1.281786
1.204060
1.204060
1.375931
1.375931
