1.302870
1.302870
1.348573
1.348573
1.086033
1.086033
1.359181
1.359181
1.328880
1.328880
1.273387
1.273387
1.323020
1.323020
1.399449
1.399449
1.098931
1.098931
1.364557
1.364557
1.177816
1.177816
1.198708
1.198708
1.240912
1.240912
1.125162
1.125162
1.382598
1.382598
1.196568
1.196568
1.300482
1.300482
1.154692
1.154692
1.237700
1.237700
1.226991
1.226991
1.392616
1.392616
1.135496
1.135496
1.284222
1.284222
1.316617
1.316617
1.230880
1.230880
1.210674
1.210674
1.354458
1.354458
1.324243
1.324243
1.295219
1.295219
1.222432
1.222432
