1.342813
1.342813
1.370838
1.370838
1.387559
1.387559
1.248909
1.248909
1.186048
1.186048
1.238905
1.238905
1.396230
1.396230
1.124219
1.124219
1.228535
1.228535
1.295312
1.295312
1.397250
1.397250
1.133362
1.133362
1.310139
1.310139
1.236621
1.236621
1.076534
1.076534
1.252268
1.252268
1.218753
1.218753
1.390408
1.390408
1.367459
1.367459
1.352101
1.352101
1.344831
1.344831
1.350479
1.350479
1.084456
1.084456
1.391361
1.391361
1.335069
1.335069
1.313184
1.313184
1.271573
1.271573
1.314909
1.314909
1.052202
1.052202
