1.396505
1.396505
1.398254
1.398254
1.284301
1.284301
1.394261
1.394261
1.042698
1.042698
1.242044
1.242044
1.343756
1.343756
1.251510
1.251510
1.048357
1.048357
1.105497
1.105497
1.361602
1.361602
1.243109
1.243109
1.049226
1.049226
1.382568
1.382568
1.228783
1.228783
1.314667
1.314667
1.301840
1.301840
1.204027
1.204027
1.330771
1.330771
1.128427
1.128427
1.327336
1.327336
1.273349
1.273349
1.066517
1.066517
1.360978
1.360978
1.102905
1.102905
1.238793
1.238793
1.308966
1.308966
1.327069
1.327069
1.387249
1.387249
1.227266
1.227266
1.224211
1.224211
1.321505
1.321505
1.185673
1.185673
1.300156
1.300156
1.306460
1.306460
1.362521
1.362521
