1.177051
1.177051
1.372699
1.372699
1.297408
1.297408
1.367081
1.367081
1.264054
1.264054
1.312687
1.312687
1.099574
1.099574
1.386144
1.386144
1.277454
1.277454
1.369743
1.369743
1.338672
1.338672
1.301891
1.301891
1.266466
1.266466
1.190666
1.190666
1.347845
1.347845
1.297574
1.297574
1.328422
1.328422
1.362740
1.362740
1.347263
1.347263
1.341918
1.341918
1.298016
1.298016
1.216320
1.216320
1.203174
1.203174
1.342310
1.342310
1.347783
1.347783
1.321907
1.321907
1.367959
1.367959
1.327077
1.327077
1.183106
1.183106
1.075903
1.075903
1.389171
1.389171
1.313009
1.313009
1.211006
1.211006
1.100083
1.100083
