1.345231
1.345231
1.182403
1.182403
1.280412
1.280412
1.386452
1.386452
1.385467
1.385467
1.153441
1.153441
1.344173
1.344173
1.395805
1.395805
1.389915
1.389915
1.332945
1.332945
1.132414
1.132414
1.187499
1.187499
1.301938
1.301938
1.393406
1.393406
1.209514
1.209514
1.344916
1.344916
1.210442
1.210442
1.376711
1.376711
1.329994
1.329994
1.359832
1.359832
1.389318
1.389318
1.145875
1.145875
1.059375
1.059375
1.294550
1.294550
1.219706
1.219706
1.265906
1.265906
1.274272
1.274272
1.345092
1.345092
1.347642
1.347642
1.319549
1.319549
