1.179543
1.179543
1.301713
1.301713
1.357427
1.357427
1.352327
1.352327
1.267794
1.267794
1.104602
1.104602
1.227945
1.227945
1.136689
1.136689
1.173534
1.173534
1.330263
1.330263
1.187853
1.187853
1.294698
1.294698
1.245988
1.245988
1.379158
1.379158
1.386533
1.386533
1.116964
1.116964
1.265874
1.265874
1.309526
1.309526
1.236403
1.236403
1.296075
1.296075
1.316158
1.316158
1.369388
1.369388
1.350136
1.350136
1.310366
1.310366
1.371765
1.371765
1.258678
1.258678
1.193299
1.193299
1.353175
1.353175
1.338477
1.338477
1.242761
1.242761
1.284074
1.284074
