1.308932
1.308932
1.369724
1.369724
1.276511
1.276511
1.381759
1.381759
1.351245
1.351245
1.266128
1.266128
1.285401
1.285401
1.259072
1.259072
1.327136
1.327136
1.128652
1.128652
1.177840
1.177840
1.055792
1.055792
1.327219
1.327219
1.394129
1.394129
1.331279
1.331279
1.348368
1.348368
1.389919
1.389919
1.218082
1.218082
1.081545
1.081545
1.260598
1.260598
1.386252
1.386252
1.263575
1.263575
1.136217
1.136217
1.340677
1.340677
1.145075
1.145075
1.372826
1.372826
1.383216
1.383216
1.239015
1.239015
1.289078
1.289078
1.099056
1.099056
1.262581
1.262581
1.190319
1.190319
1.223493
1.223493
1.033192
1.033192
1.062894
1.062894
1.304292
1.304292
1.239438
1.239438
1.364189
1.364189
1.207411
1.207411
1.379922
1.379922
1.383737
1.383737
1.356179
1.356179
1.270708
1.270708
1.362539
1.362539
1.113218
1.113218
1.248867
1.248867
1.253685
1.253685
1.306746
1.306746
1.350607
1.350607
1.265079
1.265079
1.183507
1.183507
