1.202241
1.202241
1.243520
1.243520
1.147253
1.147253
1.335612
1.335612
1.245373
1.245373
1.331817
1.331817
1.141437
1.141437
1.286621
1.286621
1.364037
1.364037
1.272356
1.272356
1.257930
1.257930
1.247088
1.247088
1.312226
1.312226
1.343721
1.343721
1.182243
1.182243
1.354257
1.354257
1.392650
1.392650
1.292347
1.292347
1.296530
1.296530
1.389305
1.389305
1.353469
1.353469
1.253273
1.253273
1.181497
1.181497
1.371261
1.371261
1.186599
1.186599
1.344596
1.344596
1.373927
1.373927
1.371750
1.371750
1.335687
1.335687
1.249737
1.249737
1.285279
1.285279
1.289017
1.289017
