1.067359
1.067359
1.359488
1.359488
1.394621
1.394621
1.212446
1.212446
1.245205
1.245205
1.296651
1.296651
1.325289
1.325289
1.286424
1.286424
1.381749
1.381749
1.279238
1.279238
1.305871
1.305871
1.173739
1.173739
1.234723
1.234723
1.134206
1.134206
1.255417
1.255417
1.204397
1.204397
1.307755
1.307755
1.261034
1.261034
1.356715
1.356715
1.290429
1.290429
1.202271
1.202271
1.347525
1.347525
1.183530
1.183530
1.244699
1.244699
1.206184
1.206184
1.358152
1.358152
1.254250
1.254250
1.320881
1.320881
1.191008
1.191008
1.192462
1.192462
1.181474
1.181474
1.051532
1.051532
1.337826
1.337826
1.241744
1.241744
1.193993
1.193993
1.184555
1.184555
1.124529
1.124529
1.175416
1.175416
1.364560
1.364560
1.147696
1.147696
1.373278
1.373278
1.314777
1.314777
1.367410
1.367410
1.374982
1.374982
1.315747
1.315747
1.099006
1.099006
1.326236
1.326236
1.329188
1.329188
1.319666
1.319666
1.241938
1.241938
