1.137648
1.137648
1.388836
1.388836
1.188534
1.188534
1.354249
1.354249
1.375234
1.375234
1.224277
1.224277
1.325363
1.325363
1.308881
1.308881
1.259465
1.259465
1.294523
1.294523
1.091410
1.091410
1.239555
1.239555
1.200023
1.200023
1.369520
1.369520
1.225319
1.225319
1.159836
1.159836
1.168333
1.168333
1.390861
1.390861
1.367108
1.367108
1.327483
1.327483
1.372423
1.372423
1.217870
1.217870
1.265267
1.265267
1.383446
1.383446
1.371054
1.371054
1.277742
1.277742
1.297304
1.297304
1.375160
1.375160
1.311728
1.311728
1.069433
1.069433
1.293582
1.293582
1.292172
1.292172
1.375650
1.375650
1.160693
1.160693
1.156731
1.156731
1.276846
1.276846
1.357139
1.357139
1.255192
1.255192
1.370464
1.370464
1.212502
1.212502
1.121415
1.121415
