1.351700
1.351700
1.250429
1.250429
1.265773
1.265773
1.372419
1.372419
1.181489
1.181489
1.279618
1.279618
1.393323
1.393323
1.298068
1.298068
1.096317
1.096317
1.251421
1.251421
1.262781
1.262781
1.214812
1.214812
1.340300
1.340300
1.206826
1.206826
1.320805
1.320805
1.234143
1.234143
1.294550
1.294550
1.377498
1.377498
1.393290
1.393290
1.325562
1.325562
1.189303
1.189303
1.176596
1.176596
1.279919
1.279919
1.277358
1.277358
1.297804
1.297804
1.262004
1.262004
1.239816
1.239816
1.284917
1.284917
