1.256417
1.256417
1.284823
1.284823
1.396388
1.396388
1.385638
1.385638
1.138051
1.138051
1.036260
1.036260
1.322979
1.322979
1.213060
1.213060
1.249259
1.249259
1.302219
1.302219
1.334622
1.334622
1.368363
1.368363
1.243560
1.243560
1.365638
1.365638
1.308260
1.308260
1.392723
1.392723
1.288666
1.288666
1.189957
1.189957
1.080848
1.080848
1.256522
1.256522
1.302328
1.302328
1.217553
1.217553
1.258497
1.258497
1.299110
1.299110
1.379323
1.379323
1.359874
1.359874
1.285693
1.285693
1.325662
1.325662
1.335066
1.335066
1.398040
1.398040
1.366305
1.302045
1.366305
1.302045
1.399035
1.399035
1.255474
1.255474
1.399289
1.399289
1.371035
1.371035
