1.251322
1.251322
1.360354
1.360354
1.124964
1.124964
1.388347
1.388347
1.329940
1.329940
1.144989
1.144989
1.098661
1.098661
1.173022
1.173022
1.312583
1.312583
1.334587
1.334587
1.153800
1.153800
1.285887
1.285887
1.354074
1.354074
1.391149
1.391149
1.399717
1.399717
1.359648
1.359648
1.142912
1.142912
1.347620
1.347620
1.046315
1.046315
1.379804
1.379804
1.172553
1.172553
1.227859
1.227859
1.363824
1.363824
1.112286
1.112286
1.385997
1.385997
1.194967
1.194967
1.380702
1.380702
1.353343
1.353343
