1.387275
1.387275
1.056114
1.056114
1.123944
1.123944
1.256961
1.256961
1.370507
1.370507
1.290618
1.290618
1.112733
1.112733
1.220835
1.220835
1.379769
1.379769
1.371056
1.371056
1.294762
1.294762
1.154376
1.154376
1.254653
1.254653
1.352958
1.352958
1.165363
1.165363
1.173868
1.173868
1.325286
1.325286
1.350495
1.350495
1.263815
1.263815
1.281317
1.281317
1.213571
1.213571
1.333745
1.333745
1.316783
1.316783
1.398809
1.398809
1.277577
1.277577
1.302967
1.302967
1.373904
1.373904
1.268736
1.268736
1.095175
1.095175
1.144773
1.144773
1.317842
1.317842
1.281444
1.281444
1.343772
1.343772
1.395717
1.395717
1.386398
1.386398
1.293406
1.293406
1.276379
1.276379
1.124697
1.124697
1.378454
1.378454
1.209173
1.209173
1.224265
1.224265
1.323098
1.323098
1.319777
1.319777
1.116753
1.116753
1.399951
1.399951
1.278122
1.278122
1.277091
1.277091
1.215847
1.215847
1.381574
1.381574
1.337306
1.337306
1.362018
1.362018
1.338132
1.338132
