1.355366
1.355366
1.220516
1.220516
1.148517
1.148517
1.229118
1.229118
1.309424
1.309424
1.350474
1.350474
1.142137
1.142137
1.232983
1.232983
1.019206
1.019206
1.270547
1.270547
1.294748
1.294748
1.054871
1.054871
1.398488
1.398488
1.221386
1.221386
1.319532
1.319532
1.345420
1.345420
1.282930
1.282930
1.396883
1.396883
1.288860
1.288860
1.305901
1.305901
1.355980
1.355980
1.270675
1.270675
1.356150
1.356150
1.282021
1.282021
1.363038
1.363038
1.284145
1.284145
1.340919
1.340919
1.234406
1.234406
1.291148
1.291148
1.212360
1.212360
1.276704
1.276704
1.257781
1.257781
1.078791
1.078791
1.192848
1.192848
1.352898
1.352898
1.371825
1.371825
1.396341
1.396341
1.250376
1.250376
1.208920
1.208920
1.280099
1.280099
1.394133
1.394133
1.346641
1.346641
1.194751
1.194751
1.395140
1.395140
1.163983
1.163983
1.289428
1.289428
1.319054
1.319054
1.257691
1.257691
1.123099
1.123099
1.321397
1.321397
1.057273
1.057273
1.323740
1.323740
1.329520
1.329520
1.223906
1.223906
1.361982
1.361982
1.295411
1.295411
1.395639
1.395639
1.028334
1.028334
1.175874
1.175874
1.391590
1.391590
1.358363
1.358363
1.318336
1.318336
1.321365
1.321365
1.102557
1.102557
