1.204182
1.204182
1.074466
1.074466
1.396187
1.396187
1.291837
1.291837
1.271542
1.271542
1.304626
1.304626
1.313773
1.313773
1.297893
1.297893
1.235802
1.235802
1.157959
1.157959
1.314781
1.314781
1.380916
1.380916
1.312215
1.312215
1.156251
1.156251
1.399019
1.399019
1.378681
1.378681
1.294999
1.294999
1.371238
1.371238
1.329600
1.329600
1.307491
1.307491
1.387840
1.387840
1.322612
1.322612
1.333147
1.333147
1.258731
1.258731
1.137090
1.137090
1.369592
1.369592
1.294837
1.294837
1.242993
1.242993
1.337517
1.337517
1.381782
1.381782
1.252290
1.252290
1.152474
1.152474
1.167261
1.167261
1.221453
1.221453
1.168012
1.168012
1.374239
1.374239
1.145717
1.145717
1.347374
1.347374
1.390381
1.390381
1.388634
1.388634
1.290044
1.290044
1.306981
1.306981
1.394668
1.394668
1.208343
1.208343
1.392840
1.392840
1.249000
1.249000
1.317131
1.317131
1.320853
1.320853
1.376157
1.376157
1.352505
1.352505
1.371817
1.371817
1.301238
1.301238
1.185863
1.185863
1.320811
1.320811
1.234284
1.234284
1.238430
1.238430
1.300447
1.300447
