1.258435
1.258435
1.363147
1.363147
1.256086
1.256086
1.085935
1.085935
1.364647
1.364647
1.195826
1.195826
1.258416
1.258416
1.332758
1.332758
1.284181
1.284181
1.377740
1.377740
1.237098
1.237098
1.171951
1.171951
1.194843
1.194843
1.197015
1.197015
1.222538
1.222538
1.387052
1.387052
1.301812
1.301812
1.372068
1.372068
1.292854
1.292854
1.150858
1.150858
1.125453
1.125453
1.345946
1.345946
1.354675
1.354675
1.253635
1.253635
1.192360
1.192360
1.275961
1.275961
1.380116
1.380116
1.311452
1.311452
1.288108
1.288108
1.210791
1.210791
1.369127
1.369127
1.167790
1.167790
1.324673
1.324673
1.373606
1.373606
1.352624
1.352624
1.216433
1.216433
1.329092
1.384763
1.384763
1.329092
1.398192
1.398192
1.325544
1.325544
1.152860
1.152860
1.351261
1.351261
1.290681
1.290681
1.220112
1.220112
1.226784
1.226784
1.382998
1.382998
1.285975
1.285975
1.339940
1.339940
1.167396
1.167396
1.373107
1.373107
1.347466
1.347466
1.342200
1.342200
1.345006
1.345006
1.373001
1.373001
1.396178
1.396178
1.305657
1.305657
1.349933
1.349933
1.249898
1.249898
1.324878
1.324878
1.342726
1.342726
1.279107
1.279107
1.165703
1.165703
1.382870
1.382870
1.398408
1.398408
1.328250
1.328250
1.267396
1.267396
1.338923
1.338923
1.314748
1.314748
1.395282
1.395282
1.337050
1.337050
1.395677
1.395677
1.366783
1.366783
1.333369
1.333369
1.094440
1.094440
1.234010
1.234010
1.193098
1.193098
1.231509
1.231509
1.398433
1.398433
1.207811
1.207811
1.147346
1.224529
1.224529
1.147346
1.328904
1.328904
1.300066
1.300066
1.318499
1.318499
1.127196
1.127196
1.140014
1.140014
1.380697
1.380697
1.150939
1.150939
1.203095
1.203095
1.309273
1.250503
1.250503
1.309273
1.295873
1.295873
1.390756
1.390756
1.278831
1.278831
1.349804
1.349804
1.318214
1.318214
1.267605
1.267605
1.356091
1.356091
1.368329
1.368329
1.264455
1.264455
1.206702
1.206702
1.308347
1.308347
1.208171
1.208171
1.236119
1.236119
1.226795
1.226795
1.389296
1.389296
1.281240
1.281240
1.372523
1.372523
1.272473
1.272473
1.389239
1.389239
1.213563
1.213563
1.233316
1.233316
1.161332
1.161332
1.337863
1.337863
1.233640
1.233640
1.316650
1.316650
1.300279
1.300279
1.223995
1.223995
1.399050
1.399050
1.136440
1.136440
1.377881
1.377881
1.288569
1.288569
1.226053
1.226053
1.151276
1.151276
1.033200
1.033200
1.315091
1.315091
1.367582
1.367582
1.269539
1.269539
1.365813
1.365813
1.347900
1.347900
1.394807
1.394807
1.285865
1.285865
1.380247
1.380247
1.343478
1.343478
1.303717
1.303717
1.327108
1.327108
1.379307
1.379307
1.120101
1.120101
1.157218
1.157218
1.235819
1.235819
1.218523
1.218523
1.178369
1.178369
1.264023
1.264023
1.391819
1.391819
1.312379
1.312379
1.274101
1.274101
1.354578
1.354578
1.391519
1.391519
1.349464
1.349464
1.298576
1.298576
1.337216
1.337216
1.362417
1.362417
1.392647
1.392647
1.143957
1.143957
1.398727
1.398727
1.260294
1.260294
1.300406
1.300406
1.298430
1.298430
1.279234
1.279234
1.221798
1.221798
1.257707
1.257707
1.157128
1.157128
1.192005
1.192005
1.359691
1.359691
1.391512
1.391512
1.328048
1.328048
1.216817
1.216817
1.371465
1.371465
1.137904
1.137904
1.284221
1.284221
1.343227
1.343227
1.224235
1.224235
1.286284
1.286284
1.218014
1.218014
1.299088
1.299088
1.259579
1.259579
1.280904
1.280904
1.297569
1.297569
1.287336
1.287336
1.170031
1.170031
1.327227
1.327227
1.311272
1.311272
1.217059
1.217059
1.271919
1.271919
1.084000
1.084000
1.393490
1.393490
1.396523
1.396523
1.200203
1.200203
1.382538
1.382538
1.379153
1.379153
1.343679
1.343679
1.373181
1.373181
1.149003
1.149003
1.383251
1.383251
1.197665
1.197665
1.378424
1.378424
1.300972
1.300972
1.242449
1.242449
1.379005
1.379005
1.306355
1.306355
1.327109
1.327109
1.334341
1.334341
1.350188
1.350188
