1.398549
1.398549
1.394097
1.394097
1.274200
1.274200
1.305947
1.305947
1.375993
1.375993
1.284006
1.284006
1.219281
1.219281
1.324892
1.324892
1.292593
1.292593
1.393450
1.393450
1.354338
1.354338
1.380045
1.380045
1.254662
1.254662
1.291422
1.291422
1.394650
1.394650
1.312424
1.312424
1.254972
1.254972
1.319858
1.319858
1.381554
1.381554
1.348644
1.348644
1.304065
1.304065
1.394558
1.394558
1.196577
1.196577
1.210899
1.210899
1.180134
1.180134
1.111277
1.111277
1.340822
1.340822
1.232000
1.232000
1.342482
1.342482
1.374467
1.374467
1.380965
1.380965
1.396862
1.396862
1.385210
1.385210
1.376722
1.376722
1.134477
1.134477
1.301659
1.301659
1.159118
1.159118
1.161991
1.161991
1.379370
1.379370
1.379655
1.379655
1.246783
1.246783
1.102937
1.102937
1.228838
1.228838
1.099370
1.099370
1.384377
1.384377
1.225938
1.225938
1.281734
1.281734
1.335190
1.335190
1.107494
1.107494
1.392206
1.392206
1.398267
1.398267
1.323334
1.323334
1.398571
1.398571
1.343540
1.343540
1.372895
1.372895
1.372998
1.372998
1.062067
1.062067
1.278629
1.278629
1.340114
1.340114
1.351816
1.351816
1.332469
1.332469
1.382920
1.382920
1.268798
1.268798
1.100950
1.100950
1.206986
1.206986
1.363329
1.363329
1.344014
1.344014
1.327237
1.327237
1.248516
1.248516
1.387853
1.387853
1.354292
1.354292
1.175827
1.175827
1.303717
1.303717
1.261406
1.261406
1.249351
1.249351
1.265498
1.265498
1.349375
1.349375
1.055898
1.055898
1.072950
1.072950
1.357515
1.357515
1.360074
1.360074
1.377211
1.377211
1.275031
1.275031
1.293064
1.293064
1.279801
1.279801
1.126976
1.126976
1.299135
1.299135
1.074034
1.074034
1.368204
1.368204
1.221158
1.221158
1.155839
1.155839
1.316477
1.316477
1.236022
1.236022
1.206121
1.206121
1.330687
1.330687
1.313882
1.313882
1.239154
1.239154
1.178869
1.178869
1.263225
1.263225
1.329236
1.329236
1.323473
1.323473
1.145894
1.145894
1.143703
1.143703
1.242301
1.242301
1.193426
1.193426
1.343083
1.343083
1.111305
1.111305
1.136159
1.136159
1.380374
1.380374
1.361903
1.361903
1.351989
1.351989
1.090826
1.090826
1.398571
1.398571
1.032887
1.032887
1.239577
1.239577
1.292016
1.292016
1.182100
1.182100
1.391257
1.391257
1.273735
1.273735
1.357472
1.357472
1.295804
1.295804
1.371467
1.371467
1.362195
1.362195
1.292751
1.292751
1.335765
1.335765
1.399546
1.399546
1.309470
1.309470
1.301224
1.301224
1.354291
1.354291
1.172338
1.172338
1.377768
1.377768
1.357148
1.357148
1.334900
1.334900
1.375182
1.375182
1.284598
1.284598
1.129089
1.129089
1.345048
1.284385
1.345048
1.284385
1.229639
1.229639
1.376624
1.376624
1.162953
1.162953
1.336980
1.336980
1.309209
1.309209
1.139526
1.139526
1.283853
1.283853
1.054780
1.054780
1.384963
1.384963
1.284897
1.284897
1.396657
1.396657
1.102166
1.102166
1.053723
1.053723
1.311829
1.311829
1.391543
1.391543
1.213082
1.213082
1.362797
1.362797
1.389356
1.389356
1.092026
1.092026
1.291956
1.291956
1.346015
1.346015
1.204300
1.204300
1.334023
1.334023
1.367118
1.367118
1.363251
1.363251
1.318604
1.318604
1.186589
1.186589
1.316987
1.316987
1.207332
1.207332
1.166627
1.166627
1.377554
1.377554
1.301593
1.301593
1.380075
1.380075
1.396718
1.396718
1.356004
1.356004
1.291015
1.291015
1.130772
1.130772
1.318906
1.318906
1.339403
1.339403
1.342784
1.342784
1.384566
1.384566
