1.178603
1.178603
1.340209
1.340209
1.190866
1.190866
1.383699
1.383699
1.302206
1.302206
1.235486
1.235486
1.337411
1.337411
1.377694
1.377694
1.298958
1.298958
1.135976
1.135976
1.145414
1.145414
1.395760
1.395760
1.228188
1.228188
1.198075
1.198075
1.290207
1.290207
1.305548
1.229600
1.229600
1.305548
1.123479
1.123479
1.261756
1.261756
1.398913
1.398913
1.151796
1.151796
1.398998
1.398998
1.214036
1.214036
1.154453
1.154453
1.366452
1.366452
1.362957
1.362957
1.376101
1.376101
1.386316
1.386316
1.368763
1.368763
1.387293
1.387293
1.012817
1.012817
1.286986
1.286986
1.289463
1.289463
1.329610
1.329610
1.170969
1.170969
1.328006
1.328006
1.306901
1.306901
1.364423
1.364423
1.375556
1.375556
1.305394
1.305394
1.258438
1.258438
1.169757
1.169757
1.326222
1.326222
1.393403
1.393403
1.385659
1.385659
1.366539
1.366539
1.199295
1.199295
1.371078
1.371078
1.227163
1.227163
1.249260
1.249260
1.216168
1.216168
1.377641
1.377641
1.372275
1.372275
1.240270
1.240270
1.065134
1.065134
1.167480
1.167480
1.382063
1.382063
1.240696
1.240696
1.372875
1.372875
1.267070
1.267070
1.208540
1.208540
1.242505
1.242505
1.258079
1.258079
1.257840
1.257840
1.242585
1.242585
1.399115
1.399115
1.253014
1.253014
1.323787
1.323787
1.315591
1.315591
1.294172
1.294172
1.279991
1.279991
1.380423
1.380423
1.385524
1.385524
1.270123
1.270123
1.023185
1.023185
1.175184
1.175184
1.382693
1.382693
1.311173
1.311173
1.231241
1.231241
1.315714
1.249391
1.249391
1.315714
1.335561
1.335561
1.196280
1.196280
1.250502
1.250502
1.346382
1.346382
1.259239
1.386783
1.386783
1.259239
1.387477
1.387477
1.225728
1.225728
1.377954
1.377954
1.314579
1.314579
1.335168
1.335168
1.209504
1.209504
1.222937
1.222937
1.281429
1.281429
1.270462
1.270462
1.168996
1.168996
1.175781
1.175781
1.396665
1.396665
1.352858
1.352858
1.370838
1.370838
1.335521
1.335521
1.322219
1.322219
1.329294
1.329294
1.351634
1.351634
1.252041
1.252041
1.302209
1.302209
1.259875
1.259875
1.387995
1.387995
1.229528
1.229528
1.383346
1.383346
1.275156
1.275156
1.257469
1.257469
1.308364
1.308364
1.382352
1.382352
1.119625
1.119625
1.323169
1.323169
1.158783
1.158783
1.338400
1.338400
1.367468
1.367468
1.220202
1.220202
1.341556
1.341556
1.257138
1.257138
1.214287
1.214287
1.374107
1.374107
1.282343
1.282343
1.152875
1.152875
1.185328
1.185328
1.210354
1.210354
1.384078
1.384078
1.352945
1.352945
1.265162
1.265162
1.329085
1.329085
1.209932
1.209932
1.149045
1.149045
1.329148
1.329148
1.390862
1.390862
1.383742
1.383742
1.173906
1.173906
1.338075
1.338075
1.145760
1.145760
1.194432
1.194432
1.321322
1.321322
1.231722
1.231722
1.152887
1.152887
1.308387
1.308387
1.229460
1.229460
1.369024
1.369024
1.357410
1.357410
1.352017
1.352017
1.056509
1.056509
1.278623
1.278623
1.374994
1.374994
1.234343
1.234343
1.031888
1.031888
1.327424
1.327424
1.089161
1.089161
1.368811
1.368811
1.268713
1.268713
1.362661
1.362661
1.357364
1.357364
1.334422
1.334422
1.197785
1.197785
1.224848
1.224848
1.351458
1.351458
1.252384
1.252384
1.250062
1.250062
1.088141
1.088141
1.197981
1.197981
1.347619
1.347619
1.256376
1.256376
1.391042
1.391042
1.140378
1.140378
1.364710
1.364710
1.065450
1.065450
1.241826
1.241826
1.382353
1.382353
1.283108
1.283108
1.294372
1.294372
1.381740
1.381740
1.351068
1.351068
1.304578
1.304578
1.335636
1.335636
1.051767
1.051767
1.350764
1.350764
1.205376
1.205376
1.373818
1.373818
