1.315990
1.315990
1.345128
1.345128
1.334078
1.334078
1.121886
1.121886
1.194052
1.194052
1.331886
1.331886
1.334741
1.334741
1.392720
1.392720
1.288019
1.288019
1.178048
1.178048
1.398160
1.398160
1.303777
1.303777
1.276245
1.276245
1.315581
1.315581
1.345768
1.345768
1.350367
1.350367
1.291756
1.291756
1.051420
1.051420
1.392032
1.392032
1.266845
1.266845
1.367183
1.367183
1.228569
1.228569
1.281259
1.281259
1.112434
1.112434
1.299334
1.299334
1.398258
1.398258
1.398816
1.398816
1.371619
1.371619
1.371645
1.371645
1.130013
1.130013
1.349749
1.349749
1.309151
1.309151
1.133962
1.133962
1.399087
1.399087
1.185229
1.185229
1.391715
1.391715
1.259587
1.259587
1.334581
1.334581
1.185135
1.185135
1.247943
1.247943
1.083132
1.083132
1.338693
1.338693
1.276740
1.195830
1.276740
1.195830
1.387855
1.387855
1.384136
1.384136
1.354210
1.354210
1.362930
1.362930
1.338322
1.338322
1.215567
1.215567
1.315591
1.315591
1.096231
1.096231
1.350161
1.350161
1.302258
1.302258
1.245321
1.245321
1.266919
1.266919
1.301273
1.301273
1.372290
1.352624
1.372290
1.352624
1.183070
1.183070
1.129294
1.129294
1.383549
1.383549
1.328250
1.328250
1.345771
1.345771
1.086170
1.086170
1.300297
1.300297
1.127295
1.127295
1.300182
1.300182
1.250404
1.250404
1.256331
1.256331
1.080965
1.080965
1.246142
1.246142
1.387989
1.387989
1.209106
1.209106
1.208349
1.208349
1.190678
1.190678
1.229083
1.229083
1.302928
1.302928
1.300110
1.300110
1.237512
1.237512
1.273833
1.273833
1.183798
1.183798
1.305257
1.305257
1.225125
1.225125
1.299629
1.299629
1.196845
1.196845
1.138692
1.138692
1.341284
1.341284
1.218621
1.218621
1.323467
1.323467
1.189535
1.189535
1.189258
1.189258
1.283515
1.283515
1.219513
1.219513
1.120626
1.120626
1.385218
1.385218
1.240953
1.240953
1.274210
1.274210
1.256539
1.256539
1.308617
1.308617
1.141166
1.141166
1.309215
1.309215
1.073823
1.073823
1.223943
1.223943
1.210297
1.210297
1.221905
1.221905
1.078428
1.078428
1.178523
1.178523
1.311389
1.311389
1.271567
1.271567
1.204687
1.204687
1.336400
1.336400
1.251549
1.251549
1.257447
1.257447
1.279639
1.279639
1.233218
1.233218
1.326199
1.326199
1.364917
1.364917
1.327098
1.327098
1.247647
1.247647
1.388814
1.388814
1.341877
1.341877
1.289623
1.289623
1.387198
1.387198
1.308866
1.308866
1.343996
1.343996
1.253667
1.253667
1.383788
1.383788
1.399014
1.399014
1.319397
1.319397
1.371274
1.371274
1.388793
1.388793
1.353352
1.353352
1.233946
1.233946
1.380435
1.380435
1.384623
1.384623
1.382572
1.382572
1.339700
1.339700
1.285152
1.285152
1.251954
1.251954
1.301935
1.301935
1.143571
1.143571
1.087698
1.087698
1.195039
1.195039
1.152528
1.152528
1.338203
1.338203
1.228599
1.228599
1.298375
1.298375
1.384341
1.384341
1.280603
1.280603
1.287419
1.287419
1.396385
1.396385
1.328074
1.328074
1.265744
1.265744
1.388757
1.388757
1.231637
1.231637
1.250448
1.250448
1.340457
1.340457
1.380729
1.380729
1.373799
1.373799
1.342294
1.342294
1.239571
1.239571
1.303534
1.303534
1.261629
1.261629
1.306239
1.306239
1.345101
1.345101
1.289237
1.289237
1.242181
1.242181
1.276307
1.276307
1.272628
1.272628
1.297545
1.297545
1.267231
1.267231
1.195504
1.195504
1.077020
1.077020
1.357844
1.357844
1.395552
1.395552
1.249308
1.249308
1.110333
1.110333
1.367883
1.367883
1.351486
1.351486
1.317613
1.317613
1.066552
1.066552
1.222384
1.222384
1.183770
1.183770
1.149760
1.149760
1.258028
1.258028
1.357630
1.357630
1.348083
1.348083
1.248159
1.248159
1.227932
1.227932
1.213587
1.213587
1.358386
1.358386
1.154846
1.154846
1.059392
1.059392
1.331477
1.331477
1.218934
1.218934
1.334693
1.334693
1.301099
1.301099
1.358233
1.358233
1.354264
1.354264
1.105485
1.105485
1.359444
1.359444
1.175044
1.175044
1.339759
1.339759
1.369991
1.369991
1.384778
1.384778
1.309493
1.309493
1.387570
1.387570
1.322514
1.322514
1.332249
1.332249
1.328143
1.328143
1.286158
1.286158
1.319832
1.319832
1.101862
1.101862
1.368479
1.368479
1.183297
1.183297
1.339459
1.339459
1.369653
1.369653
1.385534
1.385534
1.179937
1.179937
1.287820
1.287820
1.151878
1.151878
