1.186718
1.186718
1.164445
1.164445
1.175290
1.175290
1.087968
1.087968
1.217650
1.217650
1.226311
1.226311
1.275230
1.275230
1.113913
1.113913
1.347516
1.347516
1.387964
1.387964
1.194182
1.194182
1.195743
1.195743
1.367666
1.367666
1.126114
1.126114
1.130034
1.130034
1.206781
1.206781
1.087907
1.087907
1.099231
1.099231
1.099095
1.099095
1.194045
1.194045
1.283668
1.283668
1.216081
1.216081
1.366594
1.366594
1.347729
1.347729
1.356627
1.356627
1.388008
1.388008
1.364810
1.364810
1.368757
1.368757
1.293018
1.293018
1.392141
1.392141
1.398982
1.398982
1.332976
1.332976
1.316938
1.316938
1.302470
1.302470
1.184885
1.184885
1.343078
1.343078
1.210161
1.210161
1.320814
1.325204
1.325204
1.320814
1.362110
1.269286
1.269286
1.362110
1.323332
1.323332
1.279246
1.279246
1.135430
1.135430
1.383270
1.383270
1.316913
1.316913
1.308430
1.308430
1.304253
1.304253
1.214088
1.214088
1.365166
1.365166
1.097053
1.097053
1.337826
1.337826
1.316956
1.316956
1.161899
1.161899
1.278373
1.278373
1.364102
1.364102
1.252953
1.252953
1.396451
1.396451
1.398548
1.398548
1.179350
1.179350
1.212657
1.212657
1.215537
1.215537
1.197700
1.197700
1.337830
1.337830
1.136699
1.136699
1.306837
1.306837
1.217360
1.217360
1.169199
1.169199
1.148855
1.148855
1.234924
1.234924
1.336992
1.336992
1.333309
1.333309
1.386280
1.386280
1.341174
1.341174
1.297836
1.297836
1.192595
1.192595
1.391091
1.391091
1.106905
1.106905
1.087824
1.087824
1.375026
1.375026
1.209785
1.209785
1.276942
1.276942
1.283998
1.283998
1.250083
1.250083
1.286408
1.286408
1.268248
1.268248
1.383208
1.383208
1.039265
1.039265
1.371205
1.371205
1.338527
1.338527
1.336255
1.336255
1.347722
1.347722
1.202702
1.202702
1.235381
1.235381
1.225557
1.225557
1.194253
1.317677
1.317677
1.194253
1.131285
1.131285
1.197639
1.197639
1.369768
1.369768
1.246794
1.246794
1.366351
1.366351
1.228587
1.228587
1.308605
1.308605
1.398858
1.398858
1.267554
1.267554
1.303586
1.303586
1.144276
1.144276
1.282084
1.282084
1.386663
1.386663
1.389393
1.389393
1.350228
1.350228
1.394404
1.394404
1.272358
1.272358
1.376601
1.376601
1.226881
1.226881
1.143776
1.143776
1.343746
1.343746
1.339033
1.339033
1.299656
1.299656
1.285815
1.285815
1.237858
1.237858
1.239851
1.239851
1.396776
1.396776
1.292917
1.292917
1.317433
1.317433
1.165177
1.165177
1.360750
1.360750
1.313825
1.313825
1.361834
1.361834
1.287131
1.287131
1.344463
1.344463
1.141426
1.141426
1.380756
1.380756
1.357464
1.357464
1.217108
1.217108
1.138449
1.138449
1.354763
1.354763
1.396593
1.396593
1.225025
1.225025
1.276184
1.276184
1.072425
1.072425
1.238199
1.238199
1.291215
1.291215
1.270728
1.270728
1.384460
1.384460
1.211218
1.211218
1.101534
1.101534
1.089730
1.089730
1.187216
1.187216
1.268400
1.268400
1.242255
1.242255
1.378352
1.378352
1.355479
1.355479
1.351117
1.351117
1.280190
1.280190
1.102295
1.102295
1.395281
1.395281
1.346115
1.346115
1.240143
1.240143
1.362028
1.362028
1.219515
1.219515
1.397936
1.397936
1.319153
1.319153
1.324454
1.324454
1.387942
1.387942
1.342760
1.342760
1.185349
1.185349
1.245291
1.245291
1.260994
1.260994
1.391970
1.391970
1.186791
1.186791
1.389334
1.389334
1.111265
1.111265
