1.302325
1.302325
1.092171
1.092171
1.318018
1.318018
1.336763
1.336763
1.325650
1.325650
1.235727
1.235727
1.362505
1.362505
1.306869
1.306869
1.348091
1.348091
1.144222
1.144222
1.290047
1.290047
1.305224
1.305224
1.395966
1.395966
1.286748
1.286748
1.262094
1.262094
1.262910
1.262910
1.388235
1.388235
1.282802
1.282802
1.373909
1.373909
1.366593
1.366593
1.355292
1.355292
1.251453
1.251453
1.248045
1.248045
1.390250
1.390250
1.343531
1.343531
1.186065
1.186065
1.297192
1.297192
1.375880
1.375880
1.282887
1.282887
1.154158
1.154158
1.300971
1.300971
1.230320
1.230320
1.195787
1.195787
1.363422
1.363422
1.318677
1.318677
1.150478
1.150478
1.156410
1.156410
1.372091
1.372091
1.207089
1.207089
1.382763
1.382763
1.279839
1.279839
1.222053
1.222053
1.276062
1.276062
1.351987
1.351987
1.252498
1.252498
1.323944
1.323944
1.285415
1.285415
1.273088
1.273088
1.246634
1.246634
1.393677
1.393677
1.323955
1.323955
1.392991
1.392991
1.364030
1.364030
1.150104
1.150104
1.270809
1.270809
1.267171
1.267171
1.289472
1.289472
1.390798
1.390798
1.345439
1.345439
1.168302
1.168302
1.347940
1.347940
1.154084
1.154084
1.231583
1.231583
1.292559
1.292559
1.232574
1.232574
1.188768
1.188768
1.300335
1.300335
1.069779
1.069779
1.309013
1.309013
1.236188
1.236188
1.291904
1.291904
1.138692
1.138692
1.367773
1.367773
1.180280
1.180280
1.272274
1.272274
1.275744
1.275744
1.378274
1.378274
1.216067
1.216067
1.375508
1.375508
1.225973
1.225973
1.330069
1.330069
1.327866
1.327866
1.278946
1.377076
1.377076
1.278946
1.147909
1.147909
1.337785
1.337785
1.353786
1.353786
1.012469
1.012469
1.193833
1.193833
1.216000
1.216000
1.285672
1.285672
1.093845
1.093845
1.094544
1.094544
1.371133
1.371133
1.283075
1.283075
1.152381
1.152381
1.275611
1.275611
1.295899
1.295899
1.349575
1.349575
1.383657
1.383657
1.364258
1.364258
1.366394
1.366394
1.273373
1.273373
1.176460
1.176460
1.378377
1.378377
1.372052
1.372052
1.280913
1.280913
1.362661
1.362661
1.346186
1.346186
1.381396
1.381396
1.235891
1.235891
1.161645
1.161645
1.139384
1.139384
1.294293
1.294293
1.336175
1.336175
1.353695
1.353695
1.267305
1.267305
1.294588
1.294588
1.184179
1.184179
1.394150
1.394150
1.252385
1.252385
1.364634
1.364634
1.365302
1.365302
1.270798
1.270798
1.307281
1.307281
1.387041
1.387041
1.325978
1.325978
1.296739
1.296739
1.277114
1.277114
1.393651
1.393651
1.341436
1.341436
1.220306
1.220306
1.215933
1.215933
1.307661
1.307661
1.244736
1.244736
1.260719
1.260719
1.183488
1.183488
1.199150
1.199150
1.230266
1.230266
1.142003
1.142003
1.318552
1.318552
1.204137
1.204137
1.291297
1.291297
1.249130
1.249130
1.387061
1.387061
1.325827
1.325827
1.347645
1.347645
1.365084
1.365084
1.187354
1.187354
1.295799
1.295799
1.101034
1.101034
1.399867
1.399867
1.333308
1.333308
1.312744
1.312744
1.096063
1.096063
1.398856
1.398856
1.335233
1.335233
1.332200
1.332200
1.143417
1.143417
1.311516
1.311516
1.291408
1.291408
1.324055
1.324055
1.342556
1.342556
1.330253
1.330253
1.277912
1.277912
1.271910
1.271910
1.297166
1.297166
1.244912
1.244912
1.236727
1.236727
1.057369
1.057369
1.395279
1.395279
1.352647
1.352647
1.226236
1.226236
1.398662
1.398662
1.101662
1.101662
1.214537
1.214537
1.334927
1.334927
1.166363
1.166363
1.262337
1.342677
1.262337
1.342677
1.127666
1.127666
1.234536
1.234536
1.144831
1.144831
1.377623
1.377623
1.163314
1.163314
1.246903
1.246903
1.343473
1.343473
1.239771
1.239771
1.063901
1.063901
1.299647
1.299647
1.389870
1.389870
1.276814
1.276814
1.368608
1.368608
1.056195
1.056195
1.260624
1.260624
1.397595
1.397595
1.096999
1.096999
1.044267
1.044267
1.391645
1.391645
1.285110
1.285110
1.390834
1.390834
