1.399991
1.399991
1.348462
1.348462
1.175510
1.175510
1.360357
1.360357
1.346534
1.346534
1.299533
1.299533
1.399527
1.399527
1.287521
1.310010
1.287521
1.310010
1.273400
1.273400
1.234156
1.234156
1.213024
1.213024
1.202521
1.202521
1.342076
1.342076
1.399690
1.399690
1.200456
1.200456
1.388522
1.388522
1.383141
1.383141
1.305439
1.305439
1.394867
1.394867
1.135353
1.135353
1.279394
1.279394
1.384004
1.384004
1.346960
1.346960
1.069162
1.069162
1.295268
1.295268
1.279627
1.279627
1.250985
1.250985
1.240780
1.240780
1.144879
1.144879
1.360780
1.360780
1.369803
1.369803
1.366219
1.366219
1.339904
1.339904
1.229310
1.229310
1.286510
1.286510
1.369142
1.369142
1.292811
1.292811
1.341755
1.341755
1.243086
1.243086
1.390366
1.390366
1.308618
1.308618
1.398946
1.398946
1.318546
1.318546
1.206794
1.206794
1.140208
1.140208
1.227836
1.325166
1.227836
1.325166
1.336435
1.328132
1.336435
1.328132
1.240821
1.240821
1.331077
1.331077
1.257192
1.257192
1.379286
1.379286
1.351799
1.351799
1.193225
1.193225
1.293951
1.381285
1.293951
1.381285
1.267416
1.267416
1.366357
1.366357
1.306488
1.306488
1.245235
1.245235
1.375956
1.375956
1.182390
1.182390
1.152796
1.152796
1.385800
1.385800
1.327517
1.327517
1.320949
1.320949
1.120848
1.120848
1.190458
1.190458
1.327037
1.327037
1.333463
1.333463
1.363952
1.363952
1.371018
1.371018
1.255313
1.255313
1.265444
1.265444
1.355002
1.355002
1.312350
1.312350
1.319685
1.319685
1.297710
1.297710
1.311910
1.311910
1.147145
1.147145
1.324668
1.324668
1.292046
1.292046
1.322688
1.322688
1.388030
1.388030
1.259296
1.259296
1.334902
1.334902
1.244533
1.244533
1.062119
1.062119
1.286967
1.286967
1.284887
1.228061
1.284887
1.228061
1.374495
1.374495
1.207608
1.207608
1.384962
1.384962
1.364075
1.364075
1.322582
1.322582
1.162372
1.162372
1.238413
1.238413
1.268502
1.268502
1.391841
1.391841
1.293133
1.293133
1.229180
1.229180
1.240479
1.240479
1.320156
1.320156
1.398262
1.398262
1.356534
1.356534
1.214397
1.214397
1.152133
1.152133
1.343745
1.343745
1.397979
1.397979
1.288553
1.288553
1.242134
1.242134
1.212112
1.212112
1.308370
1.308370
1.368101
1.368101
1.353481
1.353481
1.256769
1.256769
1.378619
1.378619
1.136814
1.136814
1.234990
1.234990
1.209623
1.209623
1.365480
1.365480
1.291378
1.291378
1.369415
1.369415
1.317150
1.317150
1.297546
1.297546
1.243009
1.243009
1.258916
1.258916
1.399859
1.399859
1.123320
1.123320
1.367637
1.367637
1.380451
1.380451
1.272800
1.272800
1.247341
1.247341
1.301523
1.301523
1.349590
1.349590
1.372239
1.372239
1.165410
1.165410
1.181313
1.181313
1.373841
1.373841
1.218879
1.218879
1.242412
1.242412
1.376825
1.376825
1.360468
1.360468
1.344517
1.344517
1.326035
1.326035
1.291414
1.291414
1.319421
1.319421
1.315911
1.315911
1.332912
1.332912
1.381823
1.381823
1.320841
1.320841
1.279356
1.279356
1.345469
1.345469
1.215148
1.215148
1.275353
1.275353
1.253807
1.253807
1.270770
1.270770
1.143152
1.143152
1.191715
1.191715
1.065461
1.065461
1.315286
1.315286
1.240375
1.240375
1.223779
1.223779
1.385704
1.385704
1.300382
1.300382
1.108418
1.108418
1.373993
1.373993
1.223137
1.223137
1.296462
1.296462
1.314986
1.314986
1.320141
1.320141
1.213597
1.213597
1.110047
1.110047
1.311544
1.311544
1.258833
1.258833
1.329955
1.329955
1.350972
1.350972
1.393533
1.393533
1.184684
1.184684
1.300237
1.300237
1.381114
1.381114
1.316434
1.316434
1.320622
1.320622
1.364168
1.364168
1.224707
1.224707
1.333304
1.333304
1.384099
1.384099
1.105672
1.105672
1.387453
1.387453
1.349552
1.349552
1.331952
1.331952
1.112426
1.112426
1.310950
1.310950
1.180513
1.180513
