1.047520
1.047520
1.222521
1.222521
1.225017
1.225017
1.208053
1.208053
1.243108
1.243108
1.287646
1.287646
1.328599
1.328599
1.380407
1.380407
1.366966
1.366966
1.176686
1.176686
1.359708
1.359708
1.396964
1.396964
1.143292
1.143292
1.363920
1.363920
1.369480
1.369480
1.391506
1.391506
1.141761
1.141761
1.190360
1.190360
1.386570
1.386570
1.338257
1.338257
1.292520
1.292520
1.242596
1.242596
1.321882
1.321882
1.219585
1.156785
1.156785
1.219585
1.294129
1.294129
1.264410
1.264410
1.352864
1.352864
1.349624
1.349624
1.366441
1.366441
1.357659
1.357659
1.303357
1.303357
1.291304
1.291304
1.356946
1.356946
1.380412
1.380412
1.085711
1.085711
1.381009
1.381009
1.333538
1.333538
1.325298
1.325298
1.390959
1.390959
1.262377
1.359049
1.359049
1.262377
1.161672
1.161672
1.282801
1.282801
1.326865
1.326865
1.173562
1.173562
1.380908
1.380908
1.196168
1.196168
1.216664
1.216664
1.396909
1.396909
1.362722
1.362722
1.291348
1.291348
1.298505
1.298505
1.339513
1.339513
1.362364
1.362364
1.267737
1.267737
1.064493
1.064493
1.376352
1.376352
1.192971
1.192971
1.161587
1.161587
1.333470
1.333470
1.142573
1.142573
1.384629
1.384629
1.386754
1.386754
1.363929
1.363929
1.209731
1.209731
1.371416
1.371416
1.397871
1.397871
1.264433
1.264433
1.175223
1.175223
1.319043
1.319043
1.030879
1.030879
1.299886
1.299886
1.134168
1.134168
1.342929
1.342929
1.394953
1.394953
1.383110
1.383110
1.036725
1.036725
1.364748
1.364748
1.338218
1.338218
1.378503
1.378503
1.199312
1.199312
1.233946
1.233946
1.340802
1.340802
1.122508
1.122508
1.380883
1.380883
1.309228
1.309228
1.320820
1.320820
1.324626
1.324626
1.274470
1.274470
1.347312
1.347312
1.245075
1.245075
1.344517
1.344517
1.321537
1.321537
1.398111
1.398111
1.396130
1.396130
1.341024
1.341024
1.354547
1.354547
1.359829
1.359829
1.385402
1.385402
1.310675
1.310675
1.340536
1.340536
1.282122
1.282122
1.367552
1.367552
1.277928
1.277928
1.269313
1.269313
1.203251
1.203251
1.382276
1.382276
1.168092
1.168092
1.360535
1.360535
1.375773
1.375773
1.312745
1.312745
1.272768
1.272768
1.355898
1.355898
1.154707
1.154707
1.385702
1.385702
1.370441
1.370441
1.352936
1.352936
1.325019
1.325019
1.297719
1.297719
1.377483
1.377483
1.364180
1.364180
1.243013
1.243013
1.383188
1.383188
1.372496
1.372496
1.194332
1.194332
1.286002
1.286002
1.286835
1.286835
1.391579
1.391579
1.242118
1.242118
1.065495
1.065495
1.365924
1.365924
1.235102
1.235102
1.387205
1.387205
1.223813
1.223813
1.317647
1.317647
1.210077
1.210077
1.348347
1.348347
1.194030
1.194030
1.144414
1.144414
1.094552
1.094552
1.315999
1.315999
1.186032
1.186032
1.387918
1.387918
1.235543
1.235543
1.064780
1.064780
1.381674
1.381674
1.282319
1.282319
1.298372
1.298372
1.297251
1.297251
1.341876
1.341876
1.363977
1.363977
1.209878
1.209878
1.341643
1.341643
1.191459
1.191459
1.347343
1.347343
1.348325
1.348325
1.131034
1.131034
1.311093
1.311093
1.376729
1.376729
1.305121
1.305121
1.214912
1.214912
1.341036
1.341036
1.342676
1.342676
