1.196848
1.196848
1.209228
1.209228
1.342544
1.342544
1.373754
1.373754
1.377622
1.377622
1.367741
1.367741
1.381946
1.381946
1.390280
1.390280
1.223033
1.223033
1.321739
1.321739
1.372346
1.372346
1.265959
1.265959
1.233175
1.233175
1.370767
1.370767
1.333481
1.333481
1.226838
1.226838
1.380972
1.380972
1.120310
1.120310
1.284258
1.284258
1.109072
1.109072
1.287451
1.287451
1.360541
1.360541
1.341282
1.341282
1.370192
1.370192
1.383766
1.383766
1.201793
1.201793
1.398401
1.398401
1.341276
1.341276
1.356118
1.356118
1.360153
1.360153
1.196830
1.196830
1.270250
1.270250
1.356477
1.356477
1.286017
1.286017
1.297902
1.297902
1.351275
1.351275
1.333157
1.333157
1.367301
1.367301
1.187166
1.187166
1.368683
1.368683
1.324479
1.324479
1.369921
1.369921
1.354942
1.354942
1.222003
1.222003
1.094615
1.094615
1.338746
1.338746
1.376625
1.376625
1.150320
1.150320
1.273361
1.273361
1.254123
1.254123
1.390231
1.390231
1.337760
1.337760
1.301165
1.301165
1.320063
1.320063
1.077268
1.077268
1.364032
1.364032
1.197092
1.197092
1.099164
1.099164
1.359251
1.359251
1.259085
1.259085
1.374780
1.374780
1.238813
1.238813
1.208948
1.208948
1.339101
1.339101
1.362873
1.362873
1.391866
1.391866
1.248804
1.248804
1.347824
1.347824
1.368297
1.368297
1.352595
1.352595
1.357044
1.357044
1.387661
1.387661
1.387094
1.387094
1.289632
1.289632
1.140859
1.140859
1.320501
1.320501
1.362115
1.362115
1.357151
1.357151
1.094033
1.094033
1.298628
1.298628
1.152789
1.152789
1.371633
1.371633
1.312586
1.312586
1.322348
1.322348
1.237732
1.237732
1.163993
1.163993
1.148457
1.148457
1.334417
1.334417
1.383068
1.383068
1.379561
1.379561
1.052248
1.052248
1.385565
1.385565
1.309760
1.309760
1.176516
1.176516
1.031025
1.031025
1.191232
1.191232
1.334219
1.334219
1.365647
1.365647
1.199051
1.199051
1.216064
1.216064
1.378966
1.378966
1.288436
1.288436
1.332303
1.332303
1.379689
1.379689
1.257191
1.257191
1.395481
1.395481
1.278752
1.278752
1.343746
1.343746
1.191362
1.191362
1.261758
1.261758
1.198873
1.198873
1.243743
1.243743
1.377205
1.377205
1.314084
1.314084
1.078882
1.078882
1.113229
1.113229
1.365541
1.365541
1.374654
1.374654
1.095107
1.095107
1.345804
1.345804
1.294853
1.294853
1.300031
1.300031
1.208041
1.208041
1.280433
1.280433
1.341062
1.341062
1.101460
1.101460
1.368598
1.368598
1.397406
1.397406
1.237924
1.237924
1.003124
1.003124
1.197779
1.197779
1.228571
1.228571
1.397071
1.397071
1.366071
1.366071
1.296119
1.296119
1.195471
1.195471
1.296835
1.296835
1.387625
1.387625
1.304043
1.304043
1.312759
1.312759
1.394162
1.394162
1.357280
1.357280
1.381145
1.381145
1.061988
1.061988
1.280353
1.280353
1.311749
1.311749
1.395777
1.395777
1.380910
1.380910
1.306603
1.306603
1.356925
1.356925
1.089537
1.089537
1.344412
1.344412
1.302447
1.302447
1.359559
1.359559
1.269846
1.269846
1.118607
1.118607
1.103736
1.103736
1.350343
1.350343
1.386388
1.386388
1.333710
1.333710
1.288551
1.288551
1.350342
1.350342
1.347054
1.347054
1.140654
1.140654
1.263220
1.263220
1.398333
1.398333
1.240562
1.240562
1.296345
1.296345
1.245115
1.245115
1.188795
1.188795
1.370779
1.370779
1.397606
1.397606
1.255056
1.255056
1.380713
1.380713
1.285880
1.285880
