1.127701
1.127701
1.232568
1.232568
1.195296
1.195296
1.058522
1.058522
1.172573
1.394119
1.394119
1.172573
1.282747
1.282747
1.399023
1.399023
1.325404
1.325404
1.259130
1.259130
1.232533
1.232533
1.214396
1.214396
1.289707
1.289707
1.251253
1.251253
1.319583
1.319583
1.201218
1.201218
1.258560
1.258560
1.320558
1.320558
1.330604
1.330604
1.255713
1.255713
1.111735
1.111735
1.226119
1.226119
1.253970
1.253970
1.260809
1.260809
1.368804
1.368804
1.173071
1.173071
1.251253
1.251253
1.295370
1.295370
1.216787
1.216787
1.282100
1.282100
1.224742
1.224742
1.063207
1.063207
1.307384
1.307384
1.393022
1.393022
1.373737
1.373737
1.262299
1.262299
1.345889
1.345889
1.255855
1.255855
1.042549
1.042549
1.333859
1.333859
1.265644
1.265644
1.392839
1.392839
1.319054
1.319054
1.100859
1.100859
1.384818
1.384818
1.301498
1.301498
1.369980
1.369980
1.111777
1.111777
1.278245
1.278245
1.214183
1.214183
1.186685
1.186685
1.310499
1.310499
1.101831
1.101831
1.385719
1.385719
1.191073
1.191073
1.270136
1.270136
1.235293
1.235293
1.383304
1.383304
1.294054
1.294054
1.314047
1.314047
1.034396
1.034396
1.295804
1.295804
1.234173
1.234173
1.361038
1.361038
1.366136
1.366136
1.302405
1.302405
1.128797
1.128797
1.186976
1.186976
1.383634
1.383634
1.381221
1.381221
1.361785
1.361785
1.356716
1.356716
1.340561
1.340561
1.391380
1.391380
1.196906
1.196906
1.260897
1.260897
1.185584
1.185584
1.243683
1.243683
1.243956
1.243956
1.335466
1.335466
1.160515
1.160515
1.396119
1.396119
1.322920
1.322920
1.327627
1.327627
1.296326
1.296326
1.390054
1.390054
1.264583
1.264583
1.389142
1.389142
1.263170
1.263170
1.276170
1.276170
1.235024
1.235024
1.323205
1.323205
1.091093
1.091093
1.321010
1.321010
1.319646
1.319646
1.398120
1.398120
1.363762
1.363762
1.355248
1.355248
1.394958
1.394958
1.266172
1.266172
1.382368
1.382368
1.376555
1.376555
1.150478
1.150478
1.349103
1.349103
1.324863
1.324863
1.251294
1.251294
1.383109
1.383109
1.349315
1.349315
1.340028
1.340028
1.260538
1.260538
1.059086
1.059086
1.281393
1.281393
1.396827
1.396827
1.206983
1.206983
1.271734
1.271734
1.275718
1.275718
1.165439
1.165439
1.260637
1.260637
1.281598
1.281598
1.330562
1.330562
1.355576
1.355576
1.351236
1.351236
1.330322
1.330322
1.323264
1.323264
1.213106
1.213106
1.345232
1.345232
1.225816
1.225816
1.331197
1.331197
1.219045
1.219045
1.259208
1.259208
1.307402
1.307402
1.227615
1.227615
1.330593
1.330593
1.214582
1.214582
