1.290718
1.290718
1.368514
1.368514
1.339348
1.339348
1.321897
1.321897
1.378277
1.378277
1.204598
1.204598
1.249421
1.249421
1.155562
1.155562
1.319551
1.319551
1.066055
1.066055
1.351875
1.351875
1.388684
1.388684
1.368602
1.368602
1.242141
1.242141
1.202320
1.202320
1.374983
1.374983
1.075566
1.075566
1.135692
1.135692
1.232697
1.232697
1.197492
1.197492
1.264626
1.264626
1.357251
1.357251
1.213214
1.213214
1.208784
1.208784
1.283857
1.283857
1.174103
1.174103
1.259112
1.259112
1.089584
1.089584
1.373646
1.373646
1.222823
1.222823
1.330043
1.330043
1.290801
1.290801
1.076022
1.076022
1.311234
1.311234
1.349534
1.349534
1.209806
1.209806
1.372076
1.372076
1.265774
1.265774
1.384382
1.384382
1.269001
1.269001
1.349475
1.349475
1.198241
1.198241
1.388606
1.388606
1.347150
1.347150
1.230257
1.230257
1.350694
1.350694
1.357820
1.357820
1.342257
1.342257
1.141190
1.141190
1.366330
1.366330
1.244861
1.244861
1.393566
1.393566
1.375084
1.375084
1.181418
1.181418
1.160777
1.160777
1.398475
1.398475
1.286356
1.286356
1.128515
1.128515
1.094099
1.094099
1.156866
1.156866
1.329447
1.329447
1.306212
1.306212
1.314616
1.314616
1.389625
1.389625
1.331572
1.331572
1.297860
1.297860
1.338843
1.338843
1.367775
1.367775
1.248881
1.248881
1.115128
1.115128
1.362500
1.362500
1.272756
1.272756
1.248521
1.248521
1.353660
1.353660
1.300524
1.300524
1.323497
1.323497
1.317726
1.317726
1.325345
1.325345
1.276447
1.276447
1.375611
1.375611
1.382400
1.382400
1.230596
1.230596
1.356152
1.356152
1.307472
1.307472
1.242604
1.242604
1.203399
1.203399
1.285053
1.285053
1.383885
1.383885
1.337535
1.337535
1.292571
1.292571
