1.226153
1.226153
1.087606
1.087606
1.179882
1.179882
1.242541
1.242541
1.264987
1.264987
1.197294
1.197294
1.175323
1.175323
1.381982
1.381982
1.376143
1.376143
1.164502
1.164502
1.375975
1.375975
1.312520
1.312520
1.150127
1.150127
1.368971
1.368971
1.272287
1.272287
1.062859
1.062859
1.387216
1.387216
1.250486
1.250486
1.187538
1.187538
1.370017
1.370017
1.372202
1.372202
1.299683
1.299683
1.295330
1.295330
1.292788
1.292788
1.287929
1.287929
1.206263
1.206263
1.219688
1.219688
1.022440
1.022440
1.242489
1.242489
1.228038
1.228038
1.286378
1.286378
1.296177
1.296177
1.325843
1.325843
1.269814
1.269814
1.374639
1.374639
1.374420
1.374420
1.336513
1.336513
1.274789
1.274789
1.248550
1.248550
1.197788
1.197788
1.348132
1.348132
1.329284
1.329284
1.297737
1.297737
1.204119
1.204119
1.139849
1.139849
1.198339
1.198339
1.152634
1.152634
1.345200
1.345200
1.300574
1.300574
1.118637
1.118637
1.229002
1.229002
1.344402
1.344402
1.296677
1.296677
1.236678
1.236678
1.308832
1.308832
1.385257
1.385257
1.176682
1.176682
1.238377
1.238377
1.082886
1.082886
1.322777
1.322777
1.250499
1.250499
1.293913
1.293913
1.275343
1.275343
1.240052
1.240052
1.126233
1.126233
1.351613
1.351613
1.270741
1.270741
1.325461
1.325461
1.095775
1.095775
1.286277
1.286277
1.164362
1.164362
1.244468
1.244468
1.216652
1.216652
1.297331
1.297331
1.309785
1.309785
1.301650
1.301650
1.355586
1.355586
1.245045
1.245045
1.321235
1.321235
1.159256
1.159256
1.361660
1.361660
1.275251
1.275251
1.397027
1.397027
1.387734
1.387734
1.313476
1.313476
1.249346
1.249346
1.390905
1.390905
1.169966
1.169966
1.372028
1.372028
1.276921
1.276921
1.235941
1.235941
