1.165013
1.165013
1.384815
1.384815
1.337878
1.337878
1.378334
1.378334
1.375381
1.375381
1.062704
1.062704
1.194251
1.194251
1.122173
1.122173
1.298865
1.298865
1.353816
1.353816
1.194657
1.194657
1.359990
1.359990
1.362186
1.362186
1.350325
1.350325
1.120654
1.120654
1.292744
1.292744
1.314489
1.314489
1.352615
1.352615
1.389406
1.389406
1.114296
1.114296
1.342366
1.342366
1.113254
1.113254
1.306864
1.306864
1.397624
1.397624
1.376504
1.376504
1.369834
1.369834
1.149145
1.149145
1.131861
1.131861
1.112086
1.112086
1.367702
1.367702
1.161300
1.161300
1.188150
1.188150
1.308165
1.308165
1.231141
1.231141
1.364003
1.364003
1.284222
1.284222
1.308729
1.308729
1.214533
1.214533
1.287900
1.287900
1.264455
1.264455
1.330058
1.330058
1.343966
1.343966
1.304073
1.304073
1.165569
1.165569
1.208202
1.208202
1.316346
1.316346
1.275122
1.275122
1.224199
1.224199
1.324102
1.324102
1.182200
1.182200
1.368565
1.368565
1.231606
1.231606
1.174899
1.174899
1.341998
1.341998
1.340499
1.340499
