1.235419
1.235419
1.392884
1.392884
1.365439
1.365439
1.397239
1.397239
1.310533
1.310533
1.161099
1.161099
1.375037
1.375037
1.367281
1.367281
1.229384
1.229384
1.362791
1.362791
1.172179
1.172179
1.261347
1.261347
1.382953
1.382953
1.177872
1.177872
1.262771
1.262771
1.333351
1.333351
1.324306
1.324306
1.370467
1.370467
1.311358
1.311358
1.154099
1.154099
1.339578
1.339578
1.318984
1.318984
1.368171
1.368171
1.192165
1.192165
1.175589
1.175589
1.192717
1.192717
1.238514
1.238514
1.375201
1.375201
1.280624
1.280624
1.212810
1.212810
1.246720
1.246720
1.357396
1.357396
1.320606
1.320606
1.240117
1.240117
1.056244
1.056244
1.331968
1.331968
1.155719
1.155719
1.315499
1.315499
1.063751
1.063751
1.353876
1.353876
1.302199
1.302199
1.222006
1.222006
1.374071
1.374071
1.260817
1.260817
1.273701
1.273701
1.222128
1.222128
1.268219
1.268219
1.068150
1.068150
1.240563
1.240563
1.245039
1.245039
1.242443
1.242443
1.394243
1.394243
1.302728
1.302728
1.139826
1.139826
1.301093
1.301093
1.346553
1.346553
1.190190
1.190190
1.264667
1.264667
1.350239
1.350239
1.372585
1.372585
1.222997
1.222997
1.380446
1.380446
1.327172
1.327172
1.339182
1.339182
1.297406
1.297406
1.150082
1.150082
1.220254
1.220254
1.311852
1.311852
1.122868
1.122868
1.250286
1.250286
1.398994
1.398994
1.214404
1.214404
1.298458
1.298458
1.313369
1.313369
1.101274
1.101274
1.342967
1.342967
1.397193
1.397193
1.347296
1.347296
1.186882
1.186882
1.358625
1.358625
1.360508
1.360508
1.340546
1.340546
1.362138
1.362138
1.316918
1.316918
1.381341
1.381341
1.367137
1.367137
1.293932
1.293932
1.334439
1.334439
1.260437
1.260437
1.376876
1.376876
1.319708
1.319708
1.320439
1.320439
1.279054
1.279054
1.040859
1.040859
1.395951
1.395951
1.319146
1.319146
1.107613
1.107613
1.299392
1.299392
1.144144
1.144144
1.346862
1.346862
1.332101
1.332101
1.398916
1.398916
1.273942
1.273942
1.347496
1.347496
1.370157
1.370157
1.373499
1.373499
1.382582
1.382582
1.283726
1.283726
1.343281
1.343281
1.048586
1.048586
1.220988
1.220988
1.377157
1.377157
1.360732
1.360732
1.273444
1.273444
1.232508
1.232508
1.263450
1.263450
1.197760
1.197760
1.241265
1.241265
1.303036
1.303036
