1.263668
1.263668
1.125604
1.125604
1.382035
1.382035
1.140205
1.140205
1.231502
1.231502
1.042348
1.042348
1.398965
1.398965
1.178440
1.178440
1.384750
1.384750
1.303852
1.303852
1.318540
1.318540
1.251912
1.251912
1.379545
1.379545
1.381488
1.381488
1.296722
1.296722
1.154251
1.154251
1.155211
1.155211
1.293404
1.293404
1.306679
1.306679
1.311166
1.311166
1.315198
1.315198
1.309704
1.309704
1.257174
1.257174
1.230374
1.230374
1.154000
1.154000
1.277183
1.277183
1.087837
1.087837
1.281256
1.281256
1.384793
1.384793
1.359845
1.359845
1.325448
1.325448
1.359885
1.359885
1.335563
1.335563
1.272759
1.272759
1.306672
1.306672
1.124017
1.124017
1.378846
1.378846
1.365785
1.365785
1.284159
1.284159
1.364183
1.364183
1.274412
1.274412
1.394961
1.394961
1.302890
1.302890
1.169952
1.169952
1.335814
1.335814
1.105662
1.105662
1.243400
1.243400
1.261620
1.261620
1.345851
1.345851
1.379938
1.379938
1.335776
1.335776
1.216729
1.216729
1.372826
1.372826
1.356098
1.356098
1.347383
1.347383
1.386824
1.386824
1.137009
1.137009
1.361714
1.361714
1.074581
1.074581
1.342523
1.342523
1.342454
1.342454
1.294424
1.294424
1.374534
1.374534
1.329037
1.329037
1.188487
1.188487
1.379083
1.379083
1.274438
1.274438
1.282882
1.282882
1.359236
1.359236
1.167474
1.167474
1.226569
1.226569
1.388857
1.388857
1.373961
1.373961
1.216288
1.216288
1.340415
1.340415
1.153999
1.153999
1.103028
1.103028
1.139992
1.139992
1.138675
1.138675
1.181506
1.181506
1.161709
1.161709
1.355003
1.355003
1.202515
1.202515
1.306114
1.306114
1.281911
1.281911
1.359718
1.359718
1.278488
1.278488
1.152272
1.152272
1.389698
1.389698
1.271216
1.271216
1.357601
1.357601
1.301708
1.301708
1.215595
1.215595
1.346022
1.346022
1.156573
1.156573
1.380595
1.380595
1.222077
1.222077
1.243243
1.243243
1.070039
1.070039
1.224990
1.224990
1.377319
1.377319
1.333806
1.333806
1.297282
1.297282
1.236839
1.236839
1.173619
1.173619
1.319211
1.319211
1.319351
1.319351
1.354188
1.354188
1.261331
1.261331
1.353718
1.353718
1.376091
1.376091
1.288966
1.288966
1.338191
1.338191
1.366062
1.366062
1.383778
1.383778
1.306985
1.306985
1.026511
1.026511
1.083821
1.083821
1.294959
1.294959
1.197038
1.197038
