1.355856
1.355856
1.195067
1.195067
1.141107
1.383539
1.383539
1.141107
1.321055
1.321055
1.159918
1.159918
1.263977
1.263977
1.356102
1.356102
1.357908
1.357908
1.263612
1.263612
1.194559
1.194559
1.260771
1.260771
1.353455
1.353455
1.316414
1.316414
1.385082
1.385082
1.375809
1.375809
1.070591
1.070591
1.314616
1.314616
1.355032
1.355032
1.167262
1.167262
1.274550
1.274550
1.300802
1.300802
1.300700
1.300700
1.362583
1.362583
1.251652
1.251652
1.376402
1.376402
1.285696
1.285696
1.211331
1.211331
1.190799
1.190799
1.340281
1.340281
1.345038
1.345038
1.372945
1.372945
1.092299
1.092299
1.327110
1.327110
1.269443
1.269443
1.175177
1.175177
1.367139
1.367139
1.204784
1.204784
1.320384
1.320384
1.255162
1.255162
1.360335
1.360335
1.375038
1.375038
1.145169
1.145169
1.270979
1.270979
1.234250
1.234250
1.244892
1.244892
1.283099
1.283099
1.331943
1.331943
1.201511
1.201511
1.147017
1.147017
1.278973
1.278973
1.376868
1.376868
1.369022
1.369022
1.307838
1.307838
1.307451
1.307451
1.314277
1.314277
1.096979
1.096979
1.341008
1.341008
1.261915
1.261915
1.227187
1.227187
1.270667
1.270667
1.132160
1.132160
1.371078
1.371078
1.207824
1.207824
1.248460
1.248460
1.308613
1.308613
1.288196
1.288196
1.207297
1.207297
1.297213
1.297213
1.255225
1.255225
1.358609
1.358609
1.176374
1.176374
1.154910
1.154910
1.134212
1.134212
1.222609
1.222609
1.110614
1.110614
1.306310
1.306310
1.171232
1.171232
1.256247
1.256247
1.397565
1.397565
1.394786
1.394786
1.352306
1.352306
1.368033
1.368033
1.183131
1.183131
1.348237
1.348237
