1.233129
1.233129
1.391692
1.391692
1.375732
1.375732
1.355981
1.355981
1.322424
1.322424
1.175166
1.175166
1.373301
1.373301
1.337791
1.337791
1.338728
1.338728
1.343494
1.343494
1.137658
1.137658
1.346488
1.346488
1.376816
1.376816
1.250728
1.250728
1.345269
1.345269
1.083715
1.083715
1.384475
1.384475
1.141546
1.141546
1.074321
1.074321
1.284787
1.284787
1.261729
1.261729
1.303741
1.303741
1.367163
1.367163
1.056911
1.056911
1.180814
1.180814
1.348756
1.348756
1.389506
1.389506
1.329802
1.329802
1.381120
1.381120
1.236769
1.236769
1.236249
1.236249
1.103965
1.103965
1.076831
1.076831
1.271104
1.271104
1.354440
1.354440
1.334549
1.334549
1.281996
1.281996
1.335411
1.335411
1.155888
1.155888
1.276786
1.276786
1.336110
1.336110
1.219365
1.219365
1.307556
1.307556
1.179671
1.179671
1.202239
1.202239
1.157991
1.157991
1.358252
1.358252
1.212439
1.212439
1.363548
1.363548
1.204162
1.204162
1.259159
1.259159
1.325862
1.325862
1.236370
1.236370
1.378014
1.378014
1.383355
1.383355
1.357181
1.357181
1.386980
1.386980
1.361721
1.361721
1.332636
1.332636
1.332113
1.332113
1.108073
1.108073
1.372858
1.372858
1.256396
1.256396
1.285316
1.285316
1.119598
1.119598
1.187920
1.187920
1.357836
1.357836
1.396624
1.396624
1.341356
1.341356
1.261631
1.261631
1.235555
1.235555
1.380731
1.380731
1.244858
1.244858
1.281219
1.281219
1.079472
1.079472
1.314910
1.314910
1.339842
1.339842
1.329769
1.329769
1.351276
1.351276
1.383363
1.383363
1.374238
1.374238
1.374004
1.374004
1.339995
1.339995
1.339284
1.339284
1.305579
1.305579
1.335189
1.335189
1.129656
1.129656
1.038572
1.038572
1.369991
1.369991
1.373861
1.373861
1.204805
1.204805
1.313051
1.313051
1.357833
1.357833
1.236664
1.236664
1.373834
1.373834
1.361278
1.361278
1.347184
1.347184
1.357977
1.357977
1.323656
1.323656
1.300163
1.372367
1.372367
1.300163
1.299758
1.299758
1.240461
1.240461
1.107630
1.107630
1.261440
1.261440
1.376626
1.376626
