1.300428
1.300428
1.367860
1.367860
1.318865
1.318865
1.341445
1.341445
1.274340
1.274340
1.355594
1.350225
1.355594
1.350225
1.265164
1.265164
1.369937
1.369937
1.340502
1.340502
1.381661
1.383728
1.383728
1.381661
1.389862
1.389862
1.072229
1.072229
1.118939
1.118939
1.285966
1.285966
1.317012
1.317012
1.337699
1.337699
1.359993
1.359993
1.076529
1.076529
1.253560
1.253560
1.205513
1.205513
1.250982
1.250982
1.355226
1.355226
1.219495
1.219495
1.282665
1.282665
1.347996
1.347996
1.195952
1.195952
1.067528
1.067528
1.327375
1.327375
1.117573
1.117573
1.372823
1.372823
1.377318
1.377318
1.311328
1.311328
1.172467
1.172467
1.383454
1.383454
1.346335
1.346335
1.372358
1.372358
1.373645
1.373645
1.319775
1.319775
1.397284
1.397284
1.001674
1.001674
1.394472
1.394472
1.337125
1.337125
1.154158
1.154158
1.207215
1.207215
1.365036
1.365036
1.279171
1.279171
1.265431
1.265431
1.298177
1.298177
1.135738
1.135738
1.361961
1.361961
1.386284
1.386284
1.390032
1.390032
1.306014
1.306014
1.251354
1.251354
1.273538
1.273538
1.396620
1.396620
1.294828
1.294828
1.082335
1.082335
1.397859
1.397859
1.362039
1.362039
1.148343
1.148343
1.158312
1.158312
1.319565
1.319565
1.389063
1.389063
1.276195
1.276195
1.385544
1.385544
1.303296
1.303296
1.379987
1.379987
1.315144
1.315144
1.368694
1.368694
1.316709
1.316709
1.295247
1.295247
1.218136
1.218136
1.257067
1.257067
1.396214
1.396214
1.399292
1.399292
1.317873
1.317873
