1.173584
1.173584
1.272180
1.272180
1.332383
1.332383
1.367895
1.367895
1.342942
1.342942
1.385953
1.385953
1.242057
1.242057
1.182251
1.182251
1.338377
1.338377
1.192516
1.192516
1.249494
1.249494
1.351671
1.351671
1.317115
1.317115
1.247805
1.247805
1.317761
1.317761
1.399356
1.399356
1.312017
1.312017
1.334013
1.334013
1.322251
1.322251
1.384480
1.384480
1.250197
1.250197
1.144881
1.144881
1.359749
1.359749
1.336644
1.336644
1.129645
1.129645
1.388324
1.388324
1.193030
1.193030
1.103435
1.103435
1.376200
1.376200
1.237240
1.237240
1.114859
1.114859
1.365213
1.365213
1.214321
1.214321
1.370704
1.370704
1.248673
1.248673
1.390529
1.390529
1.358280
1.358280
1.357535
1.357535
1.170351
1.170351
1.134437
1.134437
1.399165
1.399165
1.188662
1.188662
1.379498
1.379498
1.152506
1.152506
1.393731
1.393731
1.338646
1.338646
1.140938
1.140938
1.204693
1.204693
1.168028
1.168028
1.390592
1.390592
1.275463
1.275463
1.398653
1.398653
1.128144
1.128144
1.058539
1.058539
1.332590
1.332590
1.305331
1.305331
1.171817
1.171817
1.351546
1.351546
1.282168
1.282168
1.382570
1.382570
1.393866
1.393866
1.345385
1.345385
1.368456
1.368456
1.379088
1.379088
1.377373
1.377373
1.110831
1.110831
1.282132
1.282132
1.304798
1.304798
1.277887
1.277887
1.290750
1.290750
1.383299
1.383299
1.291560
1.291560
1.257971
1.257971
1.164554
1.164554
1.237609
1.237609
1.278382
1.278382
1.314289
1.314289
1.222513
1.222513
1.367628
1.367628
1.310910
1.310910
1.336139
1.336139
1.076464
1.076464
1.144399
1.144399
1.310469
1.310469
1.176155
1.176155
1.332433
1.332433
1.272172
1.272172
1.234132
1.234132
1.360847
1.360847
1.304411
1.304411
1.350416
1.350416
1.260123
1.260123
1.220233
1.220233
1.299239
1.299239
1.304467
1.304467
1.383759
1.383759
1.349463
1.349463
1.047531
1.047531
1.265059
1.265059
1.396346
1.396346
1.189950
1.189950
1.300006
1.300006
1.349695
1.349695
1.195372
1.195372
1.251445
1.251445
1.362818
1.362818
1.324418
1.324418
1.396059
1.396059
1.333980
1.333980
1.289039
1.289039
1.180862
1.180862
1.323859
1.323859
1.167712
1.167712
1.242590
1.242590
1.222584
1.222584
