1.255590
1.255590
1.393351
1.393351
1.291037
1.291037
1.378644
1.378644
1.328954
1.328954
1.396522
1.396522
1.275233
1.275233
1.266214
1.266214
1.290804
1.290804
1.103074
1.103074
1.388030
1.388030
1.298660
1.298660
1.187952
1.187952
1.381652
1.381652
1.346103
1.346103
1.199822
1.199822
1.298043
1.298043
1.391348
1.391348
1.323527
1.323527
1.376779
1.376779
1.392461
1.392461
1.094679
1.094679
1.379494
1.379494
1.228694
1.228694
1.386355
1.386355
1.370333
1.370333
1.399132
1.399132
1.211992
1.211992
1.155601
1.155601
1.290764
1.290764
1.389581
1.389581
1.384605
1.384605
1.128969
1.128969
1.259130
1.259130
1.122281
1.122281
1.199009
1.199009
1.067370
1.067370
1.399853
1.399853
1.380176
1.380176
1.328013
1.328013
1.307301
1.307301
1.363226
1.363226
1.196277
1.196277
1.258970
1.258970
1.145616
1.145616
1.225061
1.225061
1.375101
1.375101
1.390638
1.390638
1.396114
1.396114
1.330633
1.330633
1.220229
1.220229
1.102252
1.102252
1.120774
1.120774
1.270069
1.270069
1.314237
1.314237
1.115052
1.115052
