1.224937
1.224937
1.273244
1.273244
1.259465
1.259465
1.305138
1.305138
1.275027
1.275027
1.054601
1.054601
1.177047
1.177047
1.140282
1.140282
1.290072
1.290072
1.275477
1.275477
1.322096
1.322096
1.331546
1.331546
1.278877
1.278877
1.324654
1.324654
1.289335
1.289335
1.339779
1.339779
1.169332
1.169332
1.203427
1.203427
1.376215
1.376215
1.358583
1.358583
1.365982
1.365982
1.341940
1.341940
1.312099
1.312099
1.356425
1.356425
1.328162
1.328162
1.374247
1.374247
1.333617
1.333617
1.392657
1.392657
1.287750
1.287750
1.377434
1.377434
1.264148
1.264148
1.271512
1.271512
1.206266
1.206266
1.368114
1.368114
1.337654
1.337654
1.397449
1.397449
1.398142
1.398142
1.284756
1.284756
1.271239
1.271239
1.231339
1.231339
1.327093
1.327093
1.277100
1.277100
1.148412
1.148412
1.337020
1.337020
1.305375
1.305375
1.281720
1.281720
1.289669
1.289669
1.369356
1.369356
1.354005
1.354005
1.386638
1.386638
1.353482
1.353482
1.302016
1.302016
1.103546
1.103546
1.359984
1.359984
1.326478
1.326478
1.161426
1.161426
1.294721
1.294721
1.399999
1.399999
1.374978
1.374978
1.362933
1.362933
1.339946
1.339946
1.171451
1.171451
1.021903
1.021903
1.302520
1.302520
1.399905
1.399905
1.274505
1.274505
1.057807
1.057807
1.351274
1.351274
1.342634
1.342634
1.268696
1.268696
1.361678
1.361678
1.136910
1.136910
1.397310
1.397310
1.300990
1.300990
1.265871
1.265871
1.191067
1.191067
1.032681
1.032681
1.306219
1.306219
1.285153
1.285153
1.224182
1.224182
1.252312
1.252312
1.217434
1.217434
1.240064
1.240064
1.329477
1.329477
1.054476
1.054476
1.311119
1.311119
1.251790
1.251790
1.226282
1.226282
1.287903
1.287903
1.298233
1.298233
1.398832
1.398832
1.358453
1.358453
1.332651
1.332651
1.398492
1.398492
1.311255
1.311255
1.332322
1.332322
1.353527
1.353527
1.094215
1.094215
1.100163
1.100163
1.311210
1.311210
1.352805
1.352805
1.315909
1.315909
1.363588
1.363588
1.300962
1.300962
1.379867
1.379867
1.075613
1.075613
1.070323
1.070323
1.152387
1.152387
1.215609
1.215609
1.370715
1.370715
1.334334
1.334334
1.238361
1.238361
1.317225
1.317225
1.366633
1.366633
1.266316
1.266316
