1.300842
1.300842
1.223145
1.223145
1.239414
1.239414
1.245956
1.245956
1.167460
1.167460
1.070343
1.070343
1.392758
1.392758
1.382782
1.382782
1.390162
1.390162
1.330636
1.330636
1.373178
1.373178
1.181544
1.181544
1.241234
1.241234
1.304217
1.304217
1.356674
1.356674
1.359056
1.359056
1.275887
1.275887
1.320366
1.320366
1.307207
1.307207
1.223393
1.223393
1.296633
1.296633
1.320536
1.320536
1.395428
1.395428
1.244067
1.244067
1.173196
1.173196
1.252055
1.252055
1.075247
1.075247
1.212426
1.212426
1.239023
1.239023
1.331078
1.331078
1.189541
1.189541
1.370229
1.370229
1.396816
1.396816
1.266750
1.266750
1.093433
1.093433
1.234126
1.234126
1.375638
1.375638
1.393570
1.393570
1.398648
1.398648
1.270632
1.270632
1.124992
1.124992
1.387875
1.387875
1.382368
1.382368
1.323820
1.323820
1.283937
1.283937
1.316588
1.316588
1.307290
1.307290
1.331956
1.331956
1.234695
1.234695
1.295487
1.295487
1.221898
1.221898
1.039692
1.039692
1.340776
1.340776
1.229126
1.229126
1.317572
1.317572
1.334620
1.334620
1.287614
1.287614
1.365348
1.365348
1.101739
1.101739
1.303913
1.303913
1.317849
1.317849
1.280949
1.280949
1.283198
1.283198
1.176787
1.176787
1.241925
1.241925
1.267429
1.267429
1.189645
1.189645
1.376010
1.376010
1.256285
1.256285
1.393273
1.393273
1.198924
1.198924
1.397861
1.397861
1.392117
1.392117
1.388381
1.388381
1.394745
1.394745
1.343777
1.343777
1.381444
1.381444
1.286998
1.286998
1.193385
1.193385
1.332533
1.332533
