1.250378
1.250378
1.229721
1.187804
1.229721
1.187804
1.387801
1.387801
1.396163
1.396163
1.167712
1.167712
1.291866
1.291866
1.390707
1.390707
1.354659
1.354659
1.306437
1.306437
1.312199
1.312199
1.314043
1.314043
1.053375
1.053375
1.102499
1.102499
1.124838
1.124838
1.119313
1.119313
1.300337
1.300337
1.202005
1.202005
1.181363
1.181363
1.335236
1.335236
1.343311
1.343311
1.344004
1.344004
1.394384
1.394384
1.156116
1.156116
1.349936
1.349936
1.342804
1.342804
1.238085
1.238085
1.186690
1.186690
1.151917
1.151917
1.374466
1.374466
1.330173
1.330173
1.190702
1.190702
1.269019
1.269019
1.244297
1.244297
1.343125
1.343125
1.357791
1.357791
1.329017
1.329017
1.201194
1.201194
1.343452
1.343452
1.347984
1.347984
1.386873
1.386873
1.179028
1.179028
1.187243
1.187243
1.100622
1.100622
1.331193
1.331193
1.344177
1.344177
1.345053
1.345053
1.307092
1.307092
1.351014
1.351014
1.142241
1.142241
1.293252
1.293252
1.300034
1.300034
1.295887
1.295887
1.309266
1.309266
1.277321
1.277321
1.286613
1.286613
1.310072
1.310072
1.250821
1.250821
1.284379
1.284379
1.184092
1.184092
1.282509
1.282509
1.242044
1.242044
1.305285
1.305285
1.296151
1.296151
1.279433
1.279433
1.171784
1.171784
1.226398
1.226398
1.394333
1.394333
1.333274
1.333274
1.348337
1.348337
1.162023
1.162023
1.378315
1.378315
1.063203
1.063203
1.161335
1.161335
