1.390753
1.390753
1.255617
1.255617
1.237406
1.237406
1.258758
1.258758
1.258017
1.258017
1.377389
1.377389
1.264961
1.264961
1.076774
1.076774
1.354497
1.354497
1.292904
1.292904
1.356071
1.356071
1.386217
1.386217
1.351644
1.351644
1.382038
1.382038
1.356354
1.356354
1.279184
1.279184
1.388496
1.388496
1.094402
1.094402
1.027652
1.027652
1.397143
1.397143
1.345277
1.345277
1.317347
1.317347
1.231306
1.231306
1.374562
1.374562
1.301602
1.301602
1.037367
1.037367
1.329640
1.329640
1.391324
1.391324
1.345173
1.345173
1.372819
1.372819
1.371018
1.371018
1.338835
1.338835
1.250072
1.250072
1.323527
1.323527
1.388081
1.388081
1.262769
1.262769
1.386185
1.386185
1.398668
1.398668
1.361547
1.361547
1.323007
1.323007
1.371678
1.371678
1.320742
1.320742
1.355083
1.355083
1.218210
1.218210
1.360481
1.360481
1.332532
1.332532
1.260272
1.260272
1.378883
1.378883
1.265710
1.265710
1.212522
1.212522
1.390423
1.390423
1.352506
1.352506
1.220215
1.220215
1.355705
1.355705
1.359989
1.359989
1.048312
1.048312
1.335691
1.335691
1.381758
1.381758
1.223086
1.223086
1.169359
1.169359
1.187788
1.187788
1.382600
1.382600
1.180026
1.180026
1.285317
1.285317
1.366001
1.366001
1.279435
1.279435
1.306863
1.306863
1.336992
1.336992
1.393353
1.393353
1.386888
1.386888
1.328234
1.328234
1.383710
1.383710
1.345232
1.345232
1.395469
1.395469
1.287505
1.287505
1.234639
1.234639
1.276227
1.276227
1.121752
1.121752
1.212282
1.212282
1.197758
1.197758
1.265435
1.265435
1.395410
1.395410
1.308455
1.308455
1.352848
1.352848
1.327577
1.327577
1.234829
1.234829
1.294406
1.294406
1.309736
1.309736
1.381315
1.381315
1.343127
1.343127
1.373887
1.373887
1.390554
1.390554
1.071833
1.071833
1.351219
1.351219
1.393942
1.393942
1.399256
1.399256
1.309157
1.309157
1.189298
1.189298
1.292111
1.292111
1.270765
1.270765
1.315459
1.315459
1.304076
1.304076
1.396271
1.396271
1.308363
1.308363
1.301408
1.301408
1.269841
1.269841
1.241541
1.241541
1.361621
1.361621
1.359014
1.359014
1.210071
1.210071
1.141576
1.141576
1.281068
1.281068
1.244097
1.244097
1.382295
1.382295
1.258245
1.258245
1.192458
1.192458
1.178085
1.178085
1.208616
1.208616
1.177621
1.177621
1.108819
1.108819
1.276100
1.276100
1.357908
1.357908
1.173336
1.173336
1.032559
1.032559
1.096081
1.096081
1.370805
1.370805
1.169507
1.169507
1.365548
1.365548
1.371877
1.371877
1.318593
1.318593
1.384529
1.384529
1.150473
1.150473
1.353118
1.353118
1.301395
1.301395
1.326770
1.326770
1.391698
1.391698
1.399721
1.399721
1.221949
1.221949
1.398699
1.398699
1.278095
1.278095
1.144185
1.144185
1.395282
1.395282
1.324626
1.324626
1.215847
1.215847
1.358246
1.358246
1.333724
1.333724
1.386474
1.386474
1.305260
1.305260
1.195514
1.195514
1.375329
1.375329
1.379704
1.379704
1.360337
1.360337
1.302687
1.302687
1.214738
1.214738
1.334054
1.334054
1.186060
1.186060
1.249423
1.249423
1.260491
1.260491
1.179895
1.179895
1.111988
1.111988
1.327863
1.327863
1.327417
1.327417
1.382408
1.382408
1.373447
1.373447
1.261147
1.261147
1.396053
1.396053
1.221988
1.221988
1.399502
1.399502
1.244198
1.244198
