1.208389
1.208389
1.163449
1.163449
1.306271
1.306271
1.123390
1.123390
1.228108
1.228108
1.270038
1.270038
1.299332
1.299332
1.138369
1.138369
1.330998
1.330998
1.245562
1.245562
1.231758
1.231758
1.222448
1.222448
1.338404
1.338404
1.387890
1.387890
1.333967
1.333967
1.339578
1.339578
1.292281
1.292281
1.189018
1.189018
1.393038
1.393038
1.260347
1.260347
1.253097
1.253097
1.289096
1.289096
1.328982
1.328982
1.390607
1.390607
1.371873
1.371873
1.297942
1.297942
1.351642
1.351642
1.224140
1.224140
1.274965
1.274965
1.261332
1.261332
1.291338
1.291338
1.088020
1.088020
1.185679
1.185679
1.366433
1.366433
1.302859
1.302859
1.160053
1.160053
1.361204
1.361204
1.357851
1.357851
1.371352
1.371352
1.337555
1.337555
1.269970
1.269970
1.312511
1.312511
1.385631
1.385631
1.394324
1.394324
1.341613
1.341613
1.328243
1.328243
1.342291
1.342291
1.144073
1.144073
1.335799
1.335799
1.369947
1.369947
1.276737
1.276737
1.238497
1.238497
1.300284
1.300284
1.313815
1.313815
1.312342
1.312342
1.119333
1.119333
1.206183
1.206183
1.352689
1.352689
1.204307
1.204307
1.397670
1.397670
1.133812
1.133812
1.276829
1.276829
1.356914
1.356914
1.396675
1.396675
1.377568
1.377568
1.184186
1.184186
1.253106
1.253106
1.383811
1.383811
1.314572
1.314572
1.358390
1.358390
1.367547
1.367547
1.281339
1.281339
1.351809
1.351809
1.268416
1.268416
1.342354
1.342354
1.199881
1.199881
1.357627
1.357627
1.310975
1.310975
1.020735
1.020735
1.370805
1.370805
1.293813
1.293813
1.205439
1.205439
1.098977
1.098977
1.210506
1.210506
1.278379
1.278379
