1.267817
1.267817
1.211583
1.211583
1.134480
1.134480
1.349661
1.349661
1.244577
1.244577
1.399415
1.399415
1.387312
1.387312
1.198363
1.198363
1.165542
1.165542
1.251577
1.251577
1.399484
1.399484
1.187659
1.187659
1.085113
1.085113
1.261960
1.261960
1.350427
1.350427
1.291044
1.291044
1.327451
1.327451
1.340159
1.340159
1.180536
1.180536
1.233690
1.233690
1.271151
1.271151
1.228021
1.228021
1.280855
1.280855
1.377222
1.377222
1.361799
1.361799
1.340134
1.340134
1.211130
1.211130
1.219666
1.219666
1.211796
1.211796
1.268343
1.268343
1.313668
1.313668
1.226755
1.226755
1.311010
1.311010
1.341139
1.341139
1.316647
1.316647
1.397363
1.397363
1.372311
1.372311
1.168004
1.168004
1.276886
1.276886
1.226614
1.226614
1.297862
1.297862
1.355479
1.355479
1.285181
1.285181
1.397113
1.397113
1.388979
1.388979
1.391774
1.391774
1.137003
1.137003
1.288652
1.288652
1.371648
1.371648
1.245086
1.245086
1.317283
1.317283
1.338976
1.338976
1.218015
1.218015
1.301792
1.301792
1.191057
1.191057
1.325956
1.325956
1.145514
1.145514
1.230880
1.230880
1.351577
1.351577
1.342475
1.342475
1.028485
1.028485
1.383939
1.383939
1.357575
1.357575
1.376301
1.376301
1.383076
1.383076
1.397334
1.397334
1.280380
1.280380
1.357168
1.357168
1.077652
1.077652
1.331006
1.331006
1.324169
1.324169
1.272359
1.272359
1.382640
1.382640
1.285748
1.285748
1.399843
1.399843
1.240789
1.240789
1.316436
1.316436
1.261477
1.261477
1.184997
1.184997
1.092609
1.092609
1.185862
1.185862
1.383652
1.383652
1.254418
1.254418
1.322535
1.322535
1.140410
1.140410
1.227510
1.227510
1.170899
1.170899
1.075164
1.075164
1.339085
1.339085
1.270715
1.270715
1.394781
1.394781
1.268455
1.268455
1.179275
1.179275
1.243111
1.243111
1.229729
1.229729
