1.264921
1.264921
1.368407
1.368407
1.338438
1.338438
1.381660
1.381660
1.398552
1.398552
1.373588
1.373588
1.225559
1.225559
1.240984
1.240984
1.363096
1.363096
1.152511
1.094317
1.152511
1.094317
1.201737
1.161723
1.161723
1.201737
1.299520
1.314149
1.299520
1.314149
1.391837
1.391837
1.314801
1.314801
1.392889
1.392889
1.394298
1.394298
1.347307
1.347307
1.190255
1.190255
1.131686
1.131686
1.120516
1.120516
1.322697
1.322697
1.308631
1.308631
1.310254
1.310254
1.306165
1.306165
1.115497
1.115497
1.332525
1.332525
1.126276
1.126276
1.367294
1.367294
1.336694
1.336694
1.285390
1.285390
1.344129
1.344129
1.215891
1.215891
1.054875
1.054875
1.377198
1.377198
1.314056
1.314056
1.334212
1.334212
1.330533
1.330533
1.299780
1.299780
1.336745
1.336745
1.378295
1.378295
1.134856
1.134856
1.131495
1.131495
1.385478
1.385478
1.312863
1.312863
1.321528
1.321528
1.143041
1.143041
1.383802
1.383802
1.257559
1.257559
1.172925
1.172925
1.348809
1.348809
1.125439
1.125439
1.325334
1.325334
1.372202
1.372202
1.104960
1.104960
1.235453
1.235453
1.264279
1.264279
1.336279
1.336279
1.353328
1.353328
1.119323
1.119323
1.385650
1.385650
1.209118
1.209118
1.261078
1.261078
1.370692
1.370692
1.185794
1.185794
1.399944
1.399944
1.340857
1.340857
1.246987
1.246987
1.371651
1.371651
1.216025
1.216025
1.033593
1.033593
1.386654
1.386654
1.261009
1.261009
1.371419
1.371419
1.335175
1.335175
1.324281
1.324281
1.321817
1.321817
1.234930
1.234930
1.132217
1.132217
1.199154
1.199154
1.349132
1.349132
1.347399
1.347399
1.305242
1.305242
1.343591
1.343591
1.316689
1.316689
1.351807
1.351807
1.204077
1.204077
1.379524
1.379524
1.364358
1.364358
1.304874
1.304874
1.368419
1.368419
1.373182
1.373182
1.380747
1.380747
1.211034
1.211034
1.359708
1.359708
1.130185
1.130185
1.343466
1.343466
1.208900
1.208900
1.365011
1.365011
1.379479
1.379479
1.336103
1.336103
1.384522
1.384522
1.076273
1.076273
1.276879
1.276879
1.202418
1.202418
1.220247
1.220247
1.245521
1.245521
