1.182132
1.182132
1.224585
1.224585
1.084195
1.084195
1.148033
1.148033
1.125200
1.125200
1.365732
1.365732
1.323936
1.323936
1.087070
1.087070
1.377819
1.377819
1.250138
1.250138
1.249050
1.249050
1.323411
1.323411
1.212040
1.212040
1.141358
1.141358
1.346400
1.346400
1.325612
1.325612
1.306864
1.306864
1.357108
1.357108
1.208809
1.208809
1.309098
1.309098
1.346555
1.346555
1.382023
1.382023
1.283158
1.283158
1.384458
1.384458
1.152920
1.152920
1.302254
1.302254
1.362912
1.362912
1.376312
1.376312
1.146985
1.146985
1.396394
1.396394
1.384301
1.384301
1.365945
1.365945
1.335253
1.335253
1.223498
1.223498
1.368860
1.368860
1.343439
1.343439
1.368169
1.368169
1.180194
1.180194
1.252393
1.252393
1.368853
1.368853
1.111809
1.395831
1.111809
1.395831
1.269552
1.269552
1.364212
1.364212
1.309008
1.309008
1.237588
1.237588
1.242415
1.242415
1.282955
1.282955
1.324852
1.324852
1.260502
1.260502
1.160661
1.160661
1.385658
1.385658
1.337110
1.337110
1.393724
1.393724
1.088079
1.088079
1.172603
1.172603
1.240316
1.240316
1.194075
1.194075
1.283519
1.283519
1.047621
1.047621
1.379726
1.379726
1.399369
1.399369
1.399398
1.399398
1.282159
1.282159
1.372449
1.372449
1.063927
1.063927
1.305058
1.305058
1.399515
1.399515
1.291218
1.291218
1.383619
1.383619
1.355952
1.355952
1.156361
1.156361
1.202695
1.202695
1.322393
1.322393
1.363688
1.363688
1.259766
1.259766
1.093506
1.093506
1.232615
1.232615
1.320044
1.320044
1.306843
1.306843
1.352395
1.352395
1.112069
1.112069
1.314004
1.314004
1.366159
1.366159
1.109096
1.109096
1.352904
1.352904
1.083889
1.083889
1.388647
1.388647
1.331998
1.331998
1.379184
1.379184
1.221455
1.221455
1.122718
1.122718
1.368346
1.368346
1.366813
1.366813
1.328763
1.328763
1.369568
1.369568
1.123323
1.123323
1.225437
1.225437
1.337475
1.337475
1.319209
1.319209
1.346458
1.346458
1.363529
1.363529
1.165272
1.165272
1.166655
1.166655
1.290753
1.290753
1.321516
1.321516
1.278848
1.278848
1.331721
1.331721
1.107890
1.107890
1.206528
1.206528
1.249656
1.249656
1.355166
1.355166
1.398186
1.398186
1.387031
1.387031
1.175621
1.175621
1.140671
1.140671
1.371658
1.371658
1.365876
1.365876
1.151680
1.151680
1.297593
1.297593
1.391216
1.391216
1.220452
1.220452
1.373787
1.373787
1.340619
1.340619
1.241952
1.241952
1.263063
1.263063
1.321750
1.321750
1.380312
1.380312
1.334318
1.334318
1.268959
1.268959
1.321911
1.321911
1.397211
1.397211
1.342563
1.342563
1.391726
1.391726
1.331806
1.331806
1.253397
1.253397
1.221277
1.221277
1.394816
1.394816
1.326356
1.326356
1.345718
1.345718
1.347366
1.347366
1.224670
1.224670
1.196423
1.196423
1.320924
1.320924
1.306257
1.306257
1.332063
1.332063
1.173365
1.173365
1.376705
1.376705
1.079612
1.079612
