1.371264
1.371264
1.261381
1.261381
1.079844
1.079844
1.293039
1.293039
1.184601
1.184601
1.383776
1.383776
1.149263
1.149263
1.398798
1.398798
1.377393
1.377393
1.385430
1.385430
1.182650
1.182650
1.319867
1.319867
1.061624
1.061624
1.205472
1.205472
1.232922
1.232922
1.334666
1.334666
1.350819
1.350819
1.269487
1.269487
1.331296
1.331296
1.173226
1.334118
1.334118
1.173226
1.379034
1.379034
1.209804
1.209804
1.155680
1.275734
1.275734
1.155680
1.022288
1.022288
1.330824
1.330824
1.366445
1.366445
1.205190
1.205190
1.388145
1.388145
1.349033
1.349033
1.300593
1.300593
1.228015
1.228015
1.115166
1.115166
1.355953
1.355953
1.102498
1.102498
1.243305
1.243305
1.312446
1.312446
1.212717
1.212717
1.287236
1.287236
1.370504
1.370504
1.275633
1.275633
1.357798
1.357798
1.332810
1.332810
1.380134
1.380134
1.372314
1.372314
1.272421
1.272421
1.327684
1.327684
1.388757
1.388757
1.343775
1.343775
1.099225
1.099225
1.275914
1.275914
1.392524
1.392524
1.368832
1.368832
1.291651
1.291651
1.359802
1.359802
1.279745
1.279745
1.250845
1.250845
1.208299
1.208299
1.265717
1.265717
1.249042
1.249042
1.371796
1.371796
1.314073
1.314073
1.231615
1.231615
1.344961
1.344961
1.380083
1.380083
1.217611
1.217611
1.080888
1.080888
1.083440
1.083440
1.316829
1.316829
1.312879
1.312879
1.342820
1.342820
1.093549
1.093549
1.271146
1.271146
1.314318
1.314318
1.384391
1.384391
1.287263
1.287263
1.367406
1.367406
1.246927
1.246927
1.243799
1.243799
1.090018
1.090018
1.392359
1.392359
1.159689
1.159689
1.356948
1.356948
1.391445
1.391445
1.348088
1.348088
1.258819
1.356419
1.258819
1.356419
1.207465
1.207465
1.298943
1.298943
1.190166
1.190166
1.384254
1.384254
1.287781
1.287781
1.306831
1.306831
1.208956
1.208956
1.393956
1.393956
1.204890
1.204890
1.104950
1.104950
1.399930
1.399930
1.202683
1.202683
1.369823
1.369823
1.369068
1.369068
1.299258
1.299258
1.258733
1.258733
1.385902
1.385902
1.317364
1.317364
1.339412
1.339412
1.304429
1.304429
1.258853
1.258853
1.290840
1.290840
1.374537
1.374537
1.243371
1.243371
1.167289
1.167289
1.385377
1.385377
1.312713
1.312713
1.101599
1.101599
1.281532
1.281532
1.356852
1.356852
1.137090
1.137090
1.342554
1.342554
1.197311
1.197311
1.347230
1.347230
1.351037
1.351037
1.307452
1.307452
1.331237
1.331237
1.081662
1.081662
1.159790
1.159790
1.383262
1.383262
1.334963
1.334963
1.221490
1.221490
1.341886
1.341886
1.214019
1.214019
1.359520
1.359520
1.334122
1.334122
1.343595
1.343595
1.304953
1.304953
1.169958
1.169958
1.289791
1.289791
1.336147
1.336147
1.176936
1.176936
1.394699
1.394699
1.389413
1.389413
1.296126
1.296126
1.210349
1.210349
1.290701
1.290701
1.339594
1.339594
1.210451
1.210451
1.339559
1.339559
1.337912
1.337912
1.392918
1.392918
1.180240
1.180240
1.335755
1.335755
1.318125
1.318125
1.370343
1.370343
1.302633
1.302633
1.345935
1.345935
1.363078
1.363078
1.388158
1.388158
1.257226
1.257226
1.232590
1.232590
1.356301
1.356301
1.370807
1.370807
1.388277
1.388277
1.331776
1.331776
1.384399
1.384399
1.380741
1.380741
1.161101
1.161101
1.397344
1.363676
1.397344
1.363676
1.332652
1.332652
1.142295
1.142295
1.271444
1.271444
1.314578
1.314578
1.393225
1.393225
1.189006
1.189006
1.335945
1.335945
1.289939
1.289939
1.195628
1.195628
1.395651
1.395651
1.232229
1.232229
1.105743
1.105743
1.321897
1.321897
1.343643
1.343643
1.388289
1.388289
1.294556
1.294556
1.210617
1.210617
1.172007
1.172007
1.366203
1.366203
1.276740
1.276740
1.176222
1.176222
1.233443
1.233443
1.392262
1.392262
1.330766
1.330766
1.241348
1.241348
1.326633
1.326633
1.274044
1.274044
1.242432
1.242432
1.340921
1.340921
1.349952
1.349952
1.345847
1.345847
1.235341
1.235341
1.316401
1.316401
1.283381
1.283381
1.171692
1.171692
1.304999
1.304999
1.334916
1.334916
1.381566
1.381566
1.040505
1.040505
1.166085
1.166085
1.233658
1.233658
1.398141
1.398141
1.308426
1.308426
1.140468
1.140468
1.376609
1.376609
1.372015
1.372015
1.166118
1.166118
1.070592
1.070592
1.342791
1.342791
1.360275
1.360275
1.281383
1.281383
1.344457
1.344457
1.381899
1.381899
1.167434
1.167434
1.381925
1.381925
1.309134
1.309134
1.076381
1.076381
1.321797
1.321797
1.057557
1.057557
1.279778
1.279778
1.393819
1.393819
1.346044
1.346044
1.381352
1.381352
1.250222
1.250222
1.151942
1.151942
1.244190
1.244190
1.364956
1.364956
1.257467
1.257467
1.337843
1.337843
1.127370
1.127370
1.393877
1.393877
1.309761
1.309761
1.385216
1.385216
1.247916
1.247916
1.301308
1.301308
1.338580
1.338580
1.329290
1.329290
1.293294
1.293294
1.349465
1.349465
1.156233
1.156233
1.249744
1.249744
1.379671
1.379671
1.377804
1.377804
1.339680
1.339680
1.310115
1.310115
1.281627
1.281627
1.343704
1.343704
1.131736
1.131736
1.197068
1.197068
1.323763
1.323763
1.351127
1.351127
1.064696
1.064696
1.372700
1.372700
1.361497
1.361497
1.181387
1.181387
1.395390
1.395390
1.214982
1.214982
1.222145
1.222145
1.265412
1.265412
1.397655
1.397655
1.382379
1.382379
1.264827
1.264827
1.071548
1.071548
1.341503
1.341503
1.397133
1.397133
1.313525
1.313525
1.261288
1.261288
1.219901
1.219901
1.211202
1.211202
1.348608
1.348608
1.352269
1.352269
1.306475
1.306475
1.356324
1.356324
1.155990
1.155990
1.287472
1.287472
1.138196
1.138196
1.343707
1.343707
1.269548
1.269548
