1.047571
1.047571
1.218071
1.218071
1.256993
1.256993
1.393937
1.393937
1.324423
1.324423
1.022343
1.139265
1.139265
1.022343
1.353280
1.353280
1.278478
1.278478
1.133535
1.133535
1.379032
1.379032
1.339240
1.339240
1.162849
1.162849
1.295292
1.295292
1.191364
1.191364
1.369018
1.341931
1.369018
1.341931
1.117797
1.117797
1.208056
1.208056
1.286686
1.286686
1.286662
1.286662
1.197919
1.197919
1.057028
1.057028
1.261807
1.261807
1.202991
1.202991
1.218149
1.218149
1.383659
1.383659
1.250748
1.250748
1.112567
1.112567
1.375062
1.375062
1.397966
1.397966
1.350632
1.350632
1.315957
1.315957
1.364016
1.364016
1.394253
1.394253
1.371250
1.371250
1.286644
1.286644
1.303318
1.303318
1.325541
1.325541
1.355832
1.355832
1.151004
1.151004
1.299066
1.299066
1.302273
1.292134
1.292134
1.302273
1.315912
1.315912
1.172866
1.172866
1.130784
1.130784
1.323770
1.323770
1.102722
1.102722
1.322537
1.322537
1.392515
1.392515
1.340460
1.340460
1.199550
1.199550
1.300299
1.300299
1.338021
1.338021
1.327733
1.327733
1.315701
1.315701
1.318590
1.318590
1.319572
1.319572
1.178685
1.178685
1.336203
1.336203
1.352792
1.352792
1.387240
1.387240
1.368889
1.368889
1.172617
1.172617
1.184784
1.184784
1.345391
1.345391
1.198589
1.198589
1.263260
1.263260
1.332497
1.332497
1.218112
1.218112
1.342120
1.342120
1.066686
1.066686
1.166707
1.166707
1.315633
1.315633
1.287077
1.287077
1.277462
1.284845
1.284845
1.277462
1.387858
1.387858
1.241339
1.385015
1.241339
1.385015
1.326408
1.305546
1.326408
1.305546
1.241833
1.241833
1.375311
1.375311
1.261112
1.261112
1.127029
1.127029
1.293832
1.293832
1.349458
1.349458
1.176558
1.176558
1.394649
1.394649
1.226973
1.315945
1.226973
1.315945
1.084640
1.084640
1.368120
1.368120
1.334089
1.334089
1.159444
1.159444
1.360487
1.360487
1.375250
1.375250
1.314506
1.314506
1.087978
1.087978
1.297612
1.297612
1.331247
1.331247
1.391772
1.391772
1.331649
1.331649
1.337134
1.337134
1.308239
1.308239
1.126125
1.126125
1.388919
1.388919
1.362259
1.341148
1.341148
1.362259
1.265186
1.359371
1.359371
1.265186
1.370625
1.370625
1.278050
1.278050
1.387166
1.387166
1.276025
1.276025
1.233494
1.233494
1.378370
1.378370
1.242805
1.242805
1.273449
1.273449
1.309667
1.309667
1.398335
1.398335
1.255866
1.255866
1.328872
1.328872
1.167563
1.167563
1.222541
1.222541
1.232243
1.232243
1.112420
1.112420
1.160794
1.160794
1.331558
1.331558
1.356026
1.356026
1.368565
1.368565
1.377265
1.377265
1.347051
1.347051
1.379864
1.379864
1.071683
1.071683
1.268845
1.268845
1.213748
1.213748
1.228737
1.228737
1.193108
1.193108
1.223895
1.223895
1.145642
1.145642
1.344535
1.344535
1.202290
1.202290
1.304492
1.304492
1.358598
1.358598
1.211423
1.211423
1.279879
1.279879
1.290536
1.290536
1.061439
1.061439
1.327942
1.327942
1.298878
1.298878
1.295215
1.295215
1.303841
1.303841
1.360194
1.360194
1.337466
1.337466
1.280029
1.280029
1.254706
1.254706
1.134394
1.134394
1.250416
1.250416
1.160174
1.160174
1.345285
1.345285
1.220634
1.238239
1.238239
1.220634
1.387130
1.387130
1.031041
1.031041
1.283973
1.283973
1.382902
1.382902
1.289957
1.289957
1.326333
1.326333
1.363663
1.363663
1.336688
1.336688
1.356830
1.356830
1.349765
1.349765
1.342430
1.342430
1.240297
1.240297
1.364401
1.364401
1.378874
1.378874
1.322760
1.322760
1.336421
1.336421
1.294941
1.294941
1.149062
1.149062
1.359981
1.359981
1.345415
1.345415
1.374526
1.374526
1.268845
1.268845
1.077973
1.077973
1.249957
1.249957
1.136670
1.136670
1.189821
1.189821
1.359693
1.359693
1.363032
1.363032
1.136313
1.136313
1.339256
1.339256
1.343256
1.343256
1.382416
1.382416
1.281825
1.281825
1.125451
1.125451
1.388759
1.388759
1.230389
1.230389
1.310742
1.310742
1.232084
1.232084
1.157851
1.157851
1.273007
1.273007
1.235315
1.235315
1.385024
1.385024
1.109475
1.109475
1.338161
1.338161
1.127338
1.127338
1.192858
1.192858
1.226942
1.226942
1.257714
1.257714
1.159368
1.159368
1.380470
1.380470
1.322572
1.322572
1.252364
1.252364
1.308955
1.308955
1.058626
1.058626
1.310062
1.310062
1.365629
1.365629
1.106206
1.106206
1.249708
1.249708
1.304793
1.304793
1.366641
1.366641
1.154025
1.154025
1.346148
1.346148
1.364190
1.364190
1.201478
1.201478
1.138448
1.138448
1.254157
1.254157
1.307294
1.307294
1.180837
1.180837
1.275270
1.275270
1.224460
1.224460
1.179487
1.179487
1.336476
1.336476
1.374773
1.374773
1.383756
1.383756
1.350971
1.350971
1.272154
1.272154
1.350707
1.350707
1.319345
1.319345
1.345775
1.345775
1.257124
1.257124
1.265068
1.265068
1.252109
1.252109
1.379537
1.379537
1.301542
1.301542
1.313012
1.313012
1.278692
1.278692
1.256729
1.256729
1.272210
1.272210
1.385227
1.385227
1.156778
1.156778
1.355653
1.355653
1.185890
1.185890
1.221785
1.221785
1.394992
1.394992
1.196439
1.196439
1.236440
1.236440
1.390780
1.390780
1.291335
1.291335
1.309829
1.309829
1.394828
1.394828
1.305390
1.305390
1.319074
1.319074
1.162109
1.162109
1.314873
1.314873
1.187690
1.187690
1.145359
1.145359
1.337137
1.337137
1.227358
1.227358
1.373621
1.373621
1.269045
1.269045
1.382108
1.382108
1.260328
1.260328
1.268479
1.268479
1.282247
1.282247
1.262312
1.262312
1.071577
1.071577
1.315427
1.315427
1.306173
1.306173
1.375671
1.375671
1.373327
1.373327
1.213963
1.213963
1.189805
1.189805
1.172091
1.172091
1.260697
1.260697
1.363034
1.363034
1.358620
1.358620
1.365992
1.365992
1.308487
1.308487
1.153513
1.153513
1.325562
1.325562
1.294733
1.294733
1.365333
1.365333
1.390586
1.390586
1.363819
1.363819
1.238819
1.238819
1.380180
1.380180
1.195072
1.195072
1.369365
1.369365
1.041736
1.041736
1.287645
1.287645
1.396238
1.396238
1.289742
1.289742
1.354722
1.354722
1.072840
1.072840
1.378337
1.378337
1.172779
1.172779
1.208190
1.208190
1.355674
1.355674
1.338810
1.338810
1.223717
1.223717
1.185655
1.185655
1.363368
1.363368
1.287878
1.287878
1.302556
1.302556
1.282203
1.282203
1.290002
1.290002
1.375773
1.375773
1.219107
1.219107
1.144166
1.144166
1.120052
1.120052
1.383151
1.383151
