1.161686
1.161686
1.274725
1.274725
1.306895
1.158347
1.306895
1.158347
1.366309
1.366309
1.293202
1.395050
1.395050
1.293202
1.388079
1.388079
1.345676
1.345676
1.122043
1.122043
1.006669
1.006669
1.278951
1.278951
1.365597
1.365597
1.220628
1.220628
1.369341
1.369341
1.338093
1.338093
1.342658
1.342658
1.367862
1.367862
1.321147
1.321147
1.317617
1.317617
1.233524
1.233524
1.229467
1.229467
1.212854
1.212854
1.124684
1.124684
1.270936
1.270936
1.315829
1.315829
1.339358
1.339358
1.306680
1.306680
1.291383
1.291383
1.248072
1.248072
1.242564
1.242564
1.279398
1.279398
1.240247
1.399737
1.240247
1.399737
1.083752
1.083752
1.392234
1.392234
1.325756
1.325756
1.322489
1.322489
1.245368
1.245368
1.119187
1.119187
1.314833
1.314833
1.367650
1.367650
1.319923
1.319923
1.340484
1.340484
1.234957
1.192322
1.192322
1.234957
1.341544
1.341544
1.375563
1.375563
1.091563
1.091563
1.386507
1.386507
1.357490
1.357490
1.266781
1.266781
1.368175
1.368175
1.387842
1.387842
1.388137
1.388137
1.150000
1.150000
1.394041
1.394041
1.241000
1.241000
1.337933
1.337933
1.262645
1.262645
1.280413
1.280413
1.306522
1.306522
1.110224
1.360513
1.360513
1.110224
1.306804
1.372573
1.372573
1.306804
1.320648
1.320648
1.224398
1.224398
1.287440
1.287440
1.383260
1.383260
1.113815
1.113815
1.359085
1.359085
1.342323
1.342323
1.085689
1.085689
1.332194
1.332194
1.395871
1.395871
1.358485
1.358485
1.285765
1.285765
1.304475
1.304475
1.200120
1.200120
1.196024
1.196024
1.338256
1.338256
1.020396
1.020396
1.358868
1.317973
1.358868
1.317973
1.140817
1.140817
1.219419
1.300208
1.219419
1.300208
1.360677
1.360677
1.399827
1.399827
1.129077
1.129077
1.185711
1.397218
1.397218
1.185711
1.264704
1.264704
1.370213
1.370213
1.365800
1.355744
1.355744
1.365800
1.281482
1.281482
1.312812
1.312812
1.372120
1.372120
1.356932
1.356932
1.350500
1.350500
1.253276
1.253276
1.200347
1.200347
1.389360
1.389360
1.074228
1.074228
1.302846
1.362040
1.362040
1.302846
1.191717
1.191717
1.065436
1.065436
1.192924
1.192924
1.362349
1.362349
1.275483
1.275483
1.301812
1.301812
1.348399
1.348399
1.369244
1.369244
1.273176
1.273176
1.277662
1.277662
1.390188
1.390188
1.377798
1.377798
1.360982
1.360982
1.232764
1.232764
1.141883
1.141883
1.307017
1.307017
1.159360
1.159360
1.119165
1.119165
1.312466
1.312466
1.256638
1.256638
1.131609
1.131609
1.281171
1.281171
1.026305
1.026305
1.319043
1.319043
1.221179
1.221179
1.366961
1.366961
1.362222
1.362222
1.174057
1.174057
1.195246
1.195246
1.233497
1.233497
1.164940
1.164940
1.395772
1.395772
1.242713
1.242713
1.213540
1.213540
1.314531
1.314531
1.158536
1.158536
1.327213
1.327213
1.359607
1.359607
1.194803
1.194803
1.354793
1.354793
1.377017
1.377017
1.385667
1.385667
1.231379
1.231379
1.140765
1.140765
1.210844
1.210844
1.274345
1.274345
1.176892
1.176892
1.121623
1.121623
1.327816
1.327816
1.391286
1.391286
1.272822
1.272822
1.344898
1.344898
1.393023
1.393023
1.301219
1.301219
1.371596
1.371596
1.338998
1.338998
1.389210
1.389210
1.348119
1.348119
1.175523
1.175523
1.338244
1.338244
1.397713
1.397713
1.292596
1.292596
1.308838
1.308838
1.364741
1.364741
1.276781
1.276781
1.128363
1.128363
1.293337
1.293337
1.354025
1.354025
1.324582
1.324582
1.381682
1.381682
1.320661
1.320661
1.253527
1.253527
1.237099
1.237099
1.273309
1.273309
1.168324
1.168324
1.277366
1.277366
1.256776
1.256776
1.387847
1.387847
1.086529
1.086529
1.380944
1.380944
1.251734
1.251734
1.392382
1.392382
1.285050
1.285050
1.279549
1.279549
1.318627
1.318627
1.347840
1.347840
1.387831
1.387831
1.315746
1.315746
1.235501
1.235501
1.285136
1.285136
1.354491
1.354491
1.231083
1.231083
1.372481
1.372481
1.361162
1.361162
1.346980
1.346980
1.337272
1.337272
1.375508
1.375508
1.340896
1.340896
1.293828
1.293828
1.380290
1.380290
1.365894
1.365894
1.330280
1.330280
1.374735
1.374735
1.301234
1.301234
1.220473
1.220473
1.392052
1.392052
1.382215
1.382215
1.367513
1.367513
1.289385
1.289385
1.250422
1.250422
1.383136
1.383136
1.292678
1.292678
1.399198
1.399198
1.141846
1.141846
1.307596
1.307596
1.155993
1.101984
1.155993
1.101984
1.304548
1.304548
1.160626
1.160626
1.351611
1.351611
1.399345
1.399345
1.144821
1.144821
1.370828
1.370828
1.307130
1.307130
1.181315
1.181315
1.228328
1.228328
1.175254
1.175254
1.195167
1.195167
1.341305
1.341305
1.223620
1.223620
1.125616
1.125616
1.124841
1.124841
1.201694
1.201694
1.123137
1.123137
1.146405
1.146405
1.357594
1.357594
1.315204
1.315204
1.138681
1.138681
1.269742
1.269742
1.146419
1.146419
1.111578
1.111578
1.336121
1.336121
1.093863
1.093863
1.348132
1.348132
1.187399
1.187399
1.350403
1.350403
1.142291
1.142291
1.359872
1.359872
1.302723
1.302723
1.399828
1.399828
1.369503
1.369503
1.364088
1.364088
1.351408
1.351408
1.104945
1.104945
1.384393
1.384393
1.396575
1.396575
1.186480
1.186480
1.302034
1.302034
1.391300
1.391300
1.087231
1.087231
1.372491
1.372491
1.225921
1.225921
1.158102
1.158102
1.234066
1.234066
1.350561
1.350561
