1.383405
1.383405
1.329336
1.329336
1.158048
1.158048
1.073829
1.073829
1.286552
1.308116
1.308116
1.286552
1.395102
1.395102
1.242376
1.242376
1.328606
1.328606
1.173612
1.173612
1.397697
1.397697
1.275608
1.275608
1.181264
1.395504
1.395504
1.181264
1.226804
1.226804
1.338848
1.338848
1.184326
1.184326
1.353293
1.353293
1.398046
1.398046
1.323232
1.323232
1.376618
1.376618
1.386932
1.386932
1.320432
1.320432
1.278381
1.278381
1.384278
1.384278
1.284564
1.284564
1.237772
1.237772
1.107609
1.107609
1.223818
1.328849
1.223818
1.328849
1.360761
1.360761
1.253563
1.253563
1.365709
1.365709
1.353316
1.353316
1.324374
1.324374
1.160572
1.160572
1.121948
1.121948
1.299296
1.299296
1.171021
1.171021
1.135835
1.135835
1.204815
1.306639
1.306639
1.204815
1.161160
1.161160
1.345442
1.345442
1.240729
1.240729
1.344869
1.344869
1.194975
1.194975
1.321836
1.321836
1.358451
1.358451
1.287125
1.287125
1.186656
1.186656
1.226218
1.226218
1.154749
1.154749
1.244092
1.377515
1.047388
1.244092
1.377515
1.047388
1.342370
1.125243
1.125243
1.342370
1.320877
1.320877
1.195667
1.195667
1.294985
1.294985
1.230500
1.230500
1.392937
1.392937
1.332346
1.332346
1.345897
1.345897
1.330957
1.330957
1.162513
1.162513
1.166013
1.166013
1.293385
1.293385
1.341816
1.341816
1.347378
1.347378
1.079628
1.079628
1.218655
1.218655
1.289477
1.289477
1.260281
1.260281
1.085040
1.085040
1.280009
1.280009
1.277825
1.277825
1.367802
1.367802
1.361647
1.361647
1.061720
1.061720
1.215351
1.215351
1.397281
1.397281
1.253190
1.253190
1.364145
1.392117
1.389149
1.392117
1.389149
1.364145
1.109612
1.109612
1.332600
1.332600
1.195221
1.195221
1.275251
1.275251
1.119624
1.119624
1.137705
1.137705
1.146916
1.146916
1.397211
1.397211
1.362669
1.362669
1.112515
1.112515
1.161540
1.161540
1.234437
1.234437
1.353604
1.353604
1.395083
1.395083
1.350849
1.350849
1.386817
1.386817
1.271599
1.271599
1.379291
1.184237
1.379291
1.184237
1.287234
1.287234
1.143948
1.143948
1.380509
1.380509
1.348579
1.348579
1.138152
1.138152
1.388687
1.388687
1.392580
1.392580
1.272294
1.272294
1.321591
1.321591
1.377986
1.377986
1.298944
1.298944
1.334857
1.334857
1.318110
1.318110
1.254210
1.254210
1.206507
1.206507
1.257472
1.257472
1.345474
1.345474
1.387192
1.387192
1.274226
1.274226
1.382088
1.382088
1.291627
1.291627
1.336989
1.336989
1.225030
1.225030
1.251059
1.251059
1.328936
1.328936
1.399781
1.399781
1.387391
1.387391
1.353371
1.353371
1.393149
1.393149
1.244685
1.244685
1.311066
1.311066
1.348047
1.348047
1.172087
1.172087
1.107208
1.107208
1.200209
1.200209
1.275489
1.275489
1.094831
1.094831
1.219113
1.219113
1.224169
1.224169
1.343193
1.343193
1.168026
1.168026
1.380649
1.380649
1.387831
1.387831
1.326579
1.326579
1.383040
1.383040
1.289262
1.289262
1.316305
1.316305
1.293803
1.293803
1.376882
1.376882
1.239648
1.239648
1.262869
1.262869
1.385148
1.385148
1.130118
1.130118
1.391319
1.391319
1.339179
1.339179
1.144552
1.144552
1.159485
1.159485
1.299835
1.299835
1.243205
1.243205
1.337727
1.337727
1.390572
1.390572
1.298813
1.298813
1.365512
1.365512
1.084685
1.084685
1.292385
1.292385
1.209633
1.209633
1.147474
1.147474
1.303756
1.303756
1.284629
1.284629
1.135084
1.135084
1.210097
1.210097
1.265417
1.265417
1.373771
1.373771
1.114231
1.114231
1.274476
1.274476
1.353651
1.353651
1.254814
1.254814
1.214524
1.214524
1.179739
1.179739
1.252490
1.252490
1.388025
1.388025
1.239167
1.239167
1.306976
1.306976
1.396214
1.396214
1.368146
1.368146
1.384989
1.384989
1.259780
1.259780
1.287840
1.287840
1.293686
1.293686
1.177128
1.177128
1.259840
1.259840
1.183021
1.183021
1.380247
1.380247
1.258779
1.258779
1.379322
1.379322
1.363023
1.363023
1.395590
1.395590
1.188746
1.188746
1.337523
1.337523
1.282300
1.282300
1.399485
1.399485
1.286607
1.286607
1.188441
1.188441
1.232769
1.232769
1.399095
1.399095
1.112334
1.112334
1.370606
1.370606
1.376764
1.376764
1.224485
1.224485
1.363669
1.363669
1.288551
1.288551
1.394510
1.394510
1.203662
1.203662
1.242711
1.242711
1.387346
1.387346
1.335645
1.335645
1.218482
1.218482
1.202289
1.202289
1.188585
1.188585
1.178293
1.178293
1.369751
1.369751
1.365690
1.365690
1.181340
1.181340
1.338442
1.338442
1.269474
1.269474
1.215045
1.215045
1.353977
1.353977
1.322954
1.322954
1.381986
1.381986
1.300966
1.300966
1.387945
1.387945
1.356243
1.356243
1.296805
1.296805
1.322568
1.322568
1.351247
1.351247
1.305520
1.305520
1.331489
1.331489
1.233217
1.233217
1.371753
1.371753
1.244919
1.244919
1.368437
1.368437
1.366761
1.366761
1.390175
1.390175
1.284767
1.284767
1.313963
1.313963
1.294010
1.294010
1.316895
1.316895
1.211575
1.211575
1.271593
1.271593
1.346878
1.346878
1.117095
1.117095
1.257749
1.257749
1.068327
1.068327
1.254038
1.254038
1.355503
1.355503
1.248201
1.248201
1.336258
1.336258
1.092220
1.092220
1.383094
1.383094
1.249031
1.249031
1.361952
1.361952
1.355525
1.355525
1.282787
1.282787
1.302805
1.302805
1.170010
1.170010
1.053047
1.053047
1.391733
1.391733
1.158348
1.158348
1.392292
1.392292
1.295862
1.295862
1.081927
1.081927
1.366860
1.366860
1.396297
1.396297
1.379020
1.379020
1.398476
1.398476
1.395395
1.395395
1.173202
1.173202
1.242252
1.242252
1.359696
1.359696
1.340329
1.340329
1.372864
1.372864
1.374623
1.374623
