1.309809
1.309809
1.358225
1.358225
1.154136
1.154136
1.324099
1.324099
1.202248
1.202248
1.378482
1.378482
1.284936
1.284936
1.284752
1.284752
1.085989
1.085989
1.260005
1.260005
1.243789
1.243789
1.195312
1.195312
1.300965
1.198242
1.396772
1.300965
1.396772
1.198242
1.366057
1.366057
1.285647
1.285647
1.268923
1.268923
1.340928
1.283689
1.340928
1.283689
1.137616
1.137616
1.182446
1.182446
1.359268
1.359268
1.296637
1.099388
1.296637
1.099388
1.254013
1.254013
1.353877
1.353877
1.246469
1.246469
1.308896
1.308896
1.116140
1.116140
1.288991
1.288991
1.358143
1.358143
1.289336
1.289336
1.296767
1.386701
1.386701
1.296767
1.314112
1.314112
1.354679
1.354679
1.323278
1.323278
1.327597
1.327597
1.369385
1.369385
1.119789
1.119789
1.251827
1.251827
1.276529
1.276529
1.349842
1.349842
1.365064
1.365064
1.344770
1.344770
1.180930
1.180930
1.272154
1.272154
1.332140
1.332140
1.357144
1.357144
1.314699
1.376707
1.376707
1.314699
1.267991
1.267991
1.319524
1.319524
1.250707
1.250707
1.319099
1.319099
1.304766
1.304766
1.341611
1.341611
1.324914
1.324914
1.193343
1.193343
1.167618
1.167618
1.193603
1.193603
1.322154
1.322154
1.331377
1.331377
1.241419
1.241419
1.255565
1.255565
1.362729
1.362729
1.373024
1.373024
1.286410
1.286410
1.356560
1.356560
1.331576
1.331576
1.176514
1.176514
1.299997
1.299997
1.398868
1.398868
1.367098
1.367098
1.399513
1.399513
1.368182
1.368182
1.090601
1.090601
1.295597
1.295597
1.356151
1.356151
1.350853
1.350853
1.382329
1.382329
1.216220
1.216220
1.263256
1.263256
1.270748
1.270748
1.302109
1.302109
1.241762
1.241762
1.326093
1.326093
1.161979
1.161979
1.288103
1.288103
1.368237
1.368237
1.399472
1.399472
1.259176
1.259176
1.389439
1.389439
1.260516
1.260516
1.059838
1.059838
1.162088
1.162088
1.322479
1.322479
1.050339
1.050339
1.391786
1.391786
1.206789
1.206789
1.373263
1.373263
1.237177
1.237177
1.197556
1.197556
1.190210
1.190210
1.230884
1.230884
1.388196
1.388196
1.331702
1.331702
1.037576
1.037576
1.397882
1.397882
1.205201
1.205201
1.296994
1.296994
1.248883
1.248883
1.307479
1.307479
1.352149
1.352149
1.234535
1.234535
1.311789
1.311789
1.164023
1.164023
1.216898
1.216898
1.198375
1.198375
1.281745
1.301947
1.281745
1.301947
1.234738
1.234738
1.349706
1.349706
1.361607
1.361607
1.352988
1.352988
1.244364
1.244364
1.336520
1.336520
1.240028
1.240028
1.112542
1.112542
1.390107
1.390107
1.284008
1.284008
1.318573
1.318573
1.211763
1.211763
1.269871
1.269871
1.372908
1.372908
1.297547
1.297547
1.257105
1.257105
1.390892
1.390892
1.278753
1.278753
1.226889
1.226889
1.263172
1.263172
1.337765
1.337765
1.257741
1.257741
1.314353
1.314353
1.316987
1.316987
1.389764
1.389764
1.243752
1.243752
1.202970
1.202970
1.378579
1.289263
1.378579
1.289263
1.355149
1.355149
1.233897
1.233897
1.344554
1.344554
1.244558
1.244558
1.357136
1.355429
1.357136
1.355429
1.244023
1.244023
1.254986
1.254986
1.314646
1.314646
1.128415
1.346242
1.346242
1.128415
1.396309
1.396309
1.107912
1.226713
1.107912
1.226713
1.130841
1.130841
1.248452
1.248452
1.273972
1.273972
1.305679
1.305679
1.358253
1.358253
1.319386
1.319386
1.344046
1.344046
1.314815
1.314815
1.381072
1.381072
1.347124
1.347124
1.106132
1.106132
1.385278
1.385278
1.240806
1.240806
1.376936
1.340269
1.376936
1.340269
1.189259
1.189259
1.136773
1.136773
1.325188
1.325188
1.389515
1.389515
1.130509
1.130509
1.209422
1.209422
1.299301
1.299301
1.335149
1.335149
1.286886
1.286886
1.200125
1.200125
1.332678
1.332678
1.197777
1.197777
1.361796
1.361796
1.185613
1.185613
1.290149
1.290149
1.188872
1.188872
1.395264
1.395264
1.262269
1.262269
1.385225
1.385225
1.240975
1.240975
1.266823
1.266823
1.388978
1.388978
1.394429
1.394429
1.175406
1.175406
1.273113
1.273113
1.187109
1.187109
1.399984
1.399984
1.175119
1.175119
1.140081
1.140081
1.186772
1.186772
1.223587
1.223587
1.316229
1.316229
1.345224
1.345224
1.336354
1.336354
1.346591
1.346591
1.364209
1.364209
1.360128
1.360128
1.346822
1.346822
1.357272
1.357272
1.222999
1.222999
1.293730
1.293730
1.389663
1.389663
1.287014
1.287014
1.245216
1.245216
1.284123
1.284123
1.327912
1.327912
1.306724
1.306724
1.310464
1.310464
1.385048
1.385048
1.315590
1.315590
1.264395
1.264395
1.396103
1.396103
1.357661
1.357661
1.392607
1.392607
1.195567
1.195567
1.376241
1.376241
1.285864
1.285864
1.277872
1.277872
1.135394
1.135394
1.210037
1.210037
1.293713
1.293713
1.376697
1.376697
1.114438
1.114438
1.254722
1.254722
1.384014
1.384014
1.287093
1.287093
