1.256783
1.256783
1.267649
1.267649
1.340773
1.340773
1.300753
1.300753
1.392990
1.392990
1.153038
1.153038
1.140030
1.308244
1.140030
1.308244
1.209434
1.209434
1.322483
1.322483
1.179789
1.179789
1.276886
1.276886
1.226844
1.226844
1.348048
1.348048
1.181475
1.181475
1.379317
1.379317
1.232524
1.232524
1.399060
1.294922
1.399060
1.294922
1.312369
1.312369
1.304203
1.304203
1.391169
1.391169
1.338207
1.338207
1.267739
1.267739
1.303844
1.301525
1.303844
1.301525
1.331879
1.331879
1.067783
1.067783
1.300406
1.300406
1.364318
1.364318
1.138255
1.138255
1.396771
1.396771
1.322963
1.322963
1.354764
1.354764
1.189982
1.189982
1.367167
1.367167
1.175168
1.175168
1.360229
1.360229
1.221741
1.221741
1.370077
1.370077
1.152474
1.152474
1.359579
1.359579
1.264285
1.264285
1.250613
1.250613
1.346242
1.346242
1.369606
1.369606
1.291091
1.291091
1.132640
1.132640
1.327642
1.327642
1.291769
1.291769
1.399321
1.399321
1.217819
1.065908
1.217819
1.065908
1.312402
1.312402
1.352489
1.121572
1.389664
1.121572
1.389664
1.352489
1.261597
1.261597
1.328288
1.328288
1.368166
1.368166
1.386667
1.386667
1.107359
1.107359
1.306567
1.306567
1.185235
1.185235
1.195930
1.195930
1.138492
1.138492
1.336123
1.336123
1.245626
1.245626
1.168822
1.168822
1.311182
1.311182
1.346218
1.346218
1.142292
1.142292
1.387776
1.387776
1.170869
1.170869
1.385794
1.385794
1.348575
1.348575
1.265109
1.265109
1.256587
1.256587
1.281996
1.281996
1.339847
1.339847
1.394482
1.394482
1.333610
1.333610
1.105814
1.105814
1.335097
1.335097
1.395002
1.395002
1.165254
1.165254
1.264095
1.264095
1.209117
1.209117
1.218874
1.218874
1.255305
1.255305
1.378722
1.378722
1.321437
1.321437
1.200809
1.200809
1.084707
1.084707
1.300806
1.300806
1.242731
1.242731
1.255853
1.255853
1.339222
1.339222
1.215905
1.215905
1.351221
1.351221
1.364384
1.364384
1.258478
1.258478
1.344436
1.344436
1.334369
1.334369
1.353728
1.353728
1.272444
1.272444
1.367821
1.367821
1.289659
1.289659
1.317659
1.317659
1.291918
1.291918
1.376102
1.376102
1.304196
1.304196
1.350600
1.350600
1.300391
1.300391
1.097629
1.097629
1.384825
1.384825
1.350484
1.350484
1.254137
1.254137
1.372698
1.372698
1.331714
1.331714
1.140721
1.140721
1.389695
1.389695
1.248295
1.248295
1.364990
1.364990
1.377987
1.377987
1.344329
1.344329
1.271422
1.271422
1.329056
1.329056
1.311989
1.311989
1.195252
1.195252
1.347164
1.347164
1.160713
1.160713
1.339455
1.339455
1.320474
1.320474
1.119155
1.119155
1.315435
1.315435
1.135026
1.135026
1.285272
1.285272
1.337987
1.337987
1.256199
1.256199
1.368256
1.368256
1.344390
1.344390
1.275862
1.275862
1.195199
1.398909
1.398909
1.195199
1.381564
1.381564
1.294505
1.294505
1.379103
1.379103
1.248403
1.248403
1.399029
1.399029
1.372837
1.372837
1.282248
1.282248
1.322305
1.322305
1.233595
1.233595
1.202156
1.202156
1.399147
1.399147
1.340023
1.340023
1.355607
1.355607
1.085835
1.085835
1.357694
1.357694
1.227456
1.227456
1.076620
1.076620
1.323902
1.323902
1.339078
1.163981
1.339078
1.163981
1.168258
1.168258
1.327323
1.327323
1.251296
1.251296
1.199274
1.199274
1.059297
1.059297
1.209617
1.209617
1.199607
1.199607
1.297424
1.297424
1.220176
1.220176
1.377390
1.377390
1.389635
1.389635
1.283379
1.283379
1.100615
1.100615
1.090136
1.090136
1.368106
1.368106
1.283907
1.283907
1.026466
1.026466
1.278536
1.278536
1.357228
1.357228
1.225534
1.225534
1.307973
1.307973
1.320985
1.320985
1.332583
1.332583
1.244643
1.244643
1.180363
1.180363
1.326306
1.326306
1.222427
1.222427
1.316008
1.316008
1.144454
1.144454
1.317070
1.317070
1.327631
1.327631
1.148545
1.148545
1.074987
1.074987
1.226298
1.226298
1.228887
1.228887
1.375251
1.375251
1.352400
1.352400
1.328152
1.328152
1.224424
1.224424
1.332774
1.332774
1.070946
1.070946
1.261342
1.261342
1.382967
1.382967
1.342700
1.342700
1.069804
1.069804
1.203465
1.203465
1.206923
1.206923
1.397181
1.397181
1.372937
1.372937
1.082407
1.082407
1.359986
1.359986
1.306016
1.306016
1.322827
1.322827
1.365270
1.365270
1.265149
1.265149
1.274316
1.274316
1.033467
1.033467
1.333946
1.333946
1.286444
1.286444
1.346927
1.346927
1.379077
1.379077
1.385921
1.385921
1.174071
1.174071
1.101976
1.101976
1.311795
1.311795
1.185713
1.185713
1.264111
1.264111
1.389114
1.389114
1.192726
1.192726
1.171268
1.171268
1.366825
1.366825
1.397545
1.397545
1.182906
1.182906
1.344536
1.344536
1.340527
1.340527
1.213442
1.213442
1.368765
1.368765
1.381311
1.381311
1.356313
1.356313
1.242638
1.242638
1.376476
1.376476
1.394815
1.394815
1.129074
1.129074
1.302597
1.302597
1.365867
1.365867
1.085019
1.085019
1.324385
1.324385
1.060664
1.060664
1.206446
1.206446
1.377428
1.377428
1.234119
1.234119
1.262151
1.262151
1.111847
1.111847
1.387532
1.387532
1.294802
1.294802
1.255225
1.255225
1.357845
1.357845
1.133521
1.133521
1.248406
1.248406
1.385536
1.385536
1.128662
1.128662
1.350758
1.350758
1.394973
1.394973
1.349719
1.349719
1.310991
1.310991
1.272074
1.272074
1.105937
1.105937
1.223480
1.223480
1.380646
1.380646
1.321129
1.321129
1.362823
1.362823
1.183758
1.183758
1.369267
1.369267
1.341449
1.341449
1.268529
1.268529
1.254567
1.254567
1.328305
1.328305
1.088447
1.088447
1.389297
1.389297
1.296339
1.296339
1.376529
1.376529
1.260393
1.260393
1.339845
1.339845
1.390670
1.390670
1.224672
1.224672
1.180713
1.180713
1.365593
1.365593
1.284923
1.284923
1.277678
1.277678
1.171301
1.171301
1.230817
1.230817
1.223524
1.223524
1.294425
1.294425
1.322102
1.322102
1.345667
1.345667
1.091409
1.091409
1.243321
1.243321
1.275180
1.275180
1.085380
1.085380
1.365695
1.365695
1.340389
1.340389
1.314989
1.314989
1.128249
1.128249
1.147830
1.147830
1.370093
1.370093
1.296710
1.296710
1.321669
1.321669
1.306585
1.306585
1.381984
1.381984
1.384501
1.384501
1.397574
1.397574
1.093261
1.093261
1.342008
1.342008
1.315617
1.315617
1.154727
1.154727
1.362546
1.362546
1.370337
1.370337
1.149779
1.149779
1.258815
1.258815
1.379397
1.379397
1.039355
1.039355
1.380975
1.380975
1.343575
1.343575
1.351627
1.351627
1.319426
1.319426
1.298716
1.298716
1.034464
1.034464
1.241040
1.241040
1.282125
1.282125
1.313105
1.313105
1.386960
1.386960
1.263482
1.263482
1.317524
1.317524
1.319111
1.319111
1.279937
1.279937
1.019078
1.019078
1.263956
1.263956
1.166918
1.166918
1.374367
1.374367
1.155497
1.155497
1.217907
1.217907
1.350744
1.350744
1.219263
1.219263
1.272506
1.272506
1.183580
1.183580
1.351619
1.351619
1.291109
1.291109
1.299064
1.299064
1.309903
1.294499
1.309903
1.294499
1.396704
1.396704
1.231548
1.231548
1.116809
1.116809
1.346105
1.346105
1.196641
1.196641
1.362781
1.362781
1.249549
1.249549
