1.167535
1.167535
1.239572
1.239572
1.296070
1.296070
1.299800
1.299800
1.307723
1.307723
1.329962
1.329962
1.174434
1.174434
1.143667
1.143667
1.200701
1.200701
1.305293
1.305293
1.297204
1.382734
1.297204
1.382734
1.291163
1.291163
1.272779
1.272779
1.220717
1.220717
1.183985
1.183985
1.355849
1.355849
1.367491
1.367491
1.346220
1.346220
1.193195
1.212259
1.212259
1.193195
1.282203
1.282203
1.394589
1.093853
1.093853
1.394589
1.305199
1.305199
1.324195
1.324195
1.206844
1.206844
1.193484
1.193484
1.251939
1.251939
1.196989
1.196989
1.395260
1.395260
1.373414
1.373414
1.331278
1.331278
1.115004
1.115004
1.247841
1.247841
1.268531
1.268531
1.213373
1.213373
1.379369
1.379369
1.283691
1.283691
1.260145
1.260145
1.303368
1.303368
1.316375
1.316375
1.370305
1.370305
1.255453
1.255453
1.382047
1.382047
1.269013
1.269013
1.264293
1.264293
1.342814
1.342814
1.322982
1.322982
1.229915
1.229915
1.383189
1.383189
1.227413
1.227413
1.351216
1.351216
1.181501
1.181501
1.372159
1.372159
1.359014
1.359014
1.308685
1.308685
1.370887
1.370887
1.065580
1.065580
1.099533
1.099533
1.320989
1.320989
1.376548
1.376548
1.074007
1.074007
1.157760
1.392845
1.392845
1.157760
1.290639
1.290639
1.022730
1.022730
1.329768
1.329768
1.340792
1.340792
1.084941
1.084941
1.318668
1.318668
1.384640
1.384640
1.196279
1.196279
1.359648
1.359648
1.180115
1.180115
1.376149
1.376149
1.181432
1.181432
1.144138
1.144138
1.388496
1.388496
1.174159
1.174159
1.394332
1.394332
1.161998
1.161998
1.259953
1.259953
1.331791
1.331791
1.346581
1.346581
1.371780
1.371780
1.317909
1.317909
1.240186
1.240186
1.394857
1.394857
1.225380
1.225380
1.349704
1.349704
1.386355
1.386355
1.265558
1.265558
1.318361
1.318361
1.140039
1.140039
1.326787
1.326787
1.155525
1.155525
1.311005
1.311005
1.384124
1.384124
1.095015
1.095015
1.320798
1.112070
1.112070
1.320798
1.150203
1.150203
1.383348
1.383348
1.325091
1.325091
1.183341
1.183341
1.363540
1.363540
1.353440
1.353440
1.165331
1.165331
1.371260
1.371260
1.230575
1.230575
1.186024
1.186024
1.147364
1.147364
1.340302
1.340302
1.183139
1.183139
1.392055
1.392055
1.383672
1.383672
1.159608
1.159608
1.315517
1.315517
1.332148
1.332148
1.395285
1.395285
1.332980
1.332980
1.234312
1.234312
1.316105
1.316105
1.266729
1.266729
1.359346
1.359346
1.280822
1.280822
1.326853
1.326853
1.256421
1.256421
1.126200
1.126200
1.214643
1.214643
1.350118
1.350118
1.310865
1.310865
1.265805
1.265805
1.326131
1.326131
1.365779
1.365779
1.337753
1.337753
1.050483
1.050483
1.206138
1.206138
1.274700
1.274700
1.276536
1.276536
1.290917
1.290917
1.215973
1.215973
1.378705
1.378705
1.222761
1.222761
1.238840
1.238840
1.352128
1.352128
1.196150
1.196150
1.085686
1.085686
1.229005
1.229005
1.389159
1.389159
1.248280
1.248280
1.308735
1.308735
1.399706
1.399706
1.292206
1.292206
1.303978
1.303978
1.224056
1.224056
1.346595
1.346595
1.273080
1.273080
1.252443
1.252443
1.189755
1.189755
1.364211
1.364211
1.231402
1.231402
1.384953
1.384953
1.078157
1.078157
1.188551
1.188551
1.365335
1.365335
1.329031
1.329031
1.380636
1.380636
1.257169
1.257169
1.046105
1.046105
1.167227
1.330681
1.167227
1.330681
1.125825
1.125825
1.194457
1.194457
1.331291
1.331291
1.263704
1.263704
1.186965
1.186965
1.304319
1.304319
1.176609
1.176609
1.358912
1.358912
1.339908
1.339908
1.373683
1.373683
1.350683
1.350683
1.235708
1.235708
1.392829
1.392829
1.133787
1.133787
1.102682
1.102682
1.142366
1.142366
1.338129
1.338129
1.232307
1.232307
1.335249
1.335249
1.276915
1.276915
1.159165
1.159165
1.213331
1.213331
1.260040
1.260040
1.285658
1.285658
1.358467
1.358467
1.352447
1.352447
1.252869
1.252869
1.280238
1.280238
1.250900
1.250900
1.225639
1.225639
1.359773
1.359773
1.186187
1.186187
1.146052
1.146052
1.395672
1.395672
1.058362
1.058362
1.241966
1.241966
1.262929
1.262929
1.195868
1.195868
1.200179
1.200179
1.389093
1.389093
1.190599
1.190599
1.095448
1.095448
1.341063
1.341063
1.094115
1.094115
1.130937
1.130937
1.303964
1.303964
1.261484
1.261484
1.395179
1.395179
1.342334
1.342334
1.294885
1.294885
1.246647
1.246647
1.269115
1.269115
1.386080
1.386080
1.282624
1.282624
1.213854
1.213854
1.332148
1.332148
1.314758
1.314758
1.327738
1.327738
1.302574
1.302574
1.399193
1.399193
1.380754
1.380754
1.226309
1.226309
1.204451
1.204451
1.315331
1.315331
1.111416
1.111416
1.148187
1.148187
1.385041
1.385041
1.010734
1.010734
1.155972
1.155972
1.230406
1.230406
1.307166
1.307166
1.363054
1.363054
1.266088
1.266088
1.295040
1.295040
1.188690
1.188690
1.297423
1.297423
1.387781
1.387781
1.135813
1.135813
1.396907
1.396907
1.128635
1.128635
1.344173
1.344173
1.314447
1.314447
1.385588
1.385588
1.265401
1.265401
1.247446
1.247446
1.290588
1.290588
1.227624
1.227624
1.234759
1.234759
1.139087
1.139087
1.277579
1.277579
1.068197
1.068197
1.143504
1.143504
1.175705
1.175705
1.287152
1.287152
1.381343
1.381343
1.041883
1.041883
1.138126
1.138126
1.349311
1.349311
1.373238
1.373238
1.178950
1.178950
1.381715
1.381715
1.399369
1.399369
1.277661
1.277661
1.318817
1.318817
1.082055
1.082055
1.185752
1.185752
1.243400
1.243400
1.194996
1.194996
1.264485
1.264485
1.198606
1.198606
1.327225
1.327225
1.267018
1.267018
1.343859
1.343859
1.379268
1.379268
1.305554
1.305554
1.394862
1.394862
1.242851
1.242851
1.316677
1.316677
1.367809
1.367809
1.395839
1.395839
1.166303
1.166303
1.342057
1.342057
1.055231
1.055231
1.143330
1.143330
1.359106
1.359106
1.162970
1.162970
1.311496
1.311496
1.333966
1.333966
1.192497
1.192497
1.343293
1.343293
1.236844
1.236844
1.384086
1.384086
1.222029
1.222029
