1.285378
1.285378
1.068803
1.068803
1.303062
1.194949
1.267018
1.303062
1.194949
1.267018
1.285880
1.285880
1.397003
1.295810
1.397003
1.295810
1.153094
1.206602
1.206602
1.153094
1.230537
1.230537
1.155406
1.155406
1.215040
1.215040
1.355383
1.355383
1.337588
1.337588
1.365208
1.365208
1.275801
1.275801
1.264764
1.229917
1.264764
1.229917
1.341495
1.341495
1.254443
1.254443
1.269632
1.269632
1.384223
1.384223
1.048520
1.048520
1.174579
1.174579
1.334729
1.334729
1.333517
1.333517
1.373104
1.373104
1.326203
1.326203
1.353889
1.353889
1.325111
1.325111
1.356498
1.356498
1.369130
1.369130
1.230574
1.230574
1.377623
1.377623
1.366389
1.319903
1.366389
1.319903
1.249399
1.249399
1.198843
1.198843
1.199288
1.199288
1.330619
1.330619
1.254754
1.254754
1.311154
1.311154
1.312207
1.312207
1.359917
1.359917
1.353263
1.353263
1.383778
1.383778
1.234335
1.234335
1.266246
1.266246
1.151793
1.151793
1.054650
1.054650
1.313573
1.313573
1.359806
1.359806
1.344813
1.344813
1.326289
1.326289
1.183027
1.183027
1.384750
1.384750
1.161424
1.343367
1.161424
1.343367
1.180274
1.180274
1.146764
1.146764
1.383844
1.383844
1.309200
1.309200
1.310827
1.310827
1.364238
1.364238
1.347558
1.347558
1.170755
1.170755
1.360636
1.360636
1.234068
1.234068
1.193584
1.193584
1.278661
1.278661
1.318784
1.216897
1.216897
1.318784
1.311110
1.311110
1.326429
1.326429
1.338936
1.338936
1.296827
1.296827
1.321130
1.321130
1.319127
1.319127
1.329196
1.329196
1.185158
1.185158
1.210488
1.210488
1.341354
1.341354
1.398396
1.398396
1.340701
1.340701
1.362398
1.362398
1.388108
1.388108
1.395868
1.395868
1.224453
1.224453
1.399860
1.399860
1.203708
1.203708
1.374107
1.374107
1.271368
1.271368
1.184796
1.184796
1.162782
1.162782
1.294290
1.294290
1.322826
1.322826
1.303216
1.303216
1.346986
1.346986
1.145299
1.145299
1.275742
1.275742
1.080104
1.080104
1.350729
1.350729
1.125686
1.125686
1.264177
1.264177
1.271610
1.271610
1.091320
1.091320
1.206260
1.206260
1.360307
1.360307
1.224038
1.224038
1.368342
1.368342
1.285795
1.285795
1.162564
1.162564
1.366862
1.366862
1.396542
1.396542
1.312665
1.312665
1.365751
1.365751
1.349930
1.349930
1.184601
1.184601
1.160942
1.160942
1.316412
1.316412
1.354016
1.354016
1.236687
1.236687
1.388136
1.388136
1.396592
1.396592
1.327068
1.327068
1.397354
1.397354
1.183206
1.183206
1.107753
1.107753
1.399581
1.399581
1.209921
1.209921
1.186257
1.186257
1.203789
1.203789
1.345296
1.345296
1.317983
1.317983
1.167105
1.167105
1.316404
1.316404
1.356172
1.356172
1.343070
1.368816
1.343070
1.368816
1.244955
1.244955
1.391500
1.391500
1.043042
1.043042
1.135176
1.135176
1.203512
1.203512
1.383633
1.383633
1.223130
1.175310
1.175310
1.223130
1.307579
1.307579
1.383180
1.383180
1.104452
1.104452
1.353336
1.353336
1.205472
1.205472
1.204107
1.204107
1.198508
1.198508
1.357515
1.357515
1.215447
1.215447
1.367886
1.367886
1.301328
1.301328
1.368161
1.368161
1.332400
1.332400
1.252181
1.252181
1.273697
1.273697
1.213992
1.213992
1.094279
1.094279
1.272826
1.272826
1.353691
1.353691
1.190519
1.190519
1.367337
1.367337
1.228541
1.228541
1.260363
1.260363
1.331902
1.331902
1.330737
1.330737
1.307031
1.307031
1.107961
1.107961
1.280550
1.280550
1.329907
1.329907
1.371237
1.371237
1.397534
1.397534
1.194165
1.194165
1.278544
1.278544
1.267564
1.267564
1.342954
1.342954
1.027666
1.027666
1.136646
1.136646
1.346299
1.346299
1.201330
1.201330
1.390031
1.390031
1.252136
1.252136
1.227512
1.227512
1.318701
1.318701
1.004377
1.004377
1.370533
1.370533
1.255492
1.255492
1.348074
1.348074
1.388166
1.388166
1.139533
1.139533
1.208292
1.208292
1.079167
1.079167
1.082547
1.082547
1.279948
1.279948
1.382790
1.382790
1.200756
1.200756
1.213593
1.213593
1.358131
1.358131
1.276061
1.276061
1.042131
1.042131
1.274327
1.274327
1.394088
1.394088
1.216003
1.216003
1.055078
1.055078
1.332606
1.332606
1.391812
1.391812
1.289825
1.289825
1.379615
1.379615
1.355838
1.355838
1.166862
1.166862
1.347529
1.347529
1.303568
1.303568
1.154836
1.154836
1.208535
1.208535
1.353646
1.353646
1.391784
1.391784
1.321626
1.321626
1.351492
1.351492
1.318718
1.318718
1.197182
1.197182
1.302689
1.302689
1.381091
1.381091
1.374528
1.374528
1.314534
1.314534
1.332104
1.332104
1.376663
1.376663
1.394236
1.394236
1.143376
1.143376
1.343550
1.343550
1.158645
1.158645
1.352242
1.352242
1.351039
1.351039
1.367109
1.367109
1.266699
1.266699
1.096065
1.096065
1.182204
1.182204
1.195414
1.195414
1.360781
1.360781
1.274896
1.274896
1.208403
1.208403
1.354535
1.354535
1.208154
1.208154
1.268623
1.268623
1.333145
1.333145
1.246756
1.246756
1.367558
1.367558
1.297838
1.297838
1.216756
1.216756
1.375903
1.375903
1.293134
1.293134
1.356661
1.356661
1.271934
1.271934
1.386331
1.386331
1.115367
1.115367
1.338756
1.338756
1.300730
1.300730
1.384343
1.384343
1.312301
1.312301
1.248796
1.248796
