1.395802
1.395802
1.280818
1.280818
1.198600
1.198600
1.393254
1.393254
1.110990
1.110990
1.271834
1.271834
1.213000
1.213000
1.158489
1.346722
1.346722
1.158489
1.283664
1.283664
1.274693
1.274693
1.268746
1.268746
1.093731
1.093731
1.367890
1.367890
1.173898
1.173898
1.193587
1.181253
1.193587
1.181253
1.280444
1.280444
1.371994
1.371994
1.050842
1.050842
1.348435
1.348435
1.096819
1.096819
1.329044
1.329044
1.175034
1.175034
1.248705
1.248705
1.143941
1.143941
1.252535
1.252535
1.300796
1.300796
1.327431
1.327431
1.387065
1.282347
1.387065
1.282347
1.157721
1.157721
1.366269
1.366269
1.391092
1.391092
1.379491
1.379491
1.114728
1.114728
1.393400
1.393400
1.384082
1.384082
1.370518
1.370518
1.265836
1.265836
1.150032
1.150032
1.390753
1.390753
1.386150
1.386150
1.310985
1.310985
1.328408
1.328408
1.204962
1.204962
1.384227
1.384227
1.323592
1.323592
1.333424
1.333424
1.307303
1.307303
1.344641
1.344641
1.278842
1.362435
1.362435
1.278842
1.385371
1.385371
1.306338
1.306338
1.245204
1.245204
1.262845
1.262845
1.355520
1.355520
1.099575
1.099575
1.195204
1.195204
1.292362
1.292362
1.341857
1.341857
1.147398
1.199467
1.225510
1.147398
1.199467
1.225510
1.274576
1.274576
1.364019
1.364019
1.364792
1.364792
1.124648
1.124648
1.225870
1.225870
1.290191
1.290191
1.349150
1.349150
1.245814
1.245814
1.366873
1.366873
1.320599
1.320599
1.280537
1.280537
1.197654
1.197654
1.135146
1.135146
1.195422
1.195422
1.161254
1.161254
1.164652
1.164652
1.340748
1.340748
1.372506
1.372506
1.252488
1.252488
1.222466
1.222466
1.237960
1.237960
1.046766
1.046766
1.320300
1.320300
1.326548
1.371200
1.326548
1.371200
1.362905
1.362905
1.249966
1.249966
1.222788
1.222788
1.309386
1.309386
1.069680
1.069680
1.375075
1.375075
1.281145
1.281145
1.284307
1.284307
1.288493
1.288493
1.389442
1.389442
1.223842
1.223842
1.245603
1.245603
1.366354
1.366354
1.364521
1.364521
1.059513
1.059513
1.379887
1.379887
1.224352
1.224352
1.319078
1.319078
1.281765
1.281765
1.350226
1.350226
1.325287
1.325287
1.388908
1.388908
1.131013
1.310563
1.310563
1.131013
1.262884
1.262884
1.337298
1.337298
1.369127
1.369127
1.275401
1.275401
1.290128
1.290128
1.245644
1.245644
1.268794
1.268794
1.237540
1.237540
1.255384
1.255384
1.260493
1.260493
1.362106
1.362106
1.290857
1.290857
1.306976
1.306976
1.382520
1.382520
1.383172
1.383172
1.153709
1.153709
1.353546
1.353546
1.191134
1.191134
1.372971
1.372971
1.250558
1.250558
1.387835
1.387835
1.234998
1.234998
1.329372
1.329372
1.334346
1.334346
1.289260
1.289260
1.288298
1.288298
1.366540
1.366540
1.311081
1.311081
1.397193
1.397193
1.367408
1.367408
1.268934
1.268934
1.381166
1.381166
1.319634
1.319634
1.139924
1.139924
1.366204
1.366204
1.375540
1.375540
1.377876
1.377876
1.391687
1.391687
1.300887
1.300887
1.324749
1.324749
1.280666
1.280666
1.172264
1.172264
1.377781
1.377781
1.343174
1.343174
1.273455
1.273455
1.385783
1.385783
1.267627
1.267627
1.293963
1.293963
1.350106
1.350106
1.357410
1.357410
1.194320
1.363245
1.363245
1.194320
1.203792
1.203792
1.387343
1.387343
1.368222
1.368222
1.192279
1.192279
1.385603
1.385603
1.227207
1.227207
1.398263
1.398263
1.150009
1.150009
1.141116
1.141116
1.291850
1.291850
1.329269
1.329269
1.318832
1.318832
1.257266
1.257266
1.300099
1.300099
1.321210
1.321210
1.378239
1.378239
1.313836
1.313836
1.322059
1.322059
1.144874
1.144874
1.270129
1.270129
1.329106
1.329106
1.293583
1.293583
1.262902
1.262902
1.127942
1.127942
1.144463
1.144463
1.323346
1.323346
1.197696
1.197696
1.283890
1.283890
1.147047
1.147047
1.329564
1.329564
1.393449
1.393449
1.340912
1.340912
1.341872
1.341872
1.266792
1.266792
1.360243
1.360243
1.306187
1.306187
1.349344
1.349344
1.125894
1.125894
1.346024
1.346024
1.398015
1.398015
1.366047
1.366047
1.063082
1.063082
1.237867
1.237867
1.316621
1.371053
1.316621
1.371053
1.245553
1.245553
1.370480
1.370480
1.331722
1.331722
1.099974
1.099974
1.290617
1.290617
1.359773
1.359773
1.336473
1.336473
1.362541
1.362541
1.273159
1.273159
1.253438
1.253438
1.265545
1.265545
1.146667
1.146667
1.214043
1.214043
1.342427
1.342427
1.343229
1.343229
1.238256
1.238256
1.376380
1.376380
1.361574
1.361574
1.327914
1.327914
1.372268
1.372268
1.376504
1.376504
1.268058
1.268058
1.343003
1.343003
1.288543
1.288543
1.384788
1.384788
1.372184
1.372184
1.182223
1.182223
1.290811
1.290811
1.349090
1.349090
1.393163
1.393163
1.327279
1.327279
1.219775
1.219775
1.316798
1.316798
1.301305
1.301305
1.269063
1.269063
1.193303
1.193303
1.336584
1.336584
1.241432
1.241432
1.282574
1.282574
1.252006
1.252006
1.241523
1.241523
1.316961
1.316961
1.263464
1.263464
1.295685
1.295685
1.138927
1.138927
1.189626
1.189626
1.384356
1.384356
1.290563
1.290563
1.353014
1.353014
1.241349
1.241349
1.354343
1.354343
1.391215
1.391215
1.086666
1.086666
1.391753
1.391753
1.086151
1.086151
1.325334
1.325334
1.190937
1.190937
1.286607
1.286607
1.147353
1.147353
1.273975
1.273975
1.230155
1.230155
1.180599
1.180599
1.195905
1.195905
1.381545
1.381545
1.392218
1.392218
1.325801
1.325801
1.252203
1.252203
1.195253
1.195253
1.374117
1.374117
1.339736
1.339736
1.320292
1.320292
1.347840
1.347840
1.178747
1.319382
1.319382
1.178747
1.350414
1.350414
1.225558
1.225558
1.359608
1.359608
1.356249
1.356249
1.268168
1.268168
1.099784
1.099784
1.110427
1.110427
1.393923
1.393923
1.315003
1.315003
1.237623
1.237623
1.322887
1.322887
1.365493
1.365493
1.234360
1.234360
1.200660
1.200660
1.377663
1.377663
1.106795
1.106795
1.241094
1.241094
1.352794
1.352794
1.244555
1.244555
1.383762
1.383762
1.373028
1.373028
1.333262
1.333262
1.079875
1.079875
1.207363
1.207363
1.395428
1.395428
1.152938
1.152938
1.336765
1.336765
1.244869
1.244869
1.256821
1.256821
1.275304
1.275304
1.211662
1.211662
1.305322
1.305322
1.389217
1.389217
1.247942
1.247942
1.093750
1.093750
1.285642
1.285642
1.265173
1.174674
1.265173
1.174674
1.372695
1.131329
1.372695
1.131329
1.352015
1.352015
1.209175
1.209175
1.309025
1.309025
1.331266
1.331266
1.161274
1.161274
1.398704
1.398704
1.170505
1.170505
1.300445
1.300445
1.341567
1.341567
1.349494
1.349494
1.395850
1.395850
1.393943
1.393943
1.388419
1.388419
1.303169
1.303169
1.019945
1.019945
1.338181
1.338181
1.181134
1.181134
1.167478
1.167478
1.329625
1.329625
1.303995
1.303995
1.223367
1.223367
1.364466
1.364466
1.329745
1.329745
1.263012
1.263012
1.310779
1.310779
