1.273470
1.273470
1.050345
1.050345
1.121573
1.121573
1.104023
1.104023
1.389460
1.389460
1.274661
1.274661
1.263937
1.263937
1.360804
1.360804
1.234559
1.234559
1.389722
1.389722
1.387160
1.387160
1.167806
1.167806
1.299163
1.299163
1.086215
1.086215
1.391501
1.391501
1.310347
1.310347
1.095294
1.095294
1.129140
1.129140
1.309976
1.309976
1.347967
1.347967
1.353592
1.353592
1.244372
1.244372
1.376347
1.376347
1.269718
1.269718
1.303994
1.303994
1.299541
1.299541
1.347033
1.347033
1.331129
1.331129
1.279329
1.279329
1.298233
1.298233
1.392401
1.392401
1.229939
1.229939
1.376376
1.376376
1.317639
1.317639
1.245538
1.245538
1.250837
1.250837
1.086973
1.086973
1.321527
1.321527
1.362524
1.362524
1.253478
1.253478
1.343851
1.343851
1.375597
1.375597
1.266586
1.266586
1.182142
1.182142
1.369342
1.369342
1.332971
1.332971
1.246611
1.246611
1.173136
1.173136
1.389088
1.389088
1.248160
1.248160
1.149091
1.149091
1.126035
1.126035
1.394117
1.394117
1.212259
1.212259
1.227720
1.227720
1.136540
1.136540
1.363310
1.363310
1.141722
1.141722
1.350499
1.350499
1.176507
1.176507
1.227230
1.227230
1.158267
1.158267
1.334674
1.334674
1.222960
1.222960
1.362633
1.393210
1.362633
1.393210
1.342545
1.342545
1.305515
1.211344
1.211344
1.269748
1.305515
1.269748
1.319056
1.319056
1.392129
1.392129
1.216541
1.216541
1.335239
1.335239
1.388024
1.388024
1.360867
1.360867
1.366811
1.366811
1.249806
1.249806
1.090041
1.090041
1.367737
1.367737
1.384135
1.384135
1.340659
1.340659
1.341837
1.341837
1.088902
1.088902
1.194476
1.194476
1.201126
1.201126
1.335979
1.335979
1.185895
1.185895
1.279131
1.279131
1.245207
1.245207
1.276515
1.276515
1.245242
1.245242
1.334753
1.334753
1.228825
1.228825
1.352683
1.352683
1.246615
1.246615
1.389233
1.389233
1.277019
1.277019
1.365478
1.365478
1.229437
1.229437
1.310378
1.192203
1.192203
1.310378
1.347564
1.347564
1.328103
1.328103
1.229321
1.229321
1.328160
1.328160
1.370693
1.370693
1.342151
1.342151
1.308895
1.308895
1.392062
1.392062
1.338260
1.338260
1.328908
1.328908
1.282835
1.282835
1.399375
1.399375
1.341066
1.341066
1.245602
1.245602
1.318421
1.318421
1.160120
1.160120
1.211463
1.211463
1.301941
1.301941
1.260379
1.260379
1.291148
1.291148
1.329572
1.329572
1.348516
1.348516
1.360688
1.360688
1.323580
1.323580
1.379573
1.379573
1.369559
1.369559
1.377890
1.377890
1.329950
1.329950
1.357875
1.357875
1.288351
1.288351
1.364204
1.364204
1.234712
1.234712
1.357598
1.357598
1.380857
1.380857
1.316285
1.316285
1.188197
1.188197
1.224767
1.224767
1.034752
1.034752
1.270488
1.270488
1.222441
1.222441
1.340024
1.340024
1.375938
1.375938
1.399577
1.399577
1.145676
1.145676
1.358641
1.358641
1.330494
1.330494
1.364386
1.364386
1.374532
1.374532
1.277242
1.277242
1.361929
1.361929
1.005197
1.005197
1.378779
1.378779
1.181945
1.181945
1.306300
1.306300
1.333690
1.333690
1.134427
1.134427
1.195780
1.195780
1.374042
1.374042
1.379379
1.379379
1.296737
1.296737
1.267453
1.267453
1.323445
1.323445
1.248580
1.248580
1.265585
1.265585
1.082633
1.082633
1.291383
1.291383
1.255635
1.255635
1.299269
1.299269
1.399239
1.399239
1.208579
1.208579
1.285451
1.285451
1.373036
1.373036
1.356607
1.356607
1.291244
1.291244
1.237764
1.237764
1.219752
1.219752
1.356658
1.356658
1.301999
1.301999
1.285139
1.285139
1.379743
1.379743
1.181632
1.181632
1.351806
1.351806
1.398129
1.398129
1.233234
1.233234
1.150136
1.150136
1.302002
1.302002
1.314799
1.314799
1.287391
1.287391
1.351417
1.351417
1.384907
1.384907
1.242805
1.242805
1.261799
1.261799
1.364019
1.364019
1.252080
1.252080
1.317435
1.317435
1.249209
1.249209
1.238060
1.238060
1.358234
1.358234
1.330983
1.330983
1.381699
1.381699
1.134079
1.134079
1.275691
1.275691
1.367400
1.367400
1.336547
1.336547
1.216200
1.216200
1.386981
1.386981
1.297071
1.297071
1.292433
1.292433
1.282097
1.282097
1.073605
1.073605
1.032703
1.032703
1.183308
1.183308
1.383863
1.383863
1.349940
1.349940
1.285750
1.285750
1.191767
1.191767
1.342115
1.342115
1.296321
1.296321
1.383440
1.183421
1.183421
1.383440
1.395630
1.395630
1.173412
1.173412
1.395545
1.395545
1.364791
1.364791
1.061898
1.061898
1.356892
1.356892
1.361288
1.361288
1.262532
1.262532
1.379534
1.379534
