1.223243
1.364251
1.364251
1.223243
1.374120
1.374120
1.326925
1.326925
1.243329
1.243329
1.398780
1.398780
1.138527
1.138527
1.340345
1.340345
1.229185
1.229185
1.378585
1.378585
1.397821
1.385836
1.397821
1.385836
1.365707
1.365707
1.284315
1.284315
1.316747
1.316747
1.333438
1.333438
1.398006
1.398006
1.333463
1.333463
1.338344
1.338344
1.335775
1.335775
1.052051
1.052051
1.390580
1.390580
1.357952
1.357952
1.350448
1.350448
1.326452
1.326452
1.362966
1.362966
1.354818
1.315504
1.315504
1.354818
1.081357
1.081357
1.247074
1.247074
1.304380
1.304380
1.350526
1.350526
1.259075
1.259075
1.337969
1.337969
1.312558
1.257800
1.312558
1.257800
1.348814
1.348814
1.158876
1.158876
1.340587
1.340587
1.354314
1.202174
1.202174
1.354314
1.127043
1.127043
1.271026
1.271026
1.133222
1.133222
1.196194
1.196194
1.350578
1.350578
1.260047
1.260047
1.237602
1.237602
1.271880
1.271880
1.166282
1.166282
1.334415
1.334415
1.389983
1.389983
1.169357
1.169357
1.307658
1.307658
1.368920
1.368920
1.342991
1.342991
1.221981
1.342242
1.221981
1.265679
1.342242
1.265679
1.106215
1.106215
1.066838
1.066838
1.183895
1.183895
1.266500
1.266500
1.121330
1.121330
1.186933
1.186933
1.077680
1.077680
1.286419
1.286419
1.324958
1.324958
1.220736
1.220736
1.213651
1.213651
1.324191
1.324191
1.206378
1.206378
1.210697
1.210697
1.216081
1.216081
1.363035
1.363035
1.204493
1.204493
1.270544
1.270544
1.383092
1.383092
1.348852
1.348852
1.373805
1.373805
1.253744
1.253744
1.212913
1.212913
1.292496
1.292496
1.326281
1.326281
1.340266
1.340266
1.035908
1.035908
1.352352
1.352352
1.379424
1.370369
1.370369
1.379424
1.285967
1.285967
1.392633
1.392633
1.236083
1.236083
1.282212
1.282212
1.285964
1.285964
1.328154
1.328154
1.054872
1.054872
1.297479
1.297479
1.284670
1.284670
1.205752
1.205752
1.230742
1.230742
1.397087
1.397087
1.330173
1.330173
1.395305
1.395305
1.353359
1.353359
1.375383
1.375383
1.391009
1.391009
1.358471
1.358471
1.311480
1.311480
1.210531
1.210531
1.377434
1.377434
1.246200
1.246200
1.273807
1.273807
1.261445
1.261445
1.384493
1.384493
1.349006
1.349006
1.372782
1.375896
1.375896
1.372782
1.172718
1.172718
1.296091
1.296091
1.325067
1.325067
1.242027
1.242027
1.388177
1.388177
1.098300
1.098300
1.304030
1.304030
1.263271
1.263271
1.051414
1.051414
1.188736
1.188736
1.296874
1.296874
1.388289
1.388289
1.349132
1.349132
1.266053
1.266053
1.254784
1.254784
1.271445
1.271445
1.244002
1.244002
1.097762
1.097762
1.275294
1.275294
1.262596
1.262596
1.399552
1.399552
1.309776
1.309776
1.363309
1.363309
1.254489
1.254489
1.086763
1.086763
1.248643
1.248643
1.252112
1.252112
1.299378
1.299378
1.371672
1.371672
1.291672
1.291672
1.274854
1.274854
1.284676
1.284676
1.036482
1.036482
1.225057
1.225057
1.393745
1.393745
1.378186
1.378186
1.356290
1.356290
1.191724
1.191724
1.326784
1.326784
1.054700
1.054700
1.340893
1.340893
1.358562
1.358562
1.384639
1.384639
1.397910
1.397910
1.227139
1.227139
1.234876
1.234876
1.384337
1.384337
1.145676
1.145676
1.398814
1.398814
1.168078
1.168078
1.276771
1.276771
1.314935
1.314935
1.280265
1.280265
1.375467
1.375467
1.261146
1.261146
1.106176
1.106176
1.358405
1.358405
1.124297
1.124297
1.364972
1.364972
1.111638
1.111638
1.380766
1.380766
1.366462
1.366462
1.277266
1.277266
1.279863
1.279863
1.336094
1.336094
1.254859
1.254859
1.266695
1.266695
1.250879
1.250879
1.298491
1.298491
1.081831
1.081831
1.318690
1.318690
1.294704
1.294704
1.151535
1.151535
1.187456
1.187456
1.358774
1.358774
1.382446
1.382446
1.366703
1.366703
1.175974
1.175974
1.143499
1.143499
1.190862
1.190862
1.374179
1.374179
1.075053
1.075053
1.380289
1.380289
1.365378
1.365378
1.328269
1.328269
1.174027
1.174027
1.332538
1.332538
1.329916
1.329916
1.356724
1.356724
1.230196
1.230196
1.290746
1.290746
1.019068
1.019068
1.103276
1.103276
1.232919
1.232919
1.372062
1.372062
1.398750
1.398750
1.398607
1.398607
1.252265
1.252265
1.165314
1.165314
1.260553
1.260553
1.230161
1.230161
1.335839
1.335839
1.383403
1.383403
1.201876
1.201876
1.230890
1.230890
1.235440
1.235440
1.354629
1.354629
1.371717
1.371717
1.296220
1.296220
1.352265
1.352265
1.394933
1.394933
1.298443
1.298443
1.393053
1.393053
1.344561
1.344561
1.199657
1.199657
1.251571
1.251571
1.189307
1.189307
1.157165
1.157165
1.296995
1.296995
1.136991
1.136991
1.187040
1.187040
1.389492
1.389492
1.202030
1.202030
1.256933
1.256933
1.193143
1.193143
1.383133
1.383133
1.233129
1.233129
1.399217
1.399217
1.315538
1.315538
1.140922
1.140922
1.311013
1.311013
1.352775
1.352775
1.330362
1.330362
1.381020
1.381020
1.370956
1.370956
1.379517
1.379517
1.239182
1.239182
1.144969
1.144969
1.174136
1.174136
1.307265
1.307265
1.238388
1.238388
1.274101
1.274101
1.335212
1.335212
1.257679
1.257679
1.155182
1.155182
1.273204
1.273204
1.065205
1.065205
1.385764
1.385764
1.225620
1.225620
1.144688
1.144688
1.153225
1.153225
1.356308
1.356308
1.211734
1.211734
1.117818
1.117818
1.253469
1.253469
1.386862
1.386862
1.372364
1.372364
1.385130
1.385130
1.389148
1.389148
1.328748
1.328748
1.237335
1.237335
1.380560
1.380560
1.393625
1.393625
1.339841
1.339841
1.387486
1.387486
1.320818
1.320818
1.237507
1.237507
1.151715
1.151715
1.250723
1.250723
1.380438
1.380438
1.335959
1.335959
1.389676
1.389676
1.241976
1.241976
1.353949
1.353949
1.366376
1.366376
1.130608
1.130608
1.360557
1.360557
1.395576
1.395576
1.318836
1.318836
1.351708
1.351708
1.321621
1.321621
1.366034
1.366034
1.347447
1.347447
1.276437
1.276437
1.351519
1.351519
1.254631
1.254631
1.270124
1.270124
1.390883
1.390883
1.352400
1.352400
1.392338
1.392338
1.196328
1.196328
1.304427
1.304427
1.331119
1.331119
1.304000
1.304000
1.297854
1.297854
1.292522
1.292522
1.308091
1.308091
1.272851
1.272851
1.367470
1.367470
1.383352
1.383352
1.188596
1.188596
1.272737
1.272737
1.317990
1.317990
1.085200
1.085200
1.318035
1.288953
1.288953
1.318035
1.348205
1.348205
1.292917
1.292917
1.264509
1.264509
1.195348
1.195348
1.394495
1.394495
1.336352
1.336352
1.315403
1.315403
1.289085
1.289085
1.353432
1.353432
1.364999
1.364999
1.394032
1.394032
1.248874
1.248874
1.317942
1.317942
1.386099
1.386099
1.365582
1.365582
1.388766
1.388766
1.171633
1.171633
1.207244
1.207244
1.216307
1.216307
1.267375
1.267375
1.310945
1.310945
1.229910
1.229910
1.366951
1.366951
1.399282
1.399282
1.371700
1.371700
1.282445
1.282445
1.126422
1.126422
1.063968
1.063968
1.279557
1.279557
1.342549
1.342549
1.249901
1.249901
1.339833
1.339833
1.137652
1.137652
1.177209
1.177209
1.161570
1.161570
1.376911
1.376911
1.358559
1.358559
1.269398
1.269398
1.391532
1.391532
1.382639
1.382639
1.398435
1.398435
1.159212
1.159212
1.309454
1.309454
1.170419
1.170419
1.389384
1.389384
1.170504
1.170504
1.371305
1.371305
1.336732
1.336732
1.262087
1.262087
1.099526
1.099526
1.167153
1.167153
1.328320
1.328320
1.360203
1.360203
1.330673
1.330673
1.211011
1.211011
1.395999
1.395999
1.370255
1.370255
1.375713
1.375713
1.390489
1.390489
1.261222
1.261222
1.302559
1.302559
1.297864
1.297864
1.184252
1.184252
1.267886
1.267886
1.336021
1.336021
1.243848
1.243848
1.131109
1.131109
1.373817
1.373817
1.384437
1.384437
1.198599
1.198599
1.223440
1.223440
1.325632
1.325632
1.284239
1.284239
1.363828
1.363828
1.369109
1.369109
1.331972
1.331972
1.311211
1.311211
1.154995
1.154995
1.285577
1.285577
1.195439
1.195439
1.192853
1.192853
1.297374
1.297374
1.259141
1.259141
1.386622
1.386622
1.390136
1.390136
1.369962
1.369962
1.322880
1.322880
1.282065
1.282065
1.260919
1.260919
1.251650
1.251650
1.154568
1.154568
1.197755
1.197755
1.303348
1.303348
1.157584
1.157584
1.317074
1.317074
1.361314
1.361314
1.202739
1.202739
1.180512
1.180512
1.243377
1.243377
1.362838
1.362838
1.069501
1.069501
1.242831
1.242831
1.333890
1.333890
1.290816
1.290816
1.289944
1.289944
1.171773
1.171773
