1.180064
1.180064
1.359683
1.359683
1.179026
1.179026
1.262979
1.262979
1.330908
1.330908
1.244872
1.244872
1.215101
1.215101
1.390760
1.390760
1.281913
1.281913
1.189263
1.189263
1.156357
1.156357
1.246043
1.246043
1.372107
1.372107
1.292378
1.292378
1.315052
1.315052
1.341623
1.341623
1.395406
1.395406
1.325688
1.325688
1.194942
1.194942
1.249685
1.249685
1.370000
1.370000
1.181111
1.181111
1.306567
1.306567
1.343629
1.343629
1.396517
1.396517
1.295539
1.295539
1.397027
1.397027
1.189931
1.189931
1.373289
1.373289
1.363146
1.363146
1.270485
1.270485
1.366098
1.366098
1.320823
1.320823
1.161661
1.161661
1.384646
1.384646
1.365619
1.365619
1.233702
1.233702
1.390212
1.390212
1.320406
1.320406
1.376440
1.376440
1.318655
1.318655
1.368576
1.368576
1.174998
1.174998
1.273363
1.273363
1.266276
1.266276
1.207037
1.207037
1.041245
1.041245
1.165824
1.165824
1.282692
1.282692
1.349901
1.349901
1.358193
1.358193
1.246578
1.246578
1.282170
1.282170
1.205104
1.205104
1.389125
1.389125
1.224265
1.224265
1.057769
1.057769
1.320263
1.320263
1.362157
1.362157
1.342511
1.342511
1.139016
1.139016
1.289712
1.289712
1.357954
1.357954
1.354927
1.354927
1.298182
1.298182
1.320300
1.320300
1.210169
1.210169
1.161025
1.161025
1.376459
1.376459
1.358249
1.358249
1.365887
1.365887
1.252049
1.252049
1.090683
1.090683
1.370766
1.370766
1.144855
1.144855
1.395781
1.395781
1.345405
1.345405
1.359497
1.359497
1.358535
1.358535
1.313765
1.313765
1.286587
1.286587
1.081609
1.081609
1.227595
1.227595
1.097437
1.097437
1.367055
1.367055
1.229082
1.229082
1.394584
1.394584
1.129234
1.129234
1.296367
1.296367
1.376624
1.376624
1.363207
1.363207
1.271703
1.263253
1.271703
1.263253
1.213467
1.390044
1.213467
1.390044
1.307321
1.307321
1.123646
1.123646
1.383894
1.383894
1.277281
1.277281
1.216548
1.216548
1.370406
1.370406
1.212087
1.212087
1.333073
1.333073
1.305062
1.305062
1.394340
1.394340
1.281244
1.281244
1.355368
1.355368
1.360969
1.360969
1.161854
1.161854
1.327419
1.327419
1.151149
1.151149
1.338338
1.338338
1.136333
1.136333
1.281950
1.281950
1.190692
1.190692
1.368633
1.368633
1.275571
1.275571
1.264959
1.264959
1.235874
1.235874
1.237605
1.237605
1.142753
1.142753
1.309298
1.309298
1.345889
1.345889
1.241831
1.241831
1.396535
1.396535
1.393705
1.393705
1.282507
1.282507
1.339037
1.339037
1.234416
1.234416
1.198794
1.198794
1.305018
1.305018
1.284960
1.284960
1.096915
1.096915
1.300492
1.300492
1.316132
1.316132
1.295134
1.295134
1.150261
1.150261
1.355541
1.355541
1.345379
1.345379
1.283371
1.283371
1.209201
1.209201
1.327402
1.327402
1.395670
1.395670
1.267849
1.267849
1.050152
1.050152
1.297909
1.297909
1.178062
1.178062
1.143803
1.143803
1.294549
1.294549
1.178356
1.178356
1.391392
1.391392
1.396604
1.396604
1.071156
1.071156
1.248037
1.248037
1.378918
1.378918
1.296919
1.296919
1.284800
1.284800
1.235901
1.235901
1.135611
1.135611
1.315122
1.315122
1.377392
1.377392
1.233325
1.233325
1.241832
1.241832
1.309356
1.309356
1.368847
1.349062
1.368847
1.349062
1.217544
1.217544
1.289486
1.289486
1.015984
1.015984
1.398018
1.398018
1.372655
1.372655
1.371273
1.371273
1.362701
1.154018
1.362701
1.154018
1.260434
1.260434
1.206776
1.206776
1.297250
1.297250
1.038152
1.038152
1.158148
1.158148
1.227052
1.227052
1.230804
1.230804
1.210410
1.210410
1.168171
1.168171
1.149947
1.149947
1.394020
1.394020
1.326900
1.326900
1.349838
1.349838
1.090188
1.090188
1.341975
1.341975
1.186967
1.186967
1.260716
1.260716
1.081964
1.081964
1.273745
1.273745
1.360592
1.360592
1.270484
1.270484
1.090415
1.090415
1.342690
1.342690
1.393959
1.393959
1.208269
1.208269
1.383559
1.383559
1.030848
1.030848
1.322114
1.322114
1.235878
1.235878
1.324357
1.324357
1.312650
1.312650
1.293730
1.293730
1.227195
1.227195
1.391612
1.391612
1.332830
1.332830
1.297279
1.297279
1.183318
1.183318
1.371176
1.371176
1.370089
1.370089
1.074176
1.074176
1.336100
1.336100
1.184676
1.184676
1.344352
1.344352
1.347548
1.347548
1.274061
1.274061
1.315608
1.315608
1.209293
1.209293
1.368001
1.368001
1.396082
1.396082
1.202087
1.202087
1.368501
1.368501
1.102175
1.102175
1.042638
1.042638
1.341707
1.341707
1.144486
1.144486
1.298027
1.298027
1.126712
1.126712
1.363156
1.363156
1.369920
1.369920
1.378468
1.378468
1.396163
1.396163
1.366099
1.366099
1.353937
1.353937
1.256023
1.256023
1.355174
1.355174
1.187893
1.187893
1.335315
1.335315
1.282345
1.282345
1.349781
1.349781
1.165601
1.165601
1.371180
1.371180
1.109511
1.109511
1.185302
1.185302
1.326242
1.326242
1.145846
1.145846
1.364985
1.364985
1.382004
1.382004
1.218534
1.218534
