1.193181
1.193181
1.240742
1.240742
1.204721
1.204721
1.352971
1.352971
1.389899
1.389899
1.198769
1.198769
1.353611
1.353611
1.307976
1.307976
1.385565
1.385565
1.309684
1.309684
1.389787
1.389787
1.372889
1.372889
1.146924
1.229621
1.146924
1.229621
1.155811
1.155811
1.335366
1.335366
1.104437
1.104437
1.258703
1.258703
1.233975
1.233975
1.325096
1.325096
1.199677
1.199677
1.381360
1.381360
1.153589
1.153589
1.189191
1.189191
1.153670
1.153670
1.194717
1.194717
1.331667
1.331667
1.389798
1.389798
1.270480
1.270480
1.246492
1.246492
1.304681
1.304681
1.383589
1.383589
1.379266
1.379266
1.303750
1.303750
1.267015
1.267015
1.383765
1.383765
1.202565
1.202565
1.338393
1.338393
1.369145
1.369145
1.382918
1.307740
1.382918
1.307740
1.230446
1.230446
1.296994
1.296994
1.300228
1.300228
1.054863
1.054863
1.349959
1.349959
1.284865
1.284865
1.306667
1.306667
1.348174
1.348174
1.283347
1.283347
1.341903
1.341903
1.364269
1.364269
1.125698
1.125698
1.284430
1.284430
1.136619
1.136619
1.357183
1.357183
1.312847
1.312847
1.148772
1.148772
1.102931
1.102931
1.376799
1.376799
1.237269
1.237269
1.332002
1.332002
1.216836
1.216836
1.279335
1.279335
1.269260
1.269260
1.287594
1.287594
1.156742
1.156742
1.352050
1.352050
1.216229
1.216229
1.298075
1.298075
1.295675
1.295675
1.308148
1.308148
1.191608
1.191608
1.349816
1.349816
1.270908
1.270908
1.183714
1.183714
1.257582
1.257582
1.350730
1.350730
1.275421
1.275421
1.078415
1.078415
1.342050
1.342050
1.382421
1.382421
1.340540
1.340540
1.350946
1.350946
1.362656
1.362656
1.375445
1.375445
1.398379
1.398379
1.378824
1.378824
1.346469
1.346469
1.291164
1.291164
1.388754
1.388754
1.344955
1.344955
1.336096
1.336096
1.242746
1.242746
1.235140
1.235140
1.251169
1.251169
1.231216
1.231216
1.137796
1.137796
1.344258
1.344258
1.203904
1.203904
1.369789
1.369789
1.377443
1.377443
1.362162
1.362162
1.394995
1.235741
1.235741
1.394995
1.099259
1.099259
1.342003
1.342003
1.155811
1.155811
1.392615
1.392615
1.115718
1.115718
1.177779
1.177779
1.323599
1.323599
1.338716
1.338716
1.122913
1.122913
1.294215
1.294215
1.287421
1.287421
1.217010
1.217010
1.352415
1.352415
1.320326
1.320326
1.300251
1.300251
1.307546
1.307546
1.378286
1.378286
1.227986
1.227986
1.282633
1.282633
1.288144
1.288144
1.199244
1.199244
1.197289
1.197289
1.381603
1.381603
1.393062
1.393062
1.291518
1.291518
1.320548
1.320548
1.269894
1.269894
1.217194
1.217194
1.347442
1.347442
1.345563
1.345563
1.022396
1.022396
1.394712
1.394712
1.334959
1.334959
1.192042
1.192042
1.203607
1.203607
1.219976
1.200794
1.200794
1.219976
1.311743
1.311743
1.251346
1.251346
1.284462
1.284462
1.226709
1.226709
1.319351
1.319351
1.398678
1.398678
1.268382
1.268382
1.287676
1.287676
1.398700
1.398700
1.224639
1.224639
1.211754
1.211754
1.230257
1.230257
1.361517
1.361517
1.069297
1.069297
1.288792
1.288792
1.156880
1.156880
1.273321
1.273321
1.139944
1.139944
1.377608
1.377608
1.225995
1.225995
1.360945
1.360945
1.339669
1.339669
1.314024
1.314024
1.198858
1.198858
1.399839
1.399839
1.197748
1.197748
1.333361
1.333361
1.360153
1.360153
1.106536
1.106536
1.291500
1.291500
1.280075
1.280075
1.244135
1.244135
1.070883
1.070883
1.226195
1.397943
1.226195
1.397943
1.263826
1.263826
1.037890
1.037890
1.364920
1.364920
1.344677
1.344677
1.229981
1.229981
1.349302
1.349302
1.395696
1.395696
1.281991
1.281991
1.331578
1.331578
1.247826
1.247826
1.315585
1.315585
1.074640
1.074640
1.345125
1.345125
1.323400
1.323400
1.220888
1.220888
1.394478
1.394478
1.209051
1.209051
1.371274
1.371274
1.389649
1.389649
1.359369
1.359369
1.360633
1.360633
1.345221
1.345221
1.364577
1.364577
1.257594
1.257594
1.063484
1.063484
1.168147
1.168147
1.357015
1.262424
1.357015
1.262424
1.335254
1.335254
1.371170
1.371170
1.324857
1.324857
1.217267
1.217267
1.307335
1.307335
1.181088
1.181088
1.300101
1.300101
1.342152
1.342152
1.330138
1.330138
1.347572
1.347572
1.325611
1.219562
1.219562
1.325611
1.344302
1.344302
1.255826
1.255826
1.294169
1.294169
1.347210
1.347210
1.325560
1.325560
1.294268
1.294268
1.303652
1.303652
1.291556
1.291556
1.302155
1.302155
1.390297
1.390297
1.306015
1.306015
1.361854
1.361854
1.369200
1.369200
1.075467
1.075467
1.129622
1.129622
1.278346
1.278346
1.392533
1.392533
1.290114
1.290114
1.391189
1.391189
1.180433
1.180433
1.235332
1.235332
1.307857
1.307857
1.317102
1.317102
1.230082
1.230082
1.239307
1.239307
1.249909
1.249909
1.170243
1.155449
1.170243
1.155449
1.314603
1.314603
1.258666
1.258666
1.349144
1.349144
1.285907
1.285907
1.358799
1.358799
1.316526
1.316526
1.138495
1.138495
1.125251
1.125251
1.145887
1.145887
1.301140
1.301140
1.198960
1.198960
1.363676
1.363676
1.304399
1.304399
1.332655
1.332655
1.358750
1.358750
1.257106
1.257106
1.130657
1.130657
1.279004
1.279004
1.264864
1.264864
1.390787
1.390787
1.261205
1.261205
1.146744
1.146744
1.333024
1.333024
1.311714
1.311714
1.389979
1.389979
1.066772
1.066772
1.180199
1.180199
1.248757
1.248757
1.246425
1.246425
1.176875
1.176875
1.350652
1.350652
1.111436
1.111436
1.384513
1.384513
1.335069
1.335069
1.141513
1.141513
1.381793
1.381793
1.366947
1.366947
1.381456
1.381456
1.185153
1.185153
1.110838
1.110838
1.315696
1.315696
1.295419
1.295419
1.377788
1.377788
1.202609
1.202609
1.191238
1.191238
1.398951
1.398951
1.316118
1.316118
1.379911
1.379911
1.339422
1.339422
1.229627
1.229627
1.390993
1.390993
1.339509
1.339509
1.334108
1.334108
1.217463
1.217463
1.167017
1.167017
1.191528
1.191528
1.347572
1.347572
1.178951
1.178951
1.344810
1.344810
1.277124
1.277124
1.292787
1.292787
1.246000
1.246000
1.120323
1.120323
1.384876
1.384876
1.285748
1.285748
1.305593
1.305593
1.393117
1.393117
1.312431
1.312431
1.165647
1.165647
1.348949
1.348949
1.215770
1.215770
1.373451
1.373451
1.318306
1.318306
1.211420
1.211420
1.338973
1.338973
1.081588
1.081588
1.382378
1.382378
1.156897
1.156897
