1.237956
1.237956
1.375667
1.375667
1.379629
1.387020
1.387020
1.379629
1.290012
1.290012
1.297985
1.297985
1.357833
1.164824
1.164824
1.357833
1.329987
1.329987
1.215714
1.215714
1.228792
1.228792
1.326143
1.326143
1.179491
1.179491
1.396138
1.396138
1.205194
1.205194
1.116030
1.116030
1.365383
1.365383
1.351949
1.351949
1.395905
1.395905
1.327173
1.327173
1.234749
1.234749
1.339311
1.339311
1.185756
1.185756
1.130475
1.130475
1.290823
1.290823
1.265522
1.265522
1.275058
1.275058
1.364770
1.364770
1.027247
1.297320
1.394286
1.297320
1.347151
1.027247
1.394286
1.347151
1.360829
1.360829
1.201389
1.201389
1.185756
1.185756
1.290151
1.290151
1.069266
1.069266
1.377676
1.377676
1.374600
1.374600
1.332655
1.332655
1.319788
1.319788
1.257695
1.257695
1.274629
1.274629
1.335179
1.335179
1.312532
1.312532
1.100664
1.100664
1.385299
1.385299
1.303571
1.303571
1.309940
1.309940
1.117532
1.117532
1.394264
1.394264
1.275078
1.312713
1.312713
1.275078
1.284324
1.284324
1.119411
1.119411
1.373324
1.373324
1.194500
1.345868
1.345868
1.194500
1.242532
1.242532
1.385935
1.385935
1.378099
1.378099
1.379490
1.379490
1.295124
1.295124
1.158841
1.158841
1.337476
1.337476
1.135974
1.344337
1.135974
1.344337
1.129703
1.129703
1.277498
1.277498
1.364265
1.364265
1.340380
1.340380
1.241116
1.302741
1.241116
1.302741
1.393561
1.393561
1.208298
1.208298
1.346784
1.346784
1.391813
1.333712
1.391813
1.333712
1.183611
1.183611
1.247527
1.247527
1.376677
1.376677
1.313677
1.313677
1.114261
1.114261
1.260849
1.260849
1.294789
1.294789
1.292904
1.292904
1.391480
1.391480
1.248650
1.248650
1.299398
1.299398
1.302603
1.302603
1.322994
1.322994
1.317659
1.317659
1.391041
1.391041
1.337105
1.337105
1.166833
1.166833
1.312116
1.312116
1.349735
1.349735
1.374339
1.374339
1.237387
1.237387
1.194928
1.194928
1.349512
1.349512
1.021696
1.021696
1.170685
1.170685
1.191242
1.191242
1.238682
1.238682
1.273430
1.273430
1.279663
1.279663
1.369678
1.369678
1.301044
1.301044
1.136504
1.136504
1.078813
1.078813
1.168919
1.168919
1.181466
1.181466
1.238633
1.238633
1.355431
1.355431
1.373860
1.373860
1.322181
1.322181
1.071844
1.071844
1.295798
1.295798
1.104281
1.104281
1.351577
1.351577
1.237729
1.237729
1.346179
1.346179
1.349379
1.349379
1.097658
1.097658
1.247533
1.247533
1.259846
1.259846
1.164923
1.164923
1.226611
1.226611
1.297050
1.297050
1.281591
1.176471
1.176471
1.281591
1.154856
1.154856
1.232621
1.232621
1.391117
1.391117
1.236179
1.236179
1.158942
1.158942
1.338978
1.338978
1.330374
1.330374
1.340296
1.340296
1.172871
1.172871
1.261855
1.261855
1.239301
1.239301
1.235022
1.235022
1.389395
1.321174
1.389395
1.321174
1.357893
1.357893
1.339501
1.339501
1.075421
1.075421
1.166396
1.166396
1.168251
1.168251
1.064540
1.064540
1.144943
1.144943
1.335912
1.335912
1.260554
1.260554
1.377598
1.377598
1.371182
1.371182
1.346884
1.346884
1.165463
1.165463
1.167501
1.167501
1.072070
1.072070
1.131253
1.131253
1.071074
1.071074
1.119331
1.119331
1.237944
1.237944
1.223400
1.223400
1.339557
1.339557
1.253536
1.253536
1.377892
1.377892
1.355062
1.355062
1.265682
1.265682
1.315246
1.315246
1.332914
1.332914
1.399103
1.247313
1.247313
1.399103
1.344537
1.344537
1.327622
1.327622
1.324343
1.324343
1.220966
1.220966
1.219765
1.219765
1.345872
1.345872
1.303058
1.303058
1.079909
1.079909
1.319428
1.319428
1.322345
1.322345
1.354503
1.354503
1.379523
1.379523
1.299923
1.299923
1.332358
1.332358
1.132450
1.132450
1.375790
1.375790
1.316594
1.316594
1.334334
1.334334
1.095773
1.095773
1.376012
1.376012
1.376512
1.376512
1.264095
1.264095
1.180168
1.180168
1.361459
1.361459
1.223544
1.223544
1.342813
1.342813
1.183408
1.183408
1.367808
1.367808
1.144998
1.144998
1.118931
1.118931
1.058980
1.058980
1.220340
1.220340
1.356098
1.356098
1.322814
1.322814
1.377630
1.377630
1.394413
1.394413
1.399352
1.399352
1.244603
1.244603
1.123128
1.123128
1.319897
1.319897
1.375401
1.375401
1.355484
1.355484
1.271549
1.271549
1.302346
1.302346
1.342558
1.342558
1.137008
1.137008
1.366386
1.366386
1.355208
1.355208
1.383742
1.383742
1.332362
1.332362
1.387344
1.387344
1.226173
1.226173
1.296093
1.296093
1.056132
1.056132
1.293681
1.293681
1.319835
1.319835
1.336566
1.336566
1.391502
1.391502
1.376913
1.376913
1.331691
1.331691
1.383889
1.383889
1.243664
1.243664
1.312198
1.312198
1.299908
1.299908
1.225700
1.225700
1.310141
1.310141
1.069553
1.069553
1.177295
1.177295
1.273850
1.273850
1.163956
1.163956
1.174971
1.174971
1.228049
1.228049
1.299111
1.299111
1.399511
1.399511
1.328385
1.328385
1.034690
1.034690
1.303105
1.303105
1.259765
1.259765
1.347379
1.347379
1.360960
1.360960
1.227744
1.227744
1.352689
1.352689
1.318167
1.318167
1.031998
1.031998
1.064416
1.064416
1.355107
1.355107
1.141942
1.141942
1.270439
1.270439
1.399712
1.399712
1.111405
1.111405
1.210486
1.210486
1.339234
1.339234
1.345450
1.345450
1.240035
1.240035
1.325024
1.325024
1.358881
1.358881
1.179277
1.179277
1.364057
1.364057
1.328324
1.328324
1.346790
1.346790
1.372986
1.372986
1.094317
1.094317
1.235847
1.235847
1.349706
1.349706
1.089822
1.089822
1.301930
1.301930
1.362298
1.362298
1.313495
1.313495
1.288725
1.288725
1.307238
1.307238
1.188582
1.188582
1.265748
1.265748
1.294458
1.294458
1.170755
1.170755
1.141107
1.141107
1.296355
1.296355
1.399514
1.399514
1.299879
1.299879
1.106935
1.106935
1.339571
1.339571
1.231946
1.231946
1.307859
1.307859
1.322833
1.322833
1.379705
1.379705
1.227569
1.227569
1.378247
1.378247
1.257454
1.257454
1.264685
1.264685
1.385245
1.385245
1.281281
1.281281
1.165114
1.165114
1.055056
1.055056
1.088868
1.088868
1.339464
1.339464
1.229719
1.229719
1.359576
1.359576
1.291075
1.291075
1.247604
1.247604
1.326826
1.326826
1.335144
1.335144
1.318566
1.318566
1.359258
1.359258
1.324395
1.324395
1.392035
1.392035
1.389728
1.389728
1.205317
1.205317
1.363103
1.363103
1.284675
1.284675
