1.388478
1.388478
1.257992
1.257992
1.346281
1.346281
1.362474
1.362474
1.319016
1.319016
1.219008
1.219008
1.353034
1.353034
1.271186
1.271186
1.148811
1.148811
1.183929
1.183929
1.322071
1.322071
1.344378
1.344378
1.396964
1.396964
1.198687
1.198687
1.230976
1.230976
1.391301
1.391301
1.297701
1.297701
1.315837
1.315837
1.218483
1.218483
1.235127
1.235127
1.327323
1.327323
1.344642
1.344642
1.163318
1.163318
1.296667
1.296667
1.293302
1.293302
1.307628
1.307628
1.338999
1.338999
1.055228
1.055228
1.314058
1.314058
1.182575
1.182575
1.299189
1.299189
1.330233
1.330233
1.231457
1.231457
1.306683
1.306683
1.154994
1.154994
1.337891
1.337891
1.375181
1.375181
1.374292
1.374292
1.375755
1.375755
1.338766
1.338766
1.181024
1.181024
1.280504
1.280504
1.240540
1.240540
1.308237
1.308237
1.206914
1.206914
1.187984
1.187984
1.314211
1.314211
1.298584
1.298584
1.099759
1.099759
1.200118
1.200118
1.255038
1.255038
1.175053
1.175053
1.397754
1.397754
1.230817
1.230817
1.358368
1.358368
1.366380
1.366380
1.230777
1.230777
1.369350
1.369350
1.163654
1.163654
1.334045
1.334045
1.392790
1.392790
1.330082
1.330082
1.282539
1.282539
1.332482
1.332482
1.141075
1.141075
1.389357
1.389357
1.374788
1.374788
1.257624
1.257624
1.128126
1.128126
1.354910
1.354910
1.112446
1.112446
1.366409
1.366409
1.389180
1.389180
1.295949
1.295949
1.124834
1.124834
1.296020
1.307196
1.296020
1.307196
1.194949
1.194949
1.122038
1.122038
1.234694
1.234694
1.349579
1.349579
1.129493
1.129493
1.314439
1.314439
1.303023
1.303023
1.268743
1.268743
1.220337
1.220337
1.221163
1.221163
1.222286
1.222286
1.302405
1.302405
1.203627
1.203627
1.333198
1.333198
1.378085
1.378085
1.201366
1.201366
1.131140
1.131140
1.131731
1.131731
1.285178
1.285178
1.103754
1.103754
1.145269
1.145269
1.139730
1.139730
1.248471
1.248471
1.319312
1.319312
1.145988
1.145988
1.286904
1.286904
1.369852
1.369852
1.170591
1.170591
1.311080
1.311080
1.344465
1.344465
1.334831
1.334831
1.344871
1.344871
1.288893
1.288893
1.187061
1.187061
1.265366
1.265366
1.199493
1.199493
1.205010
1.205010
1.152246
1.152246
1.381815
1.381815
1.290864
1.290864
1.216890
1.216890
1.135480
1.135480
1.297169
1.297169
1.354535
1.354535
1.343507
1.343507
1.367286
1.367286
1.328528
1.328528
1.360869
1.360869
1.312136
1.312136
1.318128
1.318128
1.149108
1.149108
1.371198
1.371198
1.330444
1.330444
1.382809
1.382809
1.285574
1.285574
1.337079
1.337079
1.118180
1.118180
1.180480
1.180480
1.123221
1.123221
1.313590
1.313590
1.375498
1.375498
1.202994
1.202994
1.294091
1.294091
1.125437
1.125437
1.357360
1.357360
1.304622
1.304622
1.189261
1.189261
1.379754
1.379754
1.367176
1.367176
1.308107
1.308107
1.199539
1.199539
1.111857
1.111857
1.159692
1.159692
1.320842
1.157041
1.157041
1.320842
1.228057
1.228057
1.310519
1.310519
1.359645
1.359645
1.349321
1.349321
1.277471
1.277471
1.332255
1.332255
1.326198
1.326198
1.224844
1.224844
1.346939
1.346939
1.340794
1.340794
1.396482
1.396482
1.375291
1.375291
1.265099
1.265099
1.327016
1.327016
1.369992
1.369992
1.372494
1.372494
1.245789
1.245789
1.398789
1.398789
1.379789
1.379789
1.194758
1.194758
1.228282
1.228282
1.219129
1.219129
1.184268
1.184268
1.290126
1.290126
1.376210
1.376210
1.388648
1.388648
1.352859
1.352859
1.291812
1.291812
1.379047
1.379047
1.171606
1.171606
1.331475
1.331475
1.217248
1.217248
1.381971
1.381971
1.039846
1.039846
1.188170
1.188170
1.316431
1.316431
1.196366
1.196366
1.399395
1.399395
1.287308
1.287308
1.357638
1.357638
1.170154
1.170154
1.166291
1.349906
1.166291
1.349906
1.293687
1.293687
1.331646
1.331646
1.375453
1.375453
1.118064
1.118064
1.124486
1.124486
1.165221
1.165221
1.390626
1.390626
1.181603
1.181603
1.265706
1.265706
1.122607
1.122607
1.321019
1.321019
1.129011
1.129011
1.321892
1.321892
1.050629
1.050629
1.142533
1.142533
1.325625
1.325625
1.385664
1.385664
1.184866
1.184866
1.338262
1.338262
1.117558
1.117558
1.322551
1.322551
1.105805
1.105805
1.249065
1.249065
1.152362
1.152362
1.136178
1.136178
1.254490
1.254490
1.370418
1.370418
1.358615
1.358615
1.195323
1.195323
1.389302
1.389302
1.290969
1.290969
1.210746
1.210746
1.305229
1.305229
1.376711
1.376711
1.323018
1.323018
1.353794
1.353794
1.017252
1.017252
1.389195
1.389195
1.020397
1.020397
1.373648
1.373648
1.351151
1.351151
1.384722
1.384722
1.186348
1.186348
1.399818
1.399818
1.193595
1.193595
1.255391
1.255391
1.203504
1.203504
1.322977
1.322977
1.170797
1.170797
1.039314
1.039314
1.137284
1.137284
1.206943
1.206943
1.228436
1.228436
1.346202
1.346202
1.123438
1.123438
1.394397
1.394397
1.321168
1.321168
1.355216
1.355216
1.264322
1.264322
1.238439
1.238439
1.356031
1.356031
1.126021
1.126021
1.166595
1.166595
1.295379
1.295379
1.089952
1.089952
1.234209
1.234209
1.309828
1.309828
1.371909
1.371909
1.031139
1.031139
1.279865
1.279865
1.338645
1.257772
1.338645
1.257772
1.315255
1.315255
1.368187
1.368187
1.318966
1.318966
1.182381
1.182381
1.312802
1.312802
1.399982
1.399982
1.363448
1.363448
1.354792
1.354792
1.075273
1.075273
1.331876
1.331876
1.354863
1.354863
1.234320
1.234320
1.315775
1.315775
1.224220
1.224220
1.288203
1.288203
1.238489
1.238489
1.206703
1.206703
1.366985
1.366985
1.322914
1.322914
1.159779
1.159779
1.309138
1.309138
1.281708
1.281708
1.109695
1.109695
1.253830
1.253830
