1.379737
1.379737
1.308447
1.308447
1.373630
1.373630
1.325418
1.325418
1.298390
1.298390
1.232585
1.232585
1.374204
1.374204
1.298058
1.298058
1.213559
1.213559
1.294043
1.294043
1.399119
1.399119
1.318635
1.318635
1.247372
1.247372
1.228988
1.228988
1.367294
1.367294
1.238074
1.238074
1.359531
1.359531
1.381402
1.381402
1.202371
1.202371
1.107514
1.107514
1.294592
1.294592
1.365728
1.365728
1.321810
1.321810
1.346384
1.346384
1.375282
1.375282
1.334304
1.334304
1.322859
1.322859
1.320000
1.320000
1.326999
1.326999
1.061234
1.061234
1.299395
1.299395
1.324817
1.324817
1.334248
1.334248
1.376680
1.376680
1.300686
1.300686
1.375943
1.375943
1.350148
1.350148
1.273407
1.273407
1.160942
1.160942
1.207773
1.207773
1.217918
1.217918
1.231094
1.231094
1.271209
1.271209
1.393365
1.393365
1.341497
1.341497
1.110223
1.110223
1.395452
1.395452
1.191658
1.191658
1.348615
1.348615
1.250936
1.250936
1.305822
1.305822
1.296724
1.296724
1.360188
1.360188
1.318778
1.318778
1.196642
1.196642
1.211345
1.211345
1.205380
1.205380
1.209158
1.209158
1.216277
1.216277
1.347029
1.347029
1.233093
1.233093
1.369699
1.369699
