1.331269
1.331269
1.336399
1.336399
1.147167
1.147167
1.374063
1.374063
1.371904
1.371904
1.366582
1.366582
1.378804
1.378804
1.137337
1.137337
1.357846
1.357846
1.138575
1.138575
1.333201
1.333201
1.317941
1.317941
1.263282
1.263282
1.264945
1.264945
1.158250
1.158250
1.126251
1.126251
1.321945
1.321945
1.172530
1.172530
1.383579
1.383579
1.290272
1.290272
1.399310
1.399310
1.304305
1.304305
1.248122
1.248122
1.315668
1.315668
1.366577
1.366577
1.376314
1.376314
1.080912
1.080912
1.091758
1.091758
1.369647
1.369647
1.291382
1.291382
1.118006
1.118006
1.261694
1.261694
1.349641
1.349641
1.352102
1.352102
1.149090
1.149090
1.260951
1.260951
1.298575
1.298575
1.105857
1.105857
1.232484
1.232484
1.389332
1.389332
1.195252
1.195252
1.171595
1.171595
1.199714
1.199714
1.369969
1.369969
1.349165
1.349165
1.360864
1.360864
1.379053
1.379053
1.371037
1.371037
1.264784
1.264784
1.335079
1.335079
1.367676
1.367676
1.355540
1.355540
1.366857
1.366857
1.336797
1.336797
1.383072
1.383072
1.059509
1.059509
1.235986
1.235986
