1.309728
1.309728
1.390805
1.246242
1.390805
1.246242
1.375597
1.375597
1.161085
1.161085
1.239138
1.239138
1.340716
1.340716
1.386772
1.386772
1.387030
1.387030
1.239749
1.239749
1.183644
1.183644
1.397464
1.397464
1.118804
1.118804
1.207734
1.207734
1.341749
1.341749
1.381251
1.381251
1.189850
1.189850
1.344287
1.344287
1.374831
1.374831
1.290505
1.290505
1.378284
1.378284
1.139137
1.139137
1.348729
1.348729
1.378136
1.378136
1.252998
1.252998
1.291505
1.291505
1.349673
1.349673
1.232714
1.232714
1.391506
1.391506
1.365208
1.365208
1.099133
1.099133
1.306669
1.306669
1.385516
1.385516
1.245066
1.245066
1.372973
1.372973
1.152151
1.152151
1.378328
1.378328
1.321503
1.321503
1.225756
1.225756
1.319754
1.319754
1.279509
1.279509
1.176206
1.176206
1.337945
1.337945
1.366071
1.366071
1.371874
1.371874
1.303834
1.303834
1.260567
1.260567
1.190442
1.190442
