1.344288
1.344288
1.265953
1.265953
1.233217
1.233217
1.347618
1.347618
1.280532
1.280532
1.265640
1.265640
1.344671
1.344671
1.281850
1.281850
1.199747
1.199747
1.347717
1.347717
1.066297
1.066297
1.276471
1.276471
1.360978
1.360978
1.352128
1.352128
1.158120
1.158120
1.388758
1.388758
1.190056
1.190056
1.332974
1.332974
1.328231
1.328231
1.313786
1.313786
1.270306
1.270306
1.054293
1.054293
1.118808
1.118808
1.396268
1.396268
1.301493
1.301493
1.297183
1.297183
1.291594
1.291594
1.202689
1.202689
1.378146
1.378146
1.366022
1.366022
1.276320
1.276320
1.276391
1.276391
1.212244
1.212244
1.092785
1.092785
1.342604
1.342604
1.358863
1.358863
1.282321
1.282321
1.334777
1.334777
1.313864
1.313864
1.397793
1.397793
1.290908
1.290908
1.380841
1.380841
1.378161
1.378161
1.135235
1.135235
1.385141
1.385141
1.279974
1.279974
1.374178
1.374178
1.068746
1.068746
1.318745
1.318745
1.251810
1.251810
1.328514
1.328514
1.392081
1.392081
1.252986
1.252986
1.274844
1.274844
1.250710
1.250710
1.307937
1.307937
1.269000
1.269000
1.164570
1.164570
1.216630
1.216630
1.266560
1.266560
1.139867
1.139867
1.343296
1.343296
1.250265
1.250265
1.328352
1.328352
