1.272352
1.304287
1.304287
1.272352
1.185173
1.185173
1.332645
1.332645
1.398989
1.398989
1.205049
1.205049
1.028614
1.028614
1.249340
1.249340
1.299079
1.299079
1.195061
1.195061
1.360110
1.360110
1.393927
1.393927
1.386307
1.386307
1.132123
1.132123
1.149905
1.149905
1.375051
1.375051
1.199904
1.199904
1.355988
1.355988
1.331452
1.331452
1.254710
1.254710
1.273288
1.273288
1.350875
1.350875
1.237123
1.237123
1.272003
1.272003
1.238117
1.238117
1.393050
1.393050
1.331007
1.331007
1.203748
1.203748
1.391047
1.391047
1.397553
1.397553
1.284425
1.284425
1.276304
1.276304
1.337768
1.337768
1.321701
1.321701
1.343724
1.343724
1.331045
1.331045
1.332778
1.332778
1.282006
1.282006
1.321937
1.321937
1.335171
1.335171
1.382193
1.382193
1.313585
1.313585
1.375360
1.375360
1.340171
1.340171
1.338115
1.338115
1.391744
1.391744
1.379403
1.379403
1.393338
1.393338
1.264543
1.264543
