1.387199
1.387199
1.376860
1.376860
1.385131
1.385131
1.237215
1.237215
1.399755
1.399755
1.391715
1.391715
1.115494
1.115494
1.319707
1.319707
1.269778
1.269778
1.308415
1.308415
1.370577
1.370577
1.215566
1.215566
1.112133
1.112133
1.231809
1.231809
1.240545
1.240545
1.397966
1.397966
1.339848
1.339848
1.328833
1.328833
1.370130
1.370130
1.273713
1.266077
1.266077
1.273713
1.248546
1.248546
1.333765
1.333765
1.180943
1.180943
1.389938
1.389938
1.391820
1.391820
1.333076
1.333076
1.325602
1.325602
1.112352
1.112352
1.222906
1.222906
1.273795
1.273795
1.234851
1.234851
1.138706
1.138706
1.399999
1.399999
1.224168
1.224168
1.365880
1.365880
1.368311
1.368311
1.364634
1.364634
1.306654
1.306654
1.210645
1.210645
1.393304
1.393304
1.200609
1.200609
1.323026
1.323026
1.301534
1.301534
1.334103
1.334103
1.350507
1.350507
1.375175
1.375175
1.208295
1.208295
1.195746
1.195746
1.271526
1.271526
1.245329
1.245329
1.013208
1.013208
1.228845
1.228845
1.151589
1.151589
1.376767
1.376767
1.141597
1.141597
1.344618
1.344618
1.163858
1.163858
1.314197
1.314197
1.365758
1.365758
1.391782
1.391782
1.119373
1.119373
1.247343
1.247343
1.380609
1.380609
