1.159669
1.159669
1.399140
1.399140
1.192750
1.192750
1.325809
1.325809
1.209712
1.209712
1.324168
1.324168
1.390581
1.390581
1.393336
1.393336
1.357472
1.357472
1.220121
1.220121
1.360599
1.360599
1.279146
1.279146
1.296270
1.296270
1.310996
1.310996
1.174518
1.174518
1.254039
1.254039
1.300078
1.300078
1.379134
1.379134
1.315049
1.315049
1.220208
1.220208
1.372717
1.372717
1.385235
1.385235
1.163935
1.163935
1.163390
1.163390
1.302201
1.302201
1.304985
1.304985
1.372159
1.372159
1.366912
1.366912
1.351325
1.351325
1.277258
1.277258
1.313238
1.313238
1.185902
1.397104
1.185902
1.397104
1.366256
1.366256
1.345779
1.345779
1.190710
1.190710
1.345232
1.345232
1.220342
1.220342
1.378884
1.378884
1.097602
1.097602
1.210110
1.210110
1.376225
1.376225
1.308052
1.308052
1.190342
1.190342
1.366969
1.366969
1.365894
1.365894
1.356250
1.356250
1.285939
1.285939
1.280709
1.280709
1.385020
1.385020
1.309873
1.309873
1.352854
1.352854
1.282913
1.282913
1.388270
1.388270
1.300906
1.300906
1.388080
1.388080
1.088352
1.088352
1.362404
1.362404
1.378751
1.378751
1.394402
1.394402
1.209219
1.209219
1.196021
1.196021
