1.369213
1.369213
1.262081
1.262081
1.227743
1.227743
1.371253
1.371253
1.354138
1.354138
1.297593
1.297593
1.103940
1.103940
1.287585
1.287585
1.238251
1.238251
1.375746
1.375746
1.276078
1.276078
1.335466
1.335466
1.314340
1.314340
1.292252
1.292252
1.193714
1.193714
1.172326
1.172326
1.184023
1.184023
1.239601
1.239601
1.265375
1.265375
1.367919
1.367919
1.073134
1.073134
1.237593
1.237593
1.301787
1.301787
1.285355
1.285355
1.330199
1.330199
1.320608
1.320608
1.368828
1.368828
1.310486
1.310486
1.267345
1.267345
1.359977
1.359977
1.275010
1.275010
1.219119
1.219119
1.292492
1.292492
1.292346
1.292346
1.106965
1.106965
1.068004
1.068004
1.369649
1.369649
1.366926
1.366926
1.206203
1.206203
1.377799
1.377799
1.384957
1.384957
1.147878
1.147878
1.389050
1.389050
1.391775
1.391775
1.359070
1.359070
1.315909
1.315909
1.289731
1.289731
1.378685
1.378685
1.399723
1.399723
1.208478
1.208478
1.294805
1.294805
1.297623
1.297623
1.299975
1.299975
1.218103
1.218103
1.258956
1.258956
1.374072
1.374072
1.340707
1.340707
1.196524
1.196524
1.288312
1.288312
1.239041
1.239041
1.361609
1.361609
1.231471
1.231471
1.375423
1.375423
1.108795
1.108795
1.291074
1.291074
1.336858
1.336858
1.372588
1.372588
