1.297525
1.297525
1.367807
1.367807
1.304698
1.304698
1.205586
1.205586
1.254717
1.254717
1.172386
1.172386
1.179922
1.179922
1.322859
1.322859
1.340453
1.340453
1.348615
1.348615
1.264125
1.264125
1.239823
1.239823
1.105809
1.105809
1.183641
1.183641
1.203225
1.203225
1.308343
1.308343
1.338643
1.338643
1.283928
1.283928
1.354394
1.354394
1.365057
1.365057
1.166871
1.166871
1.232992
1.232992
1.322241
1.322241
1.386295
1.386295
1.369316
1.369316
1.354460
1.354460
1.314302
1.314302
1.102561
1.102561
1.246329
1.246329
1.243996
1.243996
1.257625
1.257625
1.204828
1.204828
1.207703
1.207703
1.385485
1.385485
1.382766
1.382766
1.130656
1.130656
1.252362
1.252362
1.108090
1.108090
1.275945
1.275945
1.087294
1.087294
1.118537
1.118537
1.397832
1.397832
1.284966
1.284966
1.211165
1.211165
1.385348
1.385348
1.188873
1.188873
1.350371
1.350371
1.188035
1.188035
1.381629
1.381629
1.248108
1.248108
1.225891
1.225891
1.275148
1.275148
1.177170
1.177170
1.296525
1.296525
1.294430
1.294430
1.309123
1.309123
1.306619
1.306619
1.227418
1.227418
1.388502
1.388502
1.307978
1.307978
1.341260
1.341260
1.273446
1.273446
1.359202
1.359202
1.332891
1.332891
1.176444
1.176444
1.333216
1.333216
1.211277
1.211277
1.363641
1.363641
1.346679
1.346679
1.311754
1.311754
1.357946
1.357946
1.300577
1.300577
1.140152
1.140152
1.282661
1.282661
1.308422
1.308422
1.319779
1.319779
1.173276
1.173276
1.243132
1.243132
