1.233470
1.233470
1.347003
1.347003
1.250732
1.250732
1.220951
1.220951
1.254252
1.254252
1.264649
1.264649
1.378037
1.378037
1.394720
1.394720
1.347979
1.347979
1.224981
1.224981
1.260295
1.260295
1.132279
1.132279
1.359172
1.359172
1.331859
1.331859
1.391211
1.324257
1.391211
1.324257
1.274334
1.274334
1.252213
1.252213
1.358410
1.358410
1.204354
1.204354
1.365027
1.365027
1.288277
1.288277
1.352801
1.352801
1.238789
1.238789
1.120799
1.120799
1.337143
1.337143
1.202413
1.202413
1.255789
1.255789
1.347570
1.347570
1.277296
1.277296
1.369365
1.369365
1.123909
1.123909
1.363343
1.363343
1.327021
1.327021
1.349583
1.349583
1.205610
1.205610
1.188235
1.188235
1.399041
1.399041
1.118959
1.118959
1.388555
1.388555
1.192116
1.192116
1.281130
1.281130
1.174550
1.174550
1.164044
1.164044
1.382837
1.382837
1.106494
1.106494
1.242455
1.242455
1.382592
1.382592
1.126732
1.126732
1.103098
1.103098
1.266082
1.266082
1.395266
1.395266
1.077628
1.077628
1.399541
1.399541
1.288298
1.288298
1.142391
1.142391
1.374199
1.374199
1.365148
1.365148
1.377589
1.377589
1.205572
1.205572
1.065759
1.065759
1.158182
1.158182
1.323349
1.323349
1.267675
1.267675
1.373923
1.373923
1.282388
1.282388
1.067868
1.067868
1.353943
1.353943
1.294103
1.294103
1.059950
1.059950
1.244301
1.244301
1.311269
1.311269
1.145441
1.145441
1.217494
1.217494
1.295054
1.295054
1.236962
1.236962
1.107000
1.107000
1.254932
1.254932
1.062492
1.062492
1.313987
1.313987
1.389919
1.389919
1.283869
1.283869
1.385152
1.385152
