1.257196
1.257196
1.304009
1.304009
1.318504
1.318504
1.383347
1.383347
1.355334
1.355334
1.337549
1.337549
1.174427
1.174427
1.271643
1.271643
1.298658
1.298658
1.283716
1.283716
1.229132
1.229132
1.252654
1.252654
1.350209
1.350209
1.195115
1.195115
1.352136
1.352136
1.338284
1.338284
1.050863
1.050863
1.376395
1.376395
1.288079
1.288079
1.197573
1.197573
1.315852
1.315852
1.276061
1.276061
1.357505
1.357505
1.256730
1.256730
1.309020
1.309020
1.103091
1.103091
1.249638
1.249638
1.321858
1.321858
1.354899
1.354899
1.246572
1.246572
1.395973
1.395973
1.302640
1.302640
1.292165
1.292165
1.203978
1.203978
1.260694
1.260694
1.321903
1.321903
1.152841
1.152841
1.271340
1.271340
1.399243
1.399243
1.390754
1.390754
1.263636
1.263636
1.138158
1.138158
1.125332
1.125332
1.384307
1.384307
1.227972
1.227972
1.266674
1.266674
1.389729
1.389729
1.179966
1.179966
1.338095
1.338095
1.385400
1.385400
1.349958
1.349958
1.351975
1.351975
1.156853
1.156853
1.237804
1.237804
1.328805
1.328805
1.326706
1.326706
1.126234
1.126234
1.101331
1.101331
1.367886
1.367886
1.086904
1.086904
1.116821
1.116821
1.275131
1.275131
1.324058
1.324058
1.397072
1.397072
1.282951
1.282951
1.234940
1.234940
1.308887
1.308887
1.194133
1.194133
1.275305
1.275305
1.096587
1.096587
1.346708
1.346708
1.291078
1.291078
1.151661
1.151661
1.266936
1.266936
1.239078
1.239078
1.394094
1.394094
1.336612
1.336612
1.224678
1.224678
1.360448
1.360448
1.365251
1.365251
