1.193830
1.193830
1.383047
1.383047
1.349364
1.349364
1.348032
1.348032
1.377164
1.377164
1.269122
1.269122
1.128714
1.128714
1.168282
1.168282
1.106938
1.106938
1.379529
1.379529
1.366943
1.366943
1.353053
1.353053
1.314547
1.314547
1.333397
1.333397
1.203847
1.203847
1.308643
1.308643
1.214906
1.214906
1.223877
1.223877
1.174638
1.174638
1.073360
1.073360
1.097756
1.097756
1.303017
1.303017
1.304527
1.304527
1.331012
1.331012
1.250847
1.250847
1.350297
1.350297
1.284238
1.284238
1.283460
1.283460
1.376079
1.376079
1.182291
1.182291
1.151054
1.151054
1.349248
1.349248
1.353623
1.353623
1.361786
1.361786
1.316679
1.316679
1.368697
1.368697
1.188667
1.188667
1.396130
1.396130
1.366873
1.366873
1.360567
1.360567
1.286189
1.286189
1.309841
1.309841
1.227495
1.227495
1.311372
1.311372
1.359581
1.359581
1.329470
1.329470
1.283988
1.283988
1.250338
1.250338
1.234332
1.234332
1.382507
1.382507
1.347499
1.347499
1.359443
1.359443
1.375608
1.375608
1.217386
1.217386
1.321858
1.321858
1.255360
1.255360
1.278852
1.278852
1.283142
1.157012
1.283142
1.157012
1.353493
1.353493
1.359449
1.359449
1.179566
1.179566
1.183359
1.183359
1.167435
1.167435
1.256936
1.256936
1.139992
1.139992
1.309038
1.309038
1.332064
1.332064
1.355285
1.355285
1.205145
1.205145
1.390182
1.390182
1.262954
1.262954
1.286164
1.286164
1.278517
1.278517
