1.331152
1.331152
1.302185
1.302185
1.383577
1.383577
1.196307
1.196307
1.169641
1.169641
1.243497
1.243497
1.332945
1.332945
1.398042
1.398042
1.399925
1.399925
1.392315
1.392315
1.363652
1.363652
1.125359
1.125359
1.298358
1.298358
1.350725
1.350725
1.296591
1.296591
1.335316
1.335316
1.377162
1.377162
1.394541
1.394541
1.142875
1.142875
1.297206
1.297206
1.317381
1.317381
1.232244
1.232244
1.391539
1.391539
1.267296
1.267296
1.212572
1.212572
1.283053
1.283053
1.226845
1.226845
1.392282
1.392282
1.270909
1.270909
1.294843
1.294843
1.097510
1.097510
1.376159
1.376159
1.358494
1.358494
1.294643
1.294643
1.258500
1.258500
1.222080
1.222080
1.311117
1.311117
1.160963
1.160963
1.399417
1.399417
1.136932
1.136932
1.232328
1.232328
1.364124
1.364124
1.349084
1.349084
1.107124
1.107124
1.214844
1.214844
1.016116
1.016116
1.294275
1.294275
1.355294
1.355294
1.375139
1.375139
1.343998
1.343998
1.142157
1.142157
1.169177
1.169177
1.222528
1.222528
1.283495
1.283495
1.333309
1.333309
1.207042
1.207042
1.171867
1.171867
