1.341067
1.341067
1.315615
1.315615
1.152659
1.152659
1.358959
1.358959
1.308028
1.308028
1.319011
1.319011
1.385745
1.385745
1.361069
1.042715
1.042715
1.361069
1.228640
1.228640
1.144479
1.144479
1.262367
1.262367
1.225928
1.225928
1.378944
1.378944
1.319479
1.319479
1.114253
1.114253
1.249257
1.249257
1.262236
1.262236
1.362767
1.362767
1.070630
1.070630
1.396481
1.396481
1.149927
1.149927
1.311398
1.311398
1.270258
1.270258
1.201790
1.201790
1.326201
1.326201
1.234397
1.234397
1.164818
1.164818
1.143349
1.143349
1.272167
1.272167
1.361901
1.361901
1.397054
1.397054
1.358465
1.358465
1.269803
1.269803
1.307722
1.307722
1.235378
1.235378
1.381572
1.381572
1.013199
1.013199
1.356284
1.356284
1.131398
1.131398
1.331475
1.331475
1.097305
1.097305
1.377266
1.377266
1.363756
1.363756
1.375853
1.375853
1.210203
1.210203
1.397018
1.397018
1.126677
1.126677
1.380450
1.380450
1.365880
1.365880
1.399455
1.399455
1.320846
1.320846
1.356944
1.356944
1.332217
1.332217
1.261195
1.261195
1.387086
1.387086
1.297454
1.297454
1.355339
1.355339
1.275059
1.275059
1.165053
1.165053
1.398561
1.398561
1.381788
1.381788
1.284106
1.284106
1.274657
1.274657
1.148805
1.148805
1.232148
1.232148
1.390749
1.390749
1.365631
1.365631
1.370559
1.370559
1.308773
1.308773
1.278587
1.278587
1.380212
1.380212
1.382332
1.382332
1.326627
1.326627
1.301085
1.301085
1.176764
1.176764
