1.364480
1.364480
1.355420
1.355420
1.370116
1.370116
1.359785
1.359785
1.307897
1.307897
1.370729
1.370729
1.168790
1.168790
1.225127
1.154557
1.154557
1.225127
1.397056
1.397056
1.371617
1.371617
1.375199
1.375199
1.351798
1.351798
1.379615
1.379615
1.323562
1.323562
1.288928
1.288928
1.299988
1.299988
1.313224
1.313224
1.314416
1.314416
1.361365
1.361365
1.246537
1.246537
1.117561
1.117561
1.366896
1.366896
1.386632
1.386632
1.387319
1.387319
1.374771
1.374771
1.112633
1.112633
1.376993
1.376993
1.383826
1.383826
1.386630
1.386630
1.295275
1.295275
1.383751
1.383751
1.313929
1.313929
1.330927
1.330927
1.299947
1.299947
1.150607
1.150607
1.188634
1.188634
1.193455
1.193455
1.271758
1.271758
1.066859
1.066859
1.296526
1.296526
1.137807
1.137807
1.239959
1.239959
1.264467
1.264467
1.322781
1.322781
1.365892
1.365892
1.215390
1.215390
1.226305
1.226305
1.302862
1.302862
1.140296
1.140296
1.322968
1.322968
1.347175
1.347175
1.384972
1.384972
1.394602
1.394602
1.227339
1.227339
1.377877
1.377877
1.100539
1.100539
1.216636
1.216636
1.381885
1.381885
1.267861
1.267861
1.212283
1.212283
