1.295143
1.295143
1.131375
1.131375
1.307004
1.307004
1.220682
1.220682
1.179533
1.179533
1.217125
1.217125
1.274222
1.274222
1.206564
1.206564
1.370953
1.370953
1.227506
1.227506
1.393935
1.393935
1.389370
1.389370
1.276460
1.276460
1.225261
1.225261
1.333444
1.333444
1.369405
1.369405
1.336868
1.336868
1.294837
1.294837
1.221348
1.221348
1.336911
1.336911
1.168874
1.168874
1.385420
1.385420
1.294572
1.294572
1.376342
1.376342
1.208431
1.208431
1.209658
1.209658
1.243890
1.243890
1.370352
1.370352
1.206336
1.206336
1.217307
1.217307
1.372541
1.372541
1.319712
1.319712
1.369892
1.369892
1.227539
1.227539
1.169830
1.169830
1.352997
1.352997
1.364867
1.364867
1.337787
1.337787
1.311352
1.311352
1.291788
1.291788
1.274288
1.274288
1.210686
1.210686
1.333212
1.333212
1.317348
1.317348
1.361147
1.361147
1.253531
1.253531
1.381621
1.381621
1.328631
1.328631
1.307680
1.307680
1.262181
1.262181
1.388044
1.388044
1.330085
1.330085
1.382325
1.382325
1.230533
1.230533
1.092616
1.092616
1.356780
1.356780
1.312834
1.312834
1.129368
1.129368
1.294655
1.294655
1.259704
1.259704
1.342198
1.342198
1.342927
1.342927
1.372985
1.372985
1.328672
1.328672
1.217915
1.217915
1.365568
1.365568
1.257429
1.257429
1.374182
1.374182
1.261746
1.261746
1.347932
1.347932
1.340572
1.340572
1.176748
1.176748
1.360452
1.360452
1.155591
1.155591
1.194762
1.194762
1.301147
1.301147
1.363111
1.363111
1.312236
1.312236
1.248408
1.248408
1.267849
1.267849
1.116541
1.116541
1.216996
1.216996
1.348476
1.348476
1.237326
1.237326
1.094730
1.094730
1.177014
1.177014
1.067006
1.067006
1.094641
1.094641
1.373888
1.373888
1.182746
1.182746
1.241534
1.241534
1.397426
1.397426
1.322049
1.322049
1.301380
1.301380
1.242390
1.242390
1.216641
1.216641
1.282188
1.282188
1.396557
1.396557
1.192425
1.192425
1.239834
1.239834
1.076737
1.076737
1.163509
1.163509
1.304099
1.304099
1.218776
1.218776
1.277113
1.277113
1.375688
1.375688
1.200073
1.200073
1.324633
1.324633
1.324201
1.324201
1.378467
1.378467
1.352567
1.352567
1.240651
1.240651
1.275242
1.275242
1.219290
1.219290
1.348625
1.348625
1.272640
1.272640
1.269324
1.269324
1.164662
1.164662
1.337688
1.337688
1.253403
1.253403
1.027807
1.027807
1.116118
1.116118
1.298935
1.298935
1.219415
1.219415
1.204859
1.204859
1.395467
1.395467
1.075673
1.075673
1.266880
1.266880
1.379883
1.379883
1.173212
1.173212
1.311923
1.311923
1.200538
1.200538
1.340730
1.340730
1.183057
1.183057
1.272348
1.272348
1.150417
1.150417
1.294095
1.294095
1.091796
1.091796
1.336187
1.336187
1.182589
1.182589
1.369702
1.369702
1.324577
1.324577
