1.113766
1.113766
1.230660
1.230660
1.286686
1.286686
1.375144
1.375144
1.071745
1.071745
1.389196
1.389196
1.134491
1.134491
1.354340
1.354340
1.189232
1.189232
1.201594
1.201594
1.165456
1.165456
1.360965
1.360965
1.348719
1.348719
1.247508
1.247508
1.392067
1.392067
1.392083
1.392083
1.331933
1.331933
1.259305
1.259305
1.357638
1.357638
1.378542
1.378542
1.226816
1.226816
1.360163
1.360163
1.262919
1.262919
1.349107
1.349107
1.345681
1.345681
1.329099
1.329099
1.150001
1.150001
1.233641
1.233641
1.247231
1.247231
1.340685
1.340685
1.355910
1.355910
1.285109
1.285109
1.220428
1.220428
1.326281
1.326281
1.386710
1.386710
1.399395
1.399395
1.245988
1.245988
1.310963
1.310963
1.287579
1.287579
1.387280
1.387280
1.298635
1.298635
1.269986
1.269986
1.313419
1.313419
1.260261
1.260261
1.266201
1.266201
1.373936
1.373936
1.190262
1.190262
1.367030
1.367030
1.320230
1.320230
1.300395
1.300395
1.155513
1.155513
1.338878
1.338878
1.397250
1.397250
1.387558
1.387558
1.253472
1.253472
1.119821
1.119821
1.394517
1.394517
1.355509
1.355509
