1.188224
1.188224
1.253503
1.253503
1.388572
1.388572
1.372050
1.372050
1.139193
1.139193
1.279026
1.279026
1.339347
1.339347
1.392380
1.392380
1.390708
1.390708
1.337444
1.337444
1.282451
1.282451
1.267620
1.267620
1.391851
1.391851
1.291494
1.333237
1.333237
1.291494
1.234416
1.234416
1.367215
1.367215
1.193473
1.193473
1.339197
1.339197
1.375348
1.375348
1.296420
1.296420
1.306925
1.306925
1.287154
1.287154
1.092998
1.092998
1.220598
1.220598
1.300230
1.300230
1.270927
1.270927
1.194826
1.194826
1.114354
1.114354
1.196991
1.196991
1.382387
1.382387
1.301919
1.301919
1.315629
1.315629
1.329617
1.329617
1.393716
1.393716
1.383791
1.383791
1.354873
1.354873
1.197421
1.197421
1.338989
1.338989
1.374112
1.374112
1.274411
1.274411
1.330899
1.330899
1.245409
1.245409
1.354299
1.354299
1.269628
1.269628
1.104542
1.104542
1.392431
1.392431
1.179801
1.179801
1.339596
1.339596
1.353273
1.353273
1.391247
1.391247
1.397346
1.397346
1.382450
1.382450
1.306047
1.306047
1.267768
1.267768
1.250999
1.250999
1.031509
1.031509
1.372461
1.372461
1.264489
1.264489
1.398318
1.398318
1.009677
1.009677
1.122228
1.122228
1.334763
1.334763
1.273596
1.273596
1.138316
1.138316
1.168730
1.168730
1.391648
1.391648
1.395716
1.395716
1.168539
1.168539
1.328721
1.328721
1.345943
1.345943
1.360028
1.360028
1.333878
1.333878
1.391860
1.391860
1.128300
1.128300
1.189444
1.189444
1.155519
1.155519
1.390588
1.390588
1.399068
1.399068
1.146624
1.146624
1.265525
1.265525
1.299271
1.299271
1.370860
1.370860
1.233185
1.233185
1.377678
1.377678
1.254238
1.254238
1.230775
1.230775
1.366524
1.366524
1.282561
1.282561
1.343721
1.343721
1.195171
1.195171
1.331266
1.331266
1.071495
1.071495
1.258627
1.258627
1.258807
1.258807
1.072609
1.072609
1.399310
1.399310
1.227331
1.227331
1.338509
1.338509
1.362801
1.362801
1.347030
1.347030
1.215533
1.215533
1.122555
1.122555
1.371295
1.371295
1.203449
1.203449
1.220142
1.220142
1.236942
1.236942
1.338673
1.338673
1.387317
1.387317
1.299214
1.299214
1.390520
1.390520
1.310059
1.310059
1.362808
1.362808
1.245431
1.245431
1.005597
1.005597
1.304227
1.304227
1.330215
1.330215
1.180254
1.180254
1.322529
1.322529
1.248719
1.248719
1.225624
1.225624
1.251628
1.251628
1.022777
1.022777
1.381776
1.381776
1.339888
1.339888
1.374471
1.374471
