1.297347
1.297347
1.364445
1.364445
1.217555
1.217555
1.239040
1.239040
1.272222
1.272222
1.221013
1.221013
1.360366
1.360366
1.248497
1.248497
1.378743
1.378743
1.249685
1.249685
1.349175
1.349175
1.286762
1.286762
1.285343
1.285343
1.258875
1.258875
1.277868
1.277868
1.319380
1.319380
1.289040
1.289040
1.391833
1.391833
1.360982
1.360982
1.088133
1.088133
1.272660
1.272660
1.386291
1.386291
1.309201
1.309201
1.242853
1.242853
1.276013
1.276013
1.317256
1.317256
1.344730
1.344730
1.399121
1.399121
1.310330
1.310330
1.305573
1.305573
1.374107
1.374107
1.387644
1.387644
1.291419
1.291419
1.284747
1.284747
1.391672
1.391672
1.341029
1.341029
1.052565
1.052565
1.365304
1.365304
1.182692
1.182692
1.147971
1.147971
1.184279
1.184279
1.303449
1.303449
1.301937
1.301937
1.372817
1.372817
1.209181
1.209181
1.369942
1.369942
1.327996
1.327996
1.349160
1.349160
1.363700
1.363700
1.320950
1.320950
1.170956
1.170956
1.273758
1.273758
1.107698
1.107698
1.256902
1.256902
1.144550
1.144550
1.195789
1.195789
1.391838
1.391838
1.172091
1.172091
1.398807
1.398807
1.251128
1.251128
1.169732
1.169732
1.323940
1.323940
1.155483
1.155483
1.380516
1.380516
1.226302
1.226302
1.262018
1.262018
1.337353
1.337353
1.387211
1.387211
1.336907
1.336907
1.374850
1.374850
1.060140
1.060140
1.294579
1.294579
1.379693
1.379693
1.181978
1.181978
1.397779
1.397779
1.299233
1.299233
1.134537
1.134537
1.365676
1.365676
1.363815
1.363815
1.397180
1.397180
1.073804
1.073804
1.294760
1.294760
1.310829
1.310829
1.323549
1.323549
1.180911
1.180911
1.204205
1.204205
1.302668
1.302668
1.297210
1.297210
1.385963
1.385963
1.197366
1.197366
1.313631
1.313631
1.291656
1.291656
1.330502
1.330502
1.188936
1.188936
1.311759
1.311759
1.174954
1.174954
1.296565
1.296565
1.315349
1.315349
1.358782
1.358782
1.364052
1.364052
1.387456
1.387456
1.318274
1.318274
1.144376
1.144376
1.331274
1.331274
1.246971
1.246971
1.331021
1.331021
1.194787
1.194787
1.200845
1.200845
1.394580
1.394580
1.206397
1.206397
1.356728
1.356728
1.195154
1.195154
1.202773
1.202773
1.149412
1.149412
1.121608
1.121608
1.223880
1.223880
1.374639
1.374639
1.206206
1.206206
