1.240432
1.240432
1.391638
1.391638
1.228237
1.228237
1.293025
1.293025
1.399737
1.399737
1.392971
1.392971
1.392280
1.392280
1.389915
1.389915
1.041572
1.041572
1.254372
1.254372
1.331486
1.331486
1.327665
1.327665
1.330825
1.330825
1.363554
1.363554
1.294251
1.294251
1.282345
1.282345
1.251976
1.251976
1.349716
1.349716
1.286019
1.286019
1.254516
1.254516
1.195178
1.195178
1.370350
1.370350
1.114923
1.114923
1.244582
1.244582
1.334690
1.334690
1.098283
1.098283
1.135745
1.135745
1.349820
1.349820
1.367434
1.367434
1.373384
1.373384
1.292545
1.292545
1.304942
1.304942
1.387153
1.387153
1.254189
1.254189
1.234113
1.234113
1.337605
1.337605
1.206895
1.206895
1.391106
1.391106
1.345377
1.345377
1.223969
1.223969
1.348573
1.348573
1.269938
1.269938
1.294520
1.294520
1.290702
1.290702
1.347774
1.347774
1.159302
1.159302
1.378779
1.378779
1.328145
1.328145
1.179461
1.179461
1.186985
1.186985
1.246891
1.246891
1.233949
1.233949
1.393898
1.393898
1.360764
1.360764
1.176759
1.176759
1.265077
1.265077
1.189014
1.189014
1.229623
1.229623
1.349719
1.349719
1.343571
1.343571
1.348795
1.348795
1.155076
1.155076
1.235615
1.235615
1.325185
1.325185
1.234382
1.234382
1.369858
1.369858
1.386611
1.386611
1.169483
1.169483
1.060266
1.060266
1.308106
1.308106
1.295993
1.295993
1.312662
1.312662
1.285843
1.285843
1.341450
1.356868
1.356868
1.341450
1.391503
1.391503
1.231205
1.231205
1.182010
1.182010
1.387255
1.387255
1.350515
1.350515
1.384351
1.384351
1.335985
1.335985
1.022273
1.022273
1.266943
1.266943
1.302340
1.302340
1.308932
1.308932
1.191981
1.191981
1.319829
1.319829
1.164891
1.164891
1.215335
1.215335
1.151913
1.151913
1.282976
1.282976
1.367850
1.367850
1.144298
1.144298
1.202822
1.202822
1.386536
1.386536
1.299556
1.299556
1.158514
1.158514
1.229395
1.229395
1.226242
1.226242
1.287626
1.287626
1.112216
1.112216
1.293567
1.293567
1.342336
1.342336
1.398660
1.398660
1.244392
1.244392
1.391489
1.391489
1.234075
1.234075
1.089448
1.089448
1.155930
1.155930
1.107146
1.107146
1.313490
1.313490
1.074555
1.074555
1.211104
1.211104
1.084694
1.084694
1.285142
1.285142
1.398540
1.398540
1.156408
1.156408
1.385431
1.385431
1.330731
1.330731
1.374734
1.374734
1.320479
1.320479
1.393282
1.393282
1.139443
1.139443
1.314577
1.314577
1.228814
1.228814
1.270425
1.270425
1.231070
1.231070
1.388964
1.388964
1.363601
1.363601
