1.396697
1.396697
1.305878
1.305878
1.323034
1.323034
1.298507
1.298507
1.291650
1.291650
1.187489
1.187489
1.334000
1.334000
1.100241
1.100241
1.312833
1.312833
1.282187
1.282187
1.382073
1.382073
1.093003
1.093003
1.286370
1.286370
1.309761
1.309761
1.342516
1.342516
1.371043
1.371043
1.263898
1.263898
1.215803
1.215803
1.225986
1.225986
1.336191
1.336191
1.392494
1.392494
1.303464
1.303464
1.126902
1.126902
1.243835
1.243835
1.367465
1.367465
1.141924
1.141924
1.333904
1.333904
1.330648
1.330648
1.384242
1.384242
1.156743
1.156743
1.282185
1.282185
1.250176
1.250176
1.380770
1.380770
1.375219
1.375219
1.163745
1.163745
1.380998
1.380998
1.192798
1.192798
1.397953
1.397953
1.399960
1.399960
1.069330
1.069330
1.255144
1.255144
1.371615
1.371615
1.319374
1.319374
1.222301
1.222301
1.225095
1.225095
1.382494
1.382494
1.089885
1.089885
1.289952
1.289952
1.310979
1.310979
1.238850
1.238850
1.212049
1.212049
1.164058
1.164058
1.182627
1.182627
1.295428
1.295428
1.191388
1.191388
1.336744
1.336744
1.365601
1.365601
1.336380
1.336380
1.066974
1.066974
1.239228
1.239228
1.089511
1.089511
1.338071
1.338071
1.380868
1.380868
1.196419
1.196419
1.200444
1.200444
1.339608
1.339608
1.230309
1.230309
1.358574
1.358574
1.333115
1.333115
1.338098
1.338098
1.392718
1.392718
1.398270
1.398270
1.372268
1.372268
1.278694
1.278694
1.299601
1.299601
1.208128
1.208128
1.308490
1.308490
1.317540
1.317540
1.182494
1.182494
1.335093
1.335093
1.356827
1.356827
1.311704
1.311704
1.038992
1.038992
1.302448
1.302448
1.360959
1.360959
1.188660
1.188660
1.344946
1.344946
1.267069
1.267069
1.100419
1.100419
1.296826
1.296826
1.197018
1.197018
1.272732
1.272732
1.341978
1.341978
1.319865
1.319865
1.249601
1.249601
1.378354
1.378354
1.132476
1.132476
