1.062495
1.062495
1.362015
1.362015
1.392524
1.392524
1.380110
1.380110
1.305602
1.305602
1.340596
1.340596
1.387008
1.387008
1.241142
1.241142
1.360545
1.360545
1.357810
1.357810
1.221365
1.221365
1.303043
1.303043
1.380555
1.380555
1.120185
1.120185
1.330726
1.330726
1.212536
1.212536
1.155252
1.155252
1.169090
1.169090
1.190637
1.190637
1.286218
1.286218
1.337556
1.337556
1.255379
1.255379
1.322726
1.322726
1.317821
1.317821
1.274812
1.274812
1.376064
1.376064
1.393327
1.393327
1.246299
1.246299
1.372300
1.372300
1.330289
1.330289
1.170536
1.170536
1.238554
1.238554
1.369575
1.369575
1.255357
1.255357
1.289897
1.289897
1.226600
1.226600
1.270174
1.270174
1.215955
1.215955
1.339581
1.339581
1.273986
1.273986
1.203365
1.203365
1.134655
1.134655
1.155847
1.155847
1.330535
1.330535
1.166590
1.166590
1.282933
1.282933
1.261032
1.261032
1.360078
1.360078
1.365783
1.365783
1.227437
1.227437
1.388949
1.388949
1.085631
1.085631
1.325322
1.325322
1.297063
1.297063
1.222604
1.222604
1.257986
1.257986
1.316943
1.316943
1.338511
1.338511
1.102585
1.102585
1.357947
1.357947
1.367060
1.367060
1.392118
1.392118
1.391529
1.391529
1.262254
1.262254
1.133071
1.133071
1.281080
1.281080
1.334816
1.334816
1.179181
1.179181
1.031131
1.031131
1.252969
1.252969
1.223999
1.223999
1.233683
1.233683
1.256630
1.256630
1.377619
1.377619
1.348343
1.348343
1.314493
1.314493
1.335832
1.335832
1.128980
1.128980
1.381342
1.381342
1.284002
1.284002
1.133602
1.133602
1.398748
1.398748
1.385662
1.385662
1.338760
1.338760
1.104948
1.104948
1.296573
1.296573
1.311427
1.311427
1.341547
1.341547
1.379536
1.379536
1.372742
1.372742
1.171930
1.171930
1.131311
1.131311
1.339777
1.339777
1.390006
1.390006
1.235110
1.235110
1.356730
1.356730
1.350635
1.350635
1.374041
1.374041
1.231909
1.231909
1.373900
1.373900
1.233292
1.233292
1.396599
1.396599
1.363378
1.363378
1.215517
1.215517
1.065644
1.065644
1.123076
1.123076
1.368499
1.368499
1.210491
1.210491
1.305255
1.305255
1.268196
1.268196
1.161358
1.161358
1.031908
1.031908
1.103793
1.103793
1.257239
1.257239
1.165796
1.165796
1.259350
1.259350
1.351553
1.351553
1.323153
1.323153
1.020136
1.020136
1.327630
1.327630
1.169167
1.169167
1.376052
1.376052
1.358874
1.358874
1.339789
1.339789
1.369573
1.369573
1.347545
1.347545
1.368090
1.368090
1.056754
1.056754
1.223975
1.223975
1.383235
1.383235
1.349512
1.349512
1.172104
1.172104
1.387604
1.387604
1.368974
1.368974
1.307137
1.307137
1.295351
1.295351
1.212605
1.212605
1.388925
1.388925
1.273504
1.273504
1.358669
1.358669
1.248072
1.248072
1.209153
1.209153
1.283387
1.283387
1.320074
1.320074
1.083637
1.083637
1.163858
1.163858
1.327423
1.327423
1.289684
1.289684
1.246571
1.246571
1.248122
1.248122
1.341494
1.341494
1.152401
1.152401
1.192567
1.192567
1.365923
1.365923
1.313196
1.313196
1.108824
1.108824
1.235156
1.235156
1.391347
1.391347
1.397209
1.397209
1.253866
1.253866
1.304565
1.304565
1.103364
1.103364
1.388722
1.388722
1.119692
1.119692
1.225373
1.225373
1.335997
1.335997
1.182747
1.182747
1.088329
1.088329
1.162092
1.162092
1.393079
1.393079
1.390536
1.390536
1.151476
1.151476
1.207148
1.207148
1.109518
1.109518
1.213979
1.213979
1.211525
1.211525
1.388120
1.388120
1.349654
1.349654
1.154273
1.154273
1.284021
1.284021
1.370372
1.370372
1.301770
1.301770
1.211780
1.211780
1.262286
1.262286
1.266791
1.266791
1.364122
1.364122
1.370903
1.370903
1.357591
1.357591
1.313213
1.313213
1.391579
1.391579
1.348069
1.348069
1.191960
1.191960
1.330716
1.330716
1.343359
1.343359
1.317480
1.317480
1.147748
1.147748
1.276229
1.276229
1.338199
1.338199
1.312977
1.312977
1.364135
1.364135
1.394619
1.394619
1.185004
1.185004
1.089242
1.089242
1.327556
1.327556
1.244227
1.244227
1.208415
1.208415
1.207707
1.207707
1.358606
1.358606
1.240614
1.240614
1.079575
1.079575
1.389994
1.389994
1.220602
1.220602
1.311309
1.311309
1.386611
1.386611
