1.109971
1.109971
1.157676
1.157676
1.226180
1.226180
1.270544
1.270544
1.322059
1.322059
1.391349
1.387133
1.387133
1.391349
1.311846
1.311846
1.260604
1.260604
1.245477
1.245477
1.309382
1.309382
1.380333
1.380333
1.140352
1.140352
1.158104
1.158104
1.122669
1.122669
1.399359
1.399359
1.322262
1.322262
1.380759
1.380759
1.259632
1.259632
1.381230
1.381230
1.316058
1.316058
1.210280
1.210280
1.354348
1.354348
1.231781
1.231781
1.052558
1.052558
1.222719
1.222719
1.314025
1.314025
1.366951
1.366951
1.247508
1.247508
1.237975
1.237975
1.124763
1.124763
1.271114
1.271114
1.096211
1.096211
1.075790
1.075790
1.125456
1.125456
1.224653
1.224653
1.252879
1.252879
1.273996
1.273996
1.188327
1.188327
1.253850
1.253850
1.299275
1.299275
1.248572
1.248572
1.234347
1.234347
1.310729
1.310729
1.092296
1.092296
1.184392
1.184392
1.074189
1.074189
1.368389
1.368389
1.052757
1.052757
1.141524
1.141524
1.153296
1.153296
1.367491
1.367491
1.374313
1.374313
1.334901
1.334901
1.394933
1.394933
1.391273
1.391273
1.232489
1.232489
1.204805
1.204805
1.309145
1.309145
1.294169
1.294169
1.216747
1.216747
1.238044
1.238044
1.360793
1.360793
1.171888
1.171888
1.368596
1.368596
1.313690
1.313690
1.327694
1.327694
1.345629
1.345629
1.339945
1.339945
1.395343
1.395343
1.165128
1.165128
1.092793
1.092793
1.285668
1.285668
1.306077
1.306077
1.291698
1.291698
1.313964
1.313964
1.396244
1.396244
1.372863
1.372863
1.204649
1.204649
1.275284
1.275284
