1.374424
1.374424
1.208955
1.208955
1.367456
1.367456
1.102620
1.102620
1.344931
1.344931
1.260768
1.260768
1.228425
1.228425
1.337488
1.337488
1.284280
1.284280
1.385774
1.385774
1.358660
1.358660
1.374318
1.374318
1.359124
1.359124
1.303951
1.303951
1.388342
1.388342
1.359589
1.359589
1.289606
1.289606
1.331709
1.331709
1.166406
1.166406
1.248447
1.248447
1.260925
1.260925
1.387378
1.387378
1.392296
1.392296
1.224513
1.224513
1.396799
1.396799
1.333328
1.333328
1.159509
1.159509
1.071087
1.071087
1.369202
1.369202
1.278881
1.278881
1.306109
1.306109
1.189557
1.189557
1.258361
1.258361
1.362997
1.362997
1.275647
1.275647
1.348706
1.348706
1.209199
1.209199
1.211196
1.211196
1.242488
1.347593
1.242488
1.347593
1.118611
1.118611
1.343973
1.343973
1.298994
1.298994
1.381586
1.381586
1.098627
1.098627
1.309617
1.309617
1.304253
1.304253
1.369975
1.369975
1.270977
1.270977
1.112973
1.112973
1.341672
1.341672
1.133952
1.133952
1.351268
1.351268
1.320001
1.320001
1.319428
1.319428
1.287605
1.287605
1.168337
1.168337
1.125116
1.125116
1.394119
1.394119
1.135652
1.135652
1.125465
1.125465
1.297864
1.297864
1.383325
1.383325
1.227278
1.227278
1.143481
1.143481
1.394434
1.394434
1.210885
1.210885
1.296590
1.296590
1.287296
1.287296
1.366385
1.366385
1.256057
1.256057
1.152142
1.152142
1.383906
1.383906
1.246611
1.246611
1.376218
1.376218
1.358507
1.358507
1.274976
1.274976
1.281527
1.281527
1.338487
1.338487
1.390129
1.390129
1.191232
1.191232
1.338631
1.338631
1.372926
1.372926
1.163900
1.163900
1.225633
1.225633
1.172649
1.172649
1.362773
1.362773
1.253185
1.253185
1.089548
1.089548
1.190472
1.190472
1.392962
1.392962
1.245036
1.245036
1.242916
1.242916
1.069779
1.069779
1.236175
1.236175
1.377656
1.377656
1.291945
1.291945
1.271473
1.271473
1.285261
1.285261
1.314586
1.314586
1.163917
1.163917
1.399624
1.399624
1.244029
1.244029
1.298732
1.298732
1.318925
1.318925
1.315144
1.315144
1.296528
1.296528
1.099428
1.099428
1.179676
1.179676
1.233018
1.233018
