1.371494
1.371494
1.368710
1.368710
1.143775
1.143775
1.265863
1.265863
1.367625
1.367625
1.381795
1.381795
1.288693
1.288693
1.089475
1.089475
1.397258
1.397258
1.367031
1.367031
1.252441
1.252441
1.285755
1.285755
1.329960
1.329960
1.388230
1.388230
1.276844
1.276844
1.234681
1.234681
1.328525
1.328525
1.144781
1.144781
1.272112
1.272112
1.274312
1.274312
1.221802
1.221802
1.221933
1.221933
1.285392
1.285392
1.340532
1.340532
1.318913
1.318913
1.375088
1.375088
1.162920
1.162920
1.328580
1.328580
1.330731
1.330731
1.318488
1.318488
1.212718
1.212718
1.372521
1.372521
1.182551
1.182551
1.330087
1.330087
1.198536
1.198536
1.222505
1.222505
1.252761
1.252761
1.222336
1.222336
1.126651
1.126651
1.327502
1.327502
1.175589
1.175589
1.194984
1.194984
1.395319
1.395319
1.319231
1.319231
1.391955
1.391955
1.369633
1.369633
1.327612
1.327612
1.186078
1.186078
1.311428
1.311428
1.370314
1.370314
1.060727
1.060727
1.364824
1.364824
1.357436
1.357436
1.381359
1.381359
1.366778
1.366778
1.296509
1.296509
1.205951
1.205951
1.268665
1.268665
1.301822
1.301822
1.338769
1.338769
1.352308
1.311502
1.311502
1.352308
1.108215
1.108215
1.209363
1.209363
1.396075
1.396075
1.346707
1.346707
1.388565
1.388565
1.282837
1.282837
1.394615
1.394615
1.398165
1.398165
1.349260
1.349260
1.324891
1.324891
1.362181
1.362181
1.100437
1.100437
1.167124
1.167124
1.339696
1.339696
1.317680
1.317680
1.245966
1.245966
1.112708
1.112708
1.351049
1.351049
1.361135
1.361135
1.389779
1.389779
1.391900
1.391900
1.309688
1.309688
1.203023
1.203023
1.248392
1.248392
1.095071
1.095071
1.065533
1.065533
1.062658
1.062658
1.300790
1.300790
1.378421
1.378421
1.182657
1.182657
1.166960
1.166960
1.328635
1.328635
1.109753
1.109753
1.316702
1.316702
1.273765
1.273765
1.279680
1.279680
1.230335
1.230335
1.327618
1.327618
1.244653
1.244653
1.155599
1.155599
1.356389
1.356389
1.143226
1.143226
1.201814
1.201814
1.371674
1.371674
1.235050
1.235050
1.267742
1.267742
1.250544
1.250544
1.398364
1.398364
1.224875
1.224875
1.319529
1.319529
1.110543
1.110543
1.262072
1.262072
1.323715
1.323715
1.310720
1.310720
1.150716
1.150716
1.121872
1.121872
1.191661
1.191661
1.359344
1.359344
1.090998
1.090998
1.198018
1.198018
1.345175
1.345175
1.194600
1.194600
1.189246
1.189246
1.224514
1.224514
1.218237
1.218237
1.352244
1.352244
1.379193
1.379193
1.287054
1.287054
1.242865
1.242865
1.373686
1.373686
1.320124
1.320124
1.370407
1.370407
1.240314
1.240314
1.318231
1.318231
