1.047887
1.047887
1.328675
1.328675
1.032356
1.032356
1.224019
1.224019
1.323230
1.323230
1.206382
1.206382
1.397143
1.397143
1.352972
1.352972
1.312155
1.312155
1.380580
1.380580
1.335946
1.335946
1.376152
1.376152
1.214472
1.214472
1.249358
1.249358
1.170310
1.170310
1.101985
1.101985
1.117741
1.117741
1.362238
1.362238
1.219784
1.219784
1.364834
1.364834
1.058488
1.058488
1.298332
1.298332
1.180032
1.180032
1.071155
1.071155
1.118825
1.118825
1.239274
1.239274
1.253233
1.253233
1.243827
1.243827
1.398200
1.398200
1.367172
1.367172
1.258217
1.258217
1.253165
1.253165
1.374625
1.374625
1.191450
1.191450
1.149398
1.149398
1.124505
1.124505
1.192600
1.192600
1.375583
1.375583
1.238965
1.238965
1.244655
1.244655
1.382601
1.382601
1.324252
1.324252
1.292407
1.292407
1.246717
1.246717
1.211527
1.211527
1.127452
1.127452
1.281641
1.281641
1.282340
1.282340
1.377482
1.377482
1.257228
1.257228
1.394402
1.394402
1.305554
1.305554
1.074966
1.074966
1.269188
1.269188
1.360690
1.360690
1.352133
1.352133
1.094594
1.094594
1.228045
1.228045
1.106789
1.106789
1.353123
1.353123
1.262001
1.262001
1.346018
1.346018
1.238538
1.238538
1.288846
1.288846
1.272578
1.272578
1.236767
1.236767
1.267124
1.267124
1.297082
1.297082
1.196890
1.196890
1.288687
1.288687
1.187435
1.187435
1.354711
1.354711
1.206537
1.206537
1.366259
1.366259
1.287178
1.287178
1.362451
1.362451
1.388292
1.388292
1.279364
1.279364
1.329254
1.329254
1.283928
1.283928
1.388555
1.388555
1.192618
1.192618
1.363319
1.363319
1.272946
1.272946
1.177966
1.177966
1.208873
1.208873
1.360499
1.360499
1.302829
1.302829
1.246344
1.246344
1.375944
1.375944
1.204140
1.251973
1.204140
1.251973
1.279641
1.279641
1.353620
1.353620
1.144410
1.144410
1.338841
1.338841
1.254376
1.254376
1.252361
1.252361
1.148805
1.148805
1.370154
1.370154
1.355928
1.355928
1.361549
1.361549
1.292950
1.292950
1.326059
1.326059
1.351011
1.351011
1.210902
1.210902
1.255617
1.255617
1.391712
1.391712
1.378246
1.378246
1.087434
1.087434
1.389571
1.389571
1.396515
1.396515
1.359706
1.359706
1.076756
1.076756
1.033968
1.033968
1.375528
1.375528
1.221159
1.221159
1.261503
1.261503
1.364375
1.364375
1.387972
1.387972
1.387723
1.387723
1.275985
1.275985
1.360813
1.360813
1.238939
1.238939
