1.186043
1.186043
1.166974
1.250801
1.250801
1.166974
1.314138
1.165047
1.314138
1.165047
1.291493
1.291493
1.386490
1.386490
1.158672
1.158672
1.379084
1.379084
1.136809
1.136809
1.326400
1.326400
1.175689
1.175689
1.229937
1.229937
1.399425
1.399425
1.324792
1.324792
1.186755
1.399195
1.399195
1.186755
1.388628
1.388628
1.255942
1.255942
1.215374
1.215374
1.266336
1.266336
1.331704
1.363012
1.331704
1.363012
1.266336
1.266336
1.080611
1.080611
1.165034
1.165034
1.378281
1.378281
1.250108
1.250108
1.286613
1.286613
1.340118
1.340118
1.128120
1.128120
1.343603
1.343603
1.387755
1.387755
1.386707
1.386707
1.348128
1.348128
1.068517
1.068517
1.206387
1.206387
1.300980
1.300980
1.226581
1.226581
1.288284
1.288284
1.136763
1.136763
1.135526
1.135526
1.324598
1.324598
1.395337
1.395337
1.392062
1.392062
1.331732
1.331732
1.278235
1.278235
1.372267
1.372267
1.396998
1.396998
1.374440
1.374440
1.137931
1.137931
1.346141
1.346141
1.324757
1.324757
1.301146
1.301146
1.373514
1.373514
1.164488
1.164488
1.298174
1.298174
1.273068
1.273068
1.249023
1.249023
1.084146
1.084146
1.084051
1.084051
1.367940
1.367940
1.395982
1.395982
1.393263
1.393263
1.122779
1.122779
1.381319
1.381319
1.344041
1.344041
1.199559
1.199559
1.283563
1.283563
1.119875
1.119875
1.156619
1.156619
1.276092
1.276092
1.341580
1.341580
1.398120
1.398120
1.358342
1.358342
1.142456
1.142456
1.268678
1.268678
1.370904
1.370904
1.232759
1.232759
1.287218
1.287218
1.349975
1.349975
1.213304
1.213304
1.316190
1.316190
1.249017
1.249017
1.374666
1.374666
1.332184
1.332184
1.386540
1.386540
1.390527
1.390527
1.222730
1.222730
1.182304
1.182304
1.291697
1.291697
1.369757
1.369757
1.177948
1.177948
1.240103
1.240103
1.318508
1.318508
1.250315
1.250315
1.346501
1.346501
1.287764
1.287764
1.330393
1.330393
1.312031
1.312031
1.396314
1.396314
1.354190
1.354190
1.228254
1.228254
1.247381
1.247381
1.147764
1.147764
1.283193
1.283193
1.361456
1.361456
1.224848
1.224848
1.230142
1.230142
1.323381
1.323381
1.332829
1.332829
1.234379
1.234379
1.390947
1.390947
1.128648
1.128648
1.358466
1.358466
1.180640
1.180640
1.349574
1.349574
1.340967
1.340967
1.154535
1.154535
1.077500
1.077500
1.263427
1.263427
