1.232430
1.232430
1.192081
1.192081
1.348202
1.348202
1.172574
1.172574
1.379150
1.379150
1.359929
1.359929
1.312974
1.312974
1.169889
1.169889
1.246458
1.246458
1.216896
1.216896
1.397762
1.397762
1.318581
1.318581
1.259357
1.259357
1.363595
1.363595
1.321340
1.321340
1.395552
1.395552
1.388323
1.388323
1.128216
1.128216
1.353924
1.353924
1.331576
1.331576
1.365626
1.365626
1.038915
1.038915
1.301665
1.301665
1.361594
1.361594
1.261383
1.261383
1.209044
1.209044
1.348015
1.348015
1.380494
1.210834
1.210834
1.380494
1.208735
1.208735
1.356070
1.356070
1.266600
1.181586
1.266600
1.181586
1.259583
1.259583
1.325360
1.325360
1.306775
1.306775
1.197532
1.197532
1.363806
1.363806
1.155961
1.155961
1.125428
1.125428
1.364443
1.364443
1.310560
1.310560
1.358454
1.358454
1.103079
1.103079
1.180584
1.180584
1.372487
1.372487
1.277233
1.277233
1.302593
1.302593
1.334716
1.334716
1.387267
1.387267
1.296549
1.296549
1.309749
1.309749
1.358490
1.358490
1.370212
1.370212
1.350934
1.350934
1.336917
1.336917
1.305417
1.305417
1.347180
1.347180
1.319531
1.319531
1.181153
1.181153
1.382324
1.382324
1.378707
1.378707
1.314469
1.314469
1.264370
1.264370
1.229924
1.229924
1.336694
1.336694
1.243318
1.243318
1.393952
1.393952
1.217022
1.217022
1.070378
1.070378
1.344752
1.344752
1.235189
1.235189
1.388323
1.388323
1.391827
1.391827
1.218624
1.218624
1.322369
1.322369
1.395684
1.395684
1.165419
1.165419
1.135903
1.135903
1.269196
1.269196
1.202708
1.202708
1.273150
1.273150
1.334159
1.334159
1.206231
1.206231
1.235858
1.235858
1.284545
1.284545
1.396492
1.396492
1.389873
1.389873
1.295465
1.295465
1.327051
1.327051
1.363506
1.363506
1.029233
1.029233
1.294299
1.294299
1.222494
1.222494
1.176924
1.176924
1.284051
1.284051
1.388330
1.388330
1.339610
1.339610
1.360317
1.360317
1.363287
1.363287
1.348843
1.348843
1.300577
1.300577
1.204828
1.204828
