1.355933
1.355933
1.149203
1.339302
1.149203
1.339302
1.299297
1.299297
1.242387
1.242387
1.290127
1.290127
1.110885
1.110885
1.279767
1.279767
1.224853
1.224853
1.198767
1.198767
1.388935
1.388935
1.399292
1.399292
1.128332
1.128332
1.394192
1.394192
1.266289
1.266289
1.344894
1.344894
1.339738
1.339738
1.355643
1.355643
1.280701
1.280701
1.137427
1.137427
1.308773
1.308773
1.097289
1.097289
1.347497
1.347497
1.218811
1.218811
1.394433
1.394433
1.283691
1.283691
1.339171
1.339171
1.288692
1.288692
1.300720
1.300720
1.331734
1.331734
1.271251
1.271251
1.274396
1.274396
1.331462
1.331462
1.387097
1.387097
1.349010
1.349010
1.377624
1.377624
1.371114
1.371114
1.353342
1.353342
1.317682
1.317682
1.347802
1.347802
1.345159
1.345159
1.386705
1.386705
1.330802
1.330802
1.392279
1.392279
1.270196
1.270196
1.338331
1.338331
1.348397
1.348397
1.153410
1.153410
1.394827
1.394827
1.322460
1.322460
1.277082
1.277082
1.238046
1.238046
1.358009
1.358009
1.329760
1.329760
1.267528
1.267528
1.370829
1.370829
1.159199
1.159199
1.326459
1.326459
1.350399
1.350399
1.342405
1.342405
1.194720
1.194720
1.147838
1.147838
1.268135
1.268135
1.349180
1.349180
1.166705
1.166705
1.275791
1.275791
1.290459
1.290459
1.356356
1.356356
1.383750
1.383750
1.341400
1.341400
1.009809
1.009809
1.373589
1.373589
1.176418
1.176418
1.391158
1.391158
1.244249
1.244249
1.322594
1.322594
1.371799
1.371799
1.287719
1.287719
1.387814
1.387814
1.351964
1.351964
1.176623
1.176623
1.336616
1.336616
1.286494
1.286494
1.381122
1.381122
1.158708
1.158708
1.084477
1.084477
1.314868
1.314868
1.317413
1.317413
1.160110
1.160110
1.296005
1.296005
1.243996
1.243996
1.274491
1.274491
1.377641
1.377641
1.298580
1.298580
1.378070
1.378070
1.353211
1.353211
1.382376
1.382376
