1.387097
1.387097
1.289361
1.289361
1.321051
1.321051
1.299587
1.299587
1.246109
1.246109
1.216699
1.216699
1.327910
1.327910
1.389391
1.389391
1.366803
1.366803
1.308316
1.308316
1.306864
1.306864
1.393226
1.393226
1.196050
1.196050
1.231112
1.231112
1.223391
1.223391
1.393308
1.393308
1.328019
1.328019
1.374826
1.374826
1.390487
1.390487
1.311701
1.311701
1.393996
1.393996
1.323289
1.323289
1.242652
1.242652
1.294385
1.294385
1.144204
1.144204
1.196493
1.196493
1.096336
1.096336
1.258622
1.258622
1.106545
1.106545
1.293065
1.293065
1.172139
1.172139
1.137162
1.137162
1.378227
1.378227
1.286594
1.286594
1.329469
1.329469
1.357762
1.357762
1.271380
1.271380
1.318263
1.318263
1.256409
1.256409
1.284342
1.284342
1.263228
1.263228
1.373048
1.373048
1.279150
1.279150
1.230937
1.230937
1.368824
1.368824
1.388373
1.388373
1.391299
1.391299
1.285579
1.285579
1.240476
1.240476
1.333690
1.333690
1.160918
1.160918
1.299807
1.299807
1.350867
1.350867
1.373509
1.373509
1.376422
1.376422
1.272374
1.272374
1.168452
1.168452
1.329092
1.329092
1.317928
1.317928
1.320146
1.320146
1.270899
1.270899
1.398298
1.398298
1.358918
1.358918
1.363640
1.363640
1.233360
1.233360
1.223024
1.223024
1.259906
1.259906
1.244248
1.244248
1.237553
1.237553
1.324408
1.324408
1.188935
1.188935
1.083315
1.083315
1.366203
1.366203
1.245497
1.245497
1.367860
1.367860
1.342320
1.342320
1.325667
1.325667
1.087690
1.087690
1.350107
1.350107
1.339395
1.339395
1.342345
1.342345
1.392904
1.392904
1.212249
1.212249
1.390773
1.390773
1.158457
1.158457
1.311596
1.311596
1.341117
1.341117
1.029655
1.029655
1.218745
1.218745
1.343409
1.343409
1.325192
1.325192
1.205107
1.205107
1.386336
1.386336
1.316565
1.316565
1.354442
1.354442
1.351310
1.351310
1.347769
1.347769
1.390591
1.390591
1.120283
1.120283
1.336652
1.336652
