1.117419
1.117419
1.152503
1.152503
1.258174
1.258174
1.377813
1.377813
1.354127
1.354127
1.173997
1.173997
1.339725
1.339725
1.214883
1.228669
1.228669
1.214883
1.372328
1.372328
1.309776
1.309776
1.385792
1.385792
1.381379
1.381379
1.188279
1.188279
1.118090
1.118090
1.262699
1.262699
1.239795
1.239795
1.191470
1.191470
1.175385
1.175385
1.346540
1.346540
1.331977
1.331977
1.365904
1.365904
1.325330
1.325330
1.195214
1.195214
1.354757
1.354757
1.353361
1.353361
1.126020
1.126020
1.281139
1.281139
1.206511
1.206511
1.272913
1.272913
1.307977
1.307977
1.391903
1.391903
1.272356
1.272356
1.309700
1.309700
1.358181
1.358181
1.167137
1.167137
1.269390
1.269390
1.381812
1.381812
1.393886
1.393886
1.039067
1.039067
1.359797
1.359797
1.315924
1.315924
1.079439
1.079439
1.132023
1.132023
1.395934
1.395934
1.291889
1.291889
1.388657
1.388657
1.265716
1.265716
1.396130
1.396130
1.266649
1.266649
1.256110
1.256110
1.355503
1.355503
1.358940
1.358940
1.281317
1.281317
1.115117
1.115117
1.065457
1.065457
1.124381
1.124381
1.272161
1.272161
1.338156
1.338156
1.314190
1.314190
1.384155
1.384155
1.336899
1.336899
1.028867
1.028867
1.359375
1.359375
1.178828
1.178828
1.387143
1.387143
1.383197
1.383197
1.308624
1.308624
1.262348
1.262348
1.175934
1.175934
1.316357
1.316357
1.224534
1.224534
1.370489
1.370489
1.332018
1.332018
1.359963
1.359963
1.272788
1.272788
1.275104
1.275104
1.384324
1.384324
1.204086
1.204086
1.271327
1.271327
1.308934
1.308934
1.277757
1.277757
1.299893
1.299893
1.218546
1.218546
1.229790
1.229790
1.251424
1.251424
1.093075
1.093075
1.392986
1.392986
1.152005
1.152005
1.248738
1.248738
1.196371
1.196371
1.372451
1.372451
1.359800
1.359800
1.216684
1.216684
1.379294
1.379294
1.297139
1.297139
1.235535
1.235535
1.136955
1.136955
1.365377
1.365377
1.044098
1.044098
1.141168
1.141168
1.379297
1.379297
1.124891
1.124891
1.330014
1.330014
1.241126
1.241126
1.397967
1.397967
1.319482
1.319482
1.226672
1.226672
1.252797
1.252797
1.179141
1.179141
1.279923
1.279923
1.241535
1.241535
1.255637
1.255637
1.219082
1.219082
1.250360
1.250360
1.308618
1.308618
1.306727
1.306727
