1.164542
1.164542
1.305203
1.305203
1.146167
1.146167
1.281883
1.281883
1.389320
1.389320
1.104535
1.104535
1.142225
1.142225
1.310155
1.368135
1.310155
1.368135
1.322165
1.322165
1.312341
1.312341
1.336179
1.336179
1.397283
1.397283
1.364947
1.364947
1.221611
1.221611
1.295715
1.295715
1.264657
1.264657
1.274568
1.274568
1.263055
1.263055
1.285510
1.285510
1.311034
1.311034
1.342719
1.342719
1.397507
1.397507
1.360711
1.360711
1.202605
1.202605
1.122276
1.260662
1.122276
1.260662
1.312187
1.312187
1.376483
1.376483
1.259160
1.259160
1.328422
1.328422
1.312497
1.312497
1.285145
1.285145
1.347413
1.347413
1.089260
1.089260
1.360611
1.360611
1.187253
1.187253
1.295880
1.295880
1.399612
1.188265
1.188265
1.399612
1.213350
1.213350
1.111207
1.111207
1.135230
1.135230
1.374848
1.374848
1.398661
1.398661
1.340785
1.340785
1.279952
1.279952
1.208899
1.208899
1.217478
1.217478
1.337503
1.081286
1.337503
1.081286
1.256125
1.256125
1.379631
1.379631
1.359253
1.359253
1.322363
1.322363
1.382019
1.382019
1.287654
1.287654
1.384295
1.384295
1.253587
1.253587
1.304865
1.304865
1.194280
1.194280
1.254125
1.254125
1.180186
1.180186
1.283125
1.283125
1.214248
1.214248
1.371250
1.371250
1.330962
1.330962
1.184868
1.153516
1.184868
1.153516
1.188249
1.188249
1.352490
1.352490
1.136604
1.136604
1.387625
1.387625
1.377676
1.377676
1.375259
1.375259
1.358366
1.358366
1.370093
1.370093
1.393745
1.393745
1.368212
1.368212
1.253134
1.253134
1.279730
1.279730
1.261339
1.261339
1.191441
1.191441
1.255470
1.255470
1.104247
1.104247
1.247137
1.247137
1.190333
1.190333
1.397499
1.397499
1.383239
1.383239
1.279884
1.279884
1.319228
1.319228
1.316027
1.316027
1.319134
1.319134
1.188100
1.188100
1.364492
1.364492
1.342695
1.342695
1.298806
1.298806
1.300799
1.300799
1.286618
1.286618
1.238453
1.238453
1.276324
1.276324
1.102412
1.102412
1.098819
1.098819
1.348156
1.348156
1.004614
1.004614
1.346956
1.346956
1.357232
1.357232
1.369554
1.352543
1.369554
1.352543
1.266942
1.266942
1.227783
1.227783
1.226286
1.226286
1.370539
1.370539
1.231285
1.231285
1.390933
1.390933
1.376324
1.376324
1.125017
1.125017
1.277075
1.277075
1.389010
1.389010
1.270035
1.270035
1.335114
1.335114
1.221994
1.221994
1.384332
1.384332
1.373815
1.373815
1.276174
1.276174
1.173199
1.173199
1.369955
1.369955
1.214757
1.214757
1.337671
1.337671
1.252126
1.252126
1.387262
1.387262
1.331721
1.331721
1.307568
1.307568
1.221181
1.221181
1.169399
1.169399
1.150309
1.150309
1.248873
1.248873
