1.366762
1.366762
1.398729
1.398729
1.388531
1.388531
1.362875
1.362875
1.388755
1.388755
1.314808
1.314808
1.386593
1.386593
1.106170
1.249175
1.106170
1.249175
1.328780
1.328780
1.133080
1.133080
1.364141
1.348916
1.348916
1.364141
1.242208
1.242208
1.384025
1.384025
1.315994
1.315994
1.386939
1.386939
1.134211
1.199613
1.134211
1.266379
1.199613
1.266379
1.178134
1.178134
1.395081
1.395081
1.368430
1.368430
1.218875
1.218875
1.262434
1.262434
1.268400
1.268400
1.326331
1.383295
1.383295
1.326331
1.156092
1.156092
1.279425
1.279425
1.343570
1.343570
1.152934
1.307066
1.307066
1.152934
1.314523
1.314523
1.389052
1.389052
1.360759
1.360759
1.364826
1.364826
1.376138
1.376138
1.261850
1.261850
1.093365
1.093365
1.320871
1.320871
1.285726
1.285726
1.303258
1.303258
1.222529
1.222529
1.261174
1.261174
1.316053
1.316053
1.288998
1.288998
1.293730
1.293730
1.370870
1.370870
1.189384
1.189384
1.309097
1.309097
1.399590
1.399590
1.127337
1.127337
1.392169
1.392169
1.193420
1.193420
1.280865
1.280865
1.395695
1.395695
1.373471
1.373471
1.306133
1.306133
1.228004
1.228004
1.328752
1.328752
1.306619
1.306619
1.379469
1.379469
1.359594
1.359594
1.247569
1.247569
1.325302
1.325302
1.124730
1.124730
1.057968
1.057968
1.345717
1.345717
1.330748
1.330748
1.193076
1.193076
1.112785
1.112785
1.328194
1.328194
1.399977
1.399977
1.289888
1.289888
1.348367
1.348367
1.184800
1.184800
1.336714
1.336714
1.302547
1.302547
1.324512
1.324512
1.234768
1.234768
1.269099
1.269099
1.244004
1.244004
1.395936
1.395936
1.199797
1.199797
1.218512
1.218512
1.294605
1.294605
1.341486
1.341486
1.339568
1.339568
1.337053
1.337053
1.345104
1.345104
1.174463
1.174463
1.097879
1.097879
1.346030
1.346030
1.366892
1.366892
1.362245
1.362245
1.342386
1.342386
1.188964
1.188964
1.256779
1.256779
1.198166
1.198166
1.341253
1.341253
1.129322
1.330241
1.129322
1.330241
1.369313
1.369313
1.216907
1.216907
1.377916
1.377916
1.321265
1.321265
1.277991
1.277991
1.119802
1.119802
1.291061
1.291061
1.256705
1.256705
1.175663
1.175663
1.361086
1.361086
1.323459
1.323459
1.362127
1.362127
1.375939
1.375939
1.199096
1.199096
1.320720
1.320720
1.381693
1.381693
1.356856
1.356856
1.336301
1.336301
1.321242
1.321242
1.370616
1.370616
1.388668
1.256469
1.256469
1.388668
1.052100
1.052100
1.184398
1.184398
1.330617
1.330617
1.316163
1.316163
1.322153
1.322153
1.282983
1.282983
1.178039
1.178039
1.289975
1.289975
1.286532
1.286532
1.228408
1.228408
1.298272
1.298272
1.253356
1.253356
1.318301
1.318301
1.227945
1.227945
1.329895
1.329895
1.079335
1.079335
1.242770
1.242770
1.359601
1.359601
1.120839
1.120839
1.346025
1.346025
1.382838
1.382838
1.181870
1.181870
1.324662
1.324662
1.266012
1.266012
1.157058
1.157058
1.368450
1.368450
1.298294
1.298294
1.345191
1.345191
1.381437
1.381437
1.095792
1.095792
1.379287
1.379287
1.048385
1.048385
1.391598
1.391598
1.244626
1.244626
1.185634
1.185634
1.083634
1.083634
1.230277
1.230277
1.034548
1.034548
1.079626
1.079626
1.294270
1.294270
1.355479
1.355479
1.061046
1.061046
1.382704
1.382704
1.345967
1.345967
1.395286
1.395286
1.245775
1.245775
1.253777
1.253777
1.279165
1.279165
1.314876
1.314876
1.364234
1.364234
1.213613
1.213613
1.277665
1.277665
1.307611
1.307611
1.219299
1.219299
1.094909
1.094909
1.351554
1.351554
1.250296
1.250296
1.293901
1.293901
1.238818
1.238818
1.301948
1.301948
1.387513
1.387513
1.387232
1.387232
1.236811
1.236811
1.278966
1.278966
1.227495
1.227495
1.376606
1.376606
1.270020
1.270020
1.230671
1.230671
1.389859
1.389859
1.355173
1.355173
1.355154
1.355154
1.137918
1.137918
1.226333
1.226333
1.270976
1.270976
1.108190
1.108190
1.351181
1.351181
1.152044
1.152044
1.378801
1.378801
1.319871
1.319871
1.382557
1.382557
1.308729
1.308729
1.210684
1.210684
1.351779
1.351779
1.352681
1.352681
1.394274
1.394274
1.376438
1.376438
1.313753
1.313753
1.315668
1.315668
1.397521
1.397521
1.362716
1.362716
1.289283
1.289283
1.214177
1.214177
1.322906
1.322906
1.176448
1.176448
1.395849
1.395849
1.174365
1.174365
1.255772
1.255772
1.263425
1.263425
1.085025
1.085025
1.301081
1.301081
1.328662
1.328662
1.335454
1.335454
1.395383
1.395383
1.324336
1.324336
1.087781
1.087781
1.360373
1.360373
1.105869
1.105869
1.345527
1.345527
1.328334
1.328334
1.263560
1.263560
1.398677
1.398677
1.294026
1.294026
1.145181
1.145181
1.361320
1.361320
1.229699
1.229699
1.344212
1.344212
1.353000
1.353000
1.310680
1.310680
1.383725
1.383725
1.369945
1.369945
1.320299
1.320299
