1.199429
1.199429
1.100574
1.100574
1.242870
1.242870
1.321695
1.321695
1.265967
1.265967
1.177403
1.165645
1.177403
1.165645
1.254724
1.254724
1.241163
1.241163
1.369760
1.369760
1.378814
1.378814
1.353080
1.353080
1.334165
1.334165
1.393547
1.393547
1.337805
1.337805
1.395752
1.395752
1.179819
1.179819
1.358551
1.358551
1.358630
1.358630
1.289976
1.289976
1.158099
1.158099
1.288378
1.288378
1.193631
1.193631
1.314445
1.314445
1.202289
1.202289
1.188396
1.188396
1.314445
1.314445
1.200074
1.200074
1.322054
1.322054
1.169865
1.255062
1.169865
1.255062
1.365468
1.365468
1.198754
1.381312
1.381312
1.198754
1.350810
1.350810
1.240014
1.240014
1.388377
1.388377
1.286131
1.286131
1.196589
1.265542
1.196589
1.265542
1.219345
1.219345
1.324710
1.324710
1.328687
1.328687
1.245590
1.245590
1.301880
1.301880
1.372355
1.372355
1.101992
1.101992
1.320934
1.320934
1.217199
1.217199
1.381150
1.381150
1.304356
1.304356
1.241850
1.209665
1.209665
1.241850
1.096636
1.096636
1.378924
1.378924
1.359820
1.359820
1.346494
1.346494
1.381331
1.381331
1.208316
1.208316
1.107601
1.107601
1.193237
1.193237
1.397518
1.397518
1.390157
1.390157
1.046225
1.046225
1.201277
1.201277
1.383868
1.383868
1.375528
1.375528
1.205793
1.205793
1.221528
1.221528
1.157169
1.157169
1.393823
1.393823
1.216301
1.216301
1.334666
1.334666
1.081066
1.081066
1.118700
1.118700
1.316860
1.316860
1.239496
1.239496
1.249495
1.249495
1.265963
1.265963
1.295396
1.295396
1.271480
1.271480
1.097247
1.097247
1.388180
1.388180
1.145959
1.145959
1.368123
1.368123
1.331309
1.331309
1.085598
1.085598
1.360920
1.360920
1.253036
1.253036
1.178828
1.178828
1.281415
1.281415
1.345022
1.345022
1.215633
1.215633
1.328977
1.328977
1.387584
1.387584
1.273699
1.273699
1.144680
1.144680
1.362776
1.362776
1.261782
1.261782
1.388013
1.388013
1.353829
1.353829
1.277054
1.277054
1.228467
1.228467
1.250228
1.250228
1.083102
1.083102
1.372696
1.372696
1.111075
1.111075
1.355439
1.355439
1.173332
1.173332
1.264844
1.264844
1.385370
1.385370
1.330164
1.330164
1.389903
1.389903
1.332268
1.332268
1.351047
1.351047
1.386653
1.386653
1.287407
1.287407
1.376687
1.145037
1.376687
1.145037
1.380561
1.380561
1.339960
1.339960
1.218557
1.218557
1.218986
1.218986
1.266089
1.266089
1.237925
1.237925
1.300981
1.300981
1.322847
1.322847
1.372107
1.372107
1.278589
1.278589
1.243551
1.243551
1.343521
1.343521
1.264994
1.264994
1.399858
1.399858
1.318634
1.318634
1.316841
1.316841
1.390826
1.390826
1.150779
1.150779
1.247152
1.247152
1.166520
1.166520
1.344809
1.344809
1.374320
1.374320
1.162997
1.162997
1.034684
1.034684
1.197636
1.197636
1.246886
1.246886
1.312196
1.312196
1.228772
1.228772
1.272499
1.272499
1.355279
1.355279
1.241033
1.241033
1.316515
1.316515
1.260285
1.260285
1.185314
1.185314
1.229337
1.229337
1.143130
1.143130
1.175222
1.175222
1.119469
1.119469
1.224461
1.224461
1.249152
1.249152
1.320313
1.320313
1.189496
1.189496
1.263523
1.263523
1.305863
1.305863
1.210243
1.210243
1.363762
1.363762
1.232387
1.232387
1.329047
1.329047
1.244021
1.244021
1.367404
1.367404
1.325235
1.325235
1.201033
1.201033
1.204979
1.204979
1.295377
1.295377
1.333126
1.333126
1.327703
1.327703
1.302084
1.302084
1.279266
1.279266
1.248877
1.248877
1.164029
1.164029
1.338755
1.338755
1.380061
1.380061
1.032788
1.032788
1.379160
1.379160
1.133271
1.133271
1.372913
1.372913
1.395986
1.395986
1.107666
1.107666
1.193236
1.193236
1.333162
1.333162
1.171858
1.171858
1.311391
1.311391
1.234804
1.234804
1.293998
1.293998
1.293513
1.293513
1.302272
1.302272
1.297933
1.297933
1.209483
1.209483
1.344180
1.344180
1.390402
1.390402
1.316970
1.192865
1.192865
1.316970
1.286166
1.286166
1.357993
1.357993
1.386087
1.386087
1.226642
1.226642
1.365270
1.365270
1.397977
1.397977
1.164154
1.164154
1.261173
1.261173
1.239209
1.239209
1.218933
1.218933
1.222202
1.222202
1.324592
1.324592
1.342985
1.342985
1.362118
1.362118
1.225057
1.225057
1.293635
1.293635
1.324265
1.324265
1.259867
1.259867
1.224094
1.224094
1.157920
1.157920
1.381667
1.381667
1.255630
1.255630
1.067788
1.067788
1.258877
1.258877
1.340996
1.340996
1.380920
1.380920
1.386401
1.386401
1.101138
1.101138
1.344400
1.344400
1.347790
1.347790
1.139876
1.139876
1.146978
1.146978
1.375160
1.375160
1.322252
1.322252
1.224541
1.224541
1.136216
1.136216
1.323766
1.323766
1.322279
1.322279
1.205970
1.205970
1.388899
1.388899
1.340256
1.340256
1.283762
1.283762
1.340007
1.340007
1.279707
1.279707
1.195884
1.195884
1.393232
1.393232
1.226882
1.226882
1.307464
1.307464
1.170422
1.170422
1.214858
1.214858
1.344612
1.344612
1.308149
1.308149
1.368153
1.368153
1.330024
1.330024
1.262446
1.262446
1.300084
1.300084
1.394470
1.394470
1.340240
1.340240
1.219286
1.219286
1.399737
1.399737
1.097589
1.097589
1.358115
1.358115
1.172820
1.172820
1.139241
1.139241
1.371115
1.371115
1.364991
1.364991
1.123822
1.123822
1.293387
1.264265
1.293387
1.264265
1.342765
1.342765
1.249397
1.249397
1.376977
1.376977
1.156127
1.156127
1.292230
1.292230
1.322600
1.322600
1.394823
1.394823
1.269134
1.269134
1.363969
1.363969
1.370086
1.370086
1.335867
1.335867
