1.058928
1.058928
1.302337
1.302337
1.279576
1.279576
1.379845
1.379845
1.250256
1.250256
1.357604
1.357604
1.043334
1.043334
1.104063
1.104063
1.236633
1.236633
1.292274
1.292274
1.323167
1.323167
1.259198
1.259198
1.361057
1.361057
1.396003
1.396003
1.262558
1.262558
1.388947
1.388947
1.095922
1.095922
1.287020
1.296561
1.287020
1.296561
1.339415
1.339415
1.385816
1.385816
1.383047
1.383047
1.305116
1.305116
1.372955
1.372955
1.314258
1.314258
1.353141
1.353141
1.053195
1.053195
1.345921
1.345921
1.358598
1.358598
1.392920
1.392920
1.237332
1.237332
1.394290
1.394290
1.361102
1.361102
1.219000
1.219000
1.361382
1.361382
1.375274
1.375274
1.303907
1.303907
1.174695
1.174695
1.394367
1.394367
1.371331
1.371331
1.376848
1.376848
1.358583
1.358583
1.356352
1.356352
1.180997
1.180997
1.378451
1.378451
1.131784
1.131784
1.250973
1.250973
1.280283
1.280283
1.353436
1.353436
1.167366
1.167366
1.280608
1.280608
1.313113
1.313113
1.353798
1.353798
1.390753
1.311555
1.390753
1.311555
1.385250
1.385250
1.337118
1.337118
1.329942
1.329942
1.194897
1.194897
1.335041
1.335041
1.180549
1.180549
1.104706
1.104706
1.278248
1.278248
1.101754
1.101754
1.250416
1.250416
1.308168
1.292713
1.308168
1.292713
1.352278
1.352278
1.393776
1.393776
1.260554
1.260554
1.316098
1.316098
1.301856
1.301856
1.333469
1.333469
1.385596
1.385596
1.183215
1.183215
1.232389
1.232389
1.301022
1.301022
1.172701
1.172701
1.323494
1.354567
1.354567
1.323494
1.349975
1.349975
1.394716
1.394716
1.327353
1.327353
1.343491
1.343491
1.352906
1.352906
1.322903
1.322903
1.304059
1.304059
1.056273
1.056273
1.332932
1.332932
1.306551
1.306551
1.366101
1.366101
1.250064
1.250064
1.301093
1.301093
1.357425
1.357425
1.342128
1.342128
1.062419
1.062419
1.204801
1.204801
1.395102
1.395102
1.229796
1.229796
1.298763
1.298763
1.370981
1.370981
1.250129
1.250129
1.211520
1.211520
1.365541
1.365541
1.396665
1.396665
1.139184
1.139184
1.312923
1.312923
1.316871
1.316871
1.223861
1.223861
1.293638
1.293638
1.346945
1.346945
1.311680
1.311680
1.028698
1.028698
1.397679
1.397679
1.272114
1.272114
1.364213
1.364213
1.387758
1.387758
1.371756
1.371756
1.347875
1.347875
1.350561
1.350561
1.384119
1.384119
1.164763
1.164763
1.392262
1.392262
1.160637
1.160637
1.215384
1.215384
1.256647
1.256647
1.340880
1.340880
1.039326
1.039326
1.160719
1.160719
1.353322
1.353322
1.211064
1.211064
1.189527
1.189527
1.321551
1.321551
1.189120
1.189120
1.201515
1.201515
1.381961
1.381961
1.310315
1.310315
1.066375
1.066375
1.314374
1.314374
1.275987
1.275987
1.197977
1.197977
1.268963
1.369396
1.369396
1.268963
1.209664
1.209664
1.334842
1.334842
1.398582
1.398582
1.229268
1.229268
1.377035
1.377035
1.314415
1.314415
1.209822
1.209822
1.119415
1.119415
1.340581
1.340581
1.150457
1.150457
1.392221
1.392221
1.317425
1.317425
1.280567
1.280567
1.357553
1.357553
1.346735
1.346735
1.378601
1.378601
1.384582
1.384582
1.340095
1.340095
1.355463
1.355463
1.315288
1.315288
1.368941
1.368941
1.368974
1.368974
1.367631
1.367631
1.254083
1.254083
1.302713
1.302713
1.331991
1.331991
1.370407
1.370407
1.238075
1.238075
1.025652
1.025652
1.347058
1.347058
1.284529
1.284529
1.302013
1.302013
1.385447
1.385447
1.252722
1.252722
1.368078
1.368078
1.387428
1.387428
1.393788
1.393788
1.381504
1.381504
1.193062
1.193062
1.355859
1.355859
1.289372
1.289372
1.185455
1.185455
1.393308
1.393308
1.395649
1.395649
1.305248
1.305248
1.349485
1.349485
1.317432
1.317432
1.342509
1.342509
1.385515
1.385515
1.314918
1.314918
1.351257
1.351257
1.339502
1.339502
1.247609
1.247609
1.267843
1.267843
1.373492
1.373492
1.370118
1.370118
1.116570
1.116570
1.331464
1.331464
1.398915
1.398915
1.375433
1.375433
1.155683
1.155683
1.362053
1.362053
1.158684
1.158684
1.170740
1.170740
1.226945
1.226945
1.075722
1.075722
1.208180
1.208180
1.084864
1.084864
1.251425
1.251425
1.173890
1.173890
1.269699
1.269699
1.292500
1.292500
1.148312
1.148312
1.331478
1.331478
1.311504
1.311504
1.183056
1.183056
1.306933
1.306933
1.283057
1.283057
1.337906
1.337906
1.313504
1.313504
1.323162
1.323162
1.374137
1.374137
1.374570
1.374570
1.235617
1.235617
1.353377
1.353377
1.346145
1.346145
1.389904
1.389904
1.354745
1.354745
1.308153
1.308153
1.275374
1.275374
1.274668
1.274668
1.353431
1.353431
1.387657
1.387657
1.263314
1.263314
1.245361
1.245361
1.359283
1.359283
1.125361
1.290631
1.125361
1.290631
1.169316
1.169316
1.390988
1.390988
1.210620
1.210620
1.325581
1.325581
1.213023
1.213023
1.365179
1.365179
1.283164
1.283164
1.209435
1.209435
1.120244
1.120244
1.208728
1.208728
1.325923
1.325923
1.166123
1.166123
1.142400
1.142400
1.328198
1.328198
1.082844
1.082844
1.268808
1.268808
1.316278
1.316278
1.343934
1.343934
1.102185
1.102185
