1.349475
1.349475
1.388021
1.388021
1.365234
1.365234
1.185926
1.394534
1.394534
1.244605
1.185926
1.244605
1.243465
1.243465
1.349326
1.349326
1.229862
1.229862
1.250699
1.250699
1.396777
1.396777
1.399396
1.399396
1.381129
1.381129
1.335346
1.335346
1.263465
1.263465
1.197247
1.197247
1.370117
1.370117
1.329615
1.329615
1.187233
1.187233
1.374434
1.374434
1.291424
1.291424
1.377030
1.377030
1.376293
1.376293
1.384825
1.384825
1.283962
1.283962
1.340503
1.340503
1.332832
1.332832
1.376377
1.376377
1.334905
1.334905
1.356200
1.356200
1.393435
1.393435
1.324370
1.324370
1.369483
1.369483
1.364373
1.364373
1.333815
1.333815
1.169178
1.169178
1.276262
1.276262
1.314930
1.314930
1.387230
1.387230
1.374599
1.374599
1.378003
1.378003
1.378571
1.378571
1.309981
1.309981
1.293876
1.293876
1.276477
1.276477
1.266877
1.266877
1.219789
1.219789
1.205657
1.205657
1.336038
1.336038
1.370942
1.370942
1.301665
1.301665
1.365817
1.365817
1.163286
1.163286
1.360519
1.360519
1.333252
1.333252
1.391296
1.391296
1.270337
1.270337
1.383829
1.383829
1.386450
1.386450
1.391018
1.391018
1.324141
1.324141
1.330567
1.330567
1.308878
1.308878
1.260460
1.260460
1.343138
1.343138
1.305034
1.305034
1.299553
1.299553
1.339597
1.305596
1.339597
1.305596
1.270005
1.270005
1.018953
1.018953
1.382649
1.382649
1.315127
1.315127
1.201720
1.201720
1.296215
1.296215
1.393175
1.393175
1.325646
1.325646
1.386969
1.386969
1.214984
1.214984
1.320635
1.320635
1.040175
1.040175
1.219366
1.219366
1.187083
1.187083
1.363855
1.363855
1.309913
1.399011
1.309913
1.399011
1.066670
1.066670
1.161507
1.161507
1.119562
1.119562
1.396780
1.396780
1.140157
1.140157
1.361370
1.361370
1.371367
1.371367
1.327707
1.327707
1.317686
1.317686
1.165689
1.165689
1.308894
1.308894
1.375785
1.375785
1.147682
1.147682
1.063509
1.063509
1.148976
1.148976
1.199796
1.199796
1.338039
1.338039
1.392055
1.392055
1.351021
1.351021
1.290591
1.290591
1.275600
1.275600
1.307635
1.307635
1.343537
1.343537
1.133623
1.133623
1.343342
1.343342
1.345509
1.345509
1.377690
1.377690
1.252698
1.252698
1.357512
1.357512
1.351679
1.351679
1.353605
1.353605
1.367346
1.367346
1.046501
1.046501
1.255073
1.255073
1.285229
1.285229
1.395505
1.395505
1.283799
1.283799
1.354526
1.354526
1.334538
1.334538
1.291359
1.291359
1.375241
1.375241
1.171126
1.171126
1.301033
1.301033
1.191665
1.191665
1.372537
1.372537
1.313479
1.353977
1.313479
1.353977
1.355493
1.355493
1.267375
1.267375
1.150362
1.150362
1.267274
1.267274
1.231763
1.231763
1.354852
1.354852
1.228758
1.228758
1.206933
1.206933
1.293958
1.293958
1.354610
1.354610
1.376817
1.376817
1.311881
1.311881
1.255270
1.255270
1.330494
1.330494
1.361696
1.361696
1.393562
1.393562
1.215447
1.215447
1.246682
1.246682
1.184188
1.184188
1.329551
1.329551
1.259643
1.259643
1.352352
1.352352
1.089694
1.089694
1.140557
1.140557
1.394536
1.394536
1.218298
1.218298
1.273787
1.273787
1.136021
1.136021
1.375596
1.375596
1.107800
1.107800
1.305315
1.305315
1.373531
1.373531
1.325026
1.325026
1.391349
1.391349
1.177247
1.177247
1.356448
1.356448
1.190537
1.190537
1.267765
1.267765
1.304247
1.304247
1.300061
1.300061
1.379330
1.379330
1.189866
1.189866
1.298146
1.298146
1.399311
1.399311
1.178090
1.178090
1.317368
1.317368
1.235585
1.235585
1.153195
1.153195
1.395020
1.395020
1.358429
1.358429
1.397989
1.397989
1.281826
1.281826
1.283204
1.283204
1.212847
1.212847
1.317581
1.317581
1.325320
1.325320
1.382692
1.382692
1.271670
1.271670
1.311701
1.311701
1.260026
1.260026
1.263273
1.263273
1.260036
1.260036
1.344262
1.344262
1.338728
1.338728
1.293183
1.293183
1.390944
1.390944
1.223658
1.223658
1.204758
1.204758
1.287018
1.287018
1.223121
1.223121
1.184180
1.184180
1.386705
1.386705
1.180769
1.180769
1.344414
1.344414
1.326455
1.326455
1.272570
1.272570
1.153180
1.153180
1.191320
1.191320
1.106993
1.106993
1.330871
1.330871
1.394185
1.394185
1.169949
1.169949
1.378321
1.378321
1.272370
1.272370
1.042282
1.042282
1.088180
1.088180
1.277875
1.277875
1.024787
1.024787
1.357054
1.357054
1.384420
1.384420
1.398624
1.398624
1.382909
1.382909
1.278523
1.278523
1.278890
1.278890
1.335603
1.335603
1.172600
1.172600
1.136437
1.136437
1.283345
1.283345
1.215136
1.215136
1.186147
1.186147
1.320485
1.320485
1.269863
1.269863
1.393522
1.393522
1.204048
1.204048
1.131915
1.131915
1.300116
1.300116
1.383543
1.383543
1.382874
1.382874
1.086300
1.086300
1.365020
1.365020
1.365714
1.365714
1.387907
1.387907
1.359033
1.359033
1.233613
1.233613
1.371967
1.371967
1.395110
1.395110
1.292785
1.292785
1.303782
1.303782
1.286435
1.286435
1.205883
1.205883
1.215758
1.215758
1.314368
1.314368
1.093353
1.093353
1.231280
1.231280
1.289187
1.289187
1.344539
1.344539
1.306494
1.306494
1.387640
1.387640
1.354247
1.354247
1.347949
1.347949
1.124469
1.124469
1.377728
1.377728
1.382176
1.382176
1.158036
1.158036
1.247872
1.247872
1.368372
1.368372
1.366727
1.366727
1.261189
1.261189
1.342362
1.342362
