1.312013
1.312013
1.322753
1.322753
1.181498
1.181498
1.333837
1.333837
1.366956
1.366956
1.320107
1.320107
1.394761
1.394761
1.240141
1.240141
1.254641
1.254641
1.239933
1.239933
1.359871
1.359871
1.362197
1.362197
1.112503
1.112503
1.359039
1.359039
1.355173
1.355173
1.234567
1.234567
1.382321
1.382321
1.381877
1.381877
1.255272
1.255272
1.196754
1.196754
1.395471
1.395471
1.388594
1.388594
1.340803
1.340803
1.264988
1.264988
1.378977
1.378977
1.321731
1.321731
1.271446
1.271446
1.277474
1.277474
1.330606
1.355772
1.355772
1.330606
1.243049
1.243049
1.301716
1.301716
1.320931
1.320931
1.264135
1.264135
1.298987
1.298987
1.396748
1.396748
1.305236
1.305236
1.381016
1.381016
1.391591
1.391591
1.113112
1.113112
1.088324
1.088324
1.134659
1.134659
1.316226
1.316226
1.383225
1.383225
1.359358
1.359358
1.129924
1.129924
1.340090
1.340090
1.281856
1.281856
1.334900
1.334900
1.366696
1.319832
1.319832
1.366696
1.191553
1.191553
1.256234
1.256234
1.229517
1.229517
1.132571
1.132571
1.271435
1.271435
1.387399
1.387399
1.349655
1.349655
1.324042
1.324042
1.352345
1.352345
1.221455
1.221455
1.025846
1.025846
1.376467
1.376467
1.158082
1.372818
1.158082
1.372818
1.395280
1.395280
1.290625
1.290625
1.398527
1.398527
1.363885
1.363885
1.314289
1.314289
1.258278
1.258278
1.259642
1.259642
1.207216
1.207216
1.240048
1.240048
1.053434
1.053434
1.369418
1.369418
1.154686
1.154686
1.274059
1.274059
1.279421
1.279421
1.240286
1.240286
1.260066
1.260066
1.276452
1.276452
1.399128
1.399128
1.361290
1.361290
1.380996
1.380996
1.339279
1.339279
1.306993
1.306993
1.378896
1.378896
1.319793
1.319793
1.355980
1.355980
1.396421
1.396421
1.325159
1.325159
1.353422
1.353422
1.305477
1.305477
1.346118
1.346118
1.196144
1.196144
1.337686
1.257743
1.337686
1.257743
1.389487
1.389487
1.176101
1.176101
1.213862
1.213862
1.215225
1.215225
1.394272
1.394272
1.158201
1.158201
1.379342
1.379342
1.203759
1.203759
1.303381
1.303381
1.257040
1.257040
1.163410
1.163410
1.294468
1.294468
1.334162
1.334162
1.284978
1.284978
1.372586
1.372586
1.358148
1.358148
1.287899
1.287899
1.395927
1.395927
1.264427
1.264427
1.051559
1.051559
1.384358
1.384358
1.381439
1.381439
1.375220
1.375220
1.320454
1.320454
1.347267
1.347267
1.328433
1.328433
1.243734
1.243734
1.336864
1.336864
1.364281
1.364281
1.318320
1.318320
1.084652
1.084652
1.350803
1.350803
1.194897
1.194897
1.283202
1.283202
1.030917
1.030917
1.384785
1.384785
1.378389
1.378389
1.280171
1.280171
1.213487
1.213487
1.314011
1.314011
1.308680
1.308680
1.334841
1.334841
1.249880
1.249880
1.394129
1.394129
1.179793
1.179793
1.332006
1.332006
1.369383
1.369383
1.306011
1.306011
1.307634
1.307634
1.249684
1.249684
1.381440
1.381440
1.238454
1.238454
1.204199
1.204199
1.092305
1.092305
1.227992
1.227992
1.290616
1.290616
1.385057
1.385057
1.355389
1.355389
1.311301
1.311301
1.208740
1.208740
1.318209
1.318209
1.239021
1.242521
1.239021
1.242521
1.336458
1.336458
1.394558
1.394558
1.386660
1.386660
1.267869
1.267869
1.109739
1.109739
1.264283
1.264283
1.318907
1.318907
1.345053
1.345053
1.365231
1.365231
1.386913
1.386913
1.158753
1.158753
1.354855
1.354855
1.376471
1.376471
1.302576
1.302576
1.378424
1.378424
1.389765
1.389765
1.256283
1.256283
1.153539
1.153539
1.198945
1.198945
1.272970
1.272970
1.249631
1.249631
1.377148
1.254072
1.254072
1.377148
1.317168
1.317168
1.219290
1.219290
1.285893
1.285893
1.185803
1.185803
1.394193
1.394193
1.397563
1.397563
1.358596
1.358596
1.103827
1.103827
1.295737
1.295737
1.251845
1.251845
1.387348
1.387348
1.196183
1.196183
1.384489
1.384489
1.333245
1.333245
1.324149
1.324149
1.108196
1.108196
1.297816
1.297816
1.169462
1.169462
1.359523
1.359523
1.365083
1.365083
1.338748
1.338748
1.385368
1.385368
1.270667
1.270667
1.386485
1.386485
1.261301
1.261301
1.336493
1.336493
1.390532
1.221855
1.390532
1.221855
1.184233
1.184233
1.375049
1.375049
1.320420
1.320420
1.399562
1.399562
1.339873
1.339873
1.360896
1.360896
1.141635
1.141635
1.366073
1.366073
1.169862
1.169862
1.371618
1.371618
1.212743
1.212743
1.244869
1.244869
1.269727
1.269727
1.209689
1.209689
1.226790
1.226790
1.138057
1.138057
1.200455
1.200455
1.264193
1.264193
1.333951
1.333951
1.145660
1.145660
1.368200
1.368200
1.235390
1.235390
1.197327
1.197327
1.301272
1.301272
1.336616
1.336616
1.247426
1.247426
1.230486
1.230486
1.315999
1.315999
1.329329
1.329329
1.160687
1.160687
1.091767
1.091767
1.237168
1.237168
1.258307
1.258307
1.145677
1.145677
1.340619
1.192754
1.340619
1.192754
1.399696
1.399696
1.140902
1.140902
1.152531
1.152531
1.353976
1.353976
1.290253
1.290253
1.222762
1.222762
1.103381
1.103381
1.112937
1.112937
1.346534
1.346534
1.096416
1.096416
1.037630
1.037630
1.382294
1.382294
1.379669
1.379669
1.306223
1.306223
1.160489
1.160489
1.182028
1.182028
1.382325
1.382325
1.298908
1.298908
1.265564
1.265564
1.361538
1.361538
1.288392
1.288392
1.290467
1.290467
1.169786
1.169786
1.367455
1.367455
1.058625
1.058625
1.330446
1.330446
1.300129
1.300129
1.371312
1.371312
1.227820
1.227820
