1.350403
1.350403
1.246060
1.246060
1.361244
1.368998
1.368998
1.361244
1.284685
1.284685
1.340081
1.340081
1.358312
1.358312
1.397647
1.397647
1.257050
1.257050
1.398940
1.398940
1.392523
1.392523
1.370237
1.370237
1.364678
1.364678
1.052530
1.052530
1.297914
1.297914
1.297399
1.297399
1.300075
1.300075
1.349394
1.349394
1.156156
1.156156
1.355290
1.355290
1.369939
1.369939
1.386861
1.386861
1.382449
1.382449
1.293978
1.293978
1.337426
1.337426
1.354340
1.354340
1.266662
1.241179
1.241179
1.266662
1.055486
1.055486
1.333367
1.333367
1.351477
1.339797
1.339797
1.351477
1.391271
1.391271
1.321045
1.321045
1.271918
1.271918
1.347934
1.347934
1.176218
1.176218
1.393499
1.393499
1.364379
1.364379
1.391169
1.391169
1.233629
1.233629
1.211864
1.211864
1.272284
1.272284
1.221822
1.388090
1.221822
1.388090
1.261727
1.261727
1.336567
1.336567
1.307257
1.307257
1.289537
1.289537
1.356545
1.356545
1.396455
1.396455
1.174076
1.174076
1.286704
1.286704
1.251606
1.251606
1.189678
1.189678
1.237780
1.237780
1.300748
1.300748
1.258453
1.258453
1.277207
1.277207
1.381922
1.381922
1.258798
1.258798
1.095038
1.095038
1.329434
1.329434
1.291451
1.291451
1.367004
1.367004
1.162221
1.162221
1.105934
1.105934
1.272818
1.272818
1.252313
1.252313
1.232766
1.232766
1.385597
1.385597
1.366929
1.366929
1.380959
1.380959
1.250350
1.250350
1.309081
1.309081
1.365184
1.365184
1.272876
1.272876
1.156095
1.156095
1.087985
1.087985
1.326799
1.326799
1.358650
1.358650
1.317797
1.317797
1.295156
1.295156
1.371381
1.371381
1.395206
1.395206
1.250846
1.250846
1.173913
1.173913
1.366669
1.366669
1.387639
1.387639
1.320046
1.159862
1.320046
1.159862
1.240610
1.240610
1.331651
1.331651
1.044786
1.044786
1.268468
1.268468
1.144311
1.144311
1.368754
1.368754
1.236985
1.236985
1.360338
1.360338
1.243887
1.243887
1.361356
1.361356
1.358406
1.358406
1.287157
1.287157
1.294808
1.331217
1.294808
1.331217
1.197727
1.197727
1.282182
1.282182
1.378726
1.378726
1.137556
1.137556
1.384670
1.384670
1.379114
1.379114
1.319854
1.198613
1.319854
1.198613
1.387017
1.387017
1.352904
1.352904
1.325138
1.325138
1.292084
1.292084
1.278013
1.278013
1.107399
1.107399
1.079133
1.079133
1.315563
1.315563
1.374493
1.374493
1.368398
1.368398
1.292258
1.292258
1.344950
1.344950
1.094739
1.094739
1.309787
1.309787
1.352967
1.352967
1.397542
1.397542
1.327786
1.327786
1.366417
1.366417
1.259038
1.259038
1.278486
1.278486
1.333343
1.333343
1.297513
1.297513
1.235346
1.235346
1.348410
1.348410
1.207615
1.207615
1.268955
1.268955
1.104359
1.104359
1.264951
1.264951
1.283097
1.283097
1.340800
1.340800
1.265208
1.265208
1.371461
1.371461
1.296040
1.296040
1.386624
1.386624
1.395804
1.395804
1.262826
1.262826
1.348548
1.348548
1.328953
1.328953
1.249695
1.249695
1.243600
1.243600
1.124849
1.124849
1.279886
1.279886
1.129636
1.129636
1.394148
1.394148
1.342400
1.342400
1.102315
1.102315
1.309037
1.309037
1.029440
1.029440
1.196176
1.196176
1.108196
1.108196
1.296602
1.296602
1.244149
1.244149
1.125556
1.125556
1.209795
1.209795
1.388507
1.388507
1.166732
1.166732
1.026751
1.026751
1.198831
1.198831
1.395351
1.395351
1.294491
1.294491
1.192014
1.192014
1.277870
1.277870
1.282226
1.282226
1.196318
1.196318
1.327890
1.327890
1.300291
1.300291
1.334663
1.334663
1.259148
1.259148
1.372880
1.372880
1.226297
1.226297
1.230005
1.230005
1.326779
1.326779
1.343981
1.343981
1.171783
1.171783
1.187351
1.187351
1.212511
1.212511
1.349807
1.349807
1.110756
1.110756
1.353831
1.353831
1.321172
1.321172
1.310972
1.310972
1.291491
1.291491
1.152594
1.152594
1.247934
1.247934
1.377599
1.377599
1.141674
1.141674
1.374607
1.374607
1.388329
1.388329
1.329264
1.329264
1.362239
1.362239
1.209487
1.209487
1.296573
1.296573
1.388032
1.388032
1.311403
1.311403
1.193473
1.193473
1.392741
1.392741
1.259789
1.259789
1.303995
1.303995
1.176138
1.176138
1.399883
1.399883
1.266755
1.266755
1.359714
1.359714
1.183710
1.183710
1.087115
1.087115
1.312819
1.312819
1.389752
1.389752
1.310451
1.310451
1.297106
1.297106
1.288210
1.288210
1.355410
1.355410
1.254064
1.254064
1.373011
1.373011
1.320078
1.320078
1.288471
1.288471
1.092701
1.092701
1.346276
1.346276
1.292474
1.292474
1.370210
1.370210
1.243715
1.243715
1.394058
1.394058
1.336083
1.336083
1.383363
1.383363
1.151228
1.151228
1.374672
1.374672
1.101602
1.101602
1.199062
1.199062
1.373879
1.373879
1.290336
1.290336
1.092314
1.092314
1.234423
1.234423
1.179153
1.179153
