1.154501
1.154501
1.237439
1.237439
1.180284
1.180284
1.320074
1.320074
1.318043
1.318043
1.372437
1.372437
1.197722
1.197722
1.248883
1.248883
1.209765
1.209765
1.308455
1.308455
1.362176
1.362176
1.264013
1.264013
1.244230
1.244230
1.325984
1.325984
1.196602
1.196602
1.281232
1.281232
1.324238
1.324238
1.206273
1.206273
1.372522
1.372522
1.266405
1.266405
1.189590
1.189590
1.361975
1.361975
1.212460
1.212460
1.291011
1.291011
1.345589
1.345589
1.126134
1.126134
1.257287
1.257287
1.380813
1.380813
1.140749
1.140749
1.224074
1.224074
1.113050
1.113050
1.184518
1.184518
1.324263
1.324263
1.255786
1.150293
1.255786
1.150293
1.275864
1.275864
1.170139
1.170139
1.203617
1.203617
1.172246
1.172246
1.173351
1.173351
1.304145
1.304145
1.291940
1.291940
1.289423
1.289423
1.356061
1.356061
1.357751
1.357751
1.269793
1.269793
1.309795
1.309795
1.367895
1.367895
1.383719
1.383719
1.354421
1.332081
1.184145
1.354421
1.332081
1.263030
1.184145
1.263030
1.383286
1.383286
1.198435
1.198435
1.354324
1.354324
1.318622
1.318622
1.299446
1.299446
1.315762
1.315762
1.190260
1.190260
1.294963
1.294963
1.139518
1.139518
1.316094
1.316094
1.366117
1.366117
1.388084
1.388084
1.269413
1.269413
1.141926
1.141926
1.200968
1.200968
1.218149
1.218149
1.354059
1.354059
1.376018
1.376018
1.231907
1.231907
1.283502
1.283502
1.392730
1.392730
1.238622
1.238622
1.332390
1.332390
1.325823
1.325823
1.371340
1.371340
1.371216
1.371216
1.241080
1.241080
1.264691
1.264691
1.322943
1.322943
1.308494
1.308494
1.359925
1.359925
1.180140
1.180140
1.375909
1.375909
1.334018
1.334018
1.230876
1.230876
1.380738
1.380738
1.101970
1.101970
1.375677
1.375677
1.108288
1.108288
1.250640
1.250640
1.329109
1.329109
1.340618
1.340618
1.383315
1.383315
1.336540
1.336540
1.341800
1.341800
1.266312
1.266312
1.254007
1.254007
1.195649
1.195649
1.360718
1.360718
1.130166
1.130166
1.353489
1.353489
1.384224
1.384224
1.332423
1.332423
1.243961
1.243961
1.272316
1.272316
1.256770
1.256770
1.243461
1.243461
1.277618
1.277618
1.295267
1.295267
1.333443
1.333443
1.373655
1.373655
1.351762
1.351762
1.361825
1.361825
1.333207
1.333207
1.199661
1.199661
1.387738
1.387738
1.212569
1.212569
1.199469
1.093532
1.093532
1.199469
1.154967
1.154967
1.259351
1.259351
1.126441
1.126441
1.117042
1.117042
1.370616
1.370616
1.223206
1.223206
1.227052
1.227052
1.376667
1.376667
1.359621
1.359621
1.370570
1.370570
1.090047
1.090047
1.344523
1.344523
1.248313
1.248313
1.357221
1.357221
1.220431
1.220431
1.170337
1.346980
1.170337
1.346980
1.269099
1.269099
1.228763
1.228763
1.320972
1.320972
1.399422
1.399422
1.309331
1.309331
1.322420
1.322420
1.370168
1.370168
1.343908
1.343908
1.395291
1.395291
1.212392
1.212392
1.357993
1.357993
1.256611
1.256611
1.373486
1.373486
1.241152
1.241152
1.345673
1.345673
1.355256
1.355256
1.237766
1.237766
1.306917
1.306917
1.242378
1.242378
1.264104
1.264104
1.334398
1.334398
1.343823
1.343823
1.329610
1.329610
1.242049
1.242049
1.209195
1.209195
1.379996
1.379996
1.340544
1.340544
1.327975
1.327975
1.177487
1.177487
1.381811
1.381811
1.233327
1.369300
1.233327
1.369300
1.256901
1.256901
1.331148
1.331148
1.310461
1.310461
1.398952
1.398952
1.225463
1.225463
1.299961
1.299961
1.383972
1.383972
1.318501
1.318501
1.355421
1.355421
1.317357
1.317357
1.298568
1.298568
1.202743
1.202743
1.337098
1.337098
1.219348
1.219348
1.239704
1.239704
1.302830
1.302830
1.363732
1.363732
1.243983
1.243983
1.217532
1.217532
1.326545
1.326545
1.339458
1.339458
1.365259
1.365259
1.324190
1.324190
1.222674
1.222674
1.131700
1.131700
1.268134
1.268134
1.356621
1.356621
1.074321
1.074321
1.274849
1.274849
1.302334
1.302334
1.155728
1.155728
1.152584
1.152584
1.395443
1.395443
1.347673
1.347673
1.202623
1.202623
1.344541
1.344541
1.372751
1.372751
1.263469
1.263469
1.358810
1.358810
1.270910
1.270910
1.177049
1.177049
1.235283
1.235283
1.156395
1.156395
1.217083
1.217083
1.396670
1.396670
1.387902
1.387902
1.353377
1.353377
1.236990
1.236990
1.056000
1.056000
1.351320
1.351320
1.223242
1.223242
1.357003
1.357003
1.233626
1.233626
1.390607
1.390607
1.254248
1.254248
1.209443
1.209443
1.214737
1.214737
1.283151
1.283151
1.367676
1.367676
1.382668
1.382668
1.183264
1.183264
1.351016
1.351016
1.387733
1.387733
1.331171
1.331171
1.272465
1.272465
1.305242
1.305242
1.275659
1.275659
1.219331
1.219331
1.344350
1.344350
1.366599
1.366599
1.320323
1.320323
1.313040
1.313040
1.203796
1.203796
1.288165
1.288165
1.346832
1.346832
1.243587
1.243587
1.378852
1.378852
1.380949
1.380949
1.131678
1.131678
1.395810
1.395810
1.343730
1.343730
1.216660
1.216660
1.185493
1.185493
1.388357
1.388357
1.060140
1.060140
1.137382
1.137382
1.313007
1.313007
1.384806
1.384806
1.241595
1.241595
1.128855
1.128855
1.370034
1.370034
1.393174
1.393174
1.350044
1.350044
1.330102
1.330102
1.332437
1.332437
1.325985
1.325985
1.136682
1.136682
1.337222
1.337222
1.368708
1.368708
1.344625
1.344625
1.295985
1.295985
1.214243
1.214243
1.076739
1.076739
1.207683
1.207683
1.173403
1.173403
1.387092
1.387092
1.364588
1.364588
1.336849
1.336849
1.338297
1.338297
1.390965
1.390965
1.330901
1.330901
1.379636
1.379636
1.310578
1.310578
1.310440
1.310440
1.174088
1.174088
1.353484
1.353583
1.353484
1.353583
1.366583
1.366583
