1.352622
1.352622
1.289597
1.289597
1.305774
1.305774
1.234305
1.169152
1.169152
1.234305
1.372743
1.372743
1.258205
1.258205
1.275517
1.275517
1.362675
1.362675
1.264461
1.264461
1.393686
1.318512
1.318512
1.393686
1.340025
1.241798
1.241798
1.340025
1.323512
1.323512
1.303035
1.303035
1.223532
1.223532
1.359313
1.359313
1.287819
1.287819
1.361582
1.361582
1.325089
1.325089
1.139766
1.139766
1.078242
1.078242
1.397856
1.397856
1.377521
1.377521
1.392168
1.392168
1.179646
1.179646
1.354689
1.354689
1.399924
1.399924
1.087584
1.087584
1.347189
1.294673
1.347189
1.294673
1.350879
1.350879
1.283328
1.283328
1.180195
1.180195
1.099125
1.191509
1.191509
1.099125
1.291962
1.291962
1.168463
1.242071
1.242071
1.168463
1.194505
1.194505
1.339267
1.339267
1.290427
1.290427
1.232514
1.232514
1.204454
1.204454
1.314225
1.314225
1.332422
1.332422
1.198795
1.198795
1.224933
1.224933
1.184546
1.184546
1.239789
1.239789
1.288826
1.288826
1.111241
1.111241
1.355293
1.355293
1.324358
1.324358
1.289471
1.289471
1.314835
1.314835
1.346040
1.346040
1.129380
1.129380
1.390320
1.390320
1.284283
1.379825
1.379825
1.284283
1.302584
1.302584
1.362753
1.362753
1.346260
1.346260
1.397228
1.397228
1.371178
1.371178
1.281062
1.281062
1.334138
1.334138
1.344340
1.344340
1.084792
1.084792
1.390106
1.390106
1.364569
1.364569
1.358579
1.358579
1.326867
1.326867
1.218976
1.218976
1.085316
1.085316
1.189472
1.189472
1.281013
1.281013
1.300651
1.300651
1.348353
1.348353
1.055139
1.055139
1.235653
1.342582
1.139989
1.139989
1.342582
1.235653
1.371767
1.371767
1.286459
1.286459
1.326405
1.326405
1.078096
1.078096
1.360880
1.360880
1.307007
1.307007
1.158531
1.158531
1.334092
1.334092
1.230993
1.230993
1.372214
1.372214
1.154449
1.154449
1.253477
1.253477
1.220846
1.220846
1.188060
1.188060
1.397245
1.397245
1.216934
1.375096
1.216934
1.375096
1.399467
1.399467
1.346781
1.346781
1.365582
1.365582
1.352018
1.352018
1.125021
1.125021
1.289677
1.289677
1.375251
1.375251
1.239576
1.239576
1.186373
1.186373
1.201602
1.201602
1.377680
1.377680
1.283776
1.283776
1.161724
1.161724
1.218493
1.218493
1.323398
1.323398
1.274160
1.274160
1.329462
1.329462
1.250876
1.250876
1.350980
1.350980
1.200201
1.353905
1.200201
1.353905
1.231193
1.231193
1.261920
1.261920
1.336374
1.336374
1.212146
1.212146
1.268237
1.268237
1.338142
1.338142
1.295759
1.295759
1.224748
1.224748
1.393388
1.393388
1.171490
1.171490
1.173583
1.173583
1.238788
1.238788
1.389283
1.389283
1.372588
1.372588
1.380767
1.380767
1.312524
1.312524
1.187138
1.187138
1.385877
1.385877
1.129000
1.129000
1.299637
1.299637
1.355069
1.355069
1.347903
1.347903
1.186101
1.186101
1.339265
1.339265
1.393653
1.393653
1.234514
1.234514
1.291188
1.291188
1.343172
1.343172
1.115857
1.115857
1.174315
1.174315
1.203496
1.203496
1.298276
1.298276
1.376953
1.376953
1.247191
1.247191
1.380484
1.380484
1.307149
1.307149
1.247258
1.247258
1.272333
1.272333
1.227885
1.227885
1.388173
1.388173
1.339275
1.339275
1.266666
1.266666
1.378515
1.378515
1.224017
1.224017
1.396101
1.396101
1.385631
1.385631
1.144288
1.144288
1.197165
1.197165
1.347899
1.347899
1.368207
1.368207
1.268137
1.268137
1.332753
1.332753
1.375759
1.375759
1.079895
1.079895
1.181451
1.181451
1.177263
1.177263
1.301436
1.301436
1.396039
1.396039
1.300607
1.300607
1.365189
1.365189
1.375948
1.375948
1.391828
1.391828
1.158587
1.158587
1.197586
1.197586
1.237054
1.237054
1.195207
1.195207
1.365308
1.365308
1.389548
1.389548
1.246934
1.246934
1.397015
1.397015
1.363391
1.363391
1.399534
1.399534
1.108983
1.108983
1.241301
1.241301
1.371364
1.371364
1.224974
1.224974
1.280973
1.280973
1.378024
1.378024
1.048638
1.048638
1.278006
1.278006
1.219916
1.219916
1.380480
1.380480
1.176589
1.176589
1.153102
1.153102
1.396662
1.396662
1.064303
1.064303
1.109956
1.109956
1.360904
1.360904
1.306124
1.306124
1.383062
1.383062
1.362236
1.362236
1.170453
1.170453
1.278717
1.278717
1.106338
1.106338
1.227210
1.227210
1.165105
1.165105
1.145604
1.145604
1.316912
1.316912
1.384156
1.384156
1.150503
1.150503
1.213113
1.213113
1.370568
1.370568
1.357619
1.357619
1.259210
1.259210
1.386338
1.386338
1.158601
1.158601
1.291975
1.291975
1.163888
1.163888
1.378701
1.378701
1.290537
1.290537
1.305955
1.305955
1.325950
1.325950
1.339529
1.339529
1.333374
1.333374
1.331700
1.331700
1.374142
1.374142
1.236841
1.236841
1.372292
1.372292
1.256952
1.256952
1.351114
1.351114
1.312760
1.312760
1.329610
1.329610
1.229609
1.229609
1.356788
1.356788
1.332081
1.332081
1.225866
1.225866
1.101307
1.101307
1.229887
1.229887
1.325289
1.325289
1.382305
1.382305
1.375178
1.375178
1.351759
1.351759
1.348839
1.348839
1.280623
1.280623
1.298587
1.298587
1.369939
1.369939
1.208611
1.208611
1.365573
1.365573
1.222253
1.222253
1.254458
1.254458
1.387234
1.387234
1.388132
1.388132
1.347132
1.347132
1.236777
1.236777
1.381494
1.381494
1.063843
1.063843
1.120659
1.120659
1.343265
1.343265
1.329340
1.329340
1.298521
1.298521
1.358016
1.358016
1.233247
1.233247
1.067796
1.067796
1.315726
1.315726
1.272885
1.272885
1.152968
1.152968
1.317332
1.317332
1.366538
1.366538
1.309150
1.309150
1.396333
1.396333
1.211973
1.211973
1.344392
1.344392
1.389920
1.389920
1.264718
1.264718
