1.097906
1.097906
1.215513
1.215513
1.218279
1.218279
1.341913
1.341913
1.295812
1.295812
1.336322
1.336322
1.306578
1.306578
1.302068
1.302068
1.049622
1.049622
1.245793
1.245793
1.398901
1.398901
1.386386
1.386386
1.182762
1.182762
1.182755
1.182755
1.293679
1.293679
1.191754
1.191754
1.297115
1.297115
1.229985
1.229985
1.383088
1.383088
1.333850
1.333850
1.243935
1.243935
1.147561
1.147561
1.368581
1.368581
1.345713
1.345713
1.179254
1.179254
1.254561
1.254561
1.190772
1.190772
1.193183
1.193183
1.395373
1.395373
1.298601
1.298601
1.264283
1.264283
1.367665
1.367665
1.302317
1.302317
1.262445
1.262445
1.397313
1.397313
1.389222
1.389222
1.180116
1.180116
1.254001
1.254001
1.322146
1.322146
1.280858
1.280858
1.089711
1.089711
1.369027
1.369027
1.287094
1.287094
1.370672
1.370672
1.308713
1.308713
1.380638
1.380638
1.188603
1.188603
1.179106
1.179106
1.334399
1.334399
1.179400
1.179400
1.379237
1.379237
1.246705
1.246705
1.322803
1.322803
1.288903
1.288903
1.389911
1.389911
1.333556
1.333556
1.283717
1.283717
1.352017
1.352017
1.163800
1.163800
1.392395
1.392395
1.208213
1.208213
1.095061
1.095061
1.368689
1.368689
1.334377
1.334377
1.083680
1.083680
1.290359
1.290359
1.359680
1.359680
1.241413
1.241413
1.319587
1.319587
1.311015
1.311015
1.163406
1.163406
1.187446
1.187446
1.253186
1.253186
1.287479
1.287479
1.201327
1.201327
1.329088
1.329088
1.386088
1.386088
1.325305
1.325305
1.366265
1.366265
1.393026
1.393026
1.306017
1.306017
1.368077
1.368077
1.382243
1.382243
1.385056
1.385056
1.397805
1.397805
1.373065
1.373065
1.165584
1.165584
1.340105
1.340105
1.367820
1.367820
1.233015
1.233015
1.261510
1.261510
1.201309
1.201309
1.265425
1.265425
1.381573
1.381573
1.099451
1.099635
1.099635
1.099451
1.274544
1.274544
1.307136
1.307136
1.331570
1.331570
1.332645
1.332645
1.395115
1.395115
1.225754
1.225754
1.397917
1.397917
1.260415
1.260415
1.312966
1.312966
1.266056
1.266056
1.321707
1.321707
1.367588
1.375375
1.375375
1.367588
1.189942
1.189942
1.336724
1.336724
1.135509
1.135509
1.290098
1.290098
1.186524
1.186524
1.130935
1.130935
1.118990
1.118990
1.355170
1.355170
1.328059
1.328059
1.266406
1.266406
1.095677
1.095677
1.302684
1.302684
1.192849
1.192849
1.198532
1.198532
1.240094
1.240094
1.281778
1.281778
1.287814
1.287814
1.386431
1.386431
1.304364
1.304364
1.185396
1.185396
1.147709
1.147709
1.125489
1.125489
1.306583
1.306583
1.198535
1.198535
1.261183
1.261183
1.389688
1.389688
1.159624
1.159624
1.196930
1.196930
1.388399
1.388399
1.292015
1.292015
1.326310
1.326310
1.377050
1.377050
1.391923
1.391923
1.242600
1.242600
1.399521
1.399521
1.238647
1.238647
1.383717
1.383717
1.384795
1.384795
1.364655
1.364655
1.317957
1.317957
1.341699
1.341699
1.297455
1.297455
1.252828
1.252828
1.180217
1.180217
1.274091
1.274091
1.381995
1.381995
1.391170
1.391170
1.152268
1.152268
1.321827
1.321827
1.356621
1.356621
1.383134
1.383134
1.387749
1.387749
1.365680
1.365680
1.327563
1.327563
1.221209
1.221209
1.285826
1.285826
1.192255
1.192255
1.199127
1.199127
1.109157
1.109157
1.200228
1.200228
1.388707
1.388707
1.393429
1.393429
1.323773
1.323773
1.272276
1.272276
1.375102
1.375102
1.301457
1.301457
1.190488
1.190488
1.132060
1.132060
1.023745
1.023745
1.293691
1.293691
1.185253
1.185253
1.064537
1.064537
1.399578
1.399578
1.331842
1.331842
1.276994
1.276994
1.386526
1.386526
1.300343
1.300343
1.315551
1.315551
1.233450
1.233450
1.357280
1.357280
1.375799
1.375799
1.398887
1.398887
1.241981
1.241981
1.188107
1.188107
1.368771
1.368771
1.345357
1.345357
1.051422
1.051422
1.235729
1.235729
1.395413
1.395413
1.225391
1.225391
1.223503
1.223503
1.092371
1.092371
1.393078
1.393078
1.368080
1.368080
1.363746
1.363746
1.157880
1.157880
1.313254
1.313254
1.342186
1.342186
1.292531
1.292531
1.297599
1.297599
1.302226
1.302226
1.266769
1.266769
1.317995
1.317995
1.288915
1.288915
1.205627
1.205627
1.236384
1.236384
1.335650
1.335650
1.388239
1.388239
1.324031
1.324031
1.108565
1.108565
1.264973
1.264973
1.212617
1.212617
1.295686
1.295686
1.163178
1.163178
1.318264
1.318264
1.251850
1.251850
1.197574
1.197574
1.310621
1.310621
1.275730
1.275730
1.332968
1.332968
1.337696
1.337696
1.091237
1.091237
1.221874
1.221874
1.091197
1.091197
1.299230
1.299230
1.272092
1.272092
1.182863
1.182863
1.142373
1.142373
1.339965
1.339965
1.152741
1.224104
1.224104
1.152741
1.373906
1.373906
1.327890
1.327890
1.391088
1.391088
1.132490
1.132490
1.312691
1.312691
1.394763
1.394763
1.330388
1.330388
1.237907
1.237907
1.247896
1.247896
1.259482
1.259482
1.289078
1.289078
1.250090
1.250090
1.360963
1.360963
1.239555
1.239555
1.391491
1.391491
1.267185
1.267185
1.190791
1.190791
1.373196
1.373196
1.190902
1.190902
1.363020
1.363020
1.061693
1.061693
1.114656
1.114656
1.264459
1.264459
1.315310
1.315310
1.250270
1.250270
1.370349
1.370349
1.344278
1.344278
1.391978
1.391978
1.344436
1.344436
1.268723
1.268723
1.271792
1.271792
1.392040
1.392040
1.314489
1.314489
1.375361
1.375361
1.283655
1.283655
1.391691
1.391691
1.390813
1.390813
1.256124
1.256124
1.280587
1.280587
1.274181
1.274181
1.396344
1.396344
1.396963
1.396963
