1.336720
1.336720
1.215974
1.215974
1.368666
1.368666
1.297715
1.392381
1.167757
1.392381
1.167757
1.297715
1.399757
1.256195
1.399757
1.256195
1.082472
1.082472
1.353617
1.353617
1.068289
1.068289
1.155667
1.155667
1.344328
1.344328
1.306036
1.306036
1.249456
1.249456
1.359040
1.359040
1.354013
1.354013
1.290269
1.290269
1.317950
1.317950
1.341830
1.341830
1.337245
1.337245
1.097105
1.097105
1.273726
1.273726
1.139698
1.139698
1.355077
1.355077
1.387679
1.387679
1.156802
1.156802
1.387358
1.387358
1.383344
1.383344
1.308562
1.308562
1.329791
1.329791
1.089246
1.089246
1.242942
1.242942
1.387745
1.387745
1.307511
1.307511
1.286048
1.286048
1.233110
1.233110
1.372723
1.372723
1.233470
1.233470
1.395037
1.395037
1.284550
1.284550
1.243258
1.243258
1.235875
1.235875
1.296984
1.296984
1.311485
1.311485
1.397274
1.397274
1.046009
1.046009
1.151776
1.151776
1.332384
1.332384
1.221260
1.221260
1.315113
1.315113
1.282103
1.282103
1.158558
1.158558
1.301623
1.301623
1.172318
1.172318
1.121650
1.121650
1.153246
1.153246
1.134041
1.134041
1.117427
1.117427
1.239461
1.239461
1.276710
1.276710
1.366630
1.366630
1.215919
1.215919
1.331085
1.331085
1.246267
1.246267
1.272471
1.272471
1.371633
1.381481
1.371633
1.381481
1.279603
1.279603
1.335602
1.335602
1.110669
1.110669
1.230527
1.230527
1.254845
1.254845
1.198770
1.198770
1.352455
1.352455
1.399958
1.399958
1.149686
1.149686
1.320447
1.320447
1.342059
1.342059
1.370734
1.244842
1.370734
1.244842
1.173389
1.173389
1.324969
1.370936
1.370936
1.324969
1.226256
1.226256
1.252465
1.252465
1.373049
1.373049
1.297650
1.297650
1.389647
1.389647
1.334568
1.334568
1.144674
1.144674
1.204859
1.204859
1.243765
1.243765
1.278196
1.278196
1.332517
1.332517
1.226907
1.226907
1.271974
1.271974
1.288202
1.288202
1.319225
1.319225
1.176601
1.176601
1.238438
1.238438
1.081905
1.081905
1.305302
1.305302
1.238893
1.238893
1.202782
1.202782
1.388548
1.388548
1.395765
1.395765
1.314292
1.314292
1.166474
1.166474
1.233031
1.233031
1.398370
1.398370
1.156110
1.156110
1.335753
1.335753
1.286724
1.286724
1.371094
1.371094
1.137901
1.137901
1.361761
1.361761
1.297845
1.297845
1.301347
1.301347
1.260707
1.260707
1.324297
1.324297
1.249542
1.249542
1.232444
1.232444
1.179126
1.179126
1.327014
1.327014
1.269870
1.269870
1.264889
1.264889
1.390995
1.390995
1.316836
1.316836
1.376897
1.376897
1.183745
1.183745
1.372520
1.372520
1.304042
1.304042
1.351230
1.351230
1.337273
1.337273
1.286876
1.286876
1.125589
1.125589
1.396527
1.396527
1.326823
1.243465
1.243465
1.326823
1.159099
1.159099
1.109013
1.109013
1.375454
1.375454
1.206116
1.206116
1.178250
1.178250
1.332686
1.332686
1.176303
1.176303
1.342144
1.342144
1.214109
1.214109
1.399877
1.399877
1.365398
1.365398
1.345645
1.345645
1.333025
1.333025
1.215878
1.215878
1.307697
1.307697
1.273284
1.273284
1.325545
1.325545
1.270412
1.270412
1.354933
1.354933
1.399077
1.399077
1.263515
1.263515
1.259199
1.259199
1.382691
1.382691
1.237822
1.237822
1.264345
1.264345
1.099447
1.099447
1.246143
1.246143
1.319030
1.319030
1.395138
1.395138
1.359484
1.359484
1.324872
1.324872
1.362201
1.362201
1.267885
1.267885
1.317799
1.317799
1.327745
1.327745
1.179523
1.179523
1.363365
1.363365
1.258276
1.258276
1.227276
1.227276
1.148148
1.148148
1.352508
1.352508
1.348579
1.348579
1.328534
1.328534
1.281832
1.281832
1.215421
1.215421
1.228770
1.228770
1.380698
1.380698
1.139424
1.139424
1.167701
1.167701
1.379105
1.379105
1.354835
1.354835
1.243577
1.243577
1.367464
1.367464
1.210988
1.210988
1.285964
1.285964
1.370285
1.370285
1.198035
1.198035
1.254197
1.254197
1.306121
1.306121
1.170369
1.170369
1.156175
1.156175
1.397224
1.397224
1.289809
1.289809
1.227063
1.227063
1.388002
1.388002
1.332548
1.332548
1.248397
1.248397
1.289363
1.289363
1.285863
1.285863
1.295656
1.295656
1.175853
1.175853
1.283643
1.283643
1.201807
1.201807
1.240553
1.240553
1.326716
1.326716
1.368831
1.368831
1.382866
1.382866
1.372381
1.372381
1.378631
1.378631
1.368751
1.368751
1.396910
1.396910
1.142653
1.142653
1.355297
1.355297
1.097808
1.097808
1.368587
1.368587
1.160725
1.160725
1.230857
1.230857
1.391074
1.391074
1.197665
1.197665
1.346272
1.346272
1.354544
1.354544
1.383975
1.383975
1.393667
1.393667
1.047950
1.047950
1.207554
1.207554
1.065894
1.065894
1.211241
1.211241
1.348500
1.348500
1.393251
1.393251
1.352459
1.352459
1.312167
1.312167
1.395823
1.395823
1.303047
1.303047
1.292647
1.292647
1.178290
1.178290
1.218715
1.218715
1.341165
1.341165
1.265141
1.265141
1.235905
1.235905
1.333333
1.333333
1.222722
1.222722
1.377163
1.377163
1.277415
1.277415
1.387778
1.387778
1.149628
1.149628
1.272891
1.272891
1.388363
1.388363
1.192167
1.192167
1.221374
1.221374
1.027468
1.027468
1.223336
1.223336
1.385388
1.385388
1.383021
1.383021
1.143715
1.143715
1.395659
1.395659
1.293348
1.293348
1.367593
1.367593
1.382664
1.382664
1.327299
1.327299
1.372273
1.372273
1.343114
1.343114
1.226462
1.226462
1.185319
1.185319
1.377869
1.377869
1.263226
1.263226
1.200064
1.200064
1.240703
1.240703
1.345065
1.345065
1.327048
1.327048
1.350720
1.350720
1.397644
1.397644
1.268213
1.268213
1.112079
1.112079
1.351320
1.351320
1.220664
1.220664
1.086224
1.086224
1.301502
1.301502
1.239389
1.239389
1.128637
1.128637
1.325671
1.325671
1.349545
1.349545
1.305435
1.305435
1.368294
1.368294
1.395959
1.395959
1.241769
1.241769
