1.337580
1.337580
1.211033
1.211033
1.341674
1.341674
1.326644
1.326644
1.145678
1.145678
1.381641
1.381641
1.393130
1.393130
1.212440
1.212440
1.360119
1.360119
1.276873
1.276873
1.248719
1.248719
1.264354
1.264354
1.344249
1.344249
1.072217
1.072217
1.246334
1.246334
1.240588
1.240588
1.284332
1.284332
1.245714
1.245714
1.394233
1.394233
1.271646
1.271646
1.245853
1.336216
1.245853
1.336216
1.393228
1.393228
1.366401
1.366401
1.143639
1.143639
1.390857
1.390857
1.187923
1.187923
1.348901
1.348901
1.325364
1.329444
1.325364
1.329444
1.103696
1.103696
1.361656
1.361656
1.231076
1.335181
1.231076
1.335181
1.125236
1.125236
1.206189
1.206189
1.187101
1.187101
1.287380
1.287380
1.310212
1.132225
1.310212
1.132225
1.225619
1.225619
1.388611
1.388611
1.379483
1.379483
1.270241
1.270241
1.284976
1.284976
1.275794
1.275794
1.232574
1.232574
1.367300
1.350505
1.367300
1.350505
1.386797
1.386797
1.111272
1.111272
1.367888
1.367888
1.278976
1.278976
1.273750
1.273750
1.359594
1.359594
1.258067
1.258067
1.090206
1.090206
1.275550
1.275550
1.274950
1.274950
1.311981
1.311981
1.345678
1.345678
1.333715
1.333715
1.384039
1.384039
1.241016
1.241016
1.373424
1.373424
1.285460
1.285460
1.355246
1.355246
1.252840
1.252840
1.254831
1.254831
1.292797
1.292797
1.376637
1.376637
1.321567
1.321567
1.085229
1.085229
1.314494
1.314494
1.234523
1.234523
1.336957
1.336957
1.198316
1.198316
1.259629
1.259629
1.284466
1.284466
1.339956
1.339956
1.283958
1.283958
1.389075
1.389075
1.304996
1.304996
1.267915
1.267915
1.257959
1.257959
1.182166
1.182166
1.301097
1.301097
1.381669
1.381669
1.360541
1.360541
1.392977
1.392977
1.327761
1.327761
1.363674
1.363674
1.275800
1.275800
1.192237
1.192237
1.100794
1.100794
1.125367
1.125367
1.278560
1.278560
1.154811
1.154811
1.343304
1.343304
1.345755
1.345755
1.307877
1.307877
1.300288
1.300288
1.366736
1.366736
1.279142
1.279142
1.282691
1.282691
1.358288
1.358288
1.335451
1.335451
1.322141
1.322141
1.063162
1.063162
1.083967
1.083967
1.203180
1.203180
1.230192
1.230192
1.375500
1.375500
1.221351
1.221351
1.311316
1.311316
1.383684
1.383684
1.285558
1.285558
1.255471
1.255471
1.151460
1.050877
1.050877
1.151460
1.303160
1.303160
1.195743
1.195743
1.360103
1.360103
1.291649
1.291649
1.159797
1.159797
1.329787
1.329787
1.320050
1.320050
1.335780
1.335780
1.010310
1.010310
1.293474
1.293474
1.166349
1.166349
1.261445
1.261445
1.063288
1.063288
1.250481
1.250481
1.389385
1.389385
1.240386
1.240386
1.090505
1.090505
1.388050
1.388050
1.113800
1.113800
1.306365
1.306365
1.386214
1.386214
1.286496
1.286496
1.212173
1.212173
1.399690
1.399690
1.291329
1.291329
1.338170
1.338170
1.387546
1.387546
1.381180
1.381180
1.335494
1.335494
1.376464
1.376464
1.326888
1.326888
1.188754
1.188754
1.394430
1.394430
1.202775
1.202775
1.377712
1.377712
1.349796
1.349796
1.391391
1.391391
1.186504
1.186504
1.217344
1.217344
1.192046
1.192046
1.246753
1.246753
1.339004
1.339004
1.363177
1.363177
1.294006
1.294006
1.157900
1.157900
1.310172
1.310172
1.344728
1.344728
1.113525
1.113525
1.117754
1.117754
1.259859
1.259859
1.363368
1.363368
1.194328
1.194328
1.268742
1.268742
1.347078
1.347078
1.318191
1.318191
1.325492
1.325492
1.318572
1.318572
1.367174
1.367174
1.350640
1.350640
1.389795
1.389795
1.317921
1.317921
1.381028
1.381028
1.085144
1.085144
1.372716
1.372716
1.364053
1.364053
1.327548
1.327548
1.245536
1.245536
1.294443
1.294443
1.158248
1.158248
1.358728
1.358728
1.354797
1.354797
1.391173
1.391173
1.163036
1.163036
1.235159
1.235159
1.185701
1.185701
1.270538
1.270538
1.300721
1.300721
1.281935
1.281935
1.380934
1.380934
1.046212
1.046212
1.377230
1.377230
1.242285
1.242285
1.153170
1.153170
1.371705
1.371705
1.367323
1.367323
1.286487
1.286487
1.355060
1.355060
1.195313
1.195313
1.353310
1.353310
1.359947
1.359947
1.399207
1.399207
1.166293
1.166293
1.118245
1.118245
1.153518
1.153518
1.306336
1.306336
1.271386
1.271386
1.282428
1.282428
1.227419
1.227419
1.175408
1.175408
1.331164
1.331164
1.346922
1.346922
1.050330
1.050330
1.306364
1.306364
1.389548
1.389548
1.340000
1.340000
1.248839
1.248839
1.112925
1.185128
1.185128
1.112925
1.316756
1.316756
1.221883
1.221883
1.276110
1.276110
1.036887
1.036887
1.352239
1.352239
1.202751
1.202751
1.322630
1.322630
1.322190
1.322190
1.278036
1.278036
1.382167
1.382167
1.173593
1.173593
1.109104
1.109104
1.117406
1.117406
1.394590
1.394590
1.124582
1.124582
1.106733
1.106733
1.392279
1.392279
1.282269
1.282269
1.173225
1.173225
1.336423
1.336423
1.367217
1.367217
1.393456
1.393456
1.144951
1.144951
1.276932
1.276932
1.352139
1.352139
1.264597
1.264597
1.387099
1.387099
1.317951
1.317951
1.157092
1.157092
1.388070
1.388070
1.362646
1.362646
1.394173
1.394173
1.347615
1.347615
1.281940
1.281940
1.386598
1.386598
1.268594
1.268594
1.346115
1.346115
1.154098
1.154098
1.173474
1.173474
1.377210
1.377210
1.326848
1.326848
1.381491
1.381491
1.151173
1.151173
1.307270
1.307270
1.363096
1.363096
1.076181
1.076181
1.392071
1.392071
1.366054
1.366054
1.313223
1.313223
1.281268
1.281268
1.348417
1.348417
1.022071
1.022071
1.362946
1.362946
1.369561
1.369561
1.257627
1.257627
1.291488
1.291488
1.236275
1.236275
1.265377
1.265377
1.351054
1.351054
1.199275
1.199275
1.364587
1.364587
1.287302
1.287302
1.335033
1.335033
1.354628
1.354628
1.296509
1.296509
1.210411
1.210411
1.232654
1.232654
1.362658
1.362658
1.210741
1.210741
1.273513
1.273513
1.337337
1.337337
1.267231
1.267231
1.205382
1.205382
1.357817
1.357817
1.363517
1.363517
1.350765
1.350765
1.307034
1.307034
1.324932
1.324932
1.372738
1.372738
1.364328
1.364328
1.123091
1.123091
1.334986
1.334986
1.398441
1.398441
1.224655
1.224655
1.315141
1.315141
1.136582
1.136582
1.189841
1.189841
1.059709
1.059709
1.380894
1.380894
1.077986
1.077986
1.361542
1.361542
