1.337726
1.337726
1.191527
1.191527
1.213109
1.213109
1.366509
1.366509
1.316329
1.316329
1.374683
1.374683
1.282486
1.282486
1.361744
1.361744
1.391270
1.391270
1.163430
1.163430
1.189411
1.189411
1.258445
1.258445
1.389881
1.389881
1.284489
1.284489
1.271670
1.271670
1.234528
1.234528
1.389632
1.389632
1.201725
1.201725
1.379529
1.379529
1.303499
1.303499
1.353000
1.353000
1.306163
1.306163
1.121130
1.121130
1.219406
1.219406
1.349014
1.341469
1.349014
1.341469
1.219406
1.219406
1.121130
1.121130
1.306163
1.306163
1.243467
1.243467
1.178951
1.178951
1.328160
1.328160
1.372741
1.372741
1.394242
1.375317
1.394242
1.375317
1.365840
1.365840
1.355428
1.355428
1.257746
1.257746
1.290928
1.290928
1.287882
1.287882
1.313323
1.313323
1.033808
1.033808
1.386607
1.386607
1.262150
1.262150
1.261200
1.261200
1.247296
1.247296
1.381522
1.381522
1.359308
1.359308
1.183104
1.183104
1.179740
1.179740
1.395985
1.263185
1.395985
1.263185
1.157735
1.157735
1.261688
1.261688
1.316483
1.316483
1.295313
1.295313
1.218680
1.218680
1.168584
1.168584
1.237662
1.237662
1.374646
1.374646
1.318112
1.318112
1.283499
1.283499
1.397211
1.397211
1.333431
1.333431
1.130824
1.130824
1.338702
1.338702
1.137030
1.137030
1.266797
1.266797
1.180080
1.180080
1.283403
1.283403
1.394142
1.394142
1.200937
1.200937
1.070251
1.070251
1.366174
1.366174
1.353573
1.353573
1.363114
1.363114
1.139744
1.139744
1.261446
1.261446
1.328545
1.328545
1.153102
1.153102
1.177033
1.177033
1.118596
1.118596
1.376519
1.376519
1.152081
1.152081
1.246148
1.246148
1.162779
1.162779
1.399140
1.399140
1.304905
1.304905
1.384687
1.384687
1.240034
1.240034
1.368214
1.368214
1.240649
1.240649
1.375138
1.375138
1.366628
1.366628
1.338178
1.338178
1.379473
1.379473
1.374133
1.374133
1.344769
1.344769
1.256061
1.256061
1.272749
1.272749
1.341726
1.341726
