1.331814
1.331814
1.248695
1.248695
1.320772
1.320772
1.367919
1.367919
1.226872
1.226872
1.295043
1.295043
1.256526
1.256526
1.203903
1.203903
1.350594
1.350594
1.354889
1.354889
1.382338
1.382338
1.362026
1.362026
1.306925
1.306925
1.150597
1.150597
1.322445
1.322445
1.273484
1.273484
1.371780
1.371780
1.022715
1.022715
1.217098
1.217098
1.304456
1.304456
1.387669
1.387669
1.340668
1.340668
1.308820
1.308820
1.240132
1.240132
1.274592
1.274592
1.350243
1.350243
1.014569
1.014569
1.277926
1.277926
1.368847
1.368847
1.321493
1.321493
1.090128
1.090128
1.245819
1.245819
1.253009
1.253009
1.037902
1.037902
1.278833
1.278833
1.342939
1.342939
1.231815
1.231815
1.308481
1.308481
1.270927
1.270927
1.340369
1.340369
1.258449
1.258449
1.384098
1.384098
1.266022
1.266022
1.273025
1.273025
1.335568
1.335568
1.295780
1.295780
1.268944
1.268944
1.385625
1.385625
1.259370
1.259370
1.272133
1.272133
1.236868
1.236868
1.220574
1.220574
1.390107
1.390107
1.210880
1.210880
1.336953
1.258318
1.336953
1.258318
1.278967
1.278967
1.370057
1.370057
1.349412
1.349412
1.348866
1.348866
1.006877
1.006877
1.081578
1.081578
1.147515
1.373552
1.373552
1.147515
1.317521
1.317521
1.393690
1.393690
1.159571
1.159571
1.081542
1.081542
1.369822
1.369822
1.069617
1.069617
1.348376
1.348376
1.270709
1.270709
1.261979
1.261979
1.349483
1.349483
1.331468
1.331468
1.304893
1.304893
1.294668
1.294668
1.265556
1.265556
1.306417
1.306417
1.109595
1.109595
1.252533
1.252533
1.302804
1.302804
1.244368
1.244368
1.188729
1.188729
1.350760
1.350760
1.222273
1.222273
1.378695
1.378695
1.263546
1.263546
1.257509
1.257509
1.339928
1.339928
1.334679
1.334679
1.273439
1.273439
1.154998
1.154998
1.223324
1.223324
1.349872
1.349872
1.384451
1.384451
1.325498
1.325498
1.370533
1.370533
1.303417
1.303417
1.303472
1.303472
1.096203
1.096203
1.322748
1.322748
