1.118791
1.118791
1.204775
1.204775
1.306491
1.306491
1.353861
1.353861
1.329752
1.329752
1.300060
1.300060
1.323510
1.323510
1.207369
1.207369
1.149238
1.149238
1.366078
1.366078
1.384038
1.384038
1.303275
1.303275
1.378470
1.378470
1.206593
1.206593
1.269927
1.269927
1.383988
1.383988
1.317891
1.317891
1.106891
1.106891
1.354075
1.354075
1.378129
1.378129
1.380745
1.380745
1.245892
1.245892
1.269912
1.269912
1.399339
1.399339
1.262189
1.262189
1.369893
1.369893
1.313903
1.313903
1.038690
1.038690
1.320661
1.320661
1.250920
1.250920
1.290414
1.204117
1.290414
1.204117
1.136164
1.136164
1.292972
1.292972
1.290392
1.290392
1.221435
1.221435
1.270694
1.270694
1.294965
1.294965
1.363038
1.363038
1.378346
1.378346
1.260047
1.260047
1.171941
1.171941
1.287768
1.287768
1.376270
1.376270
1.363612
1.363612
1.274406
1.274406
1.336686
1.336686
1.271891
1.271891
1.248025
1.248025
1.291876
1.291876
1.385342
1.385342
1.019247
1.019247
1.359563
1.359563
1.398370
1.398370
1.209840
1.209840
1.330537
1.330537
1.339033
1.339033
1.362843
1.362843
1.248984
1.248984
1.209506
1.209506
1.384598
1.384598
1.149433
1.149433
1.202348
1.202348
1.117239
1.117239
1.099201
1.099201
1.115772
1.115772
1.328010
1.328010
1.268796
1.268796
1.387708
1.387708
1.382914
1.382914
1.208707
1.208707
1.239148
1.239148
1.373157
1.373157
1.066986
1.066986
1.219824
1.219824
1.372510
1.372510
1.371017
1.371017
1.307948
1.307948
1.342563
1.342563
1.239504
1.239504
1.279534
1.279534
1.282817
1.282817
1.398085
1.398085
1.344502
1.344502
1.236415
1.236415
1.190419
1.190419
1.233136
1.233136
1.148185
1.148185
1.206016
1.206016
1.232681
1.232681
1.371025
1.371025
1.330559
1.330559
1.173750
1.173750
1.272562
1.272562
1.184798
1.184798
1.227565
1.227565
1.362380
1.362380
1.399016
1.399016
1.334407
1.334407
1.246011
1.246011
1.206371
1.206371
1.357524
1.357524
1.358400
1.358400
1.283951
1.283951
