1.201923
1.201923
1.394294
1.394294
1.356650
1.356650
1.302598
1.302598
1.186921
1.186921
1.061516
1.061516
1.146212
1.146212
1.359756
1.359756
1.371641
1.371641
1.303793
1.303793
1.350507
1.350507
1.123204
1.123204
1.142755
1.142755
1.168961
1.168961
1.341600
1.341600
1.365980
1.365980
1.258488
1.258488
1.173795
1.173795
1.284266
1.284266
1.351034
1.351034
1.366522
1.366522
1.314086
1.314086
1.233901
1.233901
1.320146
1.320146
1.267626
1.267626
1.267675
1.267675
1.214412
1.214412
1.217106
1.217106
1.375752
1.375752
1.255109
1.255109
1.387424
1.387424
1.208067
1.208067
1.349017
1.349017
1.397573
1.397573
1.200143
1.200143
1.295043
1.295043
1.310684
1.310684
1.289888
1.289888
1.394493
1.394493
1.100407
1.100407
1.359591
1.359591
1.363175
1.363175
1.217155
1.217155
1.108662
1.108662
1.067369
1.067369
1.182936
1.182936
1.356053
1.356053
1.391680
1.391680
1.295131
1.295131
1.347560
1.347560
1.282057
1.282057
1.138120
1.138120
1.287167
1.287167
1.229490
1.229490
1.225596
1.225596
1.194475
1.194475
1.158632
1.158632
1.295591
1.295591
1.126653
1.126653
1.363757
1.363757
1.385905
1.385905
1.179808
1.179808
1.233653
1.233653
1.366777
1.366777
1.190848
1.190848
1.363163
1.363163
1.205024
1.205024
1.145513
1.145513
1.207550
1.207550
1.368738
1.362286
1.368738
1.362286
1.068723
1.068723
1.341845
1.341845
1.192078
1.192078
1.164064
1.164064
1.212228
1.212228
1.136239
1.136239
1.382569
1.382569
1.199836
1.199836
1.380996
1.380996
1.339230
1.339230
