1.293891
1.293891
1.390298
1.390298
1.220947
1.220947
1.328097
1.328097
1.210052
1.210052
1.205466
1.205466
1.059338
1.059338
1.397212
1.397212
1.282063
1.282063
1.397280
1.397280
1.043881
1.043881
1.323329
1.323329
1.115921
1.115921
1.390872
1.390872
1.357116
1.357116
1.336689
1.336689
1.244946
1.244946
1.333997
1.333997
1.392340
1.392340
1.074788
1.074788
1.318423
1.318423
1.342313
1.342313
1.341606
1.341606
1.145705
1.145705
1.365426
1.365426
1.341617
1.341617
1.349958
1.349958
1.281689
1.281689
1.370556
1.370556
1.230839
1.230839
1.181868
1.181868
1.358151
1.358151
1.367997
1.367997
1.351429
1.351429
1.118538
1.118538
1.268119
1.268119
1.385171
1.385171
1.147228
1.147228
1.277035
1.277035
1.291693
1.291693
1.195358
1.195358
1.088303
1.088303
1.191581
1.191581
1.391031
1.391031
1.391133
1.391133
1.397977
1.397977
1.286752
1.286752
1.373007
1.373007
1.387394
1.387394
1.367080
1.367080
1.315485
1.315485
1.399969
1.399969
1.268123
1.268123
1.293158
1.293158
1.277172
1.277172
1.345461
1.345461
1.285841
1.285841
1.101857
1.101857
1.327939
1.327939
1.166006
1.166006
1.200467
1.200467
1.225235
1.225235
1.308330
1.308330
1.210628
1.210628
1.377906
1.377906
1.225677
1.225677
1.163460
1.163460
1.236147
1.236147
1.280472
1.280472
1.205592
1.205592
1.251557
1.251557
1.143203
1.143203
1.315145
1.315145
1.146237
1.146237
1.387403
1.387403
1.368579
1.368579
1.364109
1.364109
1.274519
1.274519
1.295428
1.295428
1.348489
1.348489
1.378693
1.378693
1.158025
1.158025
1.390947
1.390947
1.395421
1.395421
1.389839
1.389839
1.257973
1.257973
1.213838
1.213838
1.285719
1.285719
1.256185
1.256185
1.398137
1.398137
1.302627
1.302627
