1.294719
1.294719
1.377873
1.377873
1.278083
1.278083
1.340104
1.340104
1.386228
1.386228
1.368104
1.368104
1.300698
1.300698
1.369979
1.369979
1.392554
1.159753
1.392554
1.159753
1.220388
1.220388
1.389238
1.389238
1.141617
1.141617
1.330598
1.330598
1.385563
1.385563
1.396795
1.396795
1.266178
1.266178
1.281726
1.281726
1.325776
1.325776
1.056738
1.056738
1.346782
1.346782
1.160786
1.160786
1.346041
1.346041
1.336662
1.336662
1.380154
1.380154
1.298130
1.298130
1.393222
1.393222
1.397045
1.397045
1.347753
1.347753
1.202222
1.202222
1.233783
1.233783
1.315476
1.315476
1.393704
1.393704
1.295463
1.295463
1.326925
1.326925
1.211688
1.211688
1.338666
1.338666
1.396870
1.396870
1.381514
1.381514
1.239221
1.239221
1.248517
1.248517
1.303551
1.303551
1.388379
1.388379
1.254192
1.254192
1.392703
1.392703
1.211566
1.211566
1.334697
1.334697
1.236761
1.236761
1.323746
1.323746
1.321013
1.321013
1.147043
1.147043
1.399064
1.399064
1.364125
1.364125
1.386911
1.386911
1.113150
1.113150
1.162139
1.162139
1.388261
1.388261
1.380181
1.380181
1.150142
1.150142
1.394552
1.394552
1.316653
1.316653
1.361211
1.361211
1.369809
1.369809
1.315992
1.315992
1.335977
1.335977
1.096905
1.096905
1.219766
1.219766
1.137272
1.137272
1.330038
1.330038
1.371331
1.371331
1.261026
1.261026
1.308333
1.308333
1.054954
1.054954
1.191951
1.191951
1.263591
1.263591
1.353832
1.353832
1.313209
1.313209
1.369056
1.369056
1.140960
1.140960
1.306324
1.306324
1.172760
1.172760
1.361530
1.361530
1.351367
1.351367
1.226749
1.226749
1.255032
1.255032
1.322030
1.322030
1.364746
1.364746
1.309233
1.309233
1.324519
1.324519
1.144893
1.144893
1.397532
1.397532
1.357569
1.357569
1.273813
1.273813
