1.368395
1.368395
1.147365
1.147365
1.362903
1.362903
1.395113
1.395113
1.266958
1.266958
1.316214
1.316214
1.375705
1.375705
1.222629
1.222629
1.241292
1.241292
1.381250
1.381250
1.394159
1.394159
1.373362
1.373362
1.370360
1.370360
1.382067
1.382067
1.263193
1.263193
1.398959
1.398959
1.391641
1.391641
1.182614
1.182614
1.241503
1.241503
1.305805
1.305805
1.254863
1.254863
1.175341
1.175341
1.275244
1.275244
1.324642
1.324642
1.390124
1.390124
1.324043
1.324043
1.361759
1.361759
1.336142
1.336142
1.323876
1.323876
1.290262
1.290262
1.360568
1.360568
1.301593
1.301593
1.369051
1.369051
1.340643
1.340643
1.268372
1.268372
1.319544
1.319544
1.300939
1.300939
1.177336
1.177336
1.390387
1.390387
1.169471
1.169471
1.241373
1.241373
1.388784
1.388784
1.271596
1.271596
1.361213
1.361213
1.338195
1.338195
1.328846
1.328846
1.368328
1.368328
1.320325
1.320325
1.235721
1.235721
1.368849
1.368849
1.239361
1.239361
1.233724
1.233724
1.208644
1.208644
1.110221
1.110221
1.252852
1.252852
1.136626
1.136626
1.090268
1.090268
1.284296
1.284296
1.291244
1.291244
1.085505
1.085505
1.324607
1.324607
1.305249
1.305249
1.163644
1.163644
1.313259
1.313259
1.278833
1.278833
1.141574
1.141574
1.253307
1.253307
1.313757
1.313757
1.368918
1.368918
1.376013
1.376013
1.283447
1.283447
1.316765
1.316765
1.323280
1.323280
1.300524
1.300524
1.374676
1.374676
1.217950
1.217950
1.347538
1.347538
1.220885
1.220885
1.294119
1.294119
1.377228
1.377228
1.151515
1.151515
1.168194
1.168194
1.322681
1.322681
1.302585
1.302585
1.367467
1.367467
1.280064
1.280064
1.123976
1.123976
1.213363
1.213363
1.399954
1.399954
1.361607
1.361607
1.254617
1.254617
1.172033
1.172033
1.126404
1.126404
1.317548
1.317548
1.239635
1.239635
1.398739
1.398739
1.346507
1.346507
1.200551
1.200551
1.363302
1.363302
1.239773
1.239773
1.387626
1.387626
1.180166
1.180166
