1.364340
1.364340
1.372418
1.372418
1.393369
1.393369
1.156873
1.156873
1.370400
1.370400
1.310057
1.310057
1.350728
1.350728
1.371945
1.371945
1.393043
1.393043
1.283986
1.283986
1.054106
1.054106
1.371158
1.371158
1.360285
1.360285
1.355349
1.355349
1.277737
1.277737
1.363057
1.363057
1.191950
1.191950
1.318365
1.318365
1.363077
1.363077
1.104398
1.104398
1.217040
1.217040
1.248302
1.248302
1.387603
1.387603
1.380329
1.380329
1.398656
1.398656
1.383689
1.383689
1.291374
1.291374
1.364922
1.364922
1.093265
1.093265
1.153833
1.153833
1.333597
1.333597
1.372558
1.372558
1.144651
1.144651
1.273477
1.273477
1.376685
1.376685
1.322416
1.322416
1.389598
1.389598
1.227615
1.227615
1.313977
1.313977
1.367249
1.367249
1.214661
1.214661
1.189977
1.189977
1.263432
1.263432
1.283959
1.283959
1.332114
1.332114
1.279571
1.279571
1.110237
1.110237
1.327835
1.327835
1.283197
1.283197
1.396915
1.396915
1.318986
1.318986
1.387694
1.387694
1.286564
1.286564
1.294143
1.354364
1.294143
1.354364
1.323413
1.323413
1.341507
1.341507
1.246429
1.246429
1.102660
1.102660
1.064292
1.064292
1.296478
1.296478
1.272963
1.272963
1.124428
1.124428
1.359213
1.359213
1.262372
1.262372
1.377929
1.377929
1.349736
1.349736
1.335207
1.335207
1.268979
1.268979
1.387036
1.387036
1.394365
1.394365
1.277961
1.277961
1.364460
1.364460
1.272244
1.272244
1.264497
1.264497
1.352061
1.352061
1.144633
1.144633
1.072014
1.072014
1.390767
1.390767
1.275617
1.275617
1.357224
1.357224
1.261829
1.261829
1.384315
1.384315
1.391701
1.391701
1.248789
1.248789
1.388573
1.388573
1.220097
1.220097
1.278700
1.278700
1.329341
1.329341
1.140633
1.140633
1.184644
1.184644
1.385656
1.385656
1.364113
1.364113
1.398744
1.398744
1.266812
1.266812
1.376943
1.376943
1.385969
1.385969
1.090786
1.090786
1.284707
1.284707
1.307459
1.307459
