1.259292
1.111146
1.111146
1.259292
1.356331
1.356331
1.252642
1.252642
1.388142
1.226626
1.226626
1.388142
1.205881
1.205881
1.325706
1.325706
1.313861
1.313861
1.347608
1.347608
1.338033
1.338033
1.329322
1.329322
1.296509
1.296509
1.107170
1.107170
1.376763
1.376763
1.381487
1.381487
1.384239
1.384239
1.361531
1.361531
1.251678
1.251678
1.253346
1.253346
1.318599
1.318599
1.181539
1.181539
1.329264
1.329264
1.153964
1.153964
1.284833
1.284833
1.369675
1.369675
1.085713
1.085713
1.280279
1.280279
1.328418
1.328418
1.389369
1.389369
1.252092
1.252092
1.375895
1.375895
1.089632
1.089632
1.312722
1.312722
1.358481
1.358481
1.295547
1.295547
1.230954
1.230954
1.116845
1.116845
1.276239
1.276239
1.344546
1.344546
1.383500
1.383500
1.081299
1.081299
1.157295
1.157295
1.193221
1.193221
1.229907
1.229907
1.365037
1.365037
1.374202
1.374202
1.348810
1.348810
1.277727
1.277727
1.209390
1.209390
1.256559
1.256559
1.028985
1.028985
1.258820
1.258820
1.189310
1.189310
1.239052
1.239052
1.397096
1.397096
1.398287
1.398287
1.234984
1.234984
1.105210
1.105210
1.127152
1.127152
1.381215
1.381215
1.178849
1.178849
1.319148
1.319148
1.342368
1.342368
1.350990
1.350990
1.289563
1.289563
1.394781
1.394781
1.177282
1.177282
1.042058
1.042058
1.260502
1.260502
1.198248
1.198248
1.223801
1.223801
1.389057
1.389057
1.363529
1.363529
1.376017
1.376017
1.214325
1.214325
1.394137
1.394137
1.286192
1.286192
1.323563
1.323563
1.170433
1.170433
1.392978
1.392978
1.126945
1.126945
1.382405
1.382405
1.356499
1.356499
1.238427
1.238427
1.267764
1.267764
1.306181
1.306181
1.310620
1.310620
1.345391
1.345391
1.206088
1.206088
1.284894
1.284894
1.224489
1.224489
1.275625
1.275625
1.156968
1.156968
1.323392
1.323392
1.300104
1.300104
1.337568
1.337568
1.352363
1.352363
1.337468
1.337468
1.238674
1.238674
1.348335
1.348335
1.091099
1.091099
1.039021
1.039021
1.245771
1.245771
1.202295
1.202295
1.310889
1.310889
1.383746
1.383746
