1.276714
1.276714
1.394553
1.394553
1.378610
1.378610
1.345933
1.345933
1.301901
1.301901
1.231372
1.231372
1.351703
1.351703
1.364457
1.364457
1.284760
1.284760
1.208917
1.208917
1.273396
1.273396
1.168884
1.168884
1.350562
1.350562
1.354122
1.354122
1.391200
1.391200
1.141929
1.141929
1.390485
1.390485
1.140615
1.140615
1.226135
1.226135
1.334615
1.334615
1.197138
1.197138
1.398561
1.398561
1.150837
1.150837
1.121703
1.121703
1.333557
1.333557
1.379608
1.379608
1.326193
1.326193
1.318899
1.318899
1.388346
1.388346
1.170386
1.170386
1.285005
1.285005
1.364344
1.345295
1.345295
1.364344
1.199900
1.199900
1.391584
1.391584
1.378177
1.378177
1.398320
1.398320
1.252538
1.252538
1.197030
1.197030
1.274098
1.274098
1.382214
1.382214
1.029141
1.029141
1.359661
1.359661
1.265780
1.265780
1.318179
1.318179
1.372635
1.372635
1.232032
1.232032
1.267795
1.267795
1.360170
1.360170
1.334377
1.334377
1.341194
1.341194
1.324533
1.324533
1.382567
1.382567
1.116383
1.116383
1.224764
1.224764
1.259441
1.259441
1.280832
1.280832
1.279567
1.279567
1.080129
1.080129
1.366659
1.366659
1.300849
1.300849
1.173029
1.173029
1.137411
1.137411
1.311369
1.311369
1.391061
1.391061
1.330178
1.330178
1.307243
1.307243
1.205958
1.205958
1.238195
1.238195
1.204106
1.204106
1.191676
1.191676
1.279368
1.279368
1.298264
1.298264
1.321804
1.321804
1.286939
1.286939
1.394400
1.394400
1.381664
1.381664
1.374354
1.374354
1.391487
1.391487
1.199431
1.199431
1.179794
1.179794
1.275480
1.275480
1.268834
1.268834
1.129675
1.129675
1.292234
1.292234
1.302575
1.302575
1.380466
1.380466
1.290261
1.290261
1.392746
1.392746
1.359174
1.359174
1.268177
1.268177
1.328001
1.328001
1.390113
1.390113
1.371545
1.371545
1.156876
1.156876
1.339495
1.339495
1.094241
1.094241
1.311435
1.311435
