1.001680
1.010465
1.006444
1.013261
1.005150
1.008557
1.009871
1.009836
1.006322
1.003532
1.002058
1.008050
1.003039
1.004718
1.006433
1.008228
1.024736
1.008562
1.003897
1.013235
1.004133
1.004370
1.011646
1.015540
1.001321
1.005822
1.007567
1.005295
1.004712
1.000563
1.011718
1.005945
1.017371
1.014097
1.001741
1.010397
1.004556
1.008380
1.005030
1.009306
1.008577
1.004589
1.007392
1.012262
1.004517
1.012301
1.006901
1.006895
1.010799
1.015475
1.005278
1.019301
1.008200
1.011092
1.011594
1.012724
1.001000
1.008979
1.003697
1.006128
1.007921
1.007618
1.015995
1.006194
1.000713
1.007918
1.012809
1.013851
1.006764
1.012230
1.008332
1.010956
1.012563
1.009816
1.003859
1.019211
1.005928
1.010488
1.001242
1.006905
1.009816
1.012795
1.019063
1.010981
1.011207
1.021790
1.001817
1.006417
1.000144
1.004037
1.018648
1.013402
1.008395
1.006890
1.005471
1.009849
1.006788
1.013564
1.015483
1.009227
1.008319
1.017184
1.005750
1.011501
1.009986
1.004442
1.009857
1.013949
1.007413
1.011474
1.004906
1.002036
1.003833
1.001651
1.007514
1.020351
1.016313
1.006952
1.005539
1.011583
1.009223
1.005380
1.006110
1.012347
1.004364
1.012445
1.008140
1.004304
1.004962
1.006279
1.005862
1.007279
1.007865
1.002030
1.005569
1.001431
1.011083
1.006572
1.005151
1.008950
1.011139
1.011012
1.013763
1.004825
1.011894
1.000248
1.007252
1.011109
1.009346
1.005803
1.002583
1.007143
1.002804
1.001765
1.011379
1.011048
1.005604
1.008343
1.010016
1.005060
1.003329
1.004673
1.010209
1.006949
1.013012
1.002563
1.006667
1.008576
1.011207
1.002517
1.005152
1.004700
1.026457
1.007570
1.022424
1.010104
1.001408
1.013755
1.005179
1.014111
1.006773
1.001965
1.006334
1.001160
1.018303
1.015257
1.018862
1.004971
1.006722
1.015248
1.001260
1.011608
1.004898
1.007194
1.004618
1.005109
1.016684
1.008339
1.002714
1.007964
1.002433
1.005244
1.008066
1.009669
1.004989
1.009188
1.003962
1.007841
1.003239
1.009073
1.013053
1.008286
1.006504
1.008318
1.001532
1.005187
1.004004
1.006916
1.001895
1.006218
1.014227
1.006276
1.017807
1.003701
1.004076
1.016850
1.007966
1.008930
1.015527
1.008841
1.010386
1.014600
1.000599
1.014691
1.004917
1.005236
1.004936
1.007400
1.011354
1.004699
1.010645
1.009005
1.009004
1.010980
1.006360
1.013126
1.011249
1.010092
1.009927
1.011889
1.004318
1.003450
1.005918
1.013991
1.010744
1.014005
1.003838
1.004327
1.007800
1.006249
1.005862
1.010884
1.006378
1.008061
1.009895
1.004904
1.013739
1.004610
1.008440
1.024431
1.004732
1.003858
1.016044
1.003310
1.008479
1.004780
1.005430
1.002074
1.015393
1.003277
1.015001
1.006707
1.011601
1.011233
1.030146
1.010117
1.003729
1.013936
1.016007
1.005684
1.004855
1.012770
1.003665
1.011374
1.001694
1.014689
1.008279
1.011763
1.010322
1.014927
1.012075
1.003126
1.011255
1.016386
1.013366
1.014997
1.009280
1.008251
1.003446
1.005639
1.003515
1.005097
1.010306
1.011406
1.007842
1.009528
1.004167
1.005421
1.010263
1.009080
1.007035
1.004254
1.005850
1.013907
1.013340
1.009626
1.013558
1.017910
1.012575
1.009543
1.021221
1.010547
1.017133
1.008799
1.002291
1.005180
1.003723
1.008859
1.014035
1.009620
1.006983
1.010237
1.004999
1.005735
1.012978
1.014180
1.008579
1.008958
1.008712
1.001783
1.002456
1.007272
1.022496
1.003008
1.005764
1.004632
1.010788
1.004601
1.010756
1.008748
1.006672
1.001738
1.008443
1.016271
1.011927
1.003798
1.008088
1.018316
1.009619
1.008404
1.000519
1.009911
1.012247
1.008499
1.014184
1.004673
1.003372
1.010398
1.012952
1.008737
1.015842
1.001552
1.006506
1.007206
1.007551
1.012321
1.008859
1.016255
1.013677
1.010719
1.002088
1.007234
1.012180
1.006941
1.009843
1.007247
1.009286
1.014264
1.003522
1.007724
1.007312
1.001614
1.002370
1.012079
1.010643
1.006510
1.003087
1.015102
1.019866
1.014314
1.011961
1.004643
1.008592
1.021022
1.011107
1.007915
1.010359
1.005755
1.002628
1.015914
1.013055
1.004292
1.006752
1.001984
1.005654
1.010708
1.003847
1.006024
1.002511
1.002281
1.005174
1.012334
1.009205
1.010801
1.009124
1.003116
1.004446
1.007670
1.009017
1.013793
1.011055
1.005649
1.002809
1.006048
1.001042
1.007939
1.002882
1.009700
1.004413
1.006770
1.001874
1.011977
1.023518
1.017833
1.008616
1.001350
1.004224
1.009292
1.005119
1.019147
1.001638
1.004728
1.002869
1.015343
1.007865
1.009377
1.008519
1.005263
1.014279
1.006267
1.007335
1.013300
1.011584
1.002323
1.002048
1.022173
1.005475
1.001714
1.003602
1.006449
1.011897
1.005533
1.011695
1.004466
1.008162
1.005865
1.014590
1.010711
1.006726
1.003361
1.004783
1.005767
1.002250
1.006528
1.001666
1.014466
1.007344
1.016989
1.004926
1.006528
1.007220
1.012041
1.007513
1.005700
1.005777
1.006642
1.004169
1.009298
1.013875
1.005041
1.009318
1.004568
1.006479
1.007100
1.020090
1.006800
1.004182
1.007606
1.005523
1.004372
1.005728
1.006555
1.012632
1.009180
1.001706
1.002809
1.003647
1.005008
1.018855
1.004356
1.005461
1.007806
1.004890
1.001873
1.008350
1.010036
1.002836
1.020087
1.003651
1.007228
1.004535
1.009131
1.010499
1.011029
1.003326
1.006368
1.010269
1.024265
1.008917
1.008715
1.007966
1.006015
1.002338
1.018506
1.006837
1.006509
1.018860
1.007606
1.009005
1.015044
1.012367
1.007326
1.004684
1.003568
1.001242
1.009835
1.009676
1.011346
1.003079
1.004000
1.004128
1.006015
1.005945
1.001400
1.008813
1.007302
1.020766
1.003592
1.004452
1.011072
1.009078
1.009244
1.004873
1.004922
1.014667
1.007257
1.008044
1.007811
1.003666
1.006226
1.007789
1.002139
1.009509
1.008154
1.004106
1.007292
1.010904
1.004781
1.004330
1.001884
1.005708
1.001987
1.018080
1.006114
1.015304
1.006199
1.013455
1.007210
1.003326
1.001984
1.010835
1.010375
1.010357
1.009237
1.002586
1.010141
1.005340
1.015245
1.014237
1.021369
1.002580
1.010339
1.001050
1.011549
1.009733
1.009707
1.012203
1.007710
1.008834
1.002247
1.004664
1.010739
1.006503
1.010811
1.007247
1.010630
1.005140
1.013085
1.011719
1.002725
1.001345
1.009873
1.008172
1.014010
1.012226
1.012057
1.015186
1.010096
1.008681
1.005709
1.002069
1.006725
1.003833
1.013812
1.005102
1.004681
1.010277
1.009078
1.017599
1.011061
1.031046
1.006707
1.009775
1.008064
1.011706
1.011475
1.023862
1.012928
1.011094
1.018219
1.012337
1.005062
1.018774
1.003023
1.014241
1.003148
1.013904
1.006410
1.005608
1.018208
1.015460
1.007840
1.008875
1.006660
1.020382
1.005644
1.005652
1.010268
1.002424
1.009165
1.009470
1.015624
1.004081
1.010075
1.007240
1.007753
1.009008
1.012822
1.003692
1.011491
1.003782
1.003963
1.004168
1.007492
1.006968
1.002203
1.021043
1.009938
1.011622
1.001322
1.007231
1.014216
1.003096
1.011609
1.007236
1.005587
1.008279
1.005507
1.010116
1.017027
1.004231
1.012422
1.006991
1.005507
1.007683
1.012846
1.017379
1.010689
1.015956
1.010181
1.020524
1.004359
1.006278
1.000139
1.015492
1.013084
1.002437
1.000735
1.015016
1.004324
1.011886
1.008683
1.006498
1.004050
1.001596
1.008077
1.010866
1.009258
1.012023
1.010202
1.021284
1.007920
1.012692
1.013129
1.008151
1.011302
1.006140
1.004128
1.006303
1.012141
1.016605
1.009772
1.012279
1.004566
1.005361
1.007541
1.010857
1.008650
1.016234
1.025054
1.007058
1.007059
1.014666
1.013701
1.005921
1.008349
1.007053
1.011067
1.016970
1.007893
1.008778
1.007938
1.005596
1.007222
1.005326
1.008315
1.009289
1.005025
1.005268
1.007459
1.014863
1.003803
1.013152
1.016630
1.007117
1.016089
1.001951
1.007956
1.017454
1.008550
1.012067
1.004782
1.007302
1.014821
1.009195
1.006142
1.007930
1.002892
1.012748
1.012645
1.003670
1.010508
1.008175
1.009686
1.004619
1.010708
1.023188
1.005513
1.000760
1.005005
1.020544
1.011729
1.011437
1.012878
1.009273
1.006827
1.002618
1.010859
1.011321
1.007531
1.003458
1.005332
1.004967
1.003487
1.016747
1.000492
1.005141
1.006631
1.011068
1.009856
1.011535
1.013028
1.009595
1.010186
1.018583
1.011582
1.009502
1.003106
1.002543
1.018947
1.011858
1.013038
1.012466
1.007457
1.008464
1.018593
1.005258
1.015467
1.001010
1.008932
1.007183
1.004598
1.007291
1.007476
1.014041
1.007849
1.010831
1.011642
1.010362
1.006248
1.007370
1.002260
1.005780
1.007623
1.021668
1.003140
1.007473
1.011170
1.008345
1.010525
1.005664
1.009649
1.003487
1.010206
1.001273
1.002971
1.010984
1.007025
1.003989
1.003042
1.004099
1.000926
1.007002
1.016218
1.003241
1.023537
1.004531
1.006431
1.004094
1.016438
1.012315
1.009100
1.004415
1.013287
1.004802
1.003164
1.014148
1.001624
1.002975
1.016750
1.004290
1.007498
1.012528
1.005176
1.001353
1.005442
1.004388
1.002279
1.007626
1.006787
1.005687
1.013927
1.004199
1.001743
1.008009
1.007889
1.010506
1.009948
1.007466
1.007819
1.002243
1.012685
1.021299
1.010180
1.011155
1.004570
1.014822
1.005639
1.006172
1.011901
1.005903
1.013196
1.008302
1.003121
1.002372
1.005186
1.008651
1.010264
1.022124
1.017140
1.008476
1.005962
1.019842
1.007096
1.009915
1.005780
1.007665
1.013131
1.001280
1.001238
1.005150
1.015435
1.011546
1.011526
1.003944
1.011038
1.012246
1.004089
1.006689
1.003323
1.013495
1.008121
1.008855
1.010025
1.005124
1.003970
1.007714
1.012091
1.013594
1.011929
1.012840
1.012245
1.008520
1.009841
1.013193
1.004622
1.013300
1.003185
1.018157
1.012721
1.006731
1.007606
1.003442
1.006353
1.009033
1.006085
1.012389
1.015096
1.002464
1.018213
