1.014606
1.005003
1.008711
1.009719
1.018381
1.013579
1.011366
1.016417
1.003817
1.013711
1.006784
1.005483
1.005979
1.012314
1.003910
1.001761
1.011491
1.004837
1.009434
1.010726
1.005563
1.006082
1.001670
1.001957
1.008895
1.011845
1.008129
1.008171
1.002215
1.003394
1.012244
1.007982
1.008710
1.004781
1.003920
1.006138
1.006193
1.008816
1.006952
1.005848
1.005554
1.003746
1.006161
1.013679
1.009388
1.006761
1.010475
1.006986
1.003671
1.011014
1.012820
1.006286
1.007585
1.020398
1.013328
1.012125
1.005571
1.011508
1.010021
1.016120
1.018580
1.017012
1.018016
1.005951
1.003750
1.003253
1.002007
1.012404
1.012980
1.002769
1.005558
1.009432
1.003551
1.009188
1.000902
1.004754
1.003594
1.006148
1.008250
1.004221
1.011619
1.006903
1.017436
1.005805
1.001880
1.008579
1.013243
1.006739
1.007520
1.007875
1.016311
1.006724
1.008384
1.007493
1.007439
1.007194
1.010713
1.008953
1.016853
1.013122
1.008766
1.005465
1.007947
1.006520
1.005651
1.016376
1.012642
1.005588
1.004208
1.011485
1.001390
1.004287
1.005646
1.004337
1.008286
1.013406
1.012405
1.011548
1.006877
1.002020
1.002546
1.014668
1.007878
1.005460
1.006509
1.017841
1.011119
1.009465
1.013580
1.005501
1.014804
1.020041
1.005543
1.003592
1.007034
1.005976
1.016096
1.017147
1.008354
1.001844
1.007112
1.006438
1.005631
1.005857
1.009913
1.009620
1.009414
1.009712
1.004551
1.007365
1.007110
1.015231
1.000612
1.011918
1.007187
1.001804
1.005933
1.017122
1.009532
1.019382
1.006237
1.011418
1.008784
1.004151
1.018365
1.008763
1.006657
1.009581
1.003915
1.010515
1.011707
1.018045
1.013535
1.010849
1.020514
1.016634
1.009564
1.007358
1.008359
1.010233
1.005686
1.010662
1.006385
1.010548
1.008890
1.009018
1.013206
1.007914
1.007104
1.010736
1.001618
1.002182
1.012741
1.016660
1.008903
1.013879
1.010187
1.009260
1.006031
1.011804
1.004986
1.004531
1.008751
1.006331
1.007180
1.019609
1.020325
1.009655
1.007939
1.006010
1.008106
1.009855
1.020940
1.018358
1.009390
1.007403
1.009256
1.011232
1.005090
1.007036
1.007007
1.005147
1.007548
1.003371
1.008549
1.004967
1.013095
1.008608
1.010963
1.012692
1.021977
1.002992
1.010986
1.012423
1.008895
1.002140
1.014526
1.014492
1.021755
1.016973
1.008280
1.012860
1.010708
1.012846
1.006210
1.012791
1.006675
1.011727
1.012461
1.005245
1.002588
1.007611
1.006125
1.015138
1.004800
1.006794
1.008680
1.001128
1.012673
1.006938
1.007416
1.003627
1.003759
1.007332
1.012298
1.009002
1.006207
1.003353
1.008628
1.007082
1.008346
1.004315
1.003472
1.007541
1.011932
1.020842
1.010276
1.009605
1.006383
1.007570
1.009743
1.012551
1.001088
1.007900
1.007866
1.008758
1.007801
1.013935
1.009440
1.005632
1.012431
1.004127
1.010079
1.009922
1.009963
1.012709
1.005229
1.001965
1.011239
1.011574
1.003465
1.013064
1.006896
1.007863
1.013442
1.009205
1.010423
1.001708
1.014443
1.009725
1.012672
1.018703
1.012876
1.015841
1.011358
1.015152
1.009201
1.003875
1.006831
1.017839
1.004276
1.008846
1.006733
1.007951
1.005154
1.006436
1.002460
1.004964
1.016184
1.012555
1.012144
1.009963
1.014251
1.011908
1.018727
1.007005
1.009758
1.006061
1.005396
1.009262
1.008416
1.010314
1.006102
1.014125
1.003279
1.007408
1.007931
1.013825
1.007240
1.010595
1.004752
1.009406
1.022133
1.011256
1.005760
1.014566
1.006329
1.008021
1.007204
1.003867
1.015670
1.013955
1.017646
1.005997
1.001747
1.005251
1.013233
1.016377
1.011995
1.004019
1.001395
1.007565
1.004963
1.007231
1.009231
1.001785
1.003269
1.008480
1.014724
1.016645
1.009063
1.007331
1.007098
1.001199
1.014932
1.003530
1.009002
1.002083
1.003721
1.012044
1.010773
1.005210
1.006074
1.004330
1.008361
1.005429
1.005963
1.015174
1.009160
1.005694
1.002820
1.002230
1.012517
1.002268
1.019243
1.016772
1.004832
1.009762
1.008288
1.013295
1.007837
1.004603
1.005945
1.005005
1.005034
1.009439
1.002234
1.014768
1.005393
1.017054
1.012591
1.007887
1.016849
1.002100
1.014175
1.007293
1.012750
1.007903
1.008940
1.012563
1.005036
1.019425
1.006839
1.007474
1.004453
1.007136
1.001889
1.003829
1.028264
1.015003
1.005434
1.015827
1.004840
1.002592
1.003059
1.005365
1.004850
1.008191
1.008611
1.008110
1.012207
1.006603
1.007382
1.012625
1.007570
1.001119
1.028287
1.008386
1.007823
1.021038
1.012921
1.007882
1.006738
1.013682
1.008284
1.003992
1.007380
1.017385
1.002515
1.009076
1.004027
1.003121
1.010738
1.007983
1.006342
1.028723
1.011045
1.008054
1.007956
1.009047
1.001732
1.003163
1.010040
1.005577
1.018433
1.011913
1.006956
1.004769
1.003494
1.013350
1.002248
1.004740
1.004127
1.011443
1.007707
1.003768
1.006387
1.012796
1.000960
1.001868
1.006177
1.005020
1.010652
1.014413
1.011232
1.006180
1.007092
1.003960
1.014294
1.004510
1.003597
1.004878
1.011678
1.006223
1.012152
1.006389
1.006796
1.019846
1.001844
1.001457
1.008968
1.009885
1.024717
1.004459
1.015189
1.008551
1.009335
1.010300
1.009430
1.005503
1.011602
1.008921
1.018179
1.002353
1.019954
1.005274
1.007036
1.015143
1.011387
1.016400
1.008256
1.009454
1.013874
1.006009
1.002758
1.006180
1.001591
1.009542
1.014045
1.010331
1.011891
1.013467
1.017792
1.009496
1.010880
1.001493
1.003359
1.011025
1.006373
1.004838
1.006801
1.015056
1.007570
1.008741
1.010526
1.007029
1.005138
1.007556
1.008766
1.007454
1.005683
1.000832
1.019476
1.003779
1.009201
1.009851
1.008366
1.010981
1.017567
1.005330
1.007380
1.008484
1.007563
1.015320
1.007278
1.012402
1.005131
1.001385
1.001617
1.009000
1.020222
1.012744
1.014227
1.003195
1.004961
1.008897
1.002267
1.007352
1.004902
1.017236
1.001749
1.005292
1.009079
1.007045
1.011961
1.002662
1.021930
1.008042
1.002806
1.004874
1.020042
1.006951
1.002097
1.004260
1.001668
1.005616
1.014289
1.010697
1.002570
1.000375
1.007490
1.009692
1.004294
1.003165
1.007518
1.012544
1.015921
1.009329
1.003875
1.004164
1.006544
1.007995
1.003633
1.005982
1.010282
1.007531
1.010523
1.003966
1.008403
1.019601
1.021811
1.002162
1.007798
1.003418
1.002200
1.007498
1.016639
1.002403
1.004895
1.010233
1.005052
1.006730
1.010449
1.009536
1.003039
1.006865
1.007800
1.004695
1.010038
1.008758
1.014667
1.011060
1.008240
1.009257
1.003052
1.015068
1.003406
1.008448
1.018464
1.007989
1.007230
1.005248
1.005805
1.002630
1.004304
1.011509
1.004717
1.013171
1.007287
1.005783
1.012327
1.009251
1.011857
1.007352
1.004663
1.006016
1.009186
1.000458
1.001320
1.003736
1.008756
1.009588
1.004622
1.007547
1.008373
1.013681
1.011993
1.007012
1.001993
1.003209
1.003061
1.005100
1.003793
1.004985
1.007623
1.007028
1.011354
1.017724
1.006461
1.007996
1.009174
1.010076
1.005425
1.004669
1.002058
1.015582
1.009026
1.005518
1.010795
1.009956
1.003091
1.001580
1.003292
1.005493
1.006625
1.007941
1.013744
1.013335
1.001840
1.013634
1.003503
1.024894
1.004126
1.011701
1.016358
1.015074
1.008469
1.008604
1.004913
1.007500
1.000694
1.002173
1.008163
1.019043
1.008650
1.011303
1.003405
1.003746
1.005149
1.011333
1.005593
1.001204
1.015431
1.007235
1.014271
1.011232
1.013523
1.009192
1.007587
1.008007
1.016921
1.011117
1.007813
1.003577
1.007329
1.003900
1.007904
1.011293
1.002907
1.012589
1.003766
1.006204
1.015264
1.003326
1.007349
1.004981
1.002451
1.002547
1.013042
1.011539
1.002974
1.017821
1.014143
1.005293
1.005958
1.006099
1.010529
1.009259
1.006364
1.010046
1.006922
1.007199
1.006877
1.019384
1.009595
1.012943
1.009206
1.003663
1.009592
1.007239
1.015136
1.003657
1.013301
1.003080
1.004357
1.007191
1.009843
1.009745
1.001694
1.004750
1.003698
1.006849
1.005566
1.003466
1.004181
1.003968
1.014736
1.004431
1.011047
1.003131
1.007882
1.004259
1.004092
1.010700
1.006004
1.004902
1.007684
1.013724
1.010864
1.007813
1.005737
1.019763
1.010662
1.006551
1.002389
1.011686
1.009140
1.005132
1.008123
1.006931
1.008566
1.002374
1.006252
1.009916
1.012208
1.001296
1.011583
1.007043
1.009724
1.011916
1.012690
1.004945
1.011357
1.006806
1.010054
1.004352
1.010852
1.007651
1.012082
1.014379
1.009211
1.005108
1.007489
1.016141
1.008708
1.013948
1.006868
1.009632
1.002353
1.012897
1.000906
1.011255
1.003558
1.008480
1.008139
1.009723
1.004103
1.006390
1.010125
1.005214
1.007505
1.005980
1.003743
1.006711
1.010466
1.017896
1.003951
1.011090
1.006593
1.007348
1.004440
1.005426
1.001926
1.008556
1.009011
1.008939
1.003418
1.008940
1.019766
1.017499
1.007837
1.004826
1.005113
1.009748
1.004054
1.008805
1.004886
1.007203
1.017015
1.002046
1.004956
1.004600
1.005294
1.010794
1.012343
1.007253
1.007289
1.005605
1.007371
1.007867
1.003767
1.009959
1.003774
1.019555
1.002795
1.005577
1.018664
1.006353
1.003117
1.007094
1.010489
1.010818
1.012848
1.006475
1.008303
1.012079
1.005514
1.008904
1.013054
1.010094
1.012515
1.008391
1.013409
1.013260
1.006643
1.011745
1.015312
1.008697
1.007571
1.013582
1.004476
1.009131
1.009937
1.002494
1.006562
1.005573
1.005222
1.008978
1.011094
1.006069
1.012425
1.005714
1.022725
1.012611
1.001243
1.010972
1.010250
1.011181
1.006663
1.008688
1.009230
1.008564
1.008075
1.018459
1.010090
1.011971
1.003232
1.002908
1.014168
1.008919
1.005276
1.013623
1.002354
1.011345
1.005257
1.008380
1.011847
1.004958
1.001098
1.006449
1.007092
1.004243
1.000404
1.006777
1.000412
1.011774
1.006949
1.001841
1.007219
1.002905
