1.330420
1.330420
1.338134
1.338134
1.387258
1.387258
1.230929
1.230929
1.398935
1.398935
1.239848
1.239848
1.346750
1.346750
1.340882
1.340882
1.074551
1.074551
1.304439
1.219280
1.304439
1.219280
1.258666
1.258666
1.315886
1.315886
1.115011
1.115011
1.371570
1.371570
1.180408
1.180408
1.288545
1.288545
1.345351
1.345351
1.203036
1.203036
1.311175
1.311175
1.330512
1.330512
1.169833
1.169833
1.385307
1.385307
1.293517
1.293517
1.339827
1.339827
1.231550
1.231550
1.369356
1.369356
1.051286
1.051286
1.388668
1.388668
1.297715
1.297715
1.314156
1.314156
1.388618
1.388618
1.320682
1.320682
1.289605
1.289605
1.375067
1.375067
1.246591
1.246591
1.323530
1.323530
1.237000
1.237000
1.244086
1.244086
1.339244
1.339244
1.325835
1.325835
1.384981
1.384981
1.378559
1.378559
1.116495
1.116495
1.250928
1.250928
1.261397
1.261397
1.167527
1.167527
1.365667
1.365667
1.312946
1.312946
1.095218
1.095218
1.113231
1.113231
1.084330
1.084330
1.292892
1.292892
1.351135
1.351135
1.243924
1.243924
1.297250
1.297250
1.119744
1.119744
1.381307
1.381307
1.299039
1.299039
1.345632
1.345632
1.350183
1.350183
1.372238
1.372238
1.281996
1.281996
1.387315
1.387315
1.380556
1.380556
1.186864
1.186864
1.331249
1.331249
1.201173
1.201173
1.253857
1.253857
1.299969
1.299969
1.236234
1.236234
1.372014
1.372014
1.346592
1.346592
1.274432
1.274432
1.342394
1.342394
1.277946
1.277946
1.249287
1.249287
1.340086
1.340086
1.392057
1.392057
1.192197
1.192197
1.371513
1.371513
1.340215
1.340215
1.394198
1.394198
1.315568
1.315568
1.207811
1.207811
1.186045
1.186045
1.296475
1.296475
1.348734
1.348734
1.271686
1.271686
1.206687
1.206687
1.194981
1.194981
1.176516
1.176516
1.329883
1.329883
1.192821
1.192821
1.207293
1.207293
1.295691
1.295691
1.370470
1.370470
1.324737
1.324737
1.334914
1.334914
1.204863
1.204863
1.386941
1.386941
1.301101
1.301101
1.226550
1.226550
1.292444
1.292444
1.293216
1.293216
1.095190
1.095190
1.127433
1.127433
1.207676
1.207676
1.372523
1.372523
1.356081
1.356081
1.264512
1.264512
1.123685
1.123685
1.387519
1.387519
1.377923
1.377923
1.189245
1.189245
1.299893
1.299893
1.057257
1.057257
1.205524
1.205524
1.384109
1.384109
1.384398
1.384398
1.308501
1.308501
1.392216
1.392216
1.199239
1.199239
1.299247
1.299247
1.186344
1.186344
1.263778
1.263778
1.235481
1.235481
1.331269
1.331269
1.029095
1.029095
1.399982
1.399982
1.386621
1.386621
1.093595
1.093595
1.262116
1.262116
1.304066
1.304066
1.291590
1.291590
1.127345
1.127345
1.369034
1.369034
1.131313
1.131313
1.399519
1.399519
1.390183
1.390183
1.326220
1.326220
1.367108
1.367108
1.200336
1.200336
1.285775
1.285775
1.235041
1.235041
1.178053
1.397043
1.178053
1.397043
1.384347
1.384347
1.252668
1.252668
1.182390
1.182390
1.336579
1.336579
1.344049
1.344049
1.088275
1.088275
1.335449
1.335449
1.320430
1.320430
1.182385
1.182385
1.288479
1.288479
1.293849
1.293849
1.239539
1.239539
1.223997
1.223997
1.360670
1.360670
1.379504
1.379504
1.353370
1.353370
1.393321
1.393321
1.228902
1.228902
1.134214
1.134214
1.362055
1.362055
1.393112
1.393112
1.282561
1.282561
1.147335
1.147335
1.263583
1.263583
1.159749
1.159749
1.346857
1.346857
1.394783
1.394783
1.339534
1.339534
1.350591
1.350591
1.188546
1.188546
1.391488
1.391488
1.358054
1.358054
1.052811
1.052811
1.317570
1.317570
1.203373
1.203373
1.147329
1.147329
1.385731
1.385731
1.333138
1.333138
1.298861
1.298861
1.276214
1.276214
1.381118
1.381118
1.225694
1.225694
1.387355
1.387355
1.072636
1.072636
1.281047
1.281047
1.381327
1.381327
1.262683
1.262683
1.271693
1.271693
1.115249
1.115249
1.296620
1.296620
1.277950
1.277950
1.317500
1.317500
1.294952
1.294952
1.322659
1.322659
1.171609
1.171609
1.362924
1.362924
1.230888
1.230888
1.236371
1.236371
1.322084
1.322084
1.361835
1.361835
1.316591
1.316591
1.375229
1.375229
