1.391946
1.391946
1.159382
1.159382
1.157388
1.157388
1.284895
1.284895
1.088196
1.088196
1.333040
1.333040
1.289206
1.289206
1.178117
1.178117
1.307095
1.307095
1.187565
1.187565
1.274956
1.274956
1.354242
1.354242
1.320823
1.320823
1.360642
1.360642
1.325453
1.325453
1.197250
1.197250
1.386571
1.386571
1.392184
1.392184
1.202470
1.202470
1.354090
1.393541
1.393541
1.354090
1.396372
1.396372
1.269075
1.269075
1.384114
1.384114
1.252913
1.252913
1.301724
1.301724
1.111840
1.111840
1.271690
1.271690
1.321291
1.321291
1.271625
1.271625
1.169857
1.169857
1.303533
1.303533
1.310352
1.310352
1.134866
1.134866
1.277509
1.277509
1.352300
1.352300
1.170789
1.170789
1.218346
1.218346
1.388362
1.388362
1.365923
1.365923
1.159685
1.159685
1.301377
1.301377
1.081504
1.081504
1.331569
1.331569
1.120020
1.120020
1.364527
1.364527
1.362717
1.362717
1.326633
1.326633
1.208032
1.208032
1.380810
1.380810
1.200477
1.311943
1.200477
1.311943
1.162143
1.162143
1.378120
1.378120
1.163169
1.163169
1.162155
1.162155
1.309817
1.309817
1.261457
1.261457
1.145656
1.145656
1.282982
1.282982
1.389144
1.389144
1.388203
1.388203
1.104518
1.104518
1.386090
1.386090
1.217477
1.313458
1.217477
1.313458
1.333866
1.333866
1.386315
1.386315
1.261050
1.261050
1.252756
1.252756
1.363172
1.363172
1.286268
1.286268
1.257717
1.257717
1.188592
1.188592
1.220951
1.220951
1.359111
1.359111
1.175691
1.175691
1.310600
1.310600
1.250681
1.250681
1.382907
1.382907
1.277902
1.277902
1.337482
1.337482
1.082832
1.082832
1.369987
1.369987
1.307736
1.307736
1.143363
1.143363
1.309025
1.309025
1.399348
1.399348
1.365107
1.365107
1.377613
1.377613
1.262353
1.262353
1.026756
1.026756
1.138832
1.138832
1.287900
1.287900
1.393690
1.393690
1.270700
1.270700
1.388222
1.388222
1.224008
1.224008
1.142169
1.142169
1.300831
1.300831
1.389801
1.389801
1.366571
1.366571
1.278886
1.278886
1.296349
1.296349
1.396584
1.396584
1.173405
1.173405
1.195577
1.195577
1.289711
1.289711
1.380701
1.380701
1.381343
1.381343
1.285589
1.285589
1.363229
1.363229
1.366096
1.366096
1.299376
1.299376
1.187285
1.187285
1.341232
1.341232
1.357052
1.357052
1.244303
1.244303
1.315310
1.315310
1.085427
1.085427
1.379136
1.379136
1.174132
1.174132
1.394649
1.394649
1.290928
1.290928
1.254911
1.254911
1.357389
1.357389
1.299060
1.299060
1.135100
1.135100
1.329188
1.329188
1.295455
1.295455
1.394590
1.394590
1.093688
1.093688
1.164872
1.164872
1.360054
1.360054
1.284919
1.284919
1.186333
1.186333
1.360117
1.360117
1.362997
1.362997
1.329958
1.329958
1.353936
1.353936
1.251913
1.251913
1.381623
1.381623
1.332814
1.332814
1.112691
1.112691
1.340673
1.340673
1.254952
1.254952
1.237525
1.237525
1.095317
1.095317
1.343517
1.343517
1.302366
1.302366
1.115585
1.115585
1.350183
1.350183
1.102708
1.102708
1.354648
1.354648
1.312932
1.312932
1.350112
1.350112
1.328492
1.328492
1.371016
1.371016
