1.391772
1.391772
1.373273
1.373273
1.114259
1.114259
1.357861
1.357861
1.399222
1.399222
1.364601
1.364601
1.278939
1.143750
1.143750
1.278939
1.317186
1.317186
1.151957
1.349676
1.349676
1.151957
1.357097
1.357097
1.246928
1.246928
1.332129
1.332129
1.366711
1.366711
1.149220
1.149220
1.363502
1.363502
1.396414
1.396414
1.330744
1.320258
1.320258
1.330744
1.391413
1.391413
1.374805
1.374805
1.279471
1.279471
1.205320
1.205320
1.385832
1.385832
1.293300
1.293300
1.261294
1.261294
1.340203
1.340203
1.232375
1.232375
1.326062
1.326062
1.379322
1.379322
1.342541
1.342541
1.342466
1.342466
1.338789
1.338789
1.254447
1.254447
1.152445
1.152445
1.301257
1.301257
1.388523
1.388523
1.253008
1.253008
1.308996
1.308996
1.299172
1.299172
1.321413
1.321413
1.250139
1.250139
1.074222
1.074222
1.284947
1.284947
1.267965
1.267965
1.209277
1.209277
1.388988
1.388988
1.359012
1.359012
1.397836
1.397836
1.392656
1.392656
1.349463
1.349463
1.270981
1.270981
1.343059
1.343059
1.388499
1.388499
1.290346
1.363368
1.290346
1.363368
1.125912
1.125912
1.350760
1.350760
1.351950
1.351950
1.311248
1.311248
1.361157
1.361157
1.369087
1.369087
1.327149
1.327149
1.333681
1.333681
1.335729
1.335729
1.370184
1.370184
1.283435
1.283435
1.354839
1.354839
1.219095
1.219095
1.299911
1.299911
1.329068
1.329068
1.323144
1.323144
1.219801
1.219801
1.360895
1.360895
1.200965
1.200965
1.370100
1.370100
1.392938
1.392938
1.350472
1.350472
1.389693
1.389693
1.348198
1.348198
1.394857
1.394857
1.343143
1.343143
1.395674
1.395674
1.391376
1.391376
1.181562
1.181562
1.336605
1.336605
1.398963
1.289234
1.398963
1.289234
1.337025
1.337025
1.303456
1.303456
1.348706
1.348706
1.385176
1.385176
1.131721
1.131721
1.360920
1.360920
1.351507
1.351507
1.053371
1.053371
1.396255
1.396255
1.204127
1.204127
1.327071
1.327071
1.395959
1.395959
1.364666
1.364666
1.184484
1.184484
1.172141
1.172141
1.277930
1.370091
1.370091
1.277930
1.219177
1.219177
1.034389
1.034389
1.372560
1.372560
1.371593
1.371593
1.343647
1.343647
1.233049
1.233049
1.115816
1.115816
1.342495
1.342495
1.383574
1.383574
1.251967
1.251967
1.302588
1.302588
1.389776
1.389776
1.127673
1.127673
1.299510
1.299510
1.386582
1.386582
1.206655
1.206655
1.362430
1.362430
1.374573
1.374573
1.343715
1.343715
1.187797
1.187797
1.276200
1.276200
1.352052
1.352052
1.351137
1.351137
1.397652
1.397652
1.355502
1.355502
1.381142
1.381142
1.139346
1.139346
1.226936
1.226936
1.327772
1.327772
1.178608
1.178608
1.393990
1.393990
1.244836
1.244836
1.294253
1.294253
1.196706
1.196706
1.375208
1.375208
1.347721
1.347721
1.383722
1.383722
1.387921
1.387921
1.365231
1.365231
1.226785
1.226785
1.155379
1.155379
1.375067
1.375067
1.040881
1.040881
1.176391
1.176391
1.393300
1.393300
1.392434
1.392434
1.382610
1.382610
1.251141
1.251141
1.175386
1.175386
1.379177
1.379177
1.364197
1.364197
1.273383
1.273383
1.140438
1.140438
1.192754
1.192754
1.350960
1.350960
1.375676
1.375676
1.210656
1.210656
1.273990
1.273990
1.277676
1.277676
1.153656
1.153656
1.355514
1.355514
1.183264
1.183264
1.229778
1.229778
