1.324639
1.324639
1.223180
1.223180
1.158699
1.158699
1.333073
1.333073
1.328672
1.328672
1.192186
1.192186
1.322190
1.322190
1.285756
1.285756
1.222517
1.222517
1.347646
1.347646
1.134330
1.134330
1.352240
1.352240
1.370985
1.370985
1.390900
1.390900
1.243310
1.243310
1.155697
1.155697
1.169408
1.169408
1.275441
1.275441
1.324117
1.324117
1.226756
1.226756
1.245321
1.245321
1.120695
1.120695
1.263850
1.263850
1.396602
1.396602
1.292496
1.319634
1.319634
1.292496
1.278537
1.278537
1.108433
1.108433
1.318972
1.318972
1.306690
1.306690
1.362565
1.362565
1.299706
1.299706
1.060774
1.060774
1.324716
1.324716
1.105280
1.105280
1.171904
1.171904
1.324319
1.324319
1.399952
1.399952
1.396543
1.396543
1.171223
1.171223
1.197856
1.197856
1.302739
1.302739
1.363859
1.363859
1.387804
1.387804
1.105825
1.105825
1.305217
1.305217
1.280651
1.280651
1.350442
1.350442
1.386101
1.386101
1.392189
1.392189
1.397831
1.397831
1.303550
1.303550
1.317266
1.317266
1.206659
1.206659
1.181214
1.181214
1.393032
1.393032
1.330351
1.330351
1.270798
1.270798
1.362913
1.362913
1.370645
1.370645
1.299904
1.299904
1.359724
1.359724
1.311463
1.311463
1.221186
1.221186
1.349894
1.349894
1.242259
1.242259
1.211778
1.211778
1.247886
1.247886
1.313884
1.313884
1.172777
1.172777
1.229441
1.229441
1.333686
1.333686
1.251899
1.251899
1.040859
1.040859
1.250201
1.250201
1.105950
1.105950
1.227554
1.227554
1.363455
1.363455
1.357437
1.357437
1.046553
1.046553
1.274945
1.274945
1.142632
1.142632
1.167734
1.167734
1.309414
1.309414
1.282785
1.282785
1.334921
1.334921
1.238412
1.238412
1.302377
1.302377
1.388666
1.388666
1.278854
1.278854
1.334457
1.334457
1.288438
1.288438
1.335856
1.335856
1.215994
1.215994
1.158185
1.158185
1.375801
1.375801
1.051407
1.051407
1.142893
1.142893
1.244598
1.244598
1.333007
1.333007
1.097266
1.097266
1.300063
1.300063
1.222563
1.222563
1.286739
1.286739
1.250265
1.250265
1.293627
1.293627
1.349723
1.349723
1.033471
1.033471
1.329236
1.329236
1.327390
1.327390
1.308950
1.308950
1.389626
1.389626
1.197686
1.197686
1.273423
1.273423
1.118469
1.118469
1.282670
1.282670
1.371394
1.371394
1.360179
1.360179
1.142162
1.142162
1.080902
1.080902
1.285950
1.285950
1.352200
1.352200
1.278599
1.278599
1.399294
1.399294
1.197887
1.197887
1.398257
1.398257
1.299513
1.299513
1.375394
1.375394
1.282340
1.282340
1.292301
1.292301
1.249556
1.249556
1.367276
1.367276
1.268118
1.268118
1.135086
1.135086
1.346061
1.346061
1.360345
1.360345
1.339420
1.339420
1.351109
1.351109
1.387154
1.387154
1.347576
1.347576
1.346421
1.346421
1.188868
1.188868
1.383143
1.383143
1.283910
1.283910
1.220225
1.220225
1.373382
1.373382
1.313370
1.313370
1.367504
1.367504
1.335973
1.335973
1.356301
1.356301
1.359999
1.359999
1.262299
1.262299
1.081276
1.081276
1.321559
1.321559
1.144939
1.144939
1.214763
1.214763
1.381820
1.381820
1.373389
1.373389
1.089172
1.089172
1.272645
1.272645
1.382472
1.382472
1.296820
1.296820
1.244042
1.244042
1.390471
1.390471
1.260064
1.260064
1.291042
1.291042
1.053532
1.053532
1.378616
1.378616
1.342700
1.342700
1.353472
1.353472
1.299128
1.299128
1.355386
1.355386
