1.379973
1.379973
1.170018
1.170018
1.292056
1.234046
1.292056
1.234046
1.318691
1.318691
1.305348
1.255726
1.305348
1.255726
1.305717
1.305717
1.218097
1.218097
1.397196
1.397196
1.358852
1.358852
1.273405
1.273405
1.306275
1.306275
1.212200
1.212200
1.318775
1.318775
1.313801
1.313801
1.260062
1.260062
1.312169
1.312169
1.158550
1.158550
1.217593
1.217593
1.375077
1.375077
1.397697
1.397697
1.292589
1.292589
1.364735
1.364735
1.164577
1.164577
1.319203
1.319203
1.390757
1.390757
1.248925
1.248925
1.178853
1.178853
1.314323
1.314323
1.331419
1.331419
1.084875
1.084875
1.091990
1.091990
1.287932
1.287932
1.151401
1.151401
1.333184
1.333184
1.272392
1.272392
1.330816
1.330816
1.113893
1.113893
1.232649
1.232649
1.338842
1.338842
1.358947
1.358947
1.250141
1.250141
1.256453
1.256453
1.395865
1.395865
1.185949
1.185949
1.348196
1.348196
1.297371
1.297371
1.323641
1.323641
1.079671
1.079671
1.211468
1.211468
1.307543
1.307543
1.175129
1.175129
1.127031
1.127031
1.267676
1.267676
1.355339
1.355339
1.346074
1.346074
1.384026
1.384026
1.294670
1.294670
1.375716
1.375716
1.268943
1.268943
1.273015
1.325328
1.325328
1.273015
1.302271
1.302271
1.310019
1.310019
1.367915
1.367915
1.260355
1.260355
1.246813
1.246813
1.266289
1.266289
1.133261
1.133261
1.386415
1.386415
1.077596
1.077596
1.316714
1.316714
1.173582
1.173582
1.017073
1.017073
1.198812
1.198812
1.338332
1.338332
1.316893
1.235684
1.316893
1.235684
1.133576
1.133576
1.341540
1.365021
1.365021
1.341540
1.333135
1.333135
1.321527
1.321527
1.231679
1.231679
1.148940
1.148940
1.395821
1.395821
1.238847
1.238847
1.292719
1.292719
1.259326
1.259326
1.381275
1.381275
1.314783
1.314783
1.282421
1.282421
1.258437
1.258437
1.205459
1.205459
1.131110
1.131110
1.258875
1.258875
1.242416
1.242416
1.389647
1.389647
1.161237
1.161237
1.189678
1.189678
1.146611
1.146611
1.278301
1.278301
1.162856
1.162856
1.390005
1.390005
1.345073
1.345073
1.289716
1.289716
1.239753
1.239753
1.391200
1.391200
1.238362
1.238362
1.152019
1.152019
1.175680
1.175680
1.383734
1.383734
1.213606
1.213606
1.152590
1.152590
1.258112
1.258112
1.252279
1.252279
1.257971
1.257971
1.266696
1.266696
1.261200
1.261200
1.363432
1.363432
1.187142
1.187142
1.301987
1.301987
1.329897
1.329897
1.253451
1.253451
1.361077
1.361077
1.367870
1.367870
1.198378
1.198378
1.310161
1.310161
1.185607
1.185607
1.148515
1.148515
1.373973
1.373973
1.384642
1.384642
1.232817
1.232817
