1.341233
1.341233
1.358004
1.358004
1.353784
1.353784
1.084325
1.084325
1.362158
1.362158
1.381643
1.381643
1.399321
1.399321
1.300043
1.300043
1.362735
1.362735
1.376697
1.376697
1.307498
1.307498
1.333185
1.333185
1.247823
1.247823
1.269673
1.269673
1.216339
1.216339
1.303980
1.303980
1.249960
1.249960
1.156353
1.156353
1.186529
1.186529
1.229941
1.229941
1.380741
1.380741
1.240590
1.240590
1.349912
1.349912
1.056572
1.056572
1.297686
1.297686
1.203693
1.203693
1.353509
1.353509
1.199173
1.199173
1.380156
1.380156
1.333044
1.333044
1.266038
1.266038
1.315253
1.264378
1.264378
1.353608
1.353608
1.315253
1.261324
1.261324
1.173365
1.173365
1.388745
1.388745
1.134478
1.134478
1.140778
1.140778
1.253114
1.253114
1.323874
1.323874
1.088068
1.088068
1.343256
1.343256
1.301378
1.301378
1.362908
1.362908
1.087226
1.087226
1.326690
1.326690
1.209731
1.209731
1.329770
1.329770
1.205251
1.205251
1.094555
1.094555
1.128016
1.128016
1.339642
1.339642
1.326415
1.326415
1.104500
1.104500
1.332844
1.332844
1.332685
1.332685
1.314522
1.314522
1.391655
1.391655
1.386828
1.386828
1.369674
1.369674
1.318295
1.318295
1.267634
1.267634
1.351903
1.351903
1.397322
1.397322
1.396960
1.396960
1.319161
1.319161
1.311065
1.311065
1.316366
1.316366
1.394187
1.369047
1.369047
1.394187
1.339270
1.339270
1.366788
1.366788
1.261602
1.261602
1.345261
1.345261
1.301356
1.301356
1.306546
1.306546
1.258519
1.258519
1.276699
1.276699
1.353176
1.353176
1.268529
1.268529
1.157810
1.157810
1.314959
1.314959
1.227315
1.227315
1.306903
1.306903
1.163017
1.163017
1.335610
1.335610
1.362441
1.177707
1.362441
1.177707
1.245218
1.245218
1.373339
1.373339
1.261578
1.261578
1.208853
1.208853
1.226406
1.226406
1.389934
1.389934
1.376277
1.376277
1.304417
1.304417
1.381740
1.381740
1.073319
1.073319
1.220542
1.220542
1.362265
1.362265
1.324188
1.324188
1.388980
1.388980
1.122076
1.122076
1.246611
1.246611
1.192001
1.192001
1.394798
1.394798
1.335962
1.335962
1.176583
1.176583
1.350492
1.350492
1.249296
1.249296
1.365300
1.365300
1.070404
1.070404
1.346860
1.346860
1.344092
1.344092
1.151436
1.151436
1.386244
1.386244
1.183585
1.183585
1.309308
1.309308
1.327144
1.327144
1.222860
1.231883
1.231883
1.222860
1.216524
1.216524
1.346961
1.346961
1.269790
1.269790
1.319408
1.319408
1.236577
1.236577
1.260425
1.260425
1.042834
1.042834
1.109132
1.109132
1.382278
1.382278
1.086930
1.275667
1.086930
1.275667
1.340492
1.340492
1.353559
1.353559
1.333340
1.333340
1.204381
1.204381
1.396420
1.396420
1.144567
1.144567
1.349324
1.349324
1.282524
1.282524
1.368958
1.368958
1.386765
1.386765
1.381263
1.381263
1.250169
1.250169
1.342385
1.342385
1.177987
1.177987
1.174656
1.174656
1.382665
1.382665
1.351195
1.351195
1.197570
1.197570
1.104288
1.104288
1.334752
1.334752
1.350721
1.350721
1.376897
1.376897
1.340160
1.340160
1.381681
1.381681
1.334554
1.334554
1.348739
1.348739
1.131766
1.131766
1.379814
1.379814
1.394618
1.394618
1.273873
1.273873
1.378842
1.378842
1.233332
1.233332
1.328186
1.328186
1.365797
1.365797
1.323221
1.323221
1.358425
1.358425
1.309859
1.309859
1.384069
1.384069
1.177427
1.177427
1.313727
1.313727
1.285165
1.285165
1.176177
1.176177
1.351729
1.351729
1.329482
1.329482
1.327883
1.327883
1.297281
1.297281
1.278745
1.278745
1.362898
1.362898
1.272557
1.272557
1.382786
1.382786
1.394192
1.394192
1.375496
1.375496
1.281470
1.281470
1.223288
1.223288
1.393611
1.393611
1.364891
1.364891
1.354194
1.354194
1.246061
1.246061
1.372015
1.372015
1.042050
1.042050
1.315905
1.315905
1.271094
1.271094
1.360536
1.360536
1.357266
1.357266
1.394035
1.394035
1.208940
1.208940
1.082304
1.082304
1.318436
1.318436
1.300310
1.300310
1.357504
1.357504
1.222806
1.222806
1.346878
1.346878
1.349763
1.349763
1.381236
1.381236
1.320962
1.320962
1.375279
1.375279
