1.363176
1.363176
1.261270
1.261270
1.311421
1.311421
1.371409
1.371409
1.262596
1.262596
1.389928
1.389928
1.162300
1.162300
1.388634
1.388634
1.372984
1.372984
1.262773
1.262773
1.383525
1.383525
1.381014
1.381014
1.241831
1.241831
1.310156
1.310156
1.304572
1.304572
1.351948
1.351948
1.256839
1.256839
1.396822
1.396822
1.351232
1.351232
1.365043
1.365043
1.361093
1.361093
1.223534
1.336944
1.223534
1.336944
1.318848
1.318848
1.276796
1.276796
1.335410
1.335410
1.390938
1.390938
1.309104
1.309104
1.052476
1.052476
1.285673
1.285673
1.231325
1.231325
1.189486
1.189486
1.145713
1.145713
1.369922
1.369922
1.223931
1.223931
1.312577
1.312577
1.392108
1.392108
1.370499
1.370499
1.213095
1.213095
1.235898
1.235898
1.224940
1.224940
1.244003
1.244003
1.393364
1.393364
1.394116
1.394116
1.377810
1.377810
1.214717
1.214717
1.313000
1.313000
1.038755
1.038755
1.303955
1.303955
1.317035
1.317035
1.099191
1.099191
1.183696
1.183696
1.344349
1.344349
1.336246
1.336246
1.333224
1.333224
1.183658
1.183658
1.301123
1.301123
1.197303
1.197303
1.365122
1.365122
1.220168
1.220168
1.060276
1.060276
1.324564
1.324564
1.388891
1.388891
1.320075
1.320075
1.198677
1.198677
1.320760
1.320760
1.159800
1.159800
1.266893
1.266893
1.078118
1.078118
1.286870
1.286870
1.330337
1.330337
1.297554
1.297554
1.226335
1.226335
1.377489
1.377489
1.304317
1.304317
1.232987
1.232987
1.162963
1.162963
1.088655
1.088655
1.186639
1.186639
1.250489
1.250489
1.373788
1.373788
1.090997
1.090997
1.267017
1.267017
1.214600
1.214600
1.373835
1.373835
1.354103
1.354103
1.119436
1.119436
1.247759
1.247759
1.372610
1.372610
1.171829
1.171829
1.210384
1.210384
1.168805
1.168805
1.388749
1.388749
1.387577
1.300520
1.300520
1.387577
1.399208
1.399208
1.272947
1.272947
1.173708
1.173708
1.396222
1.396222
1.385342
1.385342
1.356127
1.356127
1.015613
1.015613
1.324194
1.324194
1.311979
1.311979
1.395000
1.395000
1.118314
1.118314
1.394451
1.394451
1.394906
1.394906
1.303474
1.303474
1.329536
1.329536
1.247804
1.247804
1.377424
1.377424
1.316705
1.316705
1.387816
1.387816
1.349412
1.349412
1.389461
1.389461
1.260900
1.260900
1.077403
1.077403
1.396984
1.396984
1.105750
1.105750
1.320778
1.320778
1.246699
1.246699
1.265903
1.265903
1.300562
1.300562
1.216705
1.216705
1.284376
1.284376
1.336878
1.336878
1.014767
1.014767
1.389130
1.389130
1.319120
1.319120
1.394590
1.394590
1.186733
1.186733
1.359970
1.359970
1.329404
1.329404
1.338300
1.338300
1.320474
1.320474
1.298734
1.298734
1.356171
1.356171
1.382677
1.382677
1.385810
1.385810
1.268141
1.268141
1.184111
1.184111
1.353338
1.353338
1.308693
1.308693
1.278003
1.278003
1.046999
1.046999
1.203114
1.203114
1.391936
1.391936
1.242332
1.242332
1.287732
1.287732
1.317172
1.317172
1.166882
1.166882
1.345083
1.345083
1.206191
1.206191
1.371311
1.371311
1.348444
1.348444
1.145849
1.145849
1.267960
1.267960
1.263583
1.263583
1.298937
1.298937
1.342738
1.342738
1.385699
1.385699
1.346375
1.346375
1.369075
1.369075
1.386773
1.386773
1.346887
1.346887
1.359245
1.359245
1.219789
1.219789
1.245913
1.245913
1.344543
1.344543
1.073742
1.073742
1.348589
1.348589
1.368085
1.368085
1.195664
1.195664
1.380751
1.380751
1.382265
1.382265
1.371483
1.371483
1.234265
1.234265
1.365435
1.365435
1.212189
1.212189
1.277812
1.277812
1.218909
1.218909
1.362390
1.362390
1.222232
1.222232
1.388472
1.388472
1.316939
1.316939
1.286670
1.286670
1.367199
1.367199
1.240696
1.240696
1.381073
1.381073
1.224717
1.224717
1.394407
1.394407
1.137504
1.137504
1.293149
1.293149
1.355143
1.355143
1.325284
1.325284
1.333958
1.333958
1.366526
1.366526
1.385573
1.385573
1.356828
1.356828
1.398361
1.398361
1.139215
1.139215
1.142618
1.142618
1.314442
1.314442
1.104781
1.104781
1.341641
1.341641
1.309933
1.309933
1.227245
1.227245
1.283800
1.283800
1.393873
1.393873
1.391446
1.391446
1.307432
1.307432
1.082798
1.082798
1.306402
1.306402
1.172694
1.172694
1.329130
1.329130
1.220023
1.220023
1.265216
1.265216
1.207266
1.207266
1.353020
1.353020
1.246256
1.246256
1.232600
1.232600
1.345903
1.345903
1.217752
1.217752
1.055026
1.055026
1.195191
1.195191
1.140836
1.140836
1.397481
1.397481
1.384880
1.384880
1.359077
1.359077
1.267999
1.267999
1.277131
1.277131
1.306359
1.306359
1.155807
1.155807
1.305207
1.305207
1.328300
1.328300
1.192920
1.192920
1.361505
1.361505
1.300558
1.300558
1.210354
1.210354
1.300413
1.300413
1.360663
1.360663
1.394841
1.394841
1.188321
1.188321
1.233301
1.233301
1.370799
1.370799
1.336553
1.336553
