1.216271
1.216271
1.261901
1.156430
1.156430
1.261901
1.073560
1.073560
1.399886
1.399886
1.378328
1.378328
1.267028
1.267028
1.392292
1.202682
1.202682
1.392292
1.261901
1.261901
1.352674
1.352674
1.229161
1.229161
1.360805
1.360805
1.187141
1.187141
1.360182
1.360182
1.295823
1.295823
1.334863
1.334863
1.375624
1.375624
1.306312
1.306312
1.194631
1.194631
1.205558
1.205558
1.241254
1.241254
1.367871
1.367871
1.365887
1.365887
1.393104
1.393104
1.384095
1.384095
1.397968
1.397968
1.165697
1.165697
1.247379
1.247379
1.361772
1.127520
1.361772
1.127520
1.080217
1.080217
1.338757
1.338757
1.107404
1.107404
1.326076
1.326076
1.285199
1.285199
1.390631
1.390631
1.081682
1.081682
1.283612
1.283612
1.331257
1.331257
1.163306
1.163306
1.396481
1.396481
1.243153
1.243153
1.392701
1.392701
1.334803
1.334803
1.336235
1.336235
1.342912
1.342912
1.283536
1.283536
1.365073
1.365073
1.243129
1.243129
1.169417
1.169417
1.318544
1.318544
1.367907
1.367907
1.139321
1.139321
1.272272
1.272272
1.290180
1.290180
1.261219
1.261219
1.188027
1.188027
1.119339
1.119339
1.396989
1.396989
1.238772
1.238772
1.306578
1.306578
1.165139
1.165139
1.312290
1.312290
1.308334
1.308334
1.384294
1.384294
1.265932
1.265932
1.369703
1.369703
1.354344
1.354344
1.204280
1.204280
1.121460
1.121460
1.173956
1.173956
1.301733
1.301733
1.365088
1.365088
1.256218
1.256218
1.142237
1.142237
1.227359
1.227359
1.073984
1.073984
1.288707
1.288707
1.281285
1.281285
1.183228
1.183228
1.193861
1.193861
1.255424
1.255424
1.249715
1.249715
1.365311
1.365311
1.339571
1.339571
1.331111
1.331111
1.145226
1.145226
1.397998
1.397998
1.210070
1.210070
1.148520
1.148520
1.289374
1.289374
1.396989
1.396989
1.247935
1.247935
1.377836
1.377836
1.364732
1.364732
1.331345
1.331345
1.319596
1.319596
1.232171
1.232171
1.399987
1.399987
1.049083
1.049083
1.391125
1.391125
1.379767
1.379767
1.146528
1.146528
1.229487
1.229487
1.235818
1.235818
1.257339
1.257339
1.355699
1.355699
1.387940
1.387940
1.113786
1.113786
1.252451
1.252451
1.136267
1.136267
1.302190
1.302190
1.364726
1.364726
1.137880
1.137880
1.307003
1.307003
1.093799
1.093799
1.286716
1.286716
1.172764
1.172764
1.301959
1.301959
1.224823
1.224823
1.392962
1.392962
1.262816
1.262816
1.102794
1.102794
1.141941
1.141941
1.332031
1.332031
1.327927
1.327927
1.328465
1.328465
1.325046
1.325046
1.193230
1.193230
1.216158
1.216158
1.267501
1.267501
1.318536
1.318536
1.291991
1.291991
1.325144
1.325144
1.386783
1.386783
1.369785
1.369785
1.265194
1.265194
1.240879
1.240879
1.363967
1.363967
1.283001
1.283001
1.325224
1.325224
1.293758
1.293758
1.394380
1.394380
1.223967
1.223967
1.370267
1.370267
1.326606
1.326606
1.337280
1.337280
1.170917
1.170917
1.105207
1.105207
1.397408
1.397408
1.355580
1.355580
1.172362
1.172362
1.350370
1.350370
1.107972
1.107972
1.239106
1.239106
1.349914
1.349914
1.298707
1.298707
1.285082
1.285082
1.335141
1.335141
1.366820
1.366820
1.398692
1.398692
1.395010
1.395010
1.363746
1.363746
1.313523
1.313523
1.399598
1.399598
1.351616
1.351616
