1.349172
1.349172
1.243793
1.243793
1.392869
1.392869
1.304200
1.304200
1.219832
1.219832
1.382325
1.382325
1.365933
1.365933
1.397254
1.397254
1.319002
1.319002
1.195968
1.195968
1.287320
1.287320
1.271127
1.271127
1.366764
1.366764
1.220516
1.220516
1.310629
1.310629
1.316232
1.316232
1.315204
1.273336
1.315204
1.273336
1.040118
1.040118
1.349154
1.349154
1.253319
1.253319
1.378137
1.378137
1.352050
1.346235
1.352050
1.346235
1.253244
1.253244
1.335229
1.335229
1.301695
1.301695
1.387629
1.387629
1.116954
1.116954
1.330083
1.330083
1.372233
1.289981
1.372233
1.289981
1.329491
1.329491
1.061204
1.061204
1.229698
1.229698
1.346343
1.346343
1.327978
1.327978
1.361662
1.361662
1.336629
1.336629
1.367378
1.367378
1.306960
1.297159
1.306960
1.297159
1.307673
1.307673
1.183999
1.183999
1.317144
1.317144
1.195322
1.195322
1.054414
1.054414
1.326322
1.326322
1.267210
1.267210
1.280322
1.280322
1.101112
1.101112
1.366213
1.366213
1.350550
1.350550
1.390440
1.390440
1.286208
1.286208
1.241308
1.241308
1.130364
1.130364
1.388465
1.388465
1.288914
1.288914
1.387150
1.387150
1.296951
1.296951
1.127594
1.127594
1.223884
1.223884
1.394327
1.394327
1.078665
1.078665
1.056944
1.056944
1.244682
1.244682
1.302169
1.302169
1.304506
1.304506
1.388145
1.388145
1.141637
1.141637
1.093240
1.093240
1.311830
1.311830
1.380533
1.380533
1.360465
1.360465
1.195511
1.195511
1.390340
1.390340
1.323565
1.323565
1.328853
1.328853
1.247348
1.247348
1.353392
1.353392
1.250359
1.250359
1.239384
1.239384
1.388723
1.388723
1.390737
1.390737
1.060007
1.060007
1.394878
1.394878
1.159353
1.159353
1.010915
1.010915
1.223502
1.223502
1.242349
1.242349
1.381696
1.381696
1.375592
1.375592
1.285295
1.285295
1.349173
1.349173
1.385334
1.385334
1.329608
1.329608
1.307856
1.307856
1.299722
1.299722
1.324487
1.324487
1.398065
1.398065
1.287558
1.287558
1.190872
1.190872
1.261395
1.261395
1.385816
1.385816
1.356392
1.356392
1.279009
1.279009
1.297016
1.297016
1.308579
1.308579
1.352735
1.352735
1.318468
1.318468
1.152080
1.152080
1.339187
1.339187
1.332096
1.332096
1.342789
1.342789
1.265293
1.265293
1.233347
1.233347
1.369738
1.369738
1.304347
1.304347
1.296975
1.296975
1.398649
1.398649
1.331173
1.331173
1.237882
1.237882
1.330375
1.330375
1.390495
1.390495
1.051386
1.051386
1.339299
1.339299
1.382149
1.382149
1.379702
1.379702
1.278476
1.278476
1.369692
1.369692
1.280359
1.280359
1.309389
1.309389
1.399350
1.399350
1.314719
1.314719
1.225247
1.225247
1.299397
1.299397
1.395937
1.395937
1.090871
1.090871
1.076326
1.076326
1.339760
1.339760
1.338491
1.338491
1.280511
1.280511
1.242046
1.242046
1.362827
1.362827
1.253340
1.253340
1.175481
1.175481
1.210215
1.210215
1.136791
1.136791
1.382940
1.382940
1.132914
1.132914
1.207337
1.207337
1.380535
1.380535
1.263890
1.263890
1.135966
1.135966
1.231099
1.231099
1.372353
1.372353
1.195429
1.195429
1.321354
1.321354
1.277070
1.277070
1.145219
1.145219
1.289747
1.289747
1.320681
1.320681
1.320533
1.320533
1.107757
1.107757
1.288240
1.288240
1.238740
1.238740
1.306890
1.306890
1.377953
1.377953
1.333478
1.333478
1.296571
1.296571
1.282508
1.282508
1.379748
1.379748
1.231351
1.231351
1.350612
1.350612
1.285802
1.285802
1.325189
1.325189
1.209634
1.209634
1.337145
1.337145
1.286900
1.286900
1.069079
1.069079
1.269141
1.269141
1.208356
1.208356
1.238568
1.238568
1.313408
1.313408
1.299885
1.299885
