1.298260
1.298260
1.275129
1.275129
1.356765
1.356765
1.145227
1.145227
1.080868
1.080868
1.289039
1.289039
1.318765
1.318765
1.360762
1.360762
1.068259
1.068259
1.249602
1.249602
1.315584
1.315584
1.149298
1.149298
1.237590
1.237590
1.283960
1.283960
1.204020
1.204020
1.280825
1.280825
1.111257
1.111257
1.362524
1.362524
1.112556
1.112556
1.359222
1.359222
1.392146
1.392146
1.262787
1.262787
1.064812
1.064812
1.335154
1.335154
1.393909
1.393909
1.268236
1.268236
1.070675
1.070675
1.397347
1.397347
1.385886
1.385886
1.363672
1.363672
1.372144
1.372144
1.292636
1.292636
1.393988
1.393988
1.281126
1.281126
1.261025
1.261025
1.278892
1.278892
1.387674
1.387674
1.350528
1.350528
1.382139
1.382139
1.205199
1.205199
1.335476
1.335476
1.394740
1.394740
1.398890
1.398890
1.226221
1.226221
1.332964
1.332964
1.264985
1.264985
1.393579
1.393579
1.226137
1.226137
1.182924
1.182924
1.318889
1.249617
1.249617
1.318889
1.378643
1.378643
1.366602
1.366602
1.329001
1.329001
1.360845
1.360845
1.073734
1.073734
1.128823
1.128823
1.261070
1.261070
1.311411
1.311411
1.229335
1.229335
1.312654
1.312654
1.341699
1.341699
1.371498
1.371498
1.394550
1.394550
1.333742
1.333742
1.108975
1.108975
1.381674
1.381674
1.236835
1.236835
1.372096
1.372096
1.194086
1.194086
1.314494
1.314494
1.144910
1.144910
1.137834
1.137834
1.144729
1.144729
1.349836
1.349836
1.393177
1.393177
1.105488
1.105488
1.365766
1.365766
1.106103
1.106103
1.247618
1.247618
1.362867
1.362867
1.291009
1.291009
1.285808
1.285808
1.244806
1.244806
1.385967
1.385967
1.326146
1.326146
1.384361
1.384361
1.309803
1.309803
1.129936
1.129936
1.285076
1.285076
1.202975
1.202975
1.313052
1.313052
1.096537
1.096537
1.236222
1.236222
1.305966
1.305966
1.201725
1.201725
1.134778
1.134778
1.351357
1.351357
1.247153
1.247153
1.338465
1.338465
1.391749
1.391749
1.287324
1.287324
1.220914
1.220914
1.382184
1.382184
1.168081
1.168081
1.310347
1.310347
1.330330
1.330330
1.320094
1.320094
1.299657
1.299657
1.161444
1.161444
1.295027
1.295027
1.301753
1.301753
1.277350
1.277350
1.380464
1.380464
1.233513
1.233513
1.151386
1.151386
1.331854
1.331854
1.352581
1.352581
1.391953
1.391953
1.369203
1.369203
1.368350
1.368350
1.271290
1.271290
1.124133
1.124133
1.341848
1.341848
1.364876
1.364876
1.118548
1.118548
1.366346
1.366346
1.380558
1.380558
1.268726
1.268726
1.184154
1.184154
1.399170
1.399170
1.129075
1.129075
1.366647
1.366647
1.390533
1.390533
1.378963
1.378963
1.151865
1.151865
1.055945
1.055945
1.119283
1.119283
1.251272
1.251272
1.306386
1.306386
1.161646
1.161646
1.176457
1.176457
1.376901
1.376901
1.262816
1.262816
1.288366
1.288366
1.240791
1.240791
1.186413
1.186413
1.310003
1.310003
1.231316
1.231316
