1.210271
1.210271
1.362223
1.362223
1.391694
1.391694
1.378024
1.378024
1.398353
1.398353
1.206936
1.206936
1.399022
1.399022
1.330420
1.330420
1.204410
1.204410
1.275769
1.275769
1.309393
1.309393
1.315705
1.315705
1.338616
1.338616
1.320124
1.320124
1.342849
1.342849
1.174619
1.174619
1.144043
1.144043
1.046280
1.046280
1.307049
1.307049
1.338413
1.338413
1.202356
1.202356
1.240013
1.240013
1.142635
1.142635
1.343935
1.343935
1.150557
1.150557
1.366024
1.366024
1.117141
1.117141
1.359562
1.359562
1.302496
1.302496
1.226863
1.226863
1.178592
1.178592
1.219185
1.219185
1.380302
1.380302
1.163986
1.163986
1.163922
1.163922
1.359152
1.359152
1.180855
1.180855
1.114117
1.114117
1.378482
1.378482
1.139286
1.139286
1.321408
1.321408
1.307631
1.307631
1.147896
1.147896
1.263542
1.397561
1.263542
1.397561
1.126971
1.126971
1.054275
1.054275
1.222240
1.222240
1.226407
1.226407
1.260868
1.260868
1.074957
1.074957
1.251441
1.251441
1.223673
1.223673
1.272804
1.272804
1.391502
1.391502
1.259677
1.259677
1.190062
1.190062
1.192549
1.192549
1.282460
1.282460
1.357169
1.357169
1.364829
1.364829
1.224831
1.224831
1.320557
1.320557
1.366606
1.366606
1.284745
1.284745
1.305852
1.305852
1.234379
1.234379
1.384203
1.384203
1.370375
1.370375
1.228736
1.228736
1.160651
1.160651
1.307070
1.307070
1.361501
1.361501
1.027992
1.027992
1.294551
1.294551
1.247336
1.247336
1.110791
1.110791
1.354125
1.354125
1.198486
1.198486
1.315041
1.315041
1.392063
1.392063
1.306275
1.306275
1.101238
1.101238
1.359777
1.359777
1.399713
1.399713
1.224457
1.224457
1.263391
1.263391
1.263322
1.263322
1.277103
1.277103
1.288825
1.288825
1.390746
1.390746
1.172167
1.172167
1.216628
1.216628
1.356279
1.356279
1.259356
1.259356
1.332884
1.332884
1.262092
1.262092
1.269931
1.269931
1.292420
1.292420
1.188421
1.188421
1.372918
1.372918
1.399803
1.399803
1.285301
1.285301
1.228582
1.228582
1.386404
1.386404
1.231572
1.231572
1.346388
1.346388
1.215668
1.215668
1.354683
1.365296
1.365296
1.354683
1.284797
1.284797
1.080526
1.080526
1.131492
1.131492
1.133260
1.133260
1.154844
1.154844
1.118116
1.118116
1.272550
1.272550
1.311537
1.311537
1.288853
1.288853
1.142797
1.142797
1.347074
1.347074
1.337067
1.337067
1.293870
1.293870
1.208938
1.341435
1.341435
1.208938
1.229648
1.229648
1.383953
1.383953
1.271666
1.271666
1.370519
1.370519
1.232263
1.232263
1.372235
1.372235
1.339105
1.339105
1.179758
1.179758
1.209677
1.209677
1.319960
1.319960
1.343323
1.343323
1.395487
1.395487
1.284051
1.284051
1.265853
1.265853
1.175331
1.175331
1.321229
1.321229
1.215427
1.215427
1.318176
1.318176
1.317908
1.317908
1.312200
1.312200
1.198607
1.198607
1.375608
1.375608
1.307710
1.307710
1.293754
1.293754
1.380649
1.380649
1.368078
1.368078
1.312332
1.312332
1.123447
1.123447
1.134521
1.134521
1.290896
1.290896
1.131938
1.131938
1.032322
1.032322
1.321421
1.321421
1.381256
1.381256
1.336353
1.336353
1.336369
1.336369
1.200145
1.200145
1.342439
1.342439
1.242823
1.242823
