1.221883
1.221883
1.394835
1.394835
1.238697
1.238697
1.249014
1.249014
1.260264
1.260264
1.301970
1.301970
1.382178
1.382178
1.373600
1.373600
1.360477
1.360477
1.281113
1.281113
1.320945
1.320945
1.352947
1.352947
1.191848
1.191848
1.218589
1.218589
1.181037
1.181037
1.330935
1.330935
1.388562
1.388562
1.288742
1.288742
1.332453
1.183336
1.183336
1.332453
1.359349
1.359349
1.358525
1.358525
1.392738
1.392738
1.295217
1.295217
1.217068
1.217068
1.316673
1.316673
1.351611
1.351611
1.164729
1.164729
1.312703
1.312703
1.297498
1.297498
1.285437
1.285437
1.325508
1.325508
1.036462
1.036462
1.258669
1.258669
1.139919
1.139919
1.303944
1.303944
1.191193
1.191193
1.324530
1.324530
1.389340
1.389340
1.380313
1.380313
1.241963
1.241963
1.271725
1.271725
1.324095
1.324095
1.239393
1.239393
1.349658
1.349658
1.280824
1.280824
1.304712
1.304712
1.225059
1.225059
1.335348
1.362834
1.362834
1.335348
1.183261
1.183261
1.123654
1.123654
1.205238
1.205238
1.237491
1.237491
1.305542
1.305542
1.213076
1.213076
1.394158
1.394158
1.345136
1.345136
1.390828
1.390828
1.145464
1.145464
1.368397
1.368397
1.257678
1.257678
1.314867
1.314867
1.358429
1.358429
1.383957
1.383957
1.265136
1.265136
1.334283
1.334283
1.349284
1.349284
1.321264
1.321264
1.355457
1.355457
1.088302
1.088302
1.331280
1.331280
1.272843
1.272843
1.212969
1.212969
1.324347
1.324347
1.376616
1.376616
1.155685
1.155685
1.197091
1.197091
1.327083
1.327083
1.278268
1.278268
1.122448
1.122448
1.246414
1.246414
1.212327
1.212327
1.328019
1.328019
1.269561
1.269561
1.218936
1.218936
1.364864
1.364864
1.060819
1.060819
1.349167
1.349167
1.282919
1.282919
1.357994
1.357994
1.327291
1.327291
1.311486
1.311486
1.301103
1.301103
1.319566
1.319566
1.370728
1.370728
1.107229
1.107229
1.203204
1.203204
1.192671
1.192671
1.391282
1.297649
1.391282
1.297649
1.337763
1.337763
1.122619
1.122619
1.302096
1.302096
1.373345
1.373345
1.090392
1.090392
1.222582
1.222582
1.046585
1.046585
1.227359
1.227359
1.344870
1.344870
1.339551
1.339551
1.074618
1.074618
1.244924
1.244924
1.261466
1.261466
1.383475
1.383475
1.366444
1.366444
1.356346
1.356346
1.291911
1.291911
1.108078
1.108078
1.277259
1.277259
1.202011
1.202011
1.234557
1.234557
1.339763
1.339763
1.340521
1.340521
1.362977
1.362977
1.311167
1.311167
1.094417
1.094417
1.368200
1.368200
1.258387
1.258387
1.367374
1.367374
1.156929
1.156929
1.295874
1.295874
1.399359
1.399359
1.394365
1.394365
1.336366
1.336366
1.385946
1.385946
1.394377
1.394377
1.244190
1.244190
1.232814
1.232814
1.019861
1.019861
1.041178
1.041178
1.300294
1.300294
1.175684
1.175684
1.385758
1.385758
1.328000
1.328000
1.077586
1.077586
1.218437
1.218437
1.205968
1.205968
1.335214
1.335214
1.135201
1.135201
1.193508
1.193508
1.053729
1.053729
1.253601
1.253601
1.149838
1.149838
1.365550
1.365550
1.260114
1.260114
1.232500
1.232500
