1.394187
1.394187
1.230168
1.230168
1.270102
1.270102
1.201745
1.201745
1.222231
1.222231
1.328081
1.328081
1.366122
1.366122
1.182043
1.182043
1.328788
1.328788
1.353018
1.353018
1.344787
1.344787
1.190277
1.190277
1.196436
1.196436
1.363804
1.363804
1.097151
1.097151
1.333207
1.333207
1.269401
1.269401
1.326228
1.326228
1.243724
1.243724
1.113744
1.113744
1.172745
1.172745
1.302623
1.302623
1.271610
1.271610
1.360540
1.360540
1.272034
1.272034
1.356835
1.356835
1.331112
1.331112
1.389806
1.389806
1.230860
1.230860
1.264883
1.264883
1.312765
1.312765
1.387391
1.387391
1.203783
1.203783
1.101675
1.101675
1.174454
1.174454
1.354296
1.354296
1.246354
1.246354
1.259423
1.259423
1.315657
1.315657
1.150397
1.150397
1.328405
1.328405
1.303883
1.303883
1.158599
1.158599
1.247123
1.247123
1.162603
1.162603
1.174791
1.174791
1.351426
1.351426
1.366411
1.366411
1.284384
1.284384
1.148500
1.148500
1.157094
1.157094
1.237886
1.237886
1.395087
1.395087
1.388508
1.388508
1.373258
1.373258
1.259712
1.259712
1.216917
1.216917
1.349955
1.349955
1.168371
1.168371
1.086993
1.086993
1.343130
1.343130
1.378108
1.378108
1.294991
1.294991
1.181234
1.181234
1.267645
1.267645
1.324466
1.324466
1.176456
1.176456
1.358093
1.358093
1.087190
1.087190
1.172059
1.172059
1.377838
1.377838
1.294392
1.294392
1.240837
1.240837
1.297443
1.297443
1.382902
1.382902
1.308040
1.308040
1.299455
1.299455
1.317639
1.317639
1.186383
1.186383
1.119654
1.119654
1.233412
1.233412
1.236202
1.236202
1.307317
1.307317
1.192332
1.192332
1.275266
1.275266
1.336105
1.336105
1.366745
1.366745
1.176123
1.176123
1.281538
1.281538
1.344012
1.344012
1.383046
1.383046
1.278262
1.278262
1.380189
1.380189
1.394641
1.394641
1.183173
1.183173
1.393363
1.393363
1.245138
1.245138
1.364600
1.364600
1.187461
1.187461
1.397878
1.397878
1.315544
1.315544
1.355300
1.355300
1.338349
1.338349
1.365723
1.365723
1.349150
1.349150
1.336070
1.336070
1.232942
1.232942
1.365362
1.365362
1.179727
1.179727
1.332962
1.332962
1.347504
1.347504
1.133599
1.133599
1.256638
1.256638
1.350602
1.350602
1.388735
1.388735
1.217121
1.217121
1.167953
1.167953
1.297709
1.297709
1.116776
1.116776
1.368904
1.368904
1.065588
1.065588
1.354830
1.354830
1.351743
1.351743
1.202786
1.202786
1.331918
1.331918
1.154740
1.154740
1.364291
1.364291
1.179682
1.179682
1.169197
1.169197
1.338653
1.338653
1.046642
1.046642
1.304370
1.304370
1.338160
1.338160
1.334268
1.334268
1.291093
1.291093
1.322314
1.322314
1.109027
1.109027
1.250210
1.250210
1.205195
1.205195
1.390187
1.390187
1.348896
1.348896
1.345947
1.345947
1.313920
1.313920
1.113741
1.113741
1.145179
1.145179
1.129057
1.129057
1.382426
1.382426
1.105141
1.105141
1.287161
1.287161
1.198833
1.198833
1.299605
1.299605
1.370429
1.370429
1.188810
1.188810
1.260564
1.260564
1.270372
1.270372
1.334846
1.334846
1.041983
1.041983
1.197407
1.197407
1.245760
1.245760
1.370380
1.370380
1.374480
1.374480
1.152317
1.152317
1.281227
1.281227
1.188087
1.188087
1.363721
1.363721
1.233015
1.233015
1.285096
1.285096
1.339519
1.339519
1.294177
1.294177
1.350877
1.350877
1.301244
1.301244
1.256628
1.256628
1.396510
1.396510
1.331493
1.331493
1.313121
1.313121
1.220879
1.220879
1.247657
1.247657
1.387000
1.387000
1.189824
1.189824
1.305311
1.305311
1.357676
1.357676
1.275988
1.275988
1.365303
1.365303
1.387929
1.387929
1.377486
1.377486
