1.353633
1.353633
1.334323
1.334323
1.196443
1.196443
1.381590
1.381590
1.368508
1.368508
1.148175
1.148175
1.293697
1.293697
1.259277
1.259277
1.389172
1.389172
1.302308
1.302308
1.237971
1.237971
1.398497
1.398497
1.399320
1.399320
1.208715
1.208715
1.316231
1.316231
1.117931
1.117931
1.271274
1.271274
1.306264
1.306264
1.317085
1.317085
1.198910
1.198910
1.235169
1.313111
1.313111
1.235169
1.200338
1.200338
1.364526
1.364526
1.364109
1.364109
1.258272
1.258272
1.113932
1.113932
1.249421
1.249421
1.337907
1.337907
1.339100
1.339100
1.390620
1.390620
1.356958
1.356958
1.243125
1.228988
1.228988
1.243125
1.262754
1.262754
1.226389
1.226389
1.332665
1.332665
1.377040
1.377040
1.357759
1.357759
1.093645
1.093645
1.293025
1.293025
1.334295
1.334295
1.376739
1.376739
1.372747
1.372747
1.358350
1.358350
1.396864
1.396864
1.381006
1.381006
1.307039
1.307039
1.225568
1.225568
1.285917
1.285917
1.386484
1.386484
1.364512
1.364512
1.292707
1.333885
1.292707
1.333885
1.396515
1.396515
1.394886
1.394886
1.257441
1.257441
1.388620
1.388620
1.379294
1.379294
1.246739
1.246739
1.293511
1.293511
1.331090
1.331090
1.194938
1.194938
1.301176
1.301176
1.199810
1.199810
1.110436
1.110436
1.260651
1.260651
1.329650
1.329650
1.389289
1.389289
1.391544
1.391544
1.214079
1.214079
1.375803
1.375803
1.347261
1.347261
1.278759
1.278759
1.381004
1.381004
1.156602
1.156602
1.227982
1.227982
1.325223
1.325223
1.329982
1.329982
1.048309
1.048309
1.331827
1.331827
1.025936
1.025936
1.325147
1.325147
1.342992
1.342992
1.390631
1.390631
1.014156
1.014156
1.325979
1.325979
1.349909
1.349909
1.319755
1.319755
1.307587
1.307587
1.243709
1.243709
1.277595
1.277595
1.267281
1.267281
1.378949
1.378949
1.353535
1.353535
1.397835
1.397835
1.085446
1.085446
1.103550
1.103550
1.363782
1.363782
1.298225
1.298225
1.218267
1.218267
1.157668
1.157668
1.156173
1.156173
1.381365
1.381365
1.349719
1.349719
1.278026
1.278026
1.383902
1.383902
1.293017
1.293017
1.392084
1.392084
1.153344
1.153344
1.299873
1.299873
1.329717
1.329717
1.193488
1.193488
1.363570
1.363570
1.300047
1.300047
1.253591
1.253591
1.230859
1.230859
1.317708
1.317708
1.385252
1.385252
1.155986
1.155986
1.350745
1.350745
1.380464
1.380464
1.322354
1.322354
1.298903
1.298903
1.384302
1.384302
1.312945
1.312945
1.181351
1.181351
1.189725
1.189725
1.290643
1.290643
