1.314649
1.330711
1.314649
1.330711
1.127957
1.127957
1.305416
1.305416
1.385097
1.385097
1.358302
1.358302
1.199287
1.199287
1.385922
1.385922
1.136685
1.136685
1.283493
1.283493
1.363376
1.363376
1.157077
1.157077
1.367208
1.367208
1.377151
1.377151
1.153402
1.153402
1.327436
1.327436
1.121341
1.121341
1.335843
1.335843
1.386954
1.386954
1.368390
1.368390
1.344008
1.363336
1.363336
1.344008
1.364965
1.364965
1.269412
1.269412
1.277956
1.277956
1.307203
1.307203
1.389184
1.389184
1.382276
1.382276
1.256976
1.256976
1.381692
1.381692
1.076028
1.076028
1.266003
1.266003
1.332077
1.332077
1.185485
1.185485
1.313352
1.313352
1.355640
1.355640
1.383891
1.383891
1.324742
1.324742
1.324392
1.324392
1.037142
1.037142
1.241278
1.241278
1.271663
1.271663
1.097938
1.097938
1.396434
1.396434
1.204609
1.204609
1.129348
1.129348
1.391685
1.391685
1.248453
1.248453
1.367670
1.367670
1.355718
1.355718
1.169765
1.169765
1.289264
1.289264
1.064358
1.064358
1.219625
1.219625
1.251761
1.251761
1.248314
1.248314
1.247951
1.247951
1.318329
1.318329
1.391836
1.391836
1.220157
1.220157
1.294674
1.294674
1.171775
1.171775
1.215786
1.215786
1.150381
1.369195
1.150381
1.369195
1.353873
1.353873
1.364325
1.364325
1.323941
1.323941
1.137793
1.137793
1.172869
1.172869
1.299661
1.299661
1.355219
1.355219
1.225641
1.225641
1.369588
1.369588
1.390855
1.390855
1.270358
1.270358
1.362211
1.362211
1.355157
1.355157
1.174327
1.174327
1.335625
1.335625
1.198680
1.198680
1.329656
1.329656
1.083529
1.083529
1.388427
1.388427
1.372180
1.372180
1.077088
1.077088
1.303212
1.303212
1.383243
1.383243
1.350428
1.350428
1.378632
1.378632
1.310522
1.310522
1.393633
1.393633
1.361563
1.361563
1.172963
1.172963
1.397924
1.397924
1.238151
1.238151
1.331988
1.331988
1.336830
1.336830
1.220761
1.220761
1.358841
1.358841
1.127036
1.127036
1.394513
1.394513
1.388591
1.388591
1.371927
1.371927
1.342384
1.342384
1.239060
1.239060
1.192942
1.192942
1.398236
1.398236
1.143170
1.143170
1.350432
1.350432
1.384034
1.384034
1.282309
1.282309
1.381280
1.381280
1.363183
1.363183
1.317536
1.317536
1.340267
1.340267
1.016978
1.016978
1.330535
1.330535
1.365840
1.365840
1.363327
1.363327
1.350694
1.350694
1.398954
1.398954
1.205541
1.205541
1.100406
1.100406
1.203182
1.203182
1.273675
1.273675
1.270362
1.270362
1.378569
1.378569
1.364659
1.364659
1.194875
1.194875
1.316395
1.316395
1.294396
1.294396
1.170294
1.170294
1.272258
1.272258
1.173212
1.173212
1.361252
1.361252
1.248916
1.248916
1.207281
1.207281
1.349472
1.349472
1.211702
1.211702
1.301257
1.301257
1.306263
1.306263
1.337966
1.337966
1.264104
1.264104
1.063616
1.063616
1.248121
1.248121
1.376033
1.376033
1.129977
1.129977
1.294020
1.294020
1.124513
1.124513
1.152528
1.152528
1.286089
1.286089
1.178425
1.178425
1.346988
1.346988
1.203279
1.203279
1.392764
1.392764
1.273505
1.273505
1.305932
1.305932
1.209497
1.209497
1.359547
1.359547
1.231398
1.231398
