1.094118
1.094118
1.379505
1.379505
1.157689
1.157689
1.390502
1.390502
1.061951
1.061951
1.118162
1.118162
1.323765
1.323765
1.327309
1.327309
1.360000
1.360000
1.323759
1.323759
1.217781
1.217781
1.155213
1.155213
1.182443
1.182443
1.355540
1.355540
1.338406
1.338406
1.277128
1.277128
1.167845
1.167845
1.275193
1.275193
1.383459
1.383459
1.365337
1.365337
1.372629
1.372629
1.311374
1.311374
1.367431
1.367431
1.398745
1.398745
1.383576
1.383576
1.243591
1.243591
1.329671
1.329671
1.097806
1.097806
1.394870
1.394870
1.356144
1.356144
1.263888
1.263888
1.327842
1.327842
1.320834
1.320834
1.379060
1.379060
1.049636
1.049636
1.301898
1.301898
1.260665
1.260665
1.397356
1.397356
1.371962
1.371962
1.248643
1.248643
1.041083
1.041083
1.327493
1.327493
1.335737
1.335737
1.381449
1.381449
1.386751
1.386751
1.383376
1.383376
1.340758
1.340758
1.170984
1.170984
1.270984
1.270984
1.379182
1.379182
1.303886
1.303886
1.200520
1.200520
1.232826
1.232826
1.393605
1.393605
1.380024
1.380024
1.147837
1.147837
1.289471
1.289471
1.294785
1.294785
1.218456
1.218456
1.351238
1.351238
1.213019
1.367852
1.213019
1.367852
1.349654
1.349654
1.340980
1.119936
1.340980
1.119936
1.295520
1.295520
1.388821
1.388821
1.334675
1.334675
1.286166
1.286166
1.271018
1.271018
1.153471
1.153471
1.333759
1.333759
1.283220
1.283220
1.344676
1.344676
1.335894
1.335894
1.217036
1.217036
1.209645
1.209645
1.110501
1.110501
1.380880
1.380880
1.361371
1.361371
1.228452
1.228452
1.369163
1.369163
1.257879
1.257879
1.185706
1.185706
1.272149
1.272149
1.304494
1.304494
1.327522
1.327522
1.376328
1.376328
1.351939
1.351939
1.165195
1.165195
1.377568
1.377568
1.347334
1.347334
1.165108
1.165108
1.386768
1.386768
1.278435
1.278435
1.329357
1.329357
1.347512
1.347512
1.381066
1.381066
1.368300
1.368300
1.144708
1.144708
1.337778
1.337778
1.365886
1.365886
1.316953
1.316953
1.364492
1.364492
1.074548
1.074548
1.084663
1.084663
1.054180
1.054180
1.127110
1.127110
1.351235
1.351235
1.234071
1.234071
1.076383
1.076383
1.359651
1.359651
1.240658
1.240658
1.251738
1.251738
1.389243
1.389243
1.254894
1.254894
1.354544
1.354544
1.217755
1.217755
1.066998
1.066998
1.369688
1.369688
1.218081
1.218081
1.379832
1.379832
1.357735
1.357735
1.399234
1.399234
1.321407
1.321407
1.322098
1.322098
1.165440
1.165440
1.380786
1.380786
1.318864
1.318864
1.368473
1.368473
1.254806
1.254806
1.351190
1.351190
1.227036
1.227036
1.350884
1.350884
1.321601
1.321601
1.286930
1.286930
1.363202
1.363202
1.228520
1.228520
1.185853
1.185853
1.348432
1.348432
1.376028
1.376028
1.386741
1.386741
1.178643
1.178643
1.251803
1.251803
1.369420
1.369420
1.230379
1.230379
1.243225
1.243225
1.303994
1.303994
1.146578
1.146578
1.282573
1.282573
1.176695
1.176695
1.169565
1.169565
1.381407
1.381407
1.200840
1.200840
1.296957
1.296957
1.315527
1.315527
1.395354
1.395354
1.368828
1.368828
