1.394742
1.394742
1.099618
1.099618
1.388980
1.388980
1.372034
1.372034
1.387497
1.387497
1.325416
1.325416
1.166771
1.166771
1.390310
1.390310
1.359712
1.359712
1.360496
1.360496
1.369402
1.369402
1.310060
1.310060
1.212482
1.212482
1.297529
1.297529
1.369479
1.369479
1.385323
1.385323
1.161385
1.161385
1.337438
1.337438
1.321772
1.321772
1.172636
1.172636
1.254689
1.254689
1.206827
1.206827
1.318126
1.318126
1.329470
1.329470
1.371649
1.371649
1.121158
1.121158
1.302126
1.302126
1.210415
1.210415
1.119534
1.119534
1.126298
1.126298
1.194060
1.194060
1.360533
1.360533
1.212888
1.212888
1.154254
1.154254
1.377346
1.377346
1.255725
1.255725
1.372519
1.372519
1.245133
1.245133
1.390322
1.390322
1.289168
1.289168
1.198048
1.198048
1.275319
1.275319
1.384478
1.384478
1.387952
1.387952
1.375623
1.375623
1.235431
1.235431
1.298611
1.298611
1.127136
1.127136
1.279854
1.279854
1.225603
1.225603
1.247871
1.247871
1.386097
1.386097
1.072875
1.072875
1.227107
1.227107
1.327601
1.327601
1.147806
1.147806
1.348598
1.348598
1.341100
1.341100
1.247350
1.363943
1.363943
1.247350
1.244918
1.244918
1.230577
1.230577
1.292257
1.292257
1.324557
1.324557
1.268783
1.268783
1.267381
1.267381
1.340321
1.340321
1.164922
1.164922
1.375610
1.375610
1.153373
1.153373
1.327489
1.327489
1.382834
1.382834
1.279468
1.279468
1.288539
1.288539
1.219605
1.219605
1.367079
1.367079
1.323995
1.323995
1.368302
1.368302
1.348552
1.348552
1.304420
1.304420
1.337220
1.337220
1.264586
1.264586
1.239990
1.239990
1.367506
1.367506
1.301004
1.301004
1.147651
1.147651
1.099838
1.099838
1.350155
1.350155
1.076893
1.076893
1.332026
1.332026
1.269483
1.269483
1.374920
1.374920
1.322558
1.322558
1.258785
1.258785
1.346915
1.346915
1.306191
1.306191
1.270927
1.270927
1.117551
1.117551
1.348044
1.348044
1.250183
1.250183
1.377611
1.377611
1.162270
1.162270
1.285722
1.285722
1.352791
1.352791
1.395491
1.395491
1.365492
1.365492
1.223814
1.223814
1.292713
1.292713
1.176290
1.176290
1.305020
1.305020
1.244016
1.244016
1.110997
1.110997
1.231384
1.231384
1.071847
1.071847
1.327814
1.327814
1.366949
1.366949
1.354880
1.354880
1.257508
1.257508
1.142795
1.142795
1.111829
1.111829
1.345302
1.345302
1.239608
1.239608
1.120094
1.120094
1.292004
1.292004
1.321683
1.321683
1.325040
1.325040
1.372438
1.372438
1.153437
1.153437
1.370288
1.370288
1.289125
1.289125
1.379797
1.379797
1.087095
1.087095
1.261069
1.261069
1.232807
1.232807
1.128482
1.128482
1.284403
1.284403
1.210169
1.210169
