1.111056
1.111056
1.253492
1.253492
1.358529
1.358529
1.218930
1.218930
1.105938
1.105938
1.334223
1.334223
1.217916
1.217916
1.164518
1.164518
1.234379
1.234379
1.367400
1.367400
1.186032
1.186032
1.331490
1.267857
1.267857
1.331490
1.305186
1.305186
1.283614
1.283614
1.372884
1.372884
1.287057
1.287057
1.338870
1.338870
1.247397
1.247397
1.363787
1.363787
1.160623
1.160623
1.184814
1.184814
1.365379
1.365379
1.312082
1.312082
1.141685
1.141685
1.392906
1.392906
1.386664
1.386664
1.392374
1.392374
1.237440
1.237440
1.373500
1.373500
1.362577
1.362577
1.191086
1.191086
1.050718
1.050718
1.384440
1.384440
1.397162
1.397162
1.292739
1.292739
1.165802
1.165802
1.339149
1.339149
1.183646
1.183646
1.295633
1.295633
1.308296
1.308296
1.289290
1.289290
1.378568
1.378568
1.343732
1.343732
1.156973
1.156973
1.298941
1.298941
1.283999
1.283999
1.224696
1.224696
1.373608
1.373608
1.277389
1.277389
1.331022
1.331022
1.168685
1.168685
1.367197
1.367197
1.323463
1.323463
1.369454
1.369454
1.387858
1.387858
1.296191
1.296191
1.129939
1.129939
1.217390
1.217390
1.260651
1.260651
1.253970
1.253970
1.277995
1.277995
1.263177
1.263177
1.159786
1.159786
1.339503
1.339503
1.221893
1.221893
1.151248
1.151248
1.315099
1.315099
1.250230
1.250230
1.308418
1.308418
1.225938
1.225938
1.319070
1.319070
1.311824
1.311824
1.297352
1.297352
1.131941
1.131941
1.204235
1.204235
1.357014
1.357014
1.273876
1.273876
1.299764
1.299764
1.377628
1.377628
1.365997
1.365997
1.383651
1.383651
1.365702
1.365702
1.144902
1.144902
1.127646
1.127646
1.347086
1.347086
1.282632
1.282632
1.285511
1.285511
1.270463
1.270463
1.397753
1.397753
1.267484
1.267484
1.316000
1.316000
1.238357
1.238357
1.361963
1.361963
1.181138
1.181138
1.360034
1.360034
1.219672
1.219672
1.376976
1.376976
1.395198
1.395198
1.383606
1.383606
1.333330
1.333330
1.289790
1.289790
1.398585
1.398585
1.231856
1.231856
1.302811
1.302811
1.284847
1.284847
1.068996
1.068996
1.376626
1.376626
1.378717
1.378717
1.385449
1.385449
1.327990
1.327990
1.240971
1.240971
1.389657
1.389657
1.174613
1.174613
1.348119
1.348119
1.233163
1.233163
1.371015
1.371015
1.263343
1.263343
1.258262
1.258262
1.211324
1.211324
1.290638
1.290638
1.361735
1.361735
1.170729
1.170729
1.367606
1.367606
1.340732
1.340732
1.238867
1.238867
1.383773
1.383773
1.058417
1.058417
1.302074
1.302074
1.229632
1.229632
1.308231
1.308231
1.246813
1.246813
1.336500
1.336500
1.111389
1.111389
1.231132
1.231132
1.376856
1.376856
