1.105122
1.105122
1.351143
1.351143
1.331009
1.331009
1.280572
1.280572
1.114351
1.114351
1.276047
1.276047
1.229679
1.229679
1.218185
1.218185
1.330745
1.330745
1.252668
1.252668
1.297362
1.297362
1.262558
1.262558
1.196290
1.196290
1.350702
1.350702
1.286522
1.286522
1.349338
1.349338
1.342669
1.342669
1.121497
1.121497
1.146101
1.146101
1.375811
1.375811
1.206424
1.216759
1.206424
1.216759
1.092915
1.092915
1.379742
1.379742
1.365192
1.365192
1.292819
1.292819
1.234431
1.234431
1.363933
1.363933
1.360589
1.360589
1.213835
1.213835
1.342507
1.342507
1.293829
1.293829
1.335827
1.335827
1.369116
1.369116
1.193569
1.193569
1.060084
1.060084
1.257903
1.257903
1.175564
1.175564
1.312466
1.312466
1.384080
1.384080
1.214135
1.214135
1.207130
1.207130
1.395891
1.395891
1.263135
1.263135
1.369399
1.369399
1.339671
1.339671
1.194712
1.194712
1.275375
1.275375
1.360968
1.360968
1.256787
1.256787
1.326710
1.326710
1.131743
1.128691
1.128691
1.131743
1.112853
1.112853
1.359027
1.359027
1.077052
1.077052
1.152349
1.152349
1.362466
1.362466
1.269111
1.269111
1.217274
1.217274
1.129651
1.129651
1.292505
1.292505
1.228244
1.228244
1.247903
1.247903
1.294313
1.294313
1.394270
1.394270
1.229815
1.229815
1.217054
1.217054
1.398401
1.398401
1.389627
1.389627
1.346913
1.346913
1.271260
1.271260
1.241663
1.241663
1.355022
1.355022
1.258760
1.258760
1.345696
1.345696
1.328624
1.328624
1.102739
1.102739
1.188738
1.188738
1.340903
1.340903
1.358906
1.358906
1.203235
1.203235
1.253942
1.253942
1.207082
1.207082
1.172896
1.172896
1.378502
1.378502
1.390717
1.390717
1.237821
1.237821
1.342459
1.342459
1.143833
1.143833
1.266182
1.266182
1.234453
1.234453
1.255200
1.255200
1.325306
1.325306
1.114138
1.114138
1.363201
1.363201
1.278385
1.278385
1.147550
1.147550
1.232589
1.232589
1.233857
1.233857
1.326607
1.326607
1.346874
1.346874
1.248365
1.248365
1.297430
1.297430
1.356111
1.356111
1.237176
1.237176
1.359694
1.359694
1.107244
1.107244
1.384650
1.384650
1.261286
1.261286
1.226538
1.226538
1.390509
1.390509
1.207801
1.207801
1.372796
1.372796
1.136914
1.136914
1.259041
1.259041
1.391037
1.391037
1.200431
1.200431
1.244765
1.244765
1.088769
1.088769
1.393464
1.393464
1.252993
1.252993
1.352575
1.352575
1.382735
1.382735
1.279667
1.279667
1.189257
1.189257
1.323495
1.323495
1.222944
1.222944
1.226845
1.226845
1.283222
1.283222
1.097733
1.097733
1.322671
1.322671
1.213205
1.213205
1.211439
1.211439
1.273911
1.273911
1.176619
1.176619
1.374625
1.374625
1.388809
1.388809
1.396498
1.396498
1.098528
1.098528
1.277525
1.277525
1.200223
1.200223
1.339401
1.339401
1.217383
1.217383
1.370814
1.370814
1.307267
1.307267
1.261513
1.261513
1.194890
1.194890
1.298057
1.298057
1.286086
1.286086
1.196067
1.196067
1.188633
1.188633
1.196051
1.196051
1.313115
1.313115
