1.191786
1.191786
1.314272
1.314272
1.278049
1.278049
1.211799
1.211799
1.295106
1.295106
1.223364
1.223364
1.331622
1.334676
1.331622
1.334676
1.304061
1.304061
1.307770
1.307770
1.335897
1.335897
1.365788
1.365788
1.277847
1.277847
1.264783
1.264783
1.384309
1.384309
1.334970
1.334970
1.131709
1.131709
1.333600
1.333600
1.105217
1.105217
1.339269
1.339269
1.387800
1.387800
1.390898
1.390898
1.372013
1.372013
1.388621
1.388621
1.315056
1.315056
1.348672
1.348672
1.383142
1.383142
1.384232
1.384232
1.066048
1.066048
1.080382
1.080382
1.195724
1.195724
1.176658
1.176658
1.329467
1.329467
1.140352
1.140352
1.287711
1.287711
1.388386
1.388386
1.252144
1.252144
1.327816
1.327816
1.267995
1.267995
1.339267
1.339267
1.096173
1.096173
1.174192
1.174192
1.393176
1.393176
1.169788
1.169788
1.247128
1.247128
1.321087
1.321087
1.069076
1.069076
1.307347
1.307347
1.243683
1.243683
1.303254
1.303254
1.351227
1.351227
1.250742
1.250742
1.321571
1.321571
1.345520
1.345520
1.348123
1.348123
1.299137
1.299137
1.341782
1.341782
1.290272
1.290272
1.304325
1.304325
1.187163
1.187163
1.311650
1.311650
1.379491
1.379491
1.259494
1.259494
1.379005
1.379005
1.388446
1.388446
1.303110
1.303110
1.102471
1.102471
1.298133
1.298133
1.238893
1.238893
1.228594
1.228594
1.394427
1.394427
1.146510
1.146510
1.321124
1.321124
1.364874
1.364874
1.051184
1.051184
1.152017
1.152017
1.364948
1.364948
1.382347
1.382347
1.195700
1.195700
1.165965
1.165965
1.346565
1.346565
1.276750
1.276750
1.320159
1.320159
1.221512
1.221512
1.357365
1.357365
1.333446
1.333446
1.309898
1.309898
1.313381
1.313381
1.240288
1.240288
1.321326
1.321326
1.210060
1.210060
1.035281
1.035281
1.354225
1.354225
1.236771
1.236771
1.377496
1.377496
1.321075
1.321075
1.138855
1.138855
1.395604
1.395604
1.097813
1.097813
1.014150
1.014150
1.393943
1.393943
1.223710
1.223710
1.226352
1.226352
1.186075
1.186075
1.371759
1.371759
1.294990
1.294990
1.286120
1.286120
1.099699
1.099699
1.261580
1.261580
1.087185
1.087185
1.359462
1.359462
1.273380
1.273380
1.398927
1.398927
1.228921
1.228921
1.381175
1.381175
1.305548
1.305548
1.211179
1.211179
1.111289
1.111289
1.392692
1.392692
1.355086
1.355086
1.172424
1.172424
1.099879
1.099879
1.380623
1.380623
1.372779
1.372779
1.283099
1.283099
1.258965
1.258965
1.293309
1.293309
1.378331
1.378331
1.246415
1.246415
1.287187
1.287187
1.382168
1.382168
1.304020
1.304020
1.375968
1.375968
1.341600
1.341600
1.368748
1.368748
1.224261
1.224261
1.311631
1.311631
1.213395
1.213395
1.266082
1.266082
1.361243
1.361243
1.229097
1.229097
1.384169
1.384169
1.364743
1.364743
1.339833
1.339833
1.233929
1.233929
