1.228307
1.228307
1.047258
1.047258
1.289038
1.289038
1.223393
1.223393
1.352236
1.352236
1.369634
1.369634
1.322842
1.322842
1.057822
1.057822
1.308480
1.308480
1.271212
1.271212
1.234911
1.234911
1.212621
1.212621
1.334085
1.334085
1.316155
1.316155
1.288749
1.288749
1.078187
1.078187
1.237557
1.237557
1.312660
1.312660
1.347638
1.347638
1.370878
1.370878
1.337942
1.337942
1.272945
1.272945
1.306573
1.306573
1.156690
1.156690
1.367034
1.367034
1.315164
1.315164
1.015838
1.015838
1.258333
1.258333
1.360597
1.360597
1.302595
1.302595
1.336236
1.336236
1.243893
1.243893
1.073294
1.073294
1.190485
1.190485
1.358193
1.358193
1.382860
1.382860
1.384509
1.384509
1.394991
1.394991
1.263195
1.263195
1.369104
1.369104
1.301209
1.301209
1.352383
1.352383
1.165926
1.165926
1.192252
1.192252
1.143709
1.143709
1.192517
1.192517
1.335017
1.335017
1.306361
1.398422
1.398422
1.306361
1.278200
1.278200
1.374048
1.374048
1.360461
1.360461
1.374995
1.374995
1.379490
1.379490
1.341569
1.341569
1.329913
1.329913
1.391787
1.391787
1.302861
1.302861
1.300841
1.300841
1.327553
1.327553
1.391006
1.391006
1.055384
1.055384
1.170191
1.170191
1.141638
1.141638
1.344422
1.344422
1.250395
1.250395
1.395024
1.395024
1.329098
1.329098
1.368933
1.368933
1.196003
1.196003
1.397024
1.397024
1.329451
1.329451
1.218840
1.218840
1.336436
1.336436
1.246290
1.246290
1.120888
1.120888
1.298080
1.298080
1.394903
1.394903
1.327045
1.327045
1.341502
1.341502
1.207284
1.207284
1.390444
1.390444
1.110264
1.110264
1.372062
1.372062
1.121702
1.121702
1.161969
1.161969
1.321254
1.321254
1.208475
1.208475
1.362985
1.362985
1.352303
1.352303
1.120646
1.120646
1.384622
1.384622
1.386730
1.386730
1.270641
1.270641
1.289031
1.289031
1.136097
1.136097
1.374109
1.374109
1.342044
1.342044
1.162718
1.162718
1.336372
1.336372
1.293842
1.293842
1.207256
1.207256
1.235387
1.235387
1.372488
1.372488
1.394014
1.394014
1.126830
1.126830
1.230048
1.230048
1.173590
1.173590
1.245829
1.245829
1.348457
1.348457
1.399231
1.399231
1.296527
1.202272
1.296527
1.202272
1.323688
1.323688
1.272739
1.272739
1.300839
1.300839
1.379188
1.379188
1.333103
1.333103
1.324727
1.324727
1.256930
1.256930
1.084051
1.084051
1.350142
1.350142
1.328885
1.328885
1.229000
1.229000
1.338655
1.338655
1.353601
1.353601
