1.389589
1.389589
1.287732
1.287732
1.262308
1.262308
1.155755
1.155755
1.180348
1.180348
1.299482
1.299482
1.091040
1.091040
1.366134
1.366134
1.341645
1.341645
1.340661
1.340661
1.248687
1.248687
1.395738
1.395738
1.397217
1.397217
1.334307
1.334307
1.196014
1.196014
1.302704
1.302704
1.383896
1.383896
1.333822
1.333822
1.262178
1.262178
1.384224
1.384224
1.389474
1.389474
1.193531
1.193531
1.132917
1.132917
1.359494
1.359494
1.312938
1.312938
1.353039
1.353039
1.329713
1.329713
1.308899
1.308899
1.104250
1.104250
1.284396
1.284396
1.142946
1.142946
1.173276
1.173276
1.398651
1.398651
1.364054
1.364054
1.377797
1.377797
1.235069
1.235069
1.142239
1.142239
1.321721
1.321721
1.225831
1.225831
1.134876
1.134876
1.313979
1.313979
1.374598
1.374598
1.362580
1.362580
1.087090
1.087090
1.385242
1.385242
1.182814
1.182814
1.338250
1.338250
1.078007
1.078007
1.155923
1.155923
1.382163
1.382163
1.337876
1.337876
1.155499
1.155499
1.354856
1.354856
1.388496
1.388496
1.373971
1.373971
1.227097
1.227097
1.124836
1.124836
1.151192
1.151192
1.194012
1.194012
1.132843
1.132843
1.260812
1.260812
1.266107
1.266107
1.375392
1.375392
1.061268
1.061268
1.198067
1.198067
1.341486
1.341486
1.278532
1.278532
1.357018
1.357018
1.194580
1.194580
1.097679
1.097679
1.302633
1.302633
1.143627
1.143627
1.228456
1.228456
1.331135
1.331135
1.187318
1.187318
1.243567
1.243567
1.158939
1.158939
1.211228
1.211228
1.390391
1.390391
1.216512
1.216512
1.336889
1.336889
1.290897
1.290897
1.310670
1.310670
1.336968
1.336968
1.245559
1.245559
1.351068
1.351068
1.206133
1.206133
1.278046
1.278046
1.043378
1.043378
1.116043
1.116043
1.179659
1.179659
1.117379
1.117379
1.398865
1.398865
1.331134
1.331134
1.371410
1.371410
1.380336
1.380336
1.312168
1.312168
1.065595
1.065595
1.262377
1.262377
1.389812
1.389812
1.215272
1.215272
1.359363
1.359363
1.319884
1.319884
1.198386
1.198386
1.376065
1.376065
1.146004
1.146004
1.175512
1.175512
1.107670
1.107670
