1.370392
1.370392
1.168401
1.168401
1.368475
1.368475
1.350916
1.350916
1.273981
1.273981
1.339798
1.339798
1.312385
1.312385
1.036182
1.295368
1.036182
1.295368
1.389902
1.389902
1.237028
1.237028
1.278304
1.278304
1.394059
1.394059
1.363502
1.363502
1.292755
1.292755
1.280584
1.280584
1.171568
1.171568
1.295721
1.295721
1.336315
1.336315
1.301937
1.301937
1.187332
1.187332
1.238833
1.238833
1.271371
1.271371
1.324627
1.324627
1.100164
1.100164
1.221819
1.221819
1.389801
1.389801
1.345238
1.345238
1.297705
1.297705
1.156063
1.156063
1.332299
1.332299
1.273434
1.273434
1.278268
1.278268
1.365224
1.365224
1.391571
1.391571
1.123633
1.123633
1.374090
1.374090
1.244103
1.244103
1.159661
1.159661
1.308148
1.308148
1.157491
1.157491
1.128001
1.128001
1.345418
1.264219
1.345418
1.264219
1.162384
1.162384
1.341846
1.341846
1.197665
1.197665
1.307842
1.307842
1.359365
1.359365
1.273484
1.273484
1.369853
1.369853
1.213181
1.213181
1.226112
1.226112
1.329768
1.329768
1.354341
1.354341
1.353461
1.353461
1.397954
1.397954
1.191219
1.191219
1.085816
1.085816
1.194310
1.194310
1.264936
1.264936
1.301145
1.301145
1.175933
1.175933
1.266309
1.266309
1.183779
1.183779
1.379651
1.379651
1.314018
1.314018
1.382431
1.382431
1.128113
1.128113
1.202456
1.202456
1.280658
1.280658
1.388623
1.388623
1.275359
1.275359
1.352967
1.352967
1.137228
1.137228
1.311115
1.311115
1.356541
1.356541
1.175532
1.175532
1.293692
1.293692
1.279183
1.279183
1.189403
1.189403
1.290454
1.290454
1.385338
1.385338
1.385672
1.385672
1.174763
1.174763
1.390677
1.390677
1.281514
1.281514
1.357851
1.357851
1.203198
1.203198
1.243717
1.243717
1.380974
1.380974
1.360248
1.360248
1.377201
1.377201
1.304086
1.304086
1.271796
1.271796
1.322161
1.322161
1.264447
1.264447
1.208226
1.208226
1.157769
1.157769
1.048032
1.048032
1.341449
1.341449
1.334325
1.334325
1.136855
1.136855
1.344885
1.344885
1.230360
1.230360
1.364482
1.364482
1.296416
1.296416
1.217652
1.217652
1.278761
1.278761
1.226532
1.226532
1.198079
1.198079
1.371386
1.371386
1.267477
1.267477
1.340215
1.340215
1.281996
1.281996
1.389331
1.389331
1.288593
1.288593
1.315094
1.315094
1.114968
1.114968
1.382982
1.382982
1.217638
1.217638
1.307404
1.307404
1.252321
1.252321
1.394776
1.394776
1.138166
1.138166
1.387001
1.387001
1.338110
1.338110
1.341980
1.341980
1.111301
1.111301
1.363358
1.363358
1.095041
1.095041
1.246441
1.246441
1.373648
1.373648
1.298333
1.298333
1.375154
1.375154
1.278710
1.278710
1.311951
1.311951
1.348992
1.348992
1.218706
1.218706
1.079868
1.079868
1.209794
1.209794
