1.081449
1.081449
1.147638
1.147638
1.043567
1.043567
1.301197
1.301197
1.349371
1.349371
1.317048
1.317048
1.392369
1.392369
1.335529
1.335529
1.368498
1.368498
1.221713
1.221713
1.399691
1.399691
1.369127
1.369127
1.343643
1.343643
1.079623
1.079623
1.281246
1.281246
1.285712
1.285712
1.343331
1.343331
1.186496
1.186496
1.086866
1.086866
1.379594
1.379594
1.322950
1.322950
1.396919
1.396919
1.322271
1.322271
1.398037
1.398037
1.348742
1.348742
1.192943
1.192943
1.366200
1.366200
1.169409
1.169409
1.200885
1.200885
1.155708
1.155708
1.356473
1.356473
1.357458
1.357458
1.118053
1.118053
1.303874
1.303874
1.355551
1.355551
1.311369
1.311369
1.341718
1.341718
1.291496
1.291496
1.360565
1.360565
1.199797
1.199797
1.391463
1.391463
1.175694
1.175694
1.290697
1.290697
1.331866
1.331866
1.301789
1.301789
1.267859
1.267859
1.285125
1.285125
1.215368
1.215368
1.356769
1.356769
1.240932
1.240932
1.371381
1.371381
1.326955
1.326955
1.352059
1.352059
1.394297
1.394297
1.313917
1.313917
1.285378
1.285378
1.393355
1.393355
1.292505
1.292505
1.365647
1.365647
1.312499
1.312499
1.133980
1.133980
1.344507
1.344507
1.375080
1.375080
1.360562
1.360562
1.312934
1.312934
1.175481
1.175481
1.074278
1.074278
1.121393
1.121393
1.331900
1.331900
1.375107
1.375107
1.131468
1.131468
1.367697
1.367697
1.341786
1.341786
1.045058
1.045058
1.302121
1.302121
1.313382
1.313382
1.356431
1.356431
1.274456
1.274456
1.368122
1.368122
1.328750
1.328750
1.285276
1.285276
1.098779
1.098779
1.277056
1.277056
1.256655
1.256655
1.301623
1.301623
1.235340
1.235340
1.126976
1.126976
1.335745
1.335745
1.366076
1.366076
1.107795
1.107795
1.210723
1.210723
1.322155
1.322155
1.280929
1.280929
1.329217
1.329217
1.347836
1.347836
1.301926
1.301926
1.277433
1.277433
1.337106
1.337106
1.344094
1.344094
1.290577
1.290577
1.224579
1.224579
1.265275
1.265275
1.284157
1.284157
1.357325
1.357325
1.346801
1.346801
1.274154
1.274154
1.352517
1.352517
1.252516
1.252516
1.378074
1.378074
1.111011
1.111011
1.317173
1.317173
1.110583
1.110583
1.267360
1.267360
1.393205
1.393205
1.367673
1.367673
1.198806
1.198806
1.326042
1.326042
1.374709
1.374709
1.387632
1.387632
1.346122
1.346122
1.374622
1.374622
1.176029
1.176029
1.393222
1.393222
1.113762
1.113762
1.359705
1.359705
1.352305
1.352305
1.278990
1.278990
1.286643
1.286643
1.283003
1.283003
1.217936
1.217936
1.071754
1.071754
1.251964
1.251964
1.062124
1.062124
1.110375
1.110375
1.245185
1.245185
1.250960
1.250960
1.347255
1.347255
1.352742
1.352742
1.267679
1.267679
1.326481
1.326481
