1.311605
1.311605
1.348738
1.348738
1.341977
1.341977
1.384527
1.384527
1.354399
1.354399
1.192153
1.192153
1.201353
1.201353
1.378657
1.378657
1.299520
1.299520
1.224041
1.224041
1.261557
1.261557
1.355424
1.355424
1.365109
1.365109
1.225021
1.225021
1.370286
1.370286
1.097630
1.097630
1.397181
1.397181
1.188612
1.188612
1.340423
1.340423
1.079274
1.079274
1.340953
1.340953
1.205047
1.205047
1.307848
1.307848
1.281154
1.281154
1.352845
1.352845
1.195481
1.195481
1.255673
1.255673
1.062856
1.062856
1.399906
1.399906
1.245763
1.245763
1.011707
1.011707
1.072748
1.072748
1.152901
1.152901
1.308740
1.308740
1.263135
1.263135
1.375500
1.375500
1.103963
1.103963
1.249801
1.249801
1.376661
1.376661
1.109349
1.109349
1.363703
1.363703
1.234510
1.234510
1.382001
1.382001
1.156131
1.156131
1.311701
1.311701
1.225050
1.225050
1.169701
1.169701
1.355139
1.355139
1.378138
1.378138
1.383229
1.383229
1.236239
1.236239
1.340099
1.197837
1.197837
1.340099
1.366379
1.366379
1.314474
1.314474
1.323691
1.323691
1.271226
1.271226
1.260936
1.260936
1.318004
1.318004
1.380952
1.380952
1.303988
1.303988
1.297387
1.297387
1.178578
1.178578
1.355082
1.355082
1.215903
1.215903
1.213124
1.213124
1.118232
1.118232
1.290123
1.290123
1.163156
1.163156
1.385208
1.385208
1.234820
1.234820
1.348797
1.348797
1.355099
1.355099
1.344230
1.344230
1.396059
1.396059
1.247536
1.247536
1.368556
1.368556
1.316325
1.316325
1.121172
1.121172
1.072678
1.072678
1.345218
1.345218
1.216068
1.216068
1.283104
1.283104
1.175814
1.175814
1.308588
1.308588
1.274651
1.274651
1.243944
1.243944
1.285949
1.285949
1.283920
1.283920
1.354334
1.354334
1.103918
1.103918
1.384144
1.384144
1.242627
1.242627
1.319652
1.319652
1.263783
1.263783
1.351867
1.351867
1.289134
1.289134
1.319784
1.319784
1.348656
1.348656
1.199040
1.199040
1.236444
1.236444
1.324682
1.324682
1.285484
1.285484
1.284946
1.284946
1.246288
1.246288
1.268483
1.268483
1.302118
1.302118
1.178373
1.178373
1.319162
1.319162
1.074707
1.074707
1.333740
1.333740
