1.350244
1.350244
1.216840
1.284942
1.284942
1.216840
1.230054
1.230054
1.387963
1.387963
1.228715
1.228715
1.307052
1.307052
1.356495
1.356495
1.379444
1.379444
1.322219
1.322219
1.130641
1.130641
1.294312
1.294312
1.294776
1.294776
1.276915
1.276915
1.257722
1.257722
1.144134
1.144134
1.373344
1.373344
1.204293
1.204293
1.262483
1.262483
1.346919
1.346919
1.212035
1.212035
1.379644
1.379644
1.332992
1.332992
1.322359
1.322359
1.269448
1.269448
1.321607
1.321607
1.090372
1.090372
1.311071
1.311071
1.185101
1.185101
1.186179
1.186179
1.132396
1.132396
1.216292
1.216292
1.367128
1.367128
1.070107
1.070107
1.387352
1.387352
1.354539
1.354539
1.336401
1.336401
1.379585
1.379585
1.287005
1.287005
1.354857
1.354857
1.236325
1.236325
1.128278
1.128278
1.283064
1.283064
1.249818
1.249818
1.355043
1.355043
1.368106
1.368106
1.223148
1.223148
1.360136
1.360136
1.296552
1.296552
1.261253
1.261253
1.214521
1.214521
1.322863
1.322863
1.367758
1.367758
1.374159
1.374159
1.388424
1.388424
1.278528
1.278528
1.215556
1.215556
1.230298
1.230298
1.127094
1.127094
1.248707
1.248707
1.339292
1.339292
1.094789
1.094789
1.298693
1.298693
1.290000
1.290000
1.351384
1.351384
1.204386
1.204386
1.345027
1.345027
1.245596
1.245596
1.385709
1.385709
1.219891
1.219891
1.371757
1.371757
1.359187
1.359187
1.176804
1.176804
1.170558
1.170558
1.274714
1.274714
1.367454
1.367454
1.037037
1.037037
1.248151
1.248151
1.175605
1.175605
1.338809
1.294639
1.294639
1.338809
1.160690
1.160690
1.238005
1.238005
1.258834
1.258834
1.367729
1.367729
1.306033
1.306033
1.129996
1.129996
1.255351
1.255351
1.381398
1.381398
1.357071
1.357071
1.340965
1.340965
1.212982
1.212982
1.333432
1.333432
1.315663
1.315663
1.356491
1.356491
1.244358
1.244358
1.378210
1.378210
1.268083
1.268083
1.369364
1.369364
1.315965
1.315965
1.288925
1.288925
1.373108
1.373108
1.077176
1.077176
1.294508
1.294508
1.343886
1.343886
1.270294
1.270294
1.397540
1.397540
1.372258
1.372258
1.330753
1.330753
1.398345
1.398345
1.361432
1.361432
1.126737
1.126737
1.051875
1.051875
1.279448
1.279448
1.369281
1.369281
1.227380
1.227380
1.091395
1.091395
1.213290
1.213290
1.250401
1.250401
1.237468
1.237468
1.335379
1.335379
1.256435
1.256435
1.216887
1.216887
1.122490
1.122490
1.351577
1.351577
1.308940
1.308940
1.199814
1.199814
1.386516
1.386516
1.316784
1.316784
1.219944
1.219944
1.315220
1.315220
1.343610
1.343610
1.231225
1.231225
1.217057
1.217057
1.370282
1.370282
1.044252
1.044252
1.287724
1.287724
1.353425
1.353425
1.262742
1.262742
1.161388
1.161388
1.383915
1.383915
1.316399
1.316399
1.328190
1.328190
1.391998
1.391998
1.392626
1.392626
1.282436
1.282436
1.367928
1.367928
1.339215
1.339215
1.366719
1.366719
1.303270
1.303270
1.335220
1.335220
1.210275
1.210275
1.381148
1.381148
1.307425
1.307425
1.126266
1.126266
1.387819
1.387819
1.317098
1.317098
1.160324
1.160324
