1.353105
1.353105
1.286631
1.286631
1.376515
1.376515
1.348838
1.348838
1.373401
1.373401
1.381458
1.381458
1.087465
1.087465
1.371312
1.371312
1.257438
1.257438
1.106223
1.106223
1.256662
1.256662
1.169379
1.169379
1.353174
1.353174
1.308872
1.308872
1.289970
1.289970
1.275701
1.275701
1.293288
1.293288
1.257225
1.257225
1.266660
1.266660
1.269428
1.269428
1.157788
1.157788
1.393396
1.393396
1.336653
1.336653
1.299597
1.299597
1.296806
1.296806
1.181930
1.181930
1.112188
1.112188
1.268882
1.268882
1.347389
1.347389
1.166937
1.166937
1.332701
1.332701
1.315338
1.315338
