1.239203
1.239203
1.303284
1.303284
1.291979
1.291979
1.361946
1.361946
1.347972
1.347972
1.126964
1.126964
1.383307
1.383307
1.231055
1.231055
1.387181
1.387181
1.243390
1.243390
1.195566
1.195566
1.180142
1.180142
1.275868
1.275868
1.379482
1.379482
1.399088
1.399088
1.344565
1.344565
1.335160
1.335160
1.243535
1.243535
1.280906
1.280906
1.349990
1.349990
1.254360
1.254360
1.271354
1.271354
1.203661
1.203661
1.237333
1.237333
1.190078
1.190078
1.398179
1.398179
1.398510
1.398510
1.152024
1.152024
1.349859
1.349859
1.386143
1.386143
1.367486
1.367486
1.221990
1.221990
1.016111
1.016111
1.380934
1.380934
1.360286
1.360286
1.353972
1.353972
1.328769
1.328769
1.199585
1.199585
