1.396141
1.396141
1.281605
1.281605
1.238385
1.238385
1.267888
1.267888
1.398711
1.398711
1.321351
1.321351
1.341400
1.341400
1.324619
1.324619
1.147623
1.147623
1.335262
1.335262
1.330108
1.330108
1.275432
1.275432
1.381152
1.381152
1.114964
1.114964
1.218122
1.218122
1.276636
1.276636
1.170647
1.170647
1.232612
1.232612
1.180940
1.180940
1.255020
1.255020
1.301029
1.301029
1.168439
1.168439
1.295087
1.295087
1.381423
1.381423
1.394992
1.394992
1.373751
1.373751
1.296907
1.296907
1.113114
1.113114
1.204213
1.204213
1.022186
1.022186
1.260097
1.260097
1.200103
1.200103
1.346063
1.346063
1.358425
1.358425
1.355259
1.355259
1.392343
1.392343
1.179218
1.179218
1.148441
1.148441
1.210216
1.210216
1.339554
1.339554
1.178591
1.178591
1.164851
1.164851
1.071385
1.071385
1.384294
1.384294
1.338831
1.338831
1.279899
1.279899
