1.294757
1.294757
1.161945
1.161945
1.360819
1.360819
1.386137
1.386137
1.318425
1.318425
1.369192
1.369192
1.289480
1.289480
1.372455
1.372455
1.394233
1.394233
1.237661
1.237661
1.288221
1.288221
1.242069
1.242069
1.267637
1.267637
1.329894
1.329894
1.327393
1.327393
1.179147
1.179147
1.231521
1.231521
1.205438
1.205438
1.325991
1.325991
1.351319
1.351319
1.292943
1.292943
1.123589
1.123589
1.330899
1.330899
1.337575
1.337575
1.201399
1.201399
1.232304
1.232304
1.314262
1.314262
1.216728
1.216728
1.367220
1.367220
1.376601
1.376601
1.266290
1.266290
1.280568
1.280568
1.248658
1.248658
1.376365
1.376365
1.348576
1.348576
1.266367
1.266367
