1.356536
1.356536
1.035797
1.035797
1.237106
1.237106
1.202630
1.202630
1.332273
1.332273
1.390698
1.390698
1.131268
1.131268
1.334524
1.334524
1.367926
1.367926
1.182445
1.182445
1.376923
1.376923
1.256514
1.256514
1.198769
1.198769
1.370073
1.370073
1.373408
1.373408
1.316832
1.316832
1.329799
1.329799
1.394785
1.394785
1.237048
1.237048
1.160356
1.160356
1.235996
1.235996
1.210146
1.210146
1.285489
1.285489
1.295837
1.295837
1.114782
1.114782
1.399380
1.399380
1.226387
1.226387
1.144958
1.144958
1.284745
1.284745
1.203376
1.203376
1.234349
1.234349
1.347084
1.347084
1.086749
1.086749
1.359017
1.359017
1.285108
1.285108
1.334701
1.334701
1.292661
1.292661
1.304944
1.304944
1.059184
1.059184
1.288602
1.288602
