1.322962
1.322962
1.373142
1.373142
1.075986
1.075986
1.292296
1.292296
1.280420
1.280420
1.280528
1.280528
1.371358
1.371358
1.378010
1.378010
1.395568
1.395568
1.265358
1.265358
1.287867
1.287867
1.021913
1.021913
1.336017
1.336017
1.166914
1.166914
1.385844
1.385844
1.317412
1.317412
1.145488
1.145488
1.218420
1.218420
1.292237
1.292237
1.253431
1.253431
1.373785
1.373785
1.284080
1.284080
1.335313
1.335313
1.125805
1.125805
1.347708
1.347708
1.310313
1.310313
1.177104
1.177104
1.180268
1.180268
1.082452
1.082452
1.367329
1.367329
1.173215
1.173215
1.351111
1.351111
1.087188
1.087188
1.297189
1.297189
1.386282
1.386282
1.131293
1.131293
