1.233726
1.233726
1.276263
1.276263
1.157207
1.157207
1.257818
1.257818
1.327739
1.327739
1.077750
1.077750
1.291328
1.291328
1.313135
1.313135
1.374029
1.374029
1.320666
1.320666
1.346979
1.346979
1.302518
1.302518
1.136403
1.136403
1.251247
1.251247
1.177986
1.177986
1.251129
1.251129
1.361670
1.361670
1.320490
1.320490
1.392621
1.392621
1.293527
1.293527
1.219682
1.219682
1.312235
1.312235
1.304274
1.304274
1.271106
1.271106
1.168606
1.168606
1.388077
1.388077
1.228303
1.228303
1.070985
1.070985
1.108582
1.108582
1.258470
1.258470
1.329393
1.329393
1.365005
1.365005
1.285416
1.285416
1.097412
1.097412
1.304389
1.304389
1.364277
1.364277
1.338366
1.338366
1.318790
1.318790
1.173198
1.173198
1.178355
1.178355
1.377597
1.377597
1.323087
1.323087
1.250943
1.250943
1.202792
1.202792
1.197550
1.197550
1.282018
1.282018
1.348300
1.348300
