1.357579
1.357579
1.251308
1.251308
1.258802
1.258802
1.067864
1.067864
1.359546
1.359546
1.373772
1.373772
1.394200
1.394200
1.356752
1.356752
1.389328
1.389328
1.212490
1.212490
1.365451
1.365451
1.282545
1.282545
1.375712
1.375712
1.127789
1.127789
1.214375
1.214375
1.306980
1.306980
1.170690
1.170690
1.396836
1.396836
1.321663
1.321663
1.311121
1.311121
1.370168
1.370168
1.263603
1.263603
1.348222
1.348222
1.316176
1.316176
1.210364
1.210364
1.255047
1.255047
1.307961
1.307961
1.107715
1.107715
1.174627
1.174627
1.226805
1.226805
1.194326
1.194326
1.229460
1.229460
1.316146
1.316146
1.389307
1.389307
1.321434
1.321434
1.066210
1.066210
1.347619
1.347619
1.375209
1.375209
1.327901
1.327901
1.352985
1.352985
1.326415
1.326415
1.372473
1.372473
1.394995
1.394995
1.307591
1.307591
