1.367359
1.367359
1.295500
1.295500
1.310336
1.310336
1.194022
1.194022
1.280579
1.280579
1.172116
1.172116
1.361503
1.361503
1.261493
1.261493
1.114856
1.114856
1.306173
1.306173
1.296585
1.296585
1.334451
1.334451
1.287912
1.287912
1.150759
1.150759
1.396346
1.396346
1.278043
1.278043
1.353501
1.353501
1.137737
1.137737
1.228140
1.228140
1.241925
1.241925
1.256542
1.256542
1.281223
1.281223
1.385134
1.385134
1.398403
1.398403
1.093899
1.093899
1.344509
1.344509
1.082021
1.082021
1.206077
1.206077
1.280993
1.280993
1.364938
1.364938
