1.037366
1.037366
1.118180
1.118180
1.178591
1.178591
1.121890
1.121890
1.337015
1.337015
1.392521
1.392521
1.009161
1.009161
1.377385
1.377385
1.352066
1.352066
1.275673
1.275673
1.385497
1.385497
1.171120
1.171120
1.145085
1.145085
1.332489
1.332489
1.131073
1.131073
1.322078
1.322078
1.334842
1.334842
1.253264
1.253264
1.396074
1.396074
1.349557
1.349557
1.397014
1.397014
1.318088
1.318088
1.224275
1.224275
1.130889
1.130889
1.257470
1.257470
1.255268
1.255268
1.392494
1.392494
1.261916
1.261916
