1.188913
1.188913
1.198435
1.198435
1.324732
1.324732
1.390472
1.390472
1.202247
1.202247
1.155363
1.155363
1.348812
1.348812
1.337179
1.337179
1.176006
1.176006
1.378701
1.378701
1.374303
1.374303
1.086258
1.086258
1.126010
1.126010
1.392566
1.392566
1.226111
1.226111
1.168581
1.168581
1.347387
1.347387
1.389791
1.389791
1.179374
1.179374
1.183505
1.183505
1.382748
1.382748
1.216947
1.216947
1.360398
1.360398
1.382025
1.382025
1.162242
1.162242
1.377143
1.377143
1.333063
1.333063
1.367026
1.367026
1.289287
1.289287
1.309831
1.309831
1.193028
1.193028
