1.254211
1.254211
1.281978
1.281978
1.175232
1.175232
1.132770
1.132770
1.266067
1.266067
1.225751
1.225751
1.114266
1.114266
1.380482
1.380482
1.360608
1.360608
1.184479
1.184479
1.169114
1.169114
1.376726
1.376726
1.352571
1.352571
1.381954
1.381954
1.393275
1.393275
1.344196
1.344196
1.345222
1.345222
1.342592
1.342592
1.336305
1.336305
1.287600
1.287600
1.354250
1.354250
1.078084
1.078084
1.302067
1.302067
1.321681
1.321681
1.262720
1.262720
1.398443
1.398443
1.223045
1.223045
1.375136
1.375136
1.200851
1.200851
1.314045
1.314045
1.393432
1.393432
1.219276
1.219276
1.398055
1.398055
