1.264982
1.264982
1.092999
1.092999
1.267528
1.267528
1.184651
1.184651
1.056104
1.056104
1.368986
1.368986
1.155244
1.155244
1.390214
1.390214
1.337409
1.337409
1.217662
1.217662
1.378582
1.378582
1.385594
1.385594
1.213553
1.213553
1.299912
1.299912
1.360672
1.360672
1.367287
1.367287
1.372821
1.372821
1.163709
1.163709
1.241352
1.241352
1.353309
1.353309
1.298366
1.298366
1.252502
1.252502
1.174535
1.174535
1.310074
1.310074
1.268678
1.268678
1.244736
1.244736
1.088691
1.088691
1.328356
1.328356
1.214158
1.214158
1.296331
1.296331
1.161632
1.161632
1.371738
1.371738
1.274973
1.274973
1.308341
1.308341
1.377073
1.377073
1.298690
1.298690
1.238072
1.238072
1.349044
1.349044
1.304328
1.304328
1.302521
1.302521
1.195961
1.195961
1.326001
1.326001
1.367858
1.367858
1.327783
1.327783
1.334589
1.334589
1.030823
1.030823
1.275072
1.275072
