1.118759
1.118759
1.396548
1.396548
1.295495
1.295495
1.346360
1.346360
1.180879
1.180879
1.294771
1.294771
1.112742
1.112742
1.385682
1.385682
1.288288
1.288288
1.392888
1.392888
1.198727
1.198727
1.306574
1.306574
1.234774
1.234774
1.363303
1.363303
1.342173
1.342173
1.399006
1.399006
1.324186
1.324186
1.363100
1.363100
1.313865
1.313865
1.061606
1.061606
1.364311
1.364311
1.286994
1.286994
1.259546
1.259546
1.195946
1.195946
1.267333
1.267333
1.059922
1.059922
1.181385
1.181385
1.317417
1.317417
1.255798
1.255798
1.380364
1.380364
1.311311
1.311311
1.360527
1.360527
1.324298
1.324298
1.392467
1.392467
1.236969
1.236969
