1.396682
1.396682
1.212864
1.212864
1.218853
1.218853
1.380151
1.380151
1.174054
1.174054
1.211741
1.211741
1.187715
1.187715
1.333488
1.333488
1.347286
1.347286
1.200467
1.200467
1.358584
1.358584
1.382270
1.382270
1.332228
1.332228
1.313810
1.313810
1.183943
1.183943
1.365449
1.365449
1.367189
1.367189
1.367807
1.367807
1.380887
1.380887
1.288396
1.288396
1.146412
1.146412
1.365174
1.365174
1.347242
1.347242
1.395895
1.395895
1.344246
1.344246
1.341497
1.341497
1.173585
1.173585
1.299197
1.299197
1.379865
1.379865
1.162651
1.162651
1.352177
1.352177
1.398552
1.398552
1.156226
1.156226
1.232105
1.232105
1.164018
1.164018
1.319860
1.319860
1.221016
1.221016
1.286698
1.286698
1.281681
1.281681
