1.112653
1.112653
1.309073
1.309073
1.337830
1.337830
1.341627
1.341627
1.176054
1.248392
1.248392
1.176054
1.297678
1.297678
1.178449
1.375503
1.375503
1.178449
1.255464
1.255464
1.255502
1.255502
1.083812
1.083812
1.319734
1.319734
1.262510
1.262510
1.377509
1.219572
1.219572
1.377509
1.219804
1.219804
1.341980
1.341980
1.279501
1.279501
1.387474
1.387474
1.373223
1.373223
1.344373
1.344373
1.196043
1.196043
1.326511
1.326511
1.331590
1.331590
1.306595
1.306595
1.086453
1.086453
1.237035
1.237035
1.268377
1.268377
1.095566
1.095566
1.391088
1.391088
1.372012
1.372012
1.099337
1.099337
1.339417
1.339417
1.018949
1.018949
1.369373
1.369373
1.274261
1.274261
1.382142
1.382142
1.224654
1.224654
1.340802
1.340802
1.362652
1.362652
1.387619
1.387619
1.207918
1.207918
1.275008
1.275008
1.342122
1.342122
1.351859
1.351859
1.387595
1.387595
1.275346
1.275346
1.395686
1.395686
1.083820
1.345156
1.345156
1.083820
1.383876
1.383876
1.339057
1.318498
1.339057
1.318498
1.233664
1.233664
1.219320
1.219320
1.188282
1.188282
1.177933
1.177933
1.069755
1.069755
1.375602
1.375602
1.380136
1.366401
1.380136
1.366401
1.360452
1.315849
1.315849
1.360452
1.322967
1.322967
1.383663
1.383663
1.365336
1.365336
1.187268
1.187268
1.315810
1.315810
1.163100
1.163100
1.108800
1.108800
1.245813
1.245813
1.391796
1.391796
1.160720
1.160720
1.339767
1.339767
1.129770
1.129770
1.055485
1.055485
1.266678
1.266678
1.266748
1.266748
1.398092
1.398092
1.294676
1.294676
1.093796
1.093796
1.373276
1.373276
1.396088
1.396088
1.120987
1.120987
1.163813
1.163813
1.347095
1.347095
1.358313
1.358313
1.229710
1.229710
1.212722
1.212722
1.261761
1.261761
1.204892
1.204892
1.182243
1.182243
1.344994
1.344994
1.371206
1.371206
1.365401
1.365401
1.191629
1.191629
1.390123
1.390123
1.392406
1.392406
1.183551
1.183551
1.069955
1.069955
1.100840
1.100840
1.397108
1.397108
1.274452
1.274452
1.278769
1.278769
1.361246
1.361246
1.282436
1.282436
1.305800
1.305800
1.319774
1.319774
1.325725
1.325725
1.370434
1.370434
1.392349
1.392349
1.285444
1.285444
1.145269
1.145269
1.309270
1.309270
1.223339
1.223339
1.266329
1.266329
1.233072
1.233072
1.339205
1.339205
1.398007
1.398007
1.305166
1.305166
1.348007
1.348007
1.370959
1.370959
1.344263
1.344263
1.264656
1.264656
1.350358
1.350358
1.221664
1.221664
1.170703
1.170703
1.316920
1.316920
1.398427
1.398427
1.031996
1.031996
1.094933
1.094933
1.277753
1.277753
1.112960
1.112960
1.388605
1.388605
1.077954
1.077954
1.030648
1.030648
1.250801
1.250801
1.308331
1.308331
1.359475
1.359475
1.341979
1.341979
1.382425
1.382425
1.145421
1.145421
1.384000
1.384000
1.277303
1.277303
1.138470
1.138470
1.335199
1.335199
1.364509
1.364509
1.367032
1.367032
1.343619
1.343619
1.375424
1.375424
1.144807
1.144807
1.330630
1.330630
1.348735
1.348735
1.348106
1.348106
1.304727
1.304727
1.379181
1.379181
1.247358
1.247358
1.232890
1.232890
1.313331
1.313331
1.393158
1.393158
1.374607
1.374607
1.365982
1.365982
1.251054
1.251054
1.190522
1.190522
1.232303
1.232303
1.162255
1.162255
1.367555
1.367555
1.346551
1.346551
1.292816
1.292816
1.202988
1.202988
1.022942
1.022942
1.259273
1.259273
1.347948
1.347948
1.221128
1.221128
1.353661
1.353661
1.079245
1.079245
1.390190
1.390190
1.391636
1.391636
1.297090
1.297090
1.184417
1.184417
1.383058
1.383058
1.300794
1.300794
1.379581
1.379581
1.313793
1.313793
1.255792
1.255792
1.191863
1.191863
1.176412
1.176412
1.307276
1.307276
1.080871
1.080871
1.272878
1.272878
1.374371
1.374371
1.332817
1.332817
1.309948
1.309948
1.285499
1.285499
1.397137
1.397137
1.061194
1.061194
1.287860
1.287860
1.372546
1.372546
1.380935
1.380935
1.374752
1.374752
1.199263
1.199263
1.135198
1.135198
1.218034
1.218034
1.327814
1.327814
1.312697
1.312697
1.378160
1.378160
1.292180
1.292180
1.285431
1.285431
1.360797
1.360797
1.391184
1.391184
1.274272
1.274272
1.386848
1.386848
1.237305
1.237305
1.160056
1.160056
1.394218
1.394218
1.385972
1.385972
1.369759
1.369759
1.398771
1.398771
1.192469
1.192469
1.119767
1.119767
1.371822
1.371822
1.343078
1.343078
1.375169
1.375169
1.266301
1.266301
1.371402
1.371402
1.198038
1.198038
1.070603
1.070603
1.043342
1.043342
1.126377
1.126377
1.359859
1.359859
1.383184
1.383184
1.324711
1.324711
1.210803
1.210803
1.034147
1.034147
1.343964
1.343964
1.338717
1.338717
1.330165
1.330165
1.389824
1.389824
1.106308
1.106308
1.255664
1.255664
1.187997
1.187997
1.344845
1.344845
1.397215
1.397215
1.336156
1.336156
1.271504
1.271504
1.256049
1.256049
1.158126
1.158126
1.247269
1.247269
1.315724
1.315724
1.280830
1.280830
1.047126
1.047126
