1.376775
1.376775
1.353463
1.255950
1.255950
1.353463
1.228308
1.228308
1.308133
1.308133
1.347561
1.347561
1.358901
1.358901
1.283311
1.283311
1.347369
1.237514
1.347369
1.252651
1.237514
1.252651
1.248717
1.248717
1.363473
1.363473
1.236174
1.236174
1.379863
1.379863
1.212703
1.212703
1.383596
1.383596
1.221965
1.221965
1.372604
1.372604
1.343702
1.343702
1.214837
1.324628
1.324628
1.214837
1.335917
1.335917
1.389881
1.389881
1.385399
1.385399
1.161018
1.161018
1.341205
1.341205
1.364621
1.364621
1.396469
1.396469
1.365569
1.365569
1.363950
1.363950
1.372094
1.372094
1.370370
1.370370
1.304378
1.304378
1.350039
1.350039
1.366026
1.366026
1.146025
1.146025
1.390183
1.390183
1.344735
1.344735
1.290446
1.290446
1.172024
1.172024
1.331428
1.331428
1.338281
1.338281
1.357744
1.357744
1.328759
1.328759
1.321499
1.321499
1.399462
1.399462
1.207377
1.399390
1.397964
1.399390
1.207377
1.397964
1.211087
1.211087
1.226122
1.369407
1.226122
1.369407
1.346894
1.346894
1.205057
1.205057
1.060829
1.060829
1.186065
1.186065
1.341625
1.341625
1.306535
1.306535
1.189046
1.189046
1.242816
1.242816
1.222588
1.222588
1.225914
1.225914
1.330795
1.330795
1.328036
1.328036
1.363856
1.363856
1.183036
1.183036
1.313919
1.313919
1.241254
1.241254
1.164519
1.164519
1.314220
1.314220
1.097546
1.097546
1.306661
1.306661
1.268239
1.268239
1.321972
1.321972
1.326539
1.326539
1.153710
1.153710
1.389363
1.389363
1.297556
1.297556
1.120459
1.120459
1.324980
1.324980
1.312847
1.312847
1.336385
1.336385
1.393121
1.393121
1.265077
1.265077
1.124237
1.124237
1.305147
1.305147
1.212008
1.212008
1.378123
1.392448
1.392448
1.378123
1.077470
1.077470
1.271296
1.271296
1.391028
1.391028
1.298078
1.298078
1.378788
1.378788
1.283560
1.283560
1.323944
1.323944
1.320018
1.320018
1.141196
1.141196
1.399619
1.399619
1.174986
1.174986
1.213531
1.214121
1.214121
1.213531
1.023881
1.023881
1.275755
1.275755
1.393797
1.393797
1.289385
1.289385
1.210134
1.210134
1.365280
1.365280
1.283324
1.283324
1.265164
1.265164
1.262872
1.262872
1.320675
1.320675
1.277258
1.311561
1.277258
1.311561
1.258142
1.258142
1.186566
1.186566
1.386461
1.386461
1.355621
1.355621
1.223434
1.223434
1.273620
1.273620
1.293284
1.293284
1.178698
1.178698
1.288806
1.288806
1.366478
1.366478
1.008024
1.008024
1.268735
1.268735
1.211598
1.211598
1.363727
1.363727
1.234047
1.234047
1.134047
1.134047
1.248145
1.248145
1.098982
1.098982
1.351411
1.351411
1.256213
1.256213
1.304833
1.304833
1.358764
1.358764
1.334037
1.334037
1.215875
1.215875
1.236872
1.236872
1.250930
1.250930
1.338344
1.338344
1.339702
1.276393
1.339702
1.276393
1.350344
1.350344
1.318627
1.318627
1.367532
1.367532
1.346349
1.346349
1.319852
1.319852
1.316863
1.316863
1.211104
1.211104
1.225294
1.225294
1.373836
1.373836
1.070711
1.070711
1.222505
1.222505
1.304009
1.304009
1.390064
1.390064
1.311009
1.311009
1.377790
1.377790
1.352161
1.352161
1.349587
1.349587
1.199303
1.199303
1.323743
1.323743
1.325115
1.325115
1.317115
1.317115
1.371919
1.371919
1.377507
1.377507
1.294720
1.294720
1.288949
1.288949
1.160172
1.160172
1.279319
1.279319
1.379936
1.379936
1.281360
1.281360
1.366045
1.366045
1.190241
1.190241
1.299787
1.299787
1.383851
1.383851
1.398022
1.398022
1.101008
1.101008
1.399230
1.399230
1.393627
1.393627
1.383228
1.383228
1.358523
1.358523
1.267598
1.267598
1.389426
1.389426
1.374004
1.374004
1.285304
1.285304
1.334713
1.334713
1.371616
1.371616
1.260952
1.260952
1.351795
1.351795
1.397101
1.397101
1.306111
1.306111
1.229129
1.229129
1.353229
1.353229
1.278775
1.278775
1.204127
1.204127
1.327569
1.327569
1.204873
1.204873
1.381845
1.381845
1.221757
1.221757
1.289570
1.289570
1.372840
1.372840
1.280421
1.280421
1.330387
1.330387
1.318267
1.318267
1.350238
1.350238
1.320659
1.320659
1.261522
1.261522
1.332629
1.332629
1.180817
1.180817
1.173458
1.173458
1.227029
1.227029
1.333286
1.333286
1.295977
1.295977
1.222796
1.222796
1.159362
1.159362
1.253250
1.253250
1.368402
1.368402
1.162243
1.162243
1.376746
1.376746
1.257483
1.257483
1.235974
1.235974
1.362488
1.362488
1.383804
1.383804
1.366799
1.366799
1.317129
1.317129
1.169396
1.322219
1.322219
1.169396
1.133826
1.133826
1.205396
1.205396
1.105770
1.105770
1.386439
1.386439
1.181425
1.181425
1.203738
1.203738
1.369563
1.369563
1.224535
1.224535
1.107780
1.107780
1.187063
1.187063
1.384911
1.384911
1.164064
1.164064
1.370549
1.370549
1.347715
1.347715
1.373070
1.373070
1.369092
1.369092
1.367223
1.367223
1.362557
1.362557
1.315429
1.128433
1.315429
1.128433
1.303734
1.303734
1.375359
1.375359
1.170212
1.170212
1.250677
1.250677
1.246931
1.246931
1.299132
1.299132
1.193077
1.193077
1.366731
1.366731
1.303958
1.303958
1.245580
1.245580
1.220073
1.220073
1.177931
1.177931
1.255625
1.255625
1.318026
1.318026
1.258730
1.258730
1.366935
1.366935
1.347214
1.347214
1.211887
1.211887
1.226278
1.226278
1.092569
1.092569
1.333140
1.333140
1.207965
1.207965
1.279635
1.279635
1.189493
1.189493
1.228998
1.228998
1.384941
1.384941
1.238287
1.238287
1.369097
1.369097
1.346833
1.346833
1.313766
1.313766
1.361723
1.361723
1.264315
1.264315
1.154134
1.154134
1.390951
1.390951
1.260373
1.260373
1.390512
1.390512
1.076382
1.076382
1.344444
1.344444
1.378841
1.378841
1.061916
1.061916
1.101059
1.101059
1.321083
1.321083
1.171717
1.171717
1.198108
1.198108
1.375966
1.375966
1.364967
1.364967
1.213008
1.213008
1.333257
1.333257
1.259245
1.259245
1.341697
1.341697
1.349060
1.349060
1.388924
1.388924
1.303162
1.303162
1.271080
1.271080
1.379228
1.379228
1.378293
1.378293
1.331175
1.331175
1.361608
1.361608
1.250289
1.250289
1.393361
1.393361
1.188780
1.188780
1.144712
1.144712
1.346892
1.346892
1.235297
1.235297
1.397267
1.397267
1.394484
1.394484
1.371586
1.371586
1.287277
1.287277
1.256416
1.256416
1.371692
1.371692
1.182397
1.182397
1.346004
1.346004
1.076858
1.076858
1.361300
1.361300
