1.063621
1.063621
1.204486
1.204486
1.252828
1.252828
1.289677
1.289677
1.287381
1.287381
1.365699
1.396469
1.396469
1.365699
1.371989
1.371989
1.205426
1.205426
1.347583
1.347583
1.104129
1.104129
1.095555
1.095555
1.283590
1.283590
1.355868
1.301477
1.301477
1.110238
1.110238
1.355868
1.267455
1.309856
1.294514
1.309856
1.267455
1.294514
1.239488
1.322029
1.320132
1.239488
1.322029
1.320132
1.088756
1.088756
1.333788
1.333788
1.329675
1.329675
1.393351
1.393351
1.137044
1.137044
1.335529
1.335529
1.172627
1.172627
1.129132
1.129132
1.336465
1.336465
1.289773
1.289773
1.341774
1.341774
1.238014
1.238014
1.316266
1.316266
1.255072
1.255072
1.102407
1.102407
1.132908
1.132908
1.157902
1.157902
1.359227
1.359227
1.183497
1.183497
1.390770
1.390770
1.399034
1.399034
1.354739
1.354739
1.339710
1.339710
1.373142
1.373142
1.214454
1.214454
1.237390
1.237390
1.224736
1.224736
1.332324
1.332324
1.345133
1.345133
1.335523
1.335523
1.364800
1.364800
1.363256
1.363256
1.384534
1.384534
1.321337
1.321337
1.137435
1.137435
1.197245
1.197245
1.278456
1.278456
1.335904
1.335904
1.207425
1.207425
1.399355
1.399355
1.338764
1.338764
1.362966
1.362966
1.359243
1.359243
1.172432
1.172432
1.386040
1.386040
1.393404
1.393404
1.325839
1.325839
1.091861
1.091861
1.108738
1.108738
1.292605
1.292605
1.087600
1.087600
1.329934
1.329934
1.237128
1.237128
1.116093
1.116093
1.334788
1.334788
1.157409
1.157409
1.133610
1.133610
1.392377
1.392377
1.196221
1.196221
1.339011
1.339011
1.113032
1.113032
1.150068
1.150068
1.371534
1.371534
1.161365
1.161365
1.315252
1.315252
1.326798
1.326798
1.320320
1.320320
1.353692
1.353692
1.167708
1.147987
1.147987
1.167708
1.218599
1.218599
1.083683
1.083683
1.320240
1.320240
1.376279
1.376279
1.069113
1.069113
1.391654
1.391654
1.304363
1.379264
1.304363
1.379264
1.289435
1.289435
1.217067
1.217067
1.323594
1.323594
1.369900
1.369900
1.318888
1.318888
1.368086
1.368086
1.117082
1.117082
1.304783
1.304783
1.323474
1.323474
1.358674
1.358674
1.389112
1.389112
1.399914
1.399914
1.128439
1.128439
1.130277
1.130277
1.337955
1.337955
1.370499
1.370499
1.346028
1.346028
1.084480
1.084480
1.393779
1.393779
1.287594
1.287594
1.310525
1.310525
1.277762
1.277762
1.235602
1.235602
1.331341
1.331341
1.373690
1.373690
1.272271
1.272271
1.291443
1.291443
1.294372
1.294372
1.064725
1.064725
1.144461
1.144461
1.366162
1.366162
1.297289
1.297289
1.275222
1.275222
1.193667
1.193667
1.368285
1.368285
1.355088
1.355088
1.286159
1.286159
1.385200
1.385200
1.353162
1.353162
1.255625
1.385555
1.255625
1.385555
1.323810
1.323810
1.360255
1.360255
1.186999
1.186999
1.370240
1.370240
1.344393
1.344393
1.380855
1.380855
1.056973
1.056973
1.233050
1.233050
1.253059
1.308122
1.253059
1.308122
1.231965
1.231965
1.163164
1.163164
1.366536
1.366536
1.367741
1.367741
1.315845
1.315845
1.365548
1.365548
1.393428
1.393428
1.185018
1.185018
1.216316
1.216316
1.392323
1.392323
1.249503
1.249503
1.374224
1.374224
1.273711
1.273711
1.156623
1.156623
1.279349
1.279349
1.303018
1.303018
1.287774
1.287774
1.288484
1.288484
1.385321
1.385321
1.319574
1.319574
1.219390
1.219390
1.221080
1.221080
1.266962
1.266962
1.343239
1.343239
1.325169
1.325169
1.379113
1.379113
1.393683
1.393683
1.175148
1.175148
1.398351
1.398351
1.370364
1.370364
1.257536
1.257536
1.154600
1.154600
1.334618
1.334618
1.368114
1.368114
1.211109
1.211109
1.329904
1.329904
1.368423
1.368423
1.343465
1.343465
1.204568
1.204568
1.177051
1.177051
1.306685
1.306685
1.155061
1.155061
1.199693
1.199693
1.373109
1.373109
1.265857
1.265857
1.395540
1.395540
1.256128
1.256128
1.375470
1.375470
1.179741
1.179741
1.213087
1.213087
1.335871
1.335871
1.104513
1.104513
1.071846
1.071846
1.326535
1.326535
1.340148
1.340148
1.120857
1.120857
1.118188
1.118188
1.261278
1.261278
1.290168
1.290168
1.273120
1.273120
1.300820
1.300820
1.313089
1.313089
1.137343
1.137343
1.171530
1.171530
1.373063
1.373063
1.101231
1.101231
1.348671
1.348671
1.248670
1.248670
1.297282
1.297282
1.157860
1.157860
1.084926
1.084926
1.346629
1.346629
1.074741
1.074741
1.344569
1.344569
1.292336
1.292336
1.355732
1.355732
1.017292
1.017292
1.184260
1.184260
1.280371
1.280371
1.322208
1.322208
1.396960
1.396960
1.250152
1.250152
1.394839
1.394839
1.390898
1.390898
1.249956
1.249956
1.360732
1.360732
1.266132
1.266132
1.389996
1.389996
1.391257
1.391257
1.354299
1.354299
1.292718
1.292718
1.199625
1.199625
1.206944
1.206944
