1.079468
1.079468
1.348337
1.348337
1.273346
1.273346
1.309498
1.309498
1.085906
1.085906
1.140371
1.329884
1.329884
1.140371
1.391087
1.391087
1.388140
1.388140
1.376695
1.376695
1.323736
1.323736
1.339895
1.339895
1.270720
1.270720
1.310711
1.310711
1.376703
1.376703
1.378117
1.378117
1.393801
1.393801
1.394793
1.394793
1.270098
1.270098
1.311376
1.311376
1.371733
1.371733
1.317813
1.317813
1.219701
1.219701
1.162721
1.162721
1.202774
1.202774
1.386207
1.386207
1.310276
1.310276
1.227793
1.344645
1.344645
1.384022
1.227793
1.384022
1.329160
1.329160
1.386362
1.248100
1.386362
1.248100
1.358673
1.358673
1.279616
1.279616
1.363473
1.363473
1.327562
1.327562
1.185555
1.394255
1.185555
1.394255
1.214165
1.214165
1.270739
1.270739
1.358642
1.358642
1.170897
1.170897
1.305734
1.305734
1.352065
1.352065
1.246616
1.246616
1.360385
1.360385
1.373149
1.373149
1.236533
1.236533
1.266003
1.357995
1.266003
1.357995
1.398416
1.398416
1.386908
1.386908
1.357444
1.267534
1.357444
1.267534
1.326977
1.326977
1.151774
1.151774
1.279309
1.279309
1.313850
1.313850
1.374682
1.374682
1.157998
1.157998
1.136312
1.136312
1.021998
1.021998
1.351304
1.351304
1.221098
1.221098
1.390457
1.390457
1.281307
1.281307
1.192033
1.192033
1.330097
1.330097
1.312891
1.312891
1.272355
1.272355
1.394054
1.394054
1.170330
1.170330
1.318579
1.318579
1.147483
1.147483
1.373823
1.373823
1.307660
1.307660
1.379256
1.379256
1.378506
1.378506
1.194880
1.194880
1.303603
1.303603
1.280708
1.280708
1.370414
1.370414
1.104537
1.104537
1.203740
1.203740
1.366479
1.366479
1.348718
1.348718
1.337563
1.337563
1.299968
1.299968
1.358456
1.358456
1.368167
1.368167
1.283330
1.283330
1.380736
1.380736
1.380787
1.380787
1.382090
1.382090
1.371419
1.371419
1.308824
1.308824
1.296695
1.296695
1.321325
1.321325
1.363520
1.363520
1.223222
1.223222
1.352828
1.352828
1.398820
1.398820
1.125707
1.125707
1.154689
1.154689
1.359971
1.359971
1.389573
1.389573
1.246008
1.246008
1.234230
1.234230
1.355967
1.355967
1.391272
1.391272
1.110779
1.110779
1.295696
1.295696
1.129843
1.129843
1.185857
1.185857
1.155609
1.155609
1.271024
1.271024
1.340594
1.340594
1.159399
1.159399
1.362823
1.362823
1.380543
1.380543
1.178934
1.178934
1.088479
1.088479
1.386786
1.386786
1.304825
1.304825
1.287594
1.287594
1.282131
1.282131
1.331988
1.331988
1.267741
1.267741
1.367191
1.367191
1.372546
1.372546
1.320937
1.320937
1.379040
1.379040
1.100813
1.100813
1.316673
1.316673
1.237986
1.237986
1.294467
1.294467
1.391007
1.391007
1.354080
1.354080
1.134797
1.134797
1.070609
1.070609
1.387861
1.387861
1.311918
1.311918
1.090138
1.090138
1.291951
1.291951
1.303935
1.303935
1.315946
1.315946
1.347312
1.347312
1.378672
1.378672
1.359953
1.359953
1.333553
1.333553
1.291892
1.291892
1.170882
1.170882
1.281449
1.281449
1.306393
1.306393
1.222780
1.222780
1.268364
1.268364
1.353916
1.353916
1.250485
1.250485
1.111898
1.111898
1.190035
1.190035
1.134893
1.134893
1.330454
1.330454
1.367609
1.367609
1.246564
1.246564
1.162294
1.162294
1.241279
1.241279
1.342963
1.342963
1.384921
1.384921
1.263808
1.263808
1.353830
1.353830
1.399348
1.399348
1.311862
1.311862
1.360951
1.360951
1.105928
1.105928
1.197524
1.197524
1.296655
1.296655
1.277193
1.277193
1.258802
1.258802
1.256894
1.238831
1.238831
1.256894
1.267314
1.267314
1.306709
1.306709
1.368488
1.368488
1.055530
1.055530
1.333026
1.333026
1.345606
1.345606
1.312948
1.312948
1.286289
1.286289
1.316734
1.316734
1.386521
1.386521
1.180003
1.180003
1.373021
1.373021
1.333160
1.333160
1.348358
1.348358
1.383588
1.383588
1.116030
1.116030
1.299976
1.299976
1.267081
1.267081
1.226851
1.226851
1.395516
1.395516
1.399487
1.399487
1.334395
1.334395
1.280634
1.280634
1.311233
1.311233
1.288959
1.288959
1.309527
1.309527
1.355765
1.355765
1.351981
1.351981
1.356500
1.356500
1.366052
1.366052
1.301357
1.301357
1.163653
1.163653
1.351027
1.351027
1.374999
1.374999
1.335465
1.335465
1.395104
1.395104
1.372208
1.372208
1.335001
1.335001
1.072532
1.072532
1.390950
1.390950
1.249167
1.249167
1.267884
1.267884
1.213621
1.213621
1.087083
1.087083
1.111106
1.111106
1.307492
1.307492
1.177013
1.177013
1.085979
1.085979
1.316417
1.316417
1.261834
1.261834
1.315134
1.315134
1.371557
1.371557
1.315571
1.315571
1.305935
1.305935
1.171247
1.171247
1.319646
1.319646
1.221405
1.221405
1.016841
1.016841
1.370288
1.370288
1.317114
1.317114
1.339467
1.339467
1.336574
1.336574
1.325819
1.325819
1.343398
1.343398
1.196495
1.196495
1.331712
1.331712
1.228463
1.228463
1.291166
1.291166
1.358451
1.382426
1.382426
1.358451
1.395363
1.395363
1.397057
1.397057
1.337673
1.337673
1.143745
1.143745
1.258526
1.258526
1.208984
1.208984
1.158020
1.158020
1.323681
1.323681
1.283113
1.298419
1.298419
1.283113
1.335886
1.335886
1.386297
1.386297
1.140620
1.140620
1.260710
1.260710
1.371427
1.237885
1.237885
1.371427
1.029197
1.029197
1.382651
1.382651
1.313971
1.313971
1.302608
1.302608
1.271540
1.271540
1.268341
1.268341
1.332870
1.332870
1.221254
1.221254
1.279055
1.279055
1.371401
1.371401
1.249433
1.249433
1.338458
1.338458
1.276179
1.276179
1.191648
1.191648
1.177096
1.177096
1.224499
1.224499
1.361366
1.361366
1.373608
1.373608
1.320377
1.320377
1.266184
1.266184
1.366317
1.366317
1.389953
1.389953
1.364877
1.364877
1.192293
1.192293
1.296961
1.296961
1.306158
1.306158
1.291928
1.291928
1.381580
1.381580
1.218112
1.218112
1.273460
1.273460
1.329916
1.329916
1.284079
1.284079
1.229957
1.229957
1.284682
1.284682
1.303549
1.303549
1.298844
1.298844
1.262338
1.262338
1.353658
1.265368
1.265368
1.353658
1.398235
1.398235
1.334554
1.334554
1.279203
1.279203
1.251703
1.251703
1.181427
1.181427
1.248991
1.248991
1.284145
1.284145
1.341633
1.341633
1.321160
1.321160
1.382062
1.382062
1.113021
1.113021
1.397724
1.397724
1.331085
1.331085
1.376615
1.376615
1.222355
1.222355
1.190169
1.190169
1.221728
1.221728
1.290931
1.290931
1.328728
1.328728
1.261028
1.261028
1.284121
1.284121
1.355119
1.355119
1.307870
1.307870
1.193531
1.193531
1.085892
1.085892
1.304642
1.304642
1.063648
1.063648
1.356592
1.356592
1.377863
1.377863
1.271353
1.271353
1.209722
1.209722
1.320764
1.320764
1.148022
1.148022
1.278252
1.278252
1.070407
1.070407
1.372007
1.372007
1.388676
1.388676
