1.264734
1.264734
1.163565
1.163565
1.169706
1.169706
1.311362
1.311362
1.383162
1.383162
1.395835
1.395835
1.368870
1.374880
1.374880
1.368870
1.177389
1.177389
1.285313
1.285313
1.278330
1.278330
1.366864
1.296630
1.366864
1.296630
1.378422
1.378422
1.130082
1.130082
1.190116
1.190116
1.399856
1.399856
1.395254
1.395254
1.193854
1.193854
1.182732
1.182732
1.394180
1.394180
1.399456
1.399456
1.172023
1.172023
1.305089
1.280463
1.305089
1.280463
1.382775
1.382775
1.255621
1.255621
1.399533
1.399533
1.383847
1.336395
1.383847
1.336395
1.364995
1.364995
1.269028
1.269028
1.229514
1.229514
1.355167
1.355167
1.363426
1.363426
1.290208
1.290208
1.161553
1.161553
1.273547
1.273547
1.187814
1.187814
1.362977
1.362977
1.385329
1.385329
1.395968
1.395968
1.187744
1.187744
1.385277
1.385277
1.237147
1.237147
1.394792
1.394792
1.384482
1.384482
1.192298
1.192298
1.269775
1.269775
1.330622
1.330622
1.285790
1.285790
1.376156
1.376156
1.252639
1.252639
1.301579
1.301579
1.079006
1.079006
1.338149
1.338149
1.369362
1.369362
1.348782
1.348782
1.393039
1.393039
1.301821
1.301821
1.275569
1.275569
1.386905
1.386905
1.343994
1.343994
1.248625
1.248625
1.320517
1.320517
1.050008
1.050008
1.387732
1.387732
1.277669
1.277669
1.368940
1.368940
1.185500
1.185500
1.052832
1.052832
1.120885
1.120885
1.198673
1.198673
1.236937
1.236937
1.364569
1.364569
1.292980
1.292980
1.340335
1.340335
1.326202
1.326202
1.282447
1.307772
1.307772
1.282447
1.303593
1.303593
1.362152
1.362152
1.397511
1.397511
1.153576
1.153576
1.288367
1.288367
1.281748
1.281748
1.326154
1.326154
1.378943
1.378943
1.346829
1.346829
1.327774
1.327774
1.179936
1.179936
1.298261
1.298261
1.273676
1.273676
1.288272
1.288272
1.357165
1.357165
1.239309
1.239309
1.101632
1.101632
1.140810
1.140810
1.343184
1.343184
1.100210
1.100210
1.366704
1.366704
1.170460
1.170460
1.344987
1.344987
1.363982
1.363982
1.213784
1.213784
1.255280
1.255280
1.082946
1.257350
1.082946
1.257350
1.355825
1.355825
1.301806
1.301806
1.347358
1.347358
1.391114
1.391114
1.344389
1.344389
1.308505
1.308505
1.335578
1.335578
1.259875
1.259875
1.276020
1.276020
1.386605
1.386605
1.385420
1.385420
1.375139
1.295148
1.295148
1.375139
1.143721
1.143721
1.162825
1.162825
1.340683
1.340683
1.371290
1.371290
1.383202
1.383202
1.265791
1.265791
1.263911
1.263911
1.397998
1.397998
1.315170
1.315170
1.261669
1.261669
1.389889
1.389889
1.336847
1.336847
1.380208
1.380208
1.365161
1.365161
1.362624
1.362624
1.306024
1.306024
1.116306
1.116306
1.329063
1.329063
1.376280
1.376280
1.359766
1.359766
1.255690
1.255690
1.229841
1.229841
1.370334
1.370334
1.295173
1.295173
1.388491
1.388491
1.245457
1.245457
1.386553
1.386553
1.228731
1.228731
1.196337
1.196337
1.257553
1.257553
1.312599
1.312599
1.333410
1.333410
1.359750
1.359750
1.293041
1.293041
1.325392
1.325392
1.130654
1.130654
1.066341
1.066341
1.341180
1.341180
1.178206
1.178206
1.359052
1.359052
1.330275
1.330275
1.251438
1.251438
1.362189
1.362189
1.273380
1.273380
1.369332
1.369332
1.357469
1.357469
1.378912
1.378912
1.194291
1.194291
1.227949
1.227949
1.398034
1.398034
1.258707
1.258707
1.228311
1.228311
1.277211
1.277211
1.325149
1.325149
1.328832
1.328832
1.313632
1.313632
1.337959
1.337959
1.044765
1.044765
1.090613
1.090613
1.326074
1.326074
1.031188
1.031188
1.258092
1.258092
1.330474
1.330474
1.289069
1.289069
1.356197
1.356197
1.305811
1.305811
1.215988
1.215988
1.283326
1.283326
1.341884
1.341884
1.332039
1.332039
1.285202
1.285202
1.355042
1.355042
1.195713
1.195713
1.241512
1.241512
1.309554
1.309554
1.263684
1.263684
1.376542
1.376542
1.159907
1.159907
1.378143
1.378143
1.285490
1.285490
1.261289
1.261289
1.380566
1.380566
1.108408
1.108408
1.341890
1.341890
1.345555
1.345555
1.330293
1.330293
1.337982
1.337982
1.082223
1.082223
1.318681
1.318681
1.296470
1.296470
1.289754
1.289754
1.314052
1.314052
1.321211
1.321211
1.266398
1.266398
1.168854
1.168854
1.199138
1.199138
1.272339
1.272339
1.396369
1.396369
1.387371
1.336959
1.387371
1.336959
1.155321
1.155321
1.205897
1.205897
1.387565
1.387565
1.291419
1.291419
1.204096
1.204096
1.350679
1.350679
1.346063
1.346063
1.368987
1.368987
1.250197
1.250197
1.381372
1.381372
1.324542
1.324542
1.365249
1.365249
1.246610
1.246610
1.293178
1.293178
1.333130
1.333130
1.361741
1.361741
1.330393
1.330393
1.208471
1.208471
1.265876
1.265876
1.130911
1.130911
1.220185
1.220185
1.083187
1.083187
1.393578
1.393578
1.185542
1.185542
1.365722
1.365722
1.341206
1.341206
1.388041
1.388041
1.307291
1.307291
1.252281
1.252281
1.372846
1.372846
1.152708
1.152708
1.323368
1.323368
1.200289
1.200289
1.286852
1.286852
1.344099
1.344099
1.285633
1.285633
1.238811
1.238811
1.246241
1.246241
1.340806
1.340806
1.039437
1.039437
1.039864
1.039864
1.297904
1.297904
1.204557
1.204557
1.194796
1.194796
1.381810
1.381810
1.189222
1.189222
1.357137
1.357137
