1.392139
1.392139
1.376031
1.223404
1.376031
1.223404
1.311442
1.311442
1.327503
1.327503
1.360201
1.390476
1.390476
1.360201
1.337938
1.337938
1.399059
1.399059
1.313985
1.313985
1.260489
1.260489
1.371221
1.371221
1.048183
1.048183
1.399537
1.399537
1.388865
1.388865
1.353569
1.353569
1.069435
1.069435
1.303730
1.303730
1.358318
1.358318
1.366553
1.366553
1.311451
1.311451
1.235375
1.235375
1.221721
1.221721
1.168278
1.168278
1.347743
1.347743
1.133274
1.133274
1.371729
1.371729
1.079463
1.079463
1.369787
1.369787
1.102464
1.102464
1.229588
1.229588
1.349410
1.349410
1.175677
1.175677
1.297830
1.297830
1.362276
1.362276
1.370292
1.370292
1.399815
1.399815
1.283271
1.283271
1.172707
1.172707
1.349420
1.349420
1.330898
1.330898
1.341362
1.341362
1.158194
1.158194
1.350152
1.302540
1.350152
1.302540
1.362912
1.362912
1.364192
1.364192
1.380184
1.380184
1.328262
1.328262
1.368033
1.368033
1.288382
1.288382
1.390065
1.390065
1.238531
1.238531
1.371594
1.371594
1.320284
1.320284
1.312862
1.312862
1.329354
1.329354
1.327045
1.327045
1.396984
1.396984
1.260070
1.260070
1.371578
1.371578
1.175130
1.175130
1.390208
1.390208
1.363119
1.363119
1.193336
1.193336
1.194883
1.194883
1.384482
1.384482
1.196434
1.196434
1.295098
1.295098
1.293200
1.293200
1.199587
1.199587
1.047475
1.047475
1.355080
1.355080
1.391757
1.391757
1.170023
1.170023
1.365612
1.365612
1.368726
1.368726
1.140280
1.140280
1.342662
1.342662
1.317566
1.317566
1.368336
1.368336
1.336858
1.336858
1.260931
1.260931
1.056379
1.056379
1.312628
1.312628
1.272811
1.272811
1.247758
1.247758
1.307942
1.307942
1.203829
1.203829
1.210471
1.210471
1.326158
1.326158
1.247890
1.247890
1.200858
1.200858
1.290407
1.290407
1.371741
1.371741
1.307261
1.307261
1.289394
1.289394
1.111248
1.111248
1.372380
1.372380
1.359981
1.359981
1.233085
1.233085
1.164232
1.164232
1.393081
1.393081
1.387248
1.387248
1.346483
1.346483
1.367830
1.367830
1.397962
1.397962
1.375683
1.375683
1.183791
1.183791
1.252517
1.252517
1.380236
1.380236
1.289550
1.289550
1.223339
1.223339
1.366402
1.366402
1.152149
1.152149
1.258165
1.258165
1.325571
1.325571
1.113439
1.113439
1.376695
1.376695
1.033743
1.033743
1.367024
1.367024
1.015932
1.015932
1.354067
1.354067
1.254829
1.254829
1.241498
1.241498
1.371359
1.371359
1.242712
1.242712
1.318911
1.318911
1.313231
1.313231
1.302396
1.302396
1.250602
1.250602
1.387925
1.387925
1.399253
1.399253
1.319123
1.319123
1.388995
1.388995
1.325143
1.325143
1.372233
1.372233
1.115624
1.115624
1.384226
1.384226
1.356803
1.205780
1.356803
1.205780
1.397126
1.397126
1.396309
1.396309
1.245407
1.245407
1.105983
1.105983
1.239925
1.239925
1.370076
1.370076
1.173915
1.173915
1.186417
1.186417
1.377919
1.377919
1.300906
1.300906
1.101509
1.101509
1.277129
1.277129
1.271333
1.271333
1.043517
1.043517
1.255590
1.255590
1.294681
1.294681
1.228834
1.228834
1.373611
1.373611
1.155639
1.155639
1.352784
1.352784
1.250887
1.250887
1.305059
1.305059
1.358411
1.358411
1.308105
1.308105
1.260094
1.260094
1.310444
1.310444
1.314381
1.314381
1.349155
1.349155
1.191236
1.191236
1.314624
1.314624
1.183946
1.183946
