1.333370
1.333370
1.336180
1.336180
1.294754
1.294754
1.145536
1.145536
1.234822
1.234822
1.211454
1.211454
1.291336
1.291336
1.370979
1.370979
1.252823
1.252823
1.340883
1.340883
1.244510
1.244510
1.305250
1.305250
1.305773
1.305773
1.295712
1.295712
1.362485
1.362485
1.214211
1.214211
1.256049
1.217066
1.256049
1.217066
1.257803
1.257803
1.361268
1.361268
1.230907
1.230907
1.249818
1.249818
1.379538
1.379538
1.356355
1.356355
1.117400
1.117400
1.395543
1.395543
1.298415
1.298415
1.343208
1.343208
1.369526
1.369526
1.369082
1.369082
1.360813
1.360813
1.300626
1.300626
1.234111
1.234111
1.339290
1.339290
1.242476
1.242476
1.145255
1.145255
1.092552
1.092552
1.072927
1.072927
1.092638
1.092638
1.340523
1.340523
1.303689
1.303689
1.369214
1.369214
1.172539
1.172539
1.276870
1.359076
1.276870
1.359076
1.236271
1.236271
1.396096
1.396096
1.285852
1.285852
1.113968
1.113968
1.123435
1.123435
1.210109
1.210109
1.331556
1.331556
1.391497
1.391497
1.319494
1.319494
1.263969
1.263969
1.310442
1.310442
1.214835
1.214835
1.148076
1.148076
1.140500
1.140500
1.106266
1.106266
1.206503
1.206503
1.251307
1.251307
1.362245
1.134430
1.362245
1.134430
1.170634
1.170634
1.352211
1.352211
1.393997
1.393997
1.373892
1.373892
1.390929
1.390929
1.382269
1.382269
1.390192
1.390192
1.308767
1.308767
1.350559
1.350559
1.219491
1.219491
1.376779
1.376779
1.216409
1.216409
1.191900
1.191900
1.374400
1.374400
1.260011
1.260011
1.375743
1.375743
1.364532
1.364532
1.149767
1.149767
1.228464
1.228464
1.253093
1.243991
1.253093
1.243991
1.269632
1.269632
1.344575
1.344575
1.371218
1.371218
1.122011
1.122011
1.057019
1.057019
1.196518
1.196518
1.248559
1.248559
1.268225
1.268225
1.333547
1.333547
1.348326
1.348326
1.160225
1.160225
1.371052
1.371052
1.349356
1.349356
1.047073
1.047073
1.158250
1.158250
1.386853
1.386853
1.350861
1.392954
1.392954
1.350861
1.341766
1.341766
1.295762
1.295762
1.198695
1.198695
1.375660
1.375660
1.223964
1.223964
1.255287
1.255287
1.329725
1.329725
1.327226
1.327226
1.344955
1.344955
1.121243
1.121243
1.276568
1.276568
1.238332
1.238332
1.239276
1.239276
1.332230
1.332230
1.250938
1.250938
1.390963
1.390963
1.281578
1.281578
1.341475
1.341475
1.399678
1.399678
1.292609
1.292609
1.266172
1.266172
1.359703
1.359703
1.367248
1.367248
1.362206
1.362206
1.394967
1.394967
1.364639
1.364639
1.366748
1.366748
1.316530
1.316530
1.333048
1.333048
1.283553
1.283553
1.355054
1.355054
1.139788
1.139788
1.187047
1.187047
1.196162
1.196162
1.199990
1.199990
1.299903
1.299903
1.353230
1.353230
1.368378
1.368378
1.063815
1.063815
1.308335
1.308335
1.398290
1.398290
1.183372
1.183372
1.093596
1.093596
1.341337
1.341337
1.379775
1.379775
1.232434
1.232434
1.397036
1.397036
1.248627
1.248627
1.347820
1.347820
1.321848
1.321848
1.337151
1.337151
1.291583
1.291583
1.372860
1.372860
1.258131
1.388404
1.258131
1.388404
1.124699
1.124699
1.300729
1.300729
1.321990
1.321990
1.109264
1.109264
1.347841
1.234595
1.347841
1.234595
1.147591
1.147591
1.395307
1.395307
1.076899
1.076899
1.231335
1.231335
1.317164
1.317164
1.307730
1.307730
1.386550
1.386550
1.360208
1.360208
1.271198
1.271198
1.368510
1.368510
1.360642
1.360642
1.377781
1.377781
1.373924
1.373924
1.315948
1.315948
1.206430
1.206430
1.377606
1.377606
1.321474
1.321474
1.383097
1.383097
1.184763
1.184763
1.383434
1.383434
1.325583
1.325583
1.320172
1.320172
1.370006
1.370006
1.193283
1.193283
1.339101
1.339101
1.387408
1.387408
1.287238
1.287238
1.393455
1.393455
1.358017
1.358017
1.023631
1.023631
1.188635
1.188635
1.256854
1.256854
1.361010
1.361010
1.314928
1.314928
1.391291
1.391291
1.307844
1.307844
1.384182
1.384182
1.290403
1.290403
1.130124
1.130124
1.365318
1.365318
1.178928
1.178928
1.335717
1.335717
1.390506
1.311448
1.311448
1.390506
1.323397
1.323397
1.341953
1.341953
1.381270
1.381270
1.114962
1.114962
1.236282
1.236282
1.248434
1.248434
1.243509
1.243509
1.306816
1.306816
1.367317
1.367317
1.157135
1.157135
1.268480
1.268480
1.343213
1.343213
1.382125
1.382125
1.036841
1.036841
1.296406
1.296406
1.306111
1.306111
1.016270
1.016270
1.391824
1.391824
1.386696
1.386696
1.115778
1.115778
1.332495
1.332495
1.220544
1.220544
1.236739
1.236739
1.367702
1.367702
1.282053
1.282053
1.247462
1.247462
1.260648
1.260648
1.253316
1.253316
1.393812
1.393812
1.311396
1.311396
1.232645
1.232645
1.346870
1.346870
1.327682
1.327682
1.395721
1.395721
1.166609
1.166609
1.383537
1.383537
1.398695
1.398695
1.310957
1.310957
1.308761
1.308761
1.378571
1.378571
1.299815
1.299815
1.273201
1.273201
1.157733
1.157733
1.217472
1.217472
1.125646
1.125646
1.248842
1.248842
1.312198
1.312198
1.192761
1.192761
1.329307
1.329307
1.377046
1.377046
1.229582
1.229582
1.362066
1.362066
1.398116
1.398116
1.053577
1.053577
1.280717
1.280717
1.259046
1.259046
1.230249
1.230249
1.375294
1.375294
1.066996
1.066996
1.398566
1.398566
1.353329
1.353329
1.086521
1.086521
1.246201
1.246201
1.271217
1.271217
1.319301
1.319301
1.154808
1.154808
1.332583
1.332583
1.396774
1.396774
1.300962
1.300962
1.361174
1.361174
1.368899
1.368899
1.262919
1.262919
1.380529
1.380529
1.374698
1.374698
1.297552
1.297552
1.149006
1.149006
1.352148
1.352148
1.387077
1.387077
1.383439
1.383439
1.362915
1.362915
1.370235
1.370235
1.297345
1.297345
