1.238792
1.238792
1.199425
1.199425
1.365918
1.365918
1.247064
1.247064
1.384790
1.384790
1.249624
1.249624
1.381637
1.381637
1.209038
1.209038
1.159733
1.159733
1.327250
1.327250
1.111942
1.111942
1.383510
1.383510
1.242273
1.242273
1.333229
1.333229
1.065811
1.065811
1.380322
1.380322
1.212512
1.212512
1.289815
1.289815
1.368634
1.368634
1.332835
1.332835
1.163395
1.163395
1.271473
1.271473
1.086662
1.086662
1.359282
1.359282
1.286636
1.286636
1.328102
1.328102
1.326229
1.326229
1.362525
1.362525
1.231354
1.231354
1.210304
1.210304
1.371049
1.371049
1.327576
1.327576
1.147364
1.147364
1.303294
1.303294
1.187440
1.187440
1.392370
1.392370
1.229749
1.229749
1.287612
1.287612
1.251611
1.251611
1.347448
1.347448
1.223940
1.223940
1.371536
1.371536
1.262282
1.262282
1.368276
1.368276
1.328974
1.328974
1.398416
1.398416
1.067372
1.067372
1.224412
1.224412
1.222725
1.222725
1.301070
1.301070
1.389946
1.389946
1.345015
1.345015
1.146820
1.146820
1.308104
1.308104
1.393822
1.393822
1.347007
1.347007
1.242111
1.242111
1.251976
1.251976
1.241079
1.241079
1.388516
1.242720
1.242720
1.388516
1.208608
1.208608
1.233306
1.233306
1.257715
1.257715
1.389624
1.389624
1.259551
1.259551
1.231495
1.231495
1.197346
1.395739
1.197346
1.395739
1.171981
1.171981
1.398230
1.398230
1.346483
1.346483
1.349513
1.349513
1.327928
1.327928
1.314053
1.314053
1.215556
1.215556
1.397677
1.397677
1.137006
1.137006
1.304090
1.304090
1.289777
1.289777
1.345965
1.345965
1.140567
1.140567
1.393740
1.393740
1.369779
1.369779
1.393371
1.393371
1.362851
1.362851
1.119420
1.119420
1.337346
1.337346
1.325055
1.325055
1.374082
1.374082
1.130607
1.130607
1.186997
1.186997
1.190892
1.190892
1.153330
1.153330
1.205487
1.205487
1.287618
1.287618
1.366272
1.366272
1.389789
1.389789
1.301466
1.301466
1.265644
1.265644
1.314017
1.314017
1.255480
1.255480
1.261750
1.261750
1.119020
1.119020
1.352587
1.352587
1.333076
1.333076
1.133426
1.133426
1.325950
1.325950
1.268850
1.268850
1.372304
1.372304
1.341784
1.341784
1.234231
1.234231
1.375884
1.375884
1.082095
1.082095
1.294856
1.294856
1.297420
1.297420
1.123089
1.123089
1.343806
1.343806
1.236298
1.236298
1.360890
1.360890
1.391522
1.391522
1.226060
1.226060
1.336941
1.336941
1.165021
1.165021
1.197971
1.197971
1.384655
1.384655
1.243402
1.243402
1.263842
1.351992
1.263842
1.351992
1.386988
1.386988
1.239971
1.239971
1.337671
1.127204
1.127204
1.337671
1.320446
1.320446
1.287319
1.287319
1.308113
1.308113
1.313470
1.313470
1.355104
1.355104
1.216204
1.216204
1.376075
1.376075
1.333048
1.333048
1.257035
1.257035
1.198268
1.198268
1.101460
1.101460
1.190025
1.190025
1.345585
1.345585
1.392437
1.392437
1.044650
1.044650
1.245730
1.245730
1.288773
1.288773
1.339351
1.339351
1.162678
1.162678
1.392760
1.392760
1.389126
1.389126
1.173258
1.173258
1.311637
1.311637
1.328758
1.328758
1.261264
1.261264
1.380636
1.380636
1.161061
1.161061
1.376852
1.376852
1.368779
1.368779
1.304845
1.375757
1.298927
1.304845
1.298927
1.375757
1.205602
1.205602
1.208344
1.208344
1.381165
1.381165
1.234430
1.234430
1.356764
1.356764
1.394778
1.394778
1.277807
1.277807
1.341898
1.341898
1.276029
1.276029
1.384076
1.384076
1.399645
1.399645
1.290654
1.290654
1.391593
1.391593
1.339652
1.339652
1.233179
1.233179
1.356194
1.356194
1.254342
1.254342
1.225879
1.225879
1.338936
1.338936
1.135149
1.135149
1.256468
1.256468
1.364814
1.364814
1.372710
1.372710
1.377805
1.377805
1.195909
1.195909
1.286686
1.286686
1.103904
1.103904
1.188768
1.188768
1.251425
1.251425
1.213869
1.213869
1.198299
1.198299
1.298864
1.298864
1.221244
1.221244
1.289002
1.289002
1.277570
1.277570
1.138687
1.138687
1.393080
1.393080
1.391627
1.391627
1.322929
1.322929
1.395982
1.395982
1.300256
1.300256
1.276198
1.276198
1.326259
1.326259
1.185353
1.185353
1.148419
1.148419
1.299767
1.299767
1.158627
1.158627
1.242401
1.242401
1.398210
1.398210
1.337012
1.337012
1.294580
1.294580
1.301260
1.301260
1.386672
1.386672
1.395411
1.395411
1.118909
1.118909
1.276695
1.183872
1.183872
1.276695
1.373161
1.373161
1.151556
1.151556
1.342878
1.342878
1.161519
1.161519
1.241410
1.241410
1.144699
1.144699
1.329775
1.329775
1.324636
1.324636
1.360302
1.360302
1.080484
1.080484
1.260365
1.260365
1.163065
1.163065
1.380327
1.380327
1.391936
1.391936
1.123937
1.123937
1.176976
1.176976
1.254606
1.254606
1.387482
1.387482
1.195512
1.195512
1.350320
1.350320
1.368054
1.368054
1.169361
1.169361
1.287398
1.287398
1.391859
1.391859
1.221863
1.221863
1.381590
1.381590
1.295400
1.295400
1.183678
1.183678
1.254327
1.254327
1.333417
1.333417
