1.201820
1.201820
1.350748
1.350748
1.261018
1.261018
1.326509
1.326509
1.302829
1.302829
1.096913
1.355261
1.355261
1.096913
1.194656
1.253895
1.253895
1.194656
1.056200
1.056200
1.380902
1.380902
1.391003
1.288385
1.391003
1.288385
1.354576
1.354576
1.397199
1.397199
1.322300
1.322300
1.375888
1.375888
1.292817
1.292817
1.167745
1.167745
1.312020
1.312020
1.302366
1.302366
1.265425
1.265425
1.098514
1.098514
1.325721
1.325721
1.334990
1.334990
1.194920
1.194920
1.338087
1.338087
1.356365
1.087563
1.087563
1.356365
1.329199
1.329199
1.368220
1.368220
1.379232
1.379232
1.163436
1.163436
1.316794
1.316794
1.398285
1.398285
1.244511
1.244511
1.199049
1.199049
1.185385
1.185385
1.356658
1.356658
1.329446
1.329446
1.219017
1.219017
1.351919
1.351919
1.130882
1.130882
1.318953
1.318953
1.235389
1.357968
1.235389
1.357968
1.385686
1.385686
1.389473
1.389473
1.170684
1.170684
1.223829
1.223829
1.272059
1.272059
1.168362
1.168362
1.177350
1.177350
1.248283
1.248283
1.395762
1.395762
1.090228
1.090228
1.164766
1.164766
1.318283
1.310444
1.318283
1.310444
1.393826
1.393826
1.322070
1.322070
1.387293
1.387293
1.326131
1.326131
1.390120
1.390120
1.245521
1.245521
1.302537
1.302537
1.387667
1.387667
1.375900
1.375900
1.374936
1.374936
1.346656
1.346656
1.371520
1.371520
1.324401
1.324401
1.341703
1.341703
1.097682
1.346746
1.097682
1.295804
1.295804
1.346746
1.157829
1.157829
1.284127
1.284127
1.373909
1.373909
1.198357
1.198357
1.106079
1.106079
1.320995
1.320995
1.307813
1.384912
1.307813
1.384912
1.324557
1.324557
1.333484
1.333484
1.161017
1.161017
1.382574
1.382574
1.271721
1.271721
1.333515
1.333515
1.029098
1.029098
1.307336
1.307336
1.281798
1.281798
1.313989
1.313989
1.132400
1.132400
1.182760
1.182760
1.264439
1.264439
1.390567
1.390567
1.308129
1.308129
1.274433
1.274433
1.221637
1.221637
1.391354
1.391354
1.279744
1.279744
1.231074
1.231074
1.394226
1.394226
1.120713
1.120713
1.281101
1.281101
1.116452
1.116452
1.154434
1.154434
1.254269
1.254269
1.212842
1.212842
1.213692
1.213692
1.363158
1.363158
1.267367
1.267367
1.283469
1.283469
1.336649
1.336649
1.334241
1.334241
1.329820
1.329820
1.274046
1.274046
1.194739
1.194739
1.235530
1.235530
1.395234
1.395234
1.368126
1.368126
1.342941
1.342941
1.199005
1.199005
1.349822
1.349822
1.111898
1.111898
1.317570
1.317570
1.330773
1.330773
1.177513
1.177513
1.287000
1.287000
1.374158
1.374158
1.239122
1.239122
1.184883
1.184883
1.347554
1.347554
1.389577
1.389577
1.320934
1.320934
1.349441
1.349441
1.363651
1.363651
1.162473
1.162473
1.173357
1.173357
1.305430
1.305430
1.183466
1.183466
1.292291
1.292291
1.161852
1.161852
1.373994
1.334158
1.373994
1.334158
1.289790
1.289790
1.399720
1.399720
1.273844
1.273844
1.276667
1.276667
1.370030
1.370030
1.293885
1.293885
1.263453
1.263453
1.392802
1.392802
1.384911
1.384911
1.350391
1.350391
1.233545
1.233545
1.123975
1.123975
1.108642
1.108642
1.335973
1.335973
1.398866
1.398866
1.316330
1.316330
1.291019
1.291019
1.304020
1.304020
1.327519
1.327519
1.317272
1.317272
1.303085
1.303085
1.396263
1.396263
1.228649
1.228649
1.339637
1.339637
1.365008
1.365008
1.119690
1.119690
1.237522
1.237522
1.391039
1.391039
1.304494
1.304494
1.092805
1.092805
1.301289
1.301289
1.160612
1.160612
1.360290
1.360290
1.150188
1.150188
1.232671
1.232671
1.370557
1.370557
1.321550
1.321550
1.251323
1.251323
1.305607
1.305607
1.374589
1.374589
1.218845
1.218845
1.386518
1.386518
1.125575
1.125575
1.361581
1.361581
1.322953
1.322953
1.384154
1.384154
1.372834
1.372834
1.109633
1.109633
1.394390
1.394390
1.265148
1.265148
1.147671
1.147671
1.328873
1.328873
1.141938
1.141938
1.287691
1.287691
1.302945
1.302945
1.373952
1.373952
1.185290
1.185290
1.078223
1.078223
1.148323
1.148323
1.328667
1.328667
1.323222
1.323222
1.371733
1.371733
1.212701
1.212701
1.283030
1.283030
1.363319
1.363319
1.353970
1.353970
1.289456
1.289456
1.212382
1.212382
1.362406
1.362406
1.186239
1.186239
1.334045
1.334045
1.120588
1.120588
1.251574
1.251574
1.323711
1.323711
1.378124
1.378124
1.264792
1.264792
1.217164
1.217164
1.148576
1.148576
1.335118
1.335118
1.304190
1.304190
1.311691
1.311691
1.168448
1.168448
1.343826
1.343826
1.346057
1.346057
1.342495
1.342495
1.342843
1.342843
1.332485
1.332485
1.200783
1.200783
1.242686
1.242686
1.391355
1.391355
1.060390
1.060390
1.163469
1.163469
1.187158
1.187158
1.314606
1.314606
1.330646
1.330646
1.190641
1.190641
1.378229
1.378229
1.252149
1.252149
1.200554
1.200554
1.262121
1.262121
1.397299
1.397299
1.397039
1.397039
1.191360
1.191360
1.255110
1.255110
1.176113
1.176113
1.132908
1.132908
1.159141
1.159141
1.287654
1.287654
1.370181
1.370181
1.140204
1.140204
1.390499
1.390499
1.026285
1.026285
1.398895
1.398895
1.383972
1.383972
1.321243
1.321243
1.338740
1.338740
1.250171
1.250171
1.324690
1.324690
1.378036
1.378036
1.091738
1.091738
1.358259
1.358259
1.299116
1.299116
1.382997
1.382997
1.305042
1.305042
1.341745
1.341745
1.394368
1.394368
1.283584
1.283584
1.346273
1.346273
1.293612
1.293612
1.371999
1.371999
1.382495
1.382495
1.203519
1.203519
1.324834
1.324834
1.301890
1.301890
1.373351
1.373351
1.399809
1.399809
1.286139
1.286139
1.093281
1.093281
1.333254
1.333254
1.215535
1.215535
1.185170
1.185170
1.375957
1.375957
1.194013
1.194013
1.396610
1.396610
1.273402
1.273402
1.304510
1.304510
1.180369
1.180369
1.171882
1.171882
1.349118
1.349118
1.325324
1.325324
1.391510
1.391510
1.341609
1.341609
1.235924
1.235924
1.332541
1.332541
1.255291
1.255291
1.297702
1.297702
1.338428
1.338428
1.159186
1.159186
1.342764
1.342764
1.319542
1.319542
1.367237
1.367237
1.314578
1.314578
1.278059
1.278059
1.064291
1.064291
1.337855
1.337855
1.234597
1.234597
1.243880
1.243880
