1.047302
1.047302
1.030558
1.030558
1.247098
1.247098
1.260124
1.260124
1.248732
1.248732
1.342950
1.342950
1.162576
1.162576
1.197666
1.197666
1.392226
1.392226
1.348516
1.348516
1.338032
1.338032
1.312217
1.312217
1.379795
1.379795
1.211942
1.211942
1.386340
1.386340
1.165341
1.165341
1.230319
1.230319
1.250828
1.250828
1.385261
1.385261
1.150821
1.150821
1.328261
1.328261
1.396721
1.396721
1.323562
1.323562
1.228406
1.228406
1.376391
1.376391
1.330401
1.330401
1.291473
1.291473
1.277075
1.277075
1.109910
1.109910
1.393934
1.393934
1.208710
1.208710
1.191009
1.191009
1.357405
1.357405
1.308866
1.308866
1.310537
1.310537
1.345079
1.345079
1.177342
1.177342
1.371138
1.371138
1.278940
1.278940
1.260681
1.260681
1.142819
1.142819
1.229599
1.229599
1.311299
1.311299
1.330356
1.330356
1.331351
1.331351
1.356996
1.356996
1.249580
1.249580
1.173415
1.173415
1.303314
1.303314
1.122236
1.122236
1.152316
1.152316
1.290832
1.290832
1.376334
1.376334
1.380373
1.380373
1.385336
1.385336
1.358022
1.358022
1.065388
1.065388
1.287622
1.287622
1.148681
1.148681
1.277064
1.277064
1.365018
1.365018
1.318948
1.318948
1.302559
1.302559
1.385042
1.385042
1.362504
1.362504
1.140528
1.360419
1.360419
1.140528
1.397324
1.397324
1.353454
1.353454
1.390001
1.390001
1.307978
1.307978
1.137613
1.137613
1.286789
1.286789
1.115278
1.115278
1.366977
1.366977
1.267507
1.267507
1.297865
1.297865
1.395397
1.395397
1.162967
1.150434
1.162967
1.150434
1.325063
1.325063
1.295035
1.295035
1.272897
1.272897
1.308241
1.308241
1.320643
1.320643
1.324997
1.324997
1.392714
1.392714
1.100833
1.100833
1.225474
1.225474
1.392779
1.392779
1.316714
1.316714
1.139286
1.327917
1.139286
1.327917
1.283766
1.283766
1.342784
1.342784
1.321958
1.321958
1.117698
1.117698
1.307309
1.307309
1.388690
1.388690
1.214472
1.214472
1.226752
1.226752
1.284007
1.284007
1.388597
1.388597
1.259940
1.259940
1.236514
1.236514
1.354841
1.111745
1.354841
1.111745
1.286498
1.286498
1.308669
1.308669
1.353784
1.353784
1.237413
1.237413
1.043265
1.043265
1.361379
1.361379
1.164960
1.164960
1.219790
1.219790
1.132009
1.132009
1.068332
1.068332
1.376972
1.376972
1.130172
1.130172
1.220495
1.220495
1.380449
1.380449
1.297251
1.297251
1.277696
1.277696
1.383070
1.290365
1.383070
1.290365
1.334245
1.334245
1.388054
1.388054
1.345286
1.345286
1.294293
1.294293
1.336513
1.336513
1.306430
1.306430
1.198370
1.198370
1.398894
1.398894
1.385358
1.385358
1.327142
1.327142
1.159871
1.159871
1.288922
1.288922
1.235446
1.235446
1.160277
1.160277
1.381111
1.381111
1.391621
1.391621
1.383299
1.383299
1.049940
1.049940
1.343631
1.343631
1.223549
1.223549
1.271798
1.271798
1.286928
1.286928
1.360018
1.360018
1.398971
1.398971
1.151236
1.151236
1.204899
1.204899
1.377016
1.377016
1.101792
1.101792
1.377097
1.377097
1.099261
1.099261
1.363555
1.363555
1.377998
1.377998
1.303316
1.303316
1.259067
1.259067
1.261455
1.261455
1.391229
1.391229
1.146696
1.146696
1.361396
1.361396
1.345397
1.345397
1.092242
1.092242
1.364009
1.364009
1.306055
1.306055
1.244569
1.244569
1.309504
1.309504
1.273397
1.273397
1.086028
1.086028
1.218057
1.218057
1.134082
1.134082
1.332408
1.332408
1.125173
1.125173
1.164644
1.164644
1.259416
1.259416
1.275826
1.275826
1.244331
1.244331
1.383217
1.383217
1.260911
1.338091
1.338091
1.260911
1.216754
1.216754
1.362980
1.362980
1.387394
1.387394
1.287174
1.287174
1.297234
1.297234
1.365004
1.365004
1.373197
1.373197
1.153334
1.153334
1.249235
1.249235
1.342097
1.342097
1.361004
1.361004
1.176721
1.176721
1.386035
1.288826
1.288826
1.386035
1.368787
1.368787
1.121785
1.121785
1.353527
1.353527
1.192094
1.192094
1.212407
1.212407
1.336108
1.336108
1.273289
1.273289
1.377266
1.377266
1.208435
1.208435
1.177854
1.177854
1.178021
1.178021
1.297669
1.297669
1.300249
1.300249
1.214225
1.214225
1.370602
1.370602
1.248597
1.248597
1.395895
1.395895
1.341005
1.341005
1.352772
1.352772
1.386611
1.386611
1.390654
1.390654
1.204761
1.204761
1.292938
1.292938
1.218509
1.218509
1.384865
1.384865
1.196245
1.196245
1.345383
1.345383
1.296054
1.296054
1.220798
1.220798
1.235709
1.235709
1.218023
1.218023
1.397491
1.397491
1.303177
1.272997
1.303177
1.272997
1.260781
1.260781
1.300558
1.300558
1.368464
1.368464
1.094557
1.094557
1.273502
1.273502
1.376816
1.376816
1.146045
1.146045
1.348226
1.348226
1.361806
1.361806
1.351129
1.351129
1.181217
1.181217
1.297366
1.297366
1.260628
1.260628
1.086893
1.086893
1.303770
1.303770
1.364347
1.364347
1.289193
1.289193
1.127327
1.127327
1.213627
1.213627
1.327269
1.327269
1.104491
1.104491
1.067750
1.067750
1.360483
1.360483
1.270752
1.087798
1.270752
1.087798
1.360146
1.360146
1.281257
1.281257
1.384773
1.384773
1.267406
1.267406
1.371005
1.371005
1.129742
1.129742
1.361383
1.361383
1.189219
1.189219
1.263119
1.263119
1.346715
1.346715
1.265943
1.265943
1.355851
1.355851
1.202051
1.202051
1.264971
1.264971
1.239258
1.239258
1.347340
1.347340
1.377660
1.377660
1.304019
1.304019
1.367458
1.367458
1.156352
1.156352
1.177283
1.177283
1.234784
1.234784
1.344837
1.344837
1.381200
1.381200
1.298241
1.298241
1.327245
1.327245
1.162162
1.162162
1.179914
1.179914
1.398177
1.398177
1.152269
1.152269
1.296298
1.296298
1.319731
1.319731
1.176818
1.176818
1.057525
1.057525
1.368831
1.368831
1.202502
1.202502
1.352792
1.352792
1.212778
1.212778
1.399093
1.399093
1.302354
1.302354
1.224249
1.224249
1.393343
1.393343
1.361567
1.361567
1.085247
1.085247
1.399926
1.399926
1.278709
1.278709
1.268108
1.268108
1.167027
1.167027
1.366932
1.366932
1.324101
1.324101
1.384165
1.384165
1.347916
1.347916
1.292486
1.292486
1.167798
1.167798
1.174685
1.174685
1.382944
1.382944
1.355137
1.355137
1.372256
1.372256
1.249157
1.249157
1.154718
1.154718
1.298510
1.222627
1.298510
1.222627
1.394228
1.394228
1.398251
1.398251
1.217156
1.217156
1.103194
1.103194
1.188886
1.188886
1.111460
1.111460
1.362873
1.362873
1.219211
1.219211
1.140771
1.140771
1.388330
1.388330
1.249430
1.249430
1.398048
1.398048
1.382825
1.382825
1.256821
1.256821
1.053093
1.053093
1.103001
1.103001
1.204204
1.204204
1.368568
1.368568
1.353641
1.353641
1.238362
1.238362
