1.301209
1.301209
1.390195
1.390195
1.309471
1.309471
1.216394
1.216394
1.322286
1.322286
1.397023
1.397023
1.267488
1.267488
1.363526
1.242026
1.363526
1.242026
1.325832
1.325832
1.383563
1.096741
1.383563
1.096741
1.254362
1.254362
1.346522
1.346522
1.180825
1.180825
1.341786
1.341786
1.394375
1.394375
1.288487
1.288487
1.341522
1.341522
1.295476
1.295476
1.287913
1.287913
1.393140
1.271758
1.271758
1.393140
1.310936
1.310936
1.249943
1.249943
1.396274
1.396274
1.142797
1.142797
1.153579
1.153579
1.364700
1.364700
1.211738
1.211738
1.362611
1.362611
1.270337
1.270337
1.337907
1.337907
1.398174
1.398174
1.289294
1.289294
1.188727
1.188727
1.200711
1.200711
1.361924
1.361924
1.375697
1.375697
1.084063
1.084063
1.247409
1.319300
1.319300
1.247409
1.305960
1.305960
1.383714
1.383714
1.394040
1.394040
1.360672
1.360672
1.384317
1.384317
1.260311
1.260311
1.282562
1.282562
1.306246
1.306246
1.268244
1.268244
1.192865
1.192865
1.125400
1.125400
1.256326
1.256326
1.393844
1.393844
1.334381
1.334381
1.226943
1.226943
1.286991
1.286991
1.358633
1.358633
1.277015
1.277015
1.352931
1.352931
1.166131
1.166131
1.353025
1.382098
1.382098
1.353025
1.165413
1.165413
1.258193
1.258193
1.329334
1.329334
1.364304
1.364304
1.217020
1.217020
1.343474
1.343474
1.162048
1.162048
1.343814
1.343814
1.088629
1.088629
1.263400
1.263400
1.392455
1.392455
1.266050
1.266050
1.362551
1.362551
1.361504
1.361504
1.309969
1.309969
1.346986
1.346986
1.280527
1.280527
1.146525
1.221141
1.221141
1.146525
1.150306
1.150306
1.296188
1.296188
1.323394
1.323394
1.229446
1.229446
1.360358
1.360358
1.091049
1.091049
1.220245
1.220245
1.222641
1.222641
1.281236
1.281236
1.324782
1.324782
1.059455
1.059455
1.276696
1.276696
1.077130
1.077130
1.304983
1.304983
1.236433
1.236433
1.329884
1.329884
1.343425
1.343425
1.296193
1.296193
1.248133
1.248133
1.351609
1.351609
1.387085
1.387085
1.352873
1.352873
1.379664
1.279135
1.279135
1.379664
1.215931
1.215931
1.070814
1.070814
1.145955
1.145955
1.294769
1.294769
1.275754
1.275754
1.236623
1.236623
1.257255
1.257255
1.309897
1.309897
1.265440
1.322590
1.265440
1.322590
1.396307
1.396307
1.262489
1.262489
1.265811
1.265811
1.153977
1.153977
1.080936
1.080936
1.315495
1.315495
1.396525
1.396525
1.314153
1.314153
1.302862
1.302862
1.088109
1.088109
1.367037
1.367037
1.335077
1.243874
1.243874
1.335077
1.377873
1.377873
1.396862
1.396862
1.153569
1.153569
1.281844
1.281844
1.279064
1.279064
1.337026
1.337026
1.272192
1.272192
1.308978
1.308978
1.103855
1.103855
1.363350
1.363350
1.345988
1.345988
1.335387
1.335387
1.364911
1.364911
1.369684
1.369684
1.292400
1.292400
1.320622
1.320622
1.181700
1.181700
1.321542
1.321542
1.100783
1.342684
1.100783
1.342684
1.331253
1.331253
1.328497
1.328497
1.158068
1.158068
1.275423
1.275423
1.294555
1.294555
1.311041
1.311041
1.336855
1.336855
1.153430
1.153430
1.205133
1.205133
1.309238
1.309238
1.364814
1.364814
1.332708
1.332708
1.297910
1.297910
1.388451
1.388451
1.350654
1.350654
1.323475
1.323475
1.322069
1.322069
1.281777
1.281777
1.259694
1.259694
1.326920
1.326920
1.375038
1.375038
1.103215
1.103215
1.363870
1.363870
1.150323
1.150323
1.298681
1.298681
1.206121
1.206121
1.274525
1.274525
1.233981
1.233981
1.322236
1.322236
1.294557
1.294557
1.157275
1.157275
1.324777
1.324777
1.382772
1.382772
1.351625
1.351625
1.243553
1.243553
1.351837
1.351837
1.389114
1.389114
1.362399
1.362399
1.170787
1.170787
1.357570
1.357570
1.142546
1.142546
1.261302
1.261302
1.202937
1.202937
1.102915
1.102915
1.230096
1.230096
1.344035
1.344035
1.098467
1.098467
1.341241
1.341241
1.299831
1.299831
1.254717
1.254717
1.159016
1.159016
1.381711
1.381711
1.341947
1.341947
1.376970
1.376970
1.376482
1.376482
1.337438
1.337438
1.136724
1.136724
1.303163
1.303163
1.356419
1.356419
1.261300
1.261300
1.350243
1.350243
1.239482
1.239482
1.348260
1.348260
1.391318
1.391318
1.393411
1.393411
1.282073
1.282073
1.385975
1.385975
1.255491
1.255491
1.128497
1.128497
1.331197
1.331197
1.287376
1.275787
1.287376
1.275787
1.198298
1.198298
1.388757
1.388757
1.318621
1.318621
1.238937
1.238937
1.254737
1.254737
1.259030
1.259030
1.342289
1.342289
1.089847
1.089847
1.322003
1.322003
1.357029
1.357029
1.099808
1.099808
1.053884
1.053884
1.380307
1.380307
1.316522
1.316522
1.282047
1.282047
1.367648
1.367648
1.349122
1.349122
1.238632
1.238632
1.309647
1.309647
1.200487
1.200487
1.298971
1.298971
1.309259
1.309259
1.368898
1.368898
1.278927
1.278927
1.361853
1.361853
1.331596
1.331596
1.363941
1.363941
1.357123
1.357123
1.255025
1.255025
1.343920
1.343920
1.345673
1.345673
1.268431
1.268431
1.312457
1.312457
1.377740
1.377740
1.246407
1.246407
1.093398
1.093398
1.316132
1.316132
1.326313
1.326313
1.366069
1.366069
1.047799
1.047799
1.363622
1.363622
1.375143
1.375143
1.214871
1.214871
1.331230
1.331230
1.396429
1.396429
1.216883
1.216883
1.323166
1.323166
1.275946
1.275946
1.095528
1.095528
1.319830
1.319830
1.308899
1.308899
1.215471
1.215471
1.272751
1.272751
1.123450
1.123450
1.309689
1.309689
