1.232432
1.232432
1.200775
1.200775
1.326443
1.326443
1.308447
1.308447
1.182681
1.182681
1.285464
1.285464
1.342710
1.342710
1.382844
1.382844
1.380186
1.380186
1.395522
1.395522
1.336203
1.336203
1.381194
1.381194
1.347232
1.347232
1.299587
1.341523
1.341523
1.299587
1.202851
1.202851
1.385764
1.385764
1.347427
1.347427
1.289842
1.289842
1.189711
1.189711
1.266723
1.266723
1.262350
1.262350
1.392950
1.392950
1.365935
1.365935
1.360040
1.360040
1.383492
1.383492
1.320023
1.320023
1.352953
1.352953
1.298579
1.298579
1.226321
1.226321
1.222666
1.222666
1.300060
1.300060
1.235286
1.235286
1.390854
1.390854
1.387129
1.387129
1.362665
1.362665
1.328465
1.328465
1.386686
1.386686
1.068026
1.068026
1.090879
1.090879
1.282801
1.282801
1.282606
1.282606
1.248197
1.248197
1.334802
1.334802
1.211592
1.211592
1.129968
1.129968
1.064205
1.064205
1.267097
1.267097
1.275307
1.275307
1.230955
1.230955
1.291809
1.294878
1.294878
1.291809
1.373089
1.373089
1.351711
1.351711
1.308062
1.308062
1.148770
1.148770
1.351324
1.351324
1.143350
1.143350
1.080299
1.080299
1.145433
1.145433
1.287490
1.287490
1.202954
1.202954
1.170922
1.170922
1.298983
1.298983
1.356437
1.356437
1.360929
1.360929
1.264441
1.264441
1.223642
1.223642
1.291892
1.291892
1.310920
1.291902
1.310920
1.291902
1.116565
1.116565
1.307618
1.307618
1.358241
1.358241
1.347946
1.347946
1.343268
1.343268
1.363455
1.363455
1.375543
1.122310
1.122310
1.375543
1.302721
1.302721
1.388611
1.388611
1.292524
1.292524
1.366376
1.366376
1.363217
1.363217
1.336637
1.336637
1.377341
1.377341
1.164837
1.164837
1.216199
1.216199
1.221831
1.221831
1.161821
1.161821
1.209150
1.209150
1.291871
1.291871
1.323431
1.323431
1.293195
1.293195
1.352571
1.352571
1.342397
1.342397
1.203117
1.203117
1.380101
1.380101
1.074619
1.074619
1.319490
1.319490
1.132728
1.132728
1.096977
1.096977
1.281037
1.281037
1.221359
1.221359
1.292181
1.292181
1.322770
1.322770
1.154277
1.154277
1.335478
1.335478
1.376913
1.376913
1.298181
1.298181
1.343641
1.343641
1.263020
1.263020
1.374490
1.374490
1.252525
1.252525
1.357503
1.357503
1.299157
1.299157
1.381984
1.381984
1.377274
1.377274
1.398851
1.398851
1.267606
1.267606
1.343808
1.343808
1.376495
1.376495
1.335876
1.335876
1.320634
1.320634
1.124251
1.124251
1.309379
1.309379
1.344212
1.344212
1.355595
1.355595
1.279863
1.279863
1.399296
1.399296
1.378579
1.378579
1.302502
1.302502
1.292841
1.292841
1.394484
1.394484
1.328192
1.328192
1.357170
1.357170
1.206821
1.206821
1.140247
1.140247
1.359848
1.359848
1.353069
1.353069
1.308279
1.308279
1.389687
1.389687
1.374308
1.374308
1.367167
1.367167
1.086999
1.086999
1.074988
1.074988
1.312427
1.312427
1.345042
1.345042
1.211556
1.211556
1.317046
1.317046
1.173176
1.173176
1.030629
1.030629
1.342301
1.342301
1.282237
1.282237
1.381960
1.381960
1.391415
1.391415
1.294743
1.294743
1.367597
1.367597
1.271658
1.271658
1.397368
1.397368
1.365779
1.365779
1.170823
1.170823
1.307359
1.307359
1.263779
1.263779
1.362471
1.362471
1.264330
1.264330
1.271776
1.271776
1.255383
1.255383
1.097080
1.097080
1.343895
1.343895
1.365293
1.365293
1.335650
1.335650
1.197520
1.197520
1.197817
1.197817
1.294199
1.294199
1.395179
1.395179
1.219533
1.219533
1.373308
1.373308
1.178693
1.178693
1.222605
1.222605
1.212786
1.212786
1.395261
1.395261
1.247787
1.247787
1.356114
1.356114
1.370576
1.370576
1.331911
1.331911
1.375557
1.375557
1.220307
1.220307
1.324974
1.324974
1.239953
1.239953
1.126172
1.126172
1.390297
1.390297
1.114660
1.114660
1.334969
1.334969
1.392984
1.392984
1.208025
1.208025
1.268880
1.268880
1.322757
1.322757
1.325160
1.325160
1.393224
1.393224
1.386880
1.386880
1.392685
1.392685
1.215519
1.215519
1.372979
1.372979
1.212318
1.212318
1.377676
1.377676
1.216179
1.216179
1.258162
1.258162
1.286486
1.286486
1.370292
1.370292
1.285809
1.285809
1.372632
1.372632
1.311301
1.311301
1.385446
1.385446
1.357248
1.357248
1.179690
1.179690
1.274965
1.274965
1.269555
1.269555
1.156680
1.156680
1.206936
1.206936
1.384480
1.384480
1.288666
1.288666
1.343706
1.343706
1.183430
1.183430
1.388874
1.388874
1.062973
1.062973
1.291687
1.291687
1.123699
1.123699
1.260648
1.260648
1.318114
1.318114
1.360127
1.360127
1.376123
1.376123
1.262299
1.262299
1.318730
1.318730
1.236238
1.236238
1.383793
1.383793
1.302078
1.302078
1.258560
1.258560
1.165291
1.165291
1.233504
1.233504
1.190125
1.190125
