1.298243
1.357926
1.357926
1.298243
1.220889
1.220889
1.350992
1.182513
1.182513
1.350992
1.385127
1.385127
1.368133
1.368133
1.393165
1.393165
1.262412
1.262412
1.285907
1.285907
1.184038
1.184038
1.344525
1.344525
1.263136
1.263136
1.213546
1.099432
1.099432
1.213546
1.307593
1.307593
1.271675
1.271675
1.284159
1.284159
1.291358
1.291358
1.296868
1.296868
1.363524
1.363524
1.290546
1.290546
1.329726
1.329726
1.346087
1.346087
1.209544
1.209544
1.274715
1.274715
1.247297
1.366509
1.366509
1.247297
1.359499
1.359499
1.367029
1.367029
1.389103
1.389103
1.367112
1.367112
1.297889
1.297889
1.391996
1.391996
1.385916
1.385916
1.168811
1.168811
1.228930
1.228930
1.391996
1.391996
1.325991
1.325991
1.390808
1.390808
1.257947
1.353375
1.380974
1.380974
1.353375
1.257947
1.253718
1.253718
1.338523
1.338523
1.368439
1.368439
1.275860
1.233337
1.275860
1.233337
1.380164
1.380164
1.302632
1.302632
1.348305
1.348305
1.313074
1.313074
1.374231
1.374231
1.237139
1.237139
1.377289
1.377289
1.335760
1.335760
1.350319
1.350319
1.358059
1.164976
1.358059
1.164976
1.310422
1.310422
1.254589
1.348278
1.254589
1.348278
1.364211
1.364211
1.247049
1.247049
1.256022
1.256022
1.270404
1.270404
1.216714
1.216714
1.274134
1.263743
1.274134
1.263743
1.111337
1.111337
1.383491
1.383491
1.388447
1.388447
1.187968
1.187968
1.325478
1.325478
1.368710
1.368710
1.208369
1.208369
1.168198
1.210052
1.168198
1.210052
1.387021
1.387021
1.253635
1.253635
1.320098
1.320098
1.389138
1.389138
1.268617
1.363514
1.363514
1.268617
1.381490
1.381490
1.286473
1.272853
1.272853
1.286473
1.320098
1.320098
1.250809
1.250809
1.397079
1.397079
1.103720
1.103720
1.221746
1.221746
1.166903
1.166903
1.130052
1.191195
1.130052
1.191195
1.330336
1.330336
1.262453
1.262453
1.354205
1.354205
1.371334
1.371334
1.344042
1.344042
1.284890
1.284890
1.393621
1.393621
1.394517
1.394517
1.392929
1.392929
1.349958
1.392662
1.392662
1.349958
1.338947
1.338947
1.175497
1.175497
1.253604
1.253604
1.319300
1.319300
1.264289
1.264289
1.246922
1.246922
1.398867
1.184373
1.398867
1.184373
1.368410
1.368410
1.360294
1.360294
1.393936
1.393936
1.207539
1.207539
1.201373
1.201373
1.380235
1.380235
1.354391
1.354391
1.328060
1.328060
1.180027
1.180027
1.158824
1.158824
1.342666
1.342666
1.113425
1.113425
1.359074
1.359074
1.230827
1.230827
1.193900
1.193900
1.395971
1.395971
1.353319
1.353319
1.321722
1.321722
1.263663
1.263663
1.232258
1.232258
1.390460
1.390460
1.335910
1.335910
1.366706
1.366706
1.394883
1.394883
1.332395
1.332395
1.297413
1.297413
1.368027
1.368027
1.224600
1.224600
1.165089
1.165089
1.089391
1.089391
1.201530
1.201530
1.306444
1.306444
1.385207
1.385207
1.315745
1.315745
1.174099
1.174099
1.162891
1.162891
1.377113
1.377113
1.372340
1.372340
1.067848
1.067848
1.303965
1.303965
1.245231
1.245231
1.251963
1.251963
1.177669
1.177669
1.211448
1.211448
1.351933
1.351933
1.377152
1.377152
1.269353
1.269353
1.298004
1.298004
1.273387
1.273387
1.250114
1.301231
1.250114
1.301231
1.292820
1.292820
1.383425
1.383425
1.357978
1.357978
1.263175
1.263175
1.269003
1.269003
1.386631
1.386631
1.366675
1.366675
1.109596
1.109596
1.352267
1.352267
1.201125
1.201125
1.308849
1.308849
1.115325
1.115325
1.386014
1.386014
1.211884
1.211884
1.152309
1.152309
1.319960
1.319960
1.249298
1.249298
1.321190
1.321190
1.391860
1.391860
1.288903
1.288903
1.222711
1.222711
1.103137
1.103137
1.320898
1.320898
1.361452
1.361452
1.243656
1.243656
1.388398
1.388398
1.068861
1.068861
1.286837
1.286837
1.229608
1.229608
1.083622
1.083622
1.295719
1.295719
1.114845
1.114845
1.351367
1.351367
1.389386
1.389386
1.378966
1.378966
1.311769
1.311769
1.117527
1.117527
1.223464
1.223464
1.329640
1.329640
1.364648
1.364648
1.296352
1.296352
1.318075
1.318075
1.369570
1.369570
1.395445
1.395445
1.375207
1.375207
1.368590
1.368590
1.202841
1.202841
1.134131
1.134131
1.375474
1.375474
1.342299
1.342299
1.241874
1.241874
1.241719
1.241719
1.235053
1.235053
1.304824
1.304824
1.342580
1.342580
1.353504
1.353504
1.366258
1.366258
1.275617
1.275617
1.291710
1.291710
1.389020
1.389020
1.352717
1.352717
1.232735
1.232735
1.355017
1.355017
1.374145
1.374145
1.296996
1.296996
1.145954
1.145954
1.306299
1.306299
1.359880
1.359880
1.092600
1.092600
1.116632
1.116632
1.267550
1.267550
1.184301
1.184301
1.181936
1.181936
1.162825
1.162825
1.051238
1.051238
1.170770
1.170770
1.393066
1.393066
1.316325
1.316325
1.344561
1.344561
1.154934
1.154934
1.140337
1.140337
1.258963
1.258963
1.387368
1.387368
1.228868
1.228868
1.254188
1.254188
1.274563
1.274563
1.147527
1.147527
1.388725
1.388725
1.294779
1.294779
1.300846
1.300846
1.378951
1.378951
1.374601
1.374601
1.271687
1.271687
1.264809
1.264809
1.255673
1.255673
1.381491
1.381491
1.382548
1.382548
1.380844
1.380844
1.317270
1.317270
1.361269
1.361269
1.241475
1.241475
1.189714
1.189714
1.243449
1.243449
1.267127
1.267127
1.373475
1.373475
1.136189
1.136189
1.321544
1.321544
1.389020
1.389020
1.350990
1.350990
1.240776
1.240776
1.395791
1.395791
1.342303
1.342303
1.281521
1.281521
1.312870
1.312870
1.396848
1.396848
1.228696
1.036598
1.228696
1.036598
1.335589
1.335589
1.256687
1.256687
1.312275
1.312275
1.281826
1.281826
1.240283
1.240283
1.388780
1.388780
1.280846
1.280846
1.283982
1.283982
1.341930
1.341930
1.307665
1.307665
1.284396
1.284396
1.173474
1.173474
1.387269
1.387269
1.347420
1.347420
1.200832
1.200832
1.276188
1.276188
1.280721
1.280721
1.296705
1.296705
1.295352
1.295352
1.258440
1.258440
1.261441
1.261441
1.383708
1.383708
1.345478
1.345478
1.244307
1.244307
1.316565
1.316565
1.131575
1.131575
1.393242
1.393242
1.308926
1.308926
1.384573
1.384573
1.247946
1.247946
1.354636
1.354636
1.256929
1.256929
1.321671
1.321671
1.154402
1.154402
1.365528
1.365528
