1.303836
1.303836
1.326955
1.326955
1.313765
1.313765
1.305661
1.305661
1.331958
1.331958
1.312111
1.312111
1.257999
1.257999
1.286130
1.286130
1.166814
1.166814
1.264934
1.264934
1.273060
1.273060
1.224007
1.224007
1.361183
1.361183
1.116523
1.245163
1.116523
1.245163
1.301971
1.301971
1.211832
1.211832
1.095191
1.095191
1.393652
1.393652
1.291548
1.291548
1.275993
1.275993
1.317136
1.317136
1.365086
1.365086
1.358709
1.358709
1.239447
1.239447
1.303711
1.303711
1.387612
1.387612
1.102331
1.102331
1.369507
1.369507
1.341769
1.341769
1.180463
1.180463
1.324629
1.324629
1.156566
1.156566
1.339188
1.339188
1.380994
1.380994
1.398800
1.398800
1.083608
1.083608
1.106667
1.106667
1.262495
1.262495
1.195292
1.195292
1.128805
1.128805
1.378233
1.378233
1.278815
1.278815
1.340463
1.340463
1.312125
1.312125
1.365107
1.365107
1.347702
1.347702
1.316345
1.250884
1.250884
1.316345
1.254264
1.254264
1.317301
1.317301
1.346264
1.346264
1.321623
1.321623
1.281458
1.281458
1.290431
1.290431
1.243184
1.243184
1.117227
1.117227
1.386979
1.386979
1.175485
1.175485
1.287549
1.287549
1.317484
1.317484
1.283421
1.283421
1.229396
1.229396
1.164533
1.164533
1.222932
1.222932
1.249315
1.249315
1.276885
1.276885
1.284490
1.284490
1.242030
1.392270
1.392270
1.242030
1.346870
1.346870
1.141037
1.141037
1.357058
1.357058
1.177868
1.177868
1.058160
1.058160
1.031317
1.031317
1.287309
1.287309
1.263656
1.263656
1.372818
1.372818
1.285145
1.285145
1.248605
1.248605
1.313869
1.313869
1.391001
1.391001
1.371641
1.371641
1.078761
1.078761
1.251296
1.251296
1.352942
1.352942
1.374855
1.374855
1.367350
1.367350
1.372843
1.372843
1.394662
1.394662
1.127020
1.127020
1.374358
1.374358
1.256288
1.256288
1.107732
1.107732
1.285469
1.285469
1.323543
1.323543
1.327179
1.327179
1.368915
1.368915
1.383340
1.383340
1.280499
1.280499
1.362820
1.362820
1.380222
1.380222
1.184949
1.184949
1.318288
1.318288
1.193000
1.193000
1.388031
1.388031
1.302445
1.302445
1.348965
1.348965
1.297535
1.297535
1.361569
1.361569
1.385357
1.385357
1.276530
1.276530
1.254562
1.366426
1.254562
1.366426
1.337010
1.337010
1.331033
1.331033
1.319993
1.319993
1.242048
1.242048
1.161899
1.161899
1.315052
1.315052
1.223969
1.223969
1.116295
1.116295
1.251781
1.251781
1.205235
1.205235
1.137351
1.137351
1.326490
1.326490
1.145075
1.145075
1.335535
1.335535
1.253998
1.253998
1.148707
1.148707
1.253154
1.253154
1.316125
1.316125
1.273510
1.273510
1.384040
1.384040
1.155800
1.155800
1.373222
1.373222
1.278699
1.278699
1.286341
1.286341
1.393488
1.393488
1.163605
1.163605
1.386373
1.386373
1.231465
1.231465
1.382327
1.382327
1.379408
1.379408
1.380347
1.380347
1.275435
1.275435
1.257090
1.257090
1.258138
1.258138
1.370796
1.370796
1.348620
1.348620
1.169463
1.169463
1.131118
1.131118
1.272331
1.272331
1.288316
1.288316
1.346205
1.346205
1.301150
1.301150
1.242098
1.242098
1.269176
1.269176
1.200668
1.200668
1.300520
1.300520
1.099800
1.099800
1.353978
1.353978
1.340215
1.340215
1.373493
1.373493
1.290789
1.290789
1.346489
1.346489
1.399363
1.399363
1.194960
1.194960
1.256719
1.256719
1.383181
1.383181
1.387056
1.387056
1.380412
1.380412
1.394376
1.394376
1.109507
1.109507
1.196376
1.196376
1.282219
1.282219
1.132097
1.132097
1.283091
1.283091
1.361851
1.361851
1.265588
1.265588
1.387460
1.387460
1.340439
1.340439
1.257143
1.257143
1.302518
1.302518
1.046519
1.046519
1.389888
1.389888
1.121265
1.121265
1.264353
1.264353
1.087644
1.087644
1.359564
1.359564
1.209516
1.209516
1.236737
1.236737
1.102099
1.102099
1.230412
1.230412
1.393402
1.393402
1.334336
1.334336
1.372733
1.372733
1.313741
1.313741
1.034787
1.034787
1.275316
1.275316
1.215061
1.215061
1.303780
1.303780
1.390106
1.390106
1.201197
1.201197
1.101244
1.101244
1.278337
1.278337
1.366622
1.366622
1.313598
1.313598
1.303193
1.303193
1.398973
1.398973
1.282880
1.282880
1.381804
1.381804
1.260405
1.260405
1.383509
1.383509
1.365668
1.365668
1.380342
1.380342
1.335746
1.335746
1.290880
1.290880
1.164133
1.164133
1.273911
1.190007
1.273911
1.190007
1.261069
1.247383
1.247383
1.261069
1.348480
1.348480
1.396520
1.396520
1.333095
1.333095
1.355691
1.355691
1.354900
1.354900
1.390901
1.390901
1.205640
1.205640
1.296406
1.296406
1.308907
1.308907
1.276620
1.276620
1.384049
1.384049
1.351399
1.351399
1.149829
1.149829
1.261486
1.372939
1.372939
1.261486
1.166475
1.166475
1.395946
1.395946
1.259424
1.259424
1.258474
1.258474
1.256896
1.256896
1.307668
1.307668
1.278270
1.278270
1.373280
1.373280
1.269087
1.269087
1.347713
1.347713
1.367458
1.367458
1.124802
1.124802
1.240428
1.240428
1.282409
1.282409
1.352751
1.352751
1.205277
1.205277
1.281630
1.281630
1.358532
1.358532
1.391924
1.391924
1.275082
1.275082
1.307726
1.307726
1.167068
1.167068
1.359740
1.359740
1.219357
1.219357
1.361223
1.361223
1.369729
1.369729
1.395696
1.395696
1.172695
1.172695
1.277450
1.277450
1.267185
1.267185
1.378785
1.378785
1.216989
1.216989
1.247033
1.247033
1.132778
1.132778
1.347082
1.347082
1.255853
1.255853
1.141822
1.141822
1.182360
1.182360
1.336845
1.336845
1.119701
1.119701
1.358232
1.358232
1.395260
1.395260
1.310533
1.310533
1.392070
1.392070
1.388030
1.388030
1.264005
1.264005
1.341111
1.341111
1.112460
1.112460
1.363516
1.363516
1.372825
1.372825
1.349627
1.349627
1.364650
1.364650
1.308540
1.308540
1.164080
1.164080
1.140266
1.140266
1.301859
1.301859
1.364806
1.364806
1.296896
1.296896
1.336983
1.336983
1.169594
1.169594
1.360149
1.360149
1.190651
1.190651
1.288493
1.288493
1.361599
1.361599
1.379124
1.379124
1.196725
1.196725
1.195162
1.195162
1.089285
1.089285
1.313330
1.313330
1.350285
1.350285
1.381043
1.381043
1.365463
1.365463
1.351922
1.351922
1.153721
1.153721
1.282312
1.282312
1.089865
1.089865
1.255833
1.255833
1.179980
1.179980
1.106333
1.106333
1.355987
1.355987
1.279641
1.279641
1.337902
1.337902
1.145522
1.145522
1.125172
1.125172
1.381968
1.381968
1.370310
1.370310
1.189878
1.189878
1.397656
1.397656
1.289989
1.289989
1.238235
1.238235
1.396951
1.174346
1.174346
1.396951
1.328397
1.328397
1.140600
1.140600
1.147218
1.147218
1.276148
1.276148
1.352939
1.352939
1.287402
1.287402
1.208431
1.208431
1.354782
1.354782
1.376772
1.376772
1.174373
1.174373
1.330924
1.330924
1.101116
1.101116
1.399601
1.399601
1.363824
1.363824
1.356936
1.356936
1.284335
1.284335
1.244697
1.244697
1.057564
1.057564
1.340311
1.340311
1.347481
1.347481
1.090388
1.090388
1.233252
1.233252
1.306069
1.306069
1.366895
1.366895
1.284289
1.284289
1.351535
1.351535
1.322962
1.322962
1.392519
1.392519
1.314983
1.314983
1.391419
1.391419
1.397651
1.397651
1.330543
1.330543
1.393341
1.393341
1.314028
1.314028
1.395745
1.395745
1.262798
1.262798
1.370360
1.370360
1.374084
1.374084
1.368474
1.368474
1.306893
1.306893
1.322178
1.322178
1.174926
1.174926
1.361082
1.085326
1.085326
1.361082
1.145370
1.145370
1.332016
1.332016
1.344053
1.344053
1.308560
1.308560
1.322706
1.322706
1.178038
1.178038
1.289495
1.289495
1.289396
1.289396
1.278871
1.278871
1.313687
1.313687
1.076524
1.076524
1.361147
1.361147
1.169844
1.169844
1.369652
1.369652
1.337781
1.337781
1.193785
1.193785
1.397165
1.397165
1.287776
1.287776
