1.214073
1.150243
1.150243
1.214073
1.092575
1.092575
1.258192
1.258192
1.396727
1.396727
1.224723
1.224723
1.269679
1.354522
1.269679
1.354522
1.368083
1.368083
1.289305
1.185011
1.185011
1.378230
1.378230
1.289305
1.336839
1.336839
1.337123
1.337123
1.291829
1.291829
1.379352
1.379352
1.386040
1.386040
1.214190
1.214190
1.261736
1.348436
1.377868
1.261736
1.348436
1.377868
1.342675
1.211852
1.230137
1.230137
1.342675
1.211852
1.373704
1.373704
1.382535
1.382535
1.132623
1.132623
1.238012
1.238012
1.195942
1.195942
1.285774
1.285774
1.373390
1.306534
1.306534
1.373390
1.208331
1.153826
1.208331
1.153826
1.064313
1.259235
1.259235
1.064313
1.397236
1.397236
1.291019
1.291019
1.350466
1.350466
1.396814
1.396814
1.399001
1.399001
1.394971
1.394971
1.368038
1.368038
1.321624
1.321624
1.339977
1.339977
1.242444
1.242444
1.298478
1.298478
1.270866
1.270866
1.061359
1.061359
1.347548
1.347548
1.277686
1.277686
1.240046
1.240046
1.143512
1.143512
1.377307
1.377307
1.379315
1.379315
1.356155
1.356155
1.204047
1.204047
1.355005
1.355005
1.294024
1.294024
1.224613
1.224613
1.344731
1.344731
1.388889
1.388889
1.158080
1.158080
1.302058
1.302058
1.211787
1.211787
1.182017
1.182017
1.263325
1.263325
1.169716
1.169716
1.371917
1.371917
1.262463
1.262463
1.384359
1.384359
1.382056
1.382056
1.187381
1.187381
1.311963
1.290730
1.290730
1.311963
1.083808
1.083808
1.246883
1.246883
1.197720
1.197720
1.386021
1.386021
1.382921
1.382921
1.205042
1.205042
1.321856
1.321856
1.269872
1.269872
1.365861
1.365861
1.341123
1.341123
1.131820
1.131820
1.330207
1.330207
1.192801
1.192801
1.186356
1.186356
1.364665
1.364665
1.387063
1.387063
1.381133
1.381133
1.333574
1.333574
1.363805
1.363805
1.311574
1.311574
1.343182
1.343182
1.382538
1.382538
1.316267
1.316267
1.389173
1.389173
1.293407
1.293407
1.258462
1.258462
1.180410
1.180410
1.201430
1.201430
1.234298
1.234298
1.294499
1.294499
1.356490
1.356490
1.342337
1.342337
1.181418
1.181418
1.290338
1.290338
1.213419
1.213419
1.272843
1.272843
1.267665
1.267665
1.282179
1.282179
1.354891
1.354891
1.322164
1.322164
1.238848
1.238848
1.359240
1.359240
1.312193
1.312193
1.284238
1.284238
1.033389
1.033389
1.111688
1.111688
1.382402
1.382402
1.388817
1.388817
1.051033
1.051033
1.115469
1.115469
1.380894
1.380894
1.342134
1.342134
1.312544
1.312544
1.087852
1.087852
1.263807
1.263807
1.385966
1.385966
1.303099
1.303099
1.314584
1.314584
1.313639
1.313639
1.290146
1.290146
1.276500
1.276500
1.307710
1.307710
1.211374
1.211374
1.370242
1.370242
1.136752
1.136752
1.332796
1.332796
1.056973
1.056973
1.291370
1.291370
1.284272
1.284272
1.022562
1.022562
1.250494
1.250494
1.390406
1.390406
1.319686
1.319686
1.390969
1.390969
1.172528
1.172528
1.238510
1.238510
1.350563
1.350563
1.355895
1.355895
1.280272
1.280272
1.384642
1.384642
1.154507
1.154507
1.384266
1.384266
1.314770
1.314770
1.053246
1.053246
1.152491
1.152491
1.179320
1.179320
1.199992
1.199992
1.138538
1.138538
1.140278
1.140278
1.348658
1.348658
1.210075
1.210075
1.390857
1.390857
1.312590
1.312590
1.259291
1.259291
1.125938
1.125938
1.044128
1.044128
1.364014
1.364014
1.302090
1.298647
1.298647
1.302090
1.384764
1.384764
1.191188
1.191188
1.360915
1.360915
1.092750
1.092750
1.065052
1.065052
1.375494
1.375494
1.385944
1.385944
1.367156
1.367156
1.391737
1.391737
1.275381
1.275381
1.328687
1.328687
1.187418
1.187418
1.383227
1.383227
1.398740
1.398740
1.199260
1.199260
1.120911
1.120911
1.318427
1.318427
1.239336
1.239336
1.220691
1.220691
1.266049
1.266049
1.320260
1.320260
1.081786
1.081786
1.388800
1.388800
1.314530
1.314530
1.360702
1.360702
1.300832
1.300832
1.199715
1.199715
1.069203
1.069203
1.341215
1.341215
1.330195
1.330195
1.395880
1.395880
1.375726
1.375726
1.118713
1.118713
1.112218
1.112218
1.115759
1.115759
1.204872
1.204872
1.191582
1.191582
1.346824
1.346824
1.261796
1.261796
1.323033
1.323033
1.178784
1.178784
1.105277
1.105277
1.320706
1.320706
1.377228
1.377228
1.172420
1.172420
1.188234
1.188234
1.196053
1.196053
1.243991
1.243991
1.216924
1.216924
1.388545
1.388545
1.331310
1.331310
1.257448
1.257448
1.344396
1.344396
1.392959
1.392959
1.307638
1.307638
1.213782
1.213782
1.280764
1.280764
1.213197
1.213197
1.140191
1.140191
1.355699
1.355699
1.158873
1.158873
1.333283
1.333283
1.315324
1.315324
1.357944
1.357944
1.297109
1.297109
1.354003
1.354003
1.257782
1.257782
1.317128
1.317128
1.234438
1.234438
1.392650
1.392650
1.307448
1.307448
1.356154
1.356154
1.304277
1.304277
1.241067
1.241067
1.207150
1.207150
1.330993
1.330993
1.209318
1.209318
1.208560
1.208560
1.051535
1.051535
1.326637
1.326637
1.336235
1.336235
1.357829
1.357829
1.249325
1.249325
1.340647
1.340647
1.270961
1.270961
1.341368
1.341368
1.241660
1.241660
1.264703
1.264703
1.185409
1.185409
1.389892
1.381316
1.389892
1.381316
1.092401
1.092401
1.386712
1.386712
1.307175
1.307175
1.323316
1.323316
1.299841
1.299841
1.211320
1.211320
1.324645
1.324645
1.181160
1.181160
1.214759
1.214759
1.268473
1.268473
1.384668
1.384668
1.395441
1.395441
1.325813
1.325813
1.374302
1.374302
1.218370
1.218370
1.292738
1.292738
1.307973
1.307973
1.085138
1.085138
1.363925
1.363925
1.338656
1.338656
1.370585
1.370585
1.105470
1.105470
1.366625
1.366625
1.216109
1.216109
1.334898
1.334898
1.398776
1.398776
1.246255
1.246255
1.112761
1.112761
1.371145
1.371145
1.188294
1.188294
1.225964
1.225964
1.133232
1.133232
1.104571
1.104571
1.355319
1.355319
1.205777
1.205777
1.336515
1.336515
1.340555
1.340555
1.238882
1.238882
1.175728
1.175728
1.229058
1.229058
1.386529
1.386529
1.259082
1.259082
1.381609
1.381609
1.169225
1.169225
1.283697
1.283697
1.259827
1.205894
1.259827
1.205894
1.340206
1.340206
1.265974
1.265974
1.399396
1.399396
1.160265
1.160265
1.313483
1.313483
1.397271
1.397271
1.329299
1.329299
1.232531
1.232531
1.191780
1.191780
