1.288812
1.288812
1.222581
1.222581
1.328100
1.328100
1.398571
1.376764
1.398571
1.352723
1.352723
1.376764
1.326609
1.326609
1.229309
1.229309
1.266625
1.266625
1.293584
1.293584
1.237215
1.237215
1.346843
1.346843
1.314124
1.314124
1.250349
1.250349
1.053632
1.053632
1.360980
1.360980
1.199920
1.199920
1.331311
1.331311
1.202478
1.202478
1.381809
1.381809
1.341140
1.341140
1.382076
1.382076
1.271607
1.271607
1.182439
1.120850
1.182439
1.120850
1.231457
1.231457
1.200977
1.200977
1.385303
1.385303
1.230792
1.230792
1.310916
1.310916
1.352637
1.352637
1.103646
1.103646
1.359489
1.359489
1.277591
1.277591
1.315103
1.315103
1.356473
1.356473
1.274583
1.274583
1.307682
1.159203
1.307682
1.159203
1.220275
1.220275
1.257739
1.257739
1.378474
1.378474
1.362256
1.362256
1.392126
1.392126
1.270214
1.270214
1.346960
1.346960
1.336135
1.336135
1.354093
1.354093
1.332455
1.332455
1.315995
1.315995
1.184334
1.184334
1.381863
1.381863
1.235397
1.235397
1.371432
1.371432
1.394022
1.394022
1.285298
1.285298
1.190866
1.190866
1.380583
1.380583
1.377163
1.377163
1.281237
1.281237
1.264666
1.264666
1.376377
1.376377
1.375210
1.375210
1.362994
1.362994
1.374297
1.374297
1.191226
1.191226
1.394361
1.394361
1.342538
1.342538
1.360967
1.360967
1.353535
1.133347
1.353535
1.133347
1.096996
1.096996
1.147766
1.147766
1.386485
1.386485
1.266506
1.266506
1.306558
1.306558
1.376129
1.376129
1.136424
1.136424
1.359779
1.359779
1.383509
1.383509
1.344588
1.344588
1.217064
1.217064
1.398144
1.398144
1.315790
1.315790
1.367582
1.367582
1.335903
1.335903
1.190865
1.190865
1.270157
1.270157
1.272750
1.272750
1.322196
1.322196
1.345075
1.345075
1.294063
1.294063
1.330736
1.330736
1.315798
1.315798
1.392264
1.392264
1.398043
1.398043
1.329892
1.329892
1.373661
1.373661
1.372397
1.372397
1.373285
1.373285
1.129854
1.129854
1.310491
1.310491
1.292482
1.292482
1.284467
1.284467
1.206700
1.206700
1.206290
1.206290
1.389821
1.389821
1.105737
1.105737
1.270465
1.270465
1.352349
1.319824
1.352349
1.319824
1.263359
1.263359
1.308465
1.308465
1.373764
1.373764
1.371099
1.371099
1.217675
1.217675
1.308711
1.308711
1.352664
1.352664
1.394695
1.394695
1.327941
1.327941
1.255862
1.255862
1.245377
1.245377
1.201425
1.201425
1.382040
1.382040
1.373288
1.373288
1.156857
1.156857
1.354407
1.354407
1.099119
1.099119
1.175485
1.175485
1.391107
1.391107
1.376366
1.376366
1.257550
1.257550
1.180198
1.180198
1.208945
1.208945
1.045252
1.045252
1.330655
1.330655
1.177801
1.177801
1.337752
1.337752
1.278464
1.278464
1.324250
1.324250
1.295164
1.295164
1.396567
1.396567
1.344873
1.344873
1.393190
1.356753
1.393190
1.356753
1.381598
1.381598
1.272891
1.272891
1.310353
1.310353
1.367572
1.367572
1.313171
1.313171
1.327070
1.327070
1.225659
1.225659
1.253209
1.253209
1.315288
1.315288
1.276404
1.276404
1.335859
1.335859
1.345438
1.345438
1.221334
1.221334
1.101072
1.101072
1.274904
1.274904
1.161066
1.161066
1.293572
1.293572
1.314039
1.314039
1.126666
1.126666
1.310631
1.310631
1.196578
1.196578
1.227256
1.227256
1.118692
1.118692
1.070636
1.070636
1.242931
1.242931
1.149318
1.149318
1.337405
1.337405
1.194220
1.194220
1.280879
1.280879
1.377485
1.377485
1.393651
1.393651
1.354788
1.354788
1.183447
1.183447
1.203158
1.203158
1.270485
1.270485
1.386756
1.386756
1.386394
1.386394
1.200003
1.200003
1.299528
1.299528
1.180402
1.180402
1.128262
1.128262
1.320691
1.294039
1.294039
1.320691
1.131536
1.131536
1.376042
1.376042
1.326992
1.326992
1.348989
1.348989
1.392437
1.392437
1.311309
1.311309
1.129422
1.129422
1.305475
1.305475
1.279525
1.279525
1.317498
1.317498
1.334452
1.334452
1.251067
1.251067
1.354760
1.354760
1.290010
1.290010
1.170758
1.170758
1.027928
1.027928
1.235759
1.235759
1.215231
1.215231
1.373347
1.373347
1.275292
1.275292
1.328046
1.328046
1.148374
1.148374
1.388324
1.388324
1.396903
1.396903
1.208037
1.208037
1.396624
1.396624
1.397193
1.397193
1.376707
1.073704
1.073704
1.376707
1.166150
1.166150
1.261368
1.261368
1.385516
1.385516
1.358171
1.358171
1.307708
1.307708
1.152172
1.152172
1.396301
1.396301
1.397495
1.397495
1.254912
1.254912
1.355446
1.355446
1.381282
1.381282
1.195177
1.195177
1.351981
1.351981
1.235795
1.235795
1.323044
1.323044
1.245656
1.245656
1.219722
1.219722
1.379308
1.379308
1.339552
1.339552
1.195968
1.195968
1.318657
1.318657
1.367510
1.367510
1.188983
1.188983
1.356322
1.356322
1.218181
1.218181
1.172114
1.172114
1.341905
1.341905
1.393607
1.393607
1.399192
1.330188
1.330188
1.399192
1.389821
1.389821
1.381245
1.381245
1.086187
1.086187
1.232569
1.232569
1.369523
1.369523
1.370230
1.370230
1.387956
1.387956
1.307390
1.307390
1.294983
1.294983
1.398584
1.398584
1.389736
1.389736
1.368663
1.368663
1.335568
1.335568
1.295203
1.157328
1.157328
1.295203
1.314042
1.314042
1.178327
1.178327
1.190960
1.190960
1.376183
1.376183
1.241424
1.241424
1.286775
1.286775
1.378088
1.378088
1.312720
1.312720
1.176995
1.176995
1.393632
1.393632
1.085708
1.085708
1.285329
1.285329
1.228281
1.228281
1.048758
1.048758
1.324601
1.324601
1.393856
1.393856
1.257928
1.257928
1.140803
1.140803
1.232841
1.232841
1.252704
1.252704
1.363020
1.363020
1.389610
1.389610
1.362403
1.362403
1.384668
1.384668
1.307036
1.307036
1.398911
1.398911
1.300977
1.300977
1.254142
1.254142
1.303040
1.303040
1.328478
1.084611
1.084611
1.328478
1.294672
1.294672
1.135649
1.135649
1.364135
1.364135
1.386582
1.386582
1.337964
1.337964
1.229526
1.229526
1.328805
1.328805
1.227729
1.227729
1.184168
1.184168
1.299048
1.299048
1.332559
1.332559
1.175928
1.175928
1.285515
1.285515
1.209527
1.209527
1.157685
1.157685
1.201311
1.201311
1.390036
1.390036
1.018986
1.018986
1.371433
1.371433
1.376228
1.376228
1.284848
1.284848
1.369062
1.369062
1.274999
1.274999
1.297493
1.297493
1.346655
1.346655
1.369208
1.369208
1.339512
1.339512
1.250007
1.250007
1.169582
1.169582
1.234289
1.234289
1.109196
1.109196
1.335735
1.335735
1.314374
1.314374
1.386518
1.386518
1.337672
1.337672
1.216109
1.216109
1.349783
1.349783
1.061156
1.061156
1.262299
1.262299
1.345569
1.345569
1.325235
1.325235
1.318335
1.318335
1.381723
1.381723
1.089643
1.089643
1.287418
1.287418
1.361782
1.361782
1.338615
1.338615
1.253893
1.253893
1.315752
1.315752
1.128704
1.128704
1.264291
1.264291
1.285795
1.285795
1.261430
1.261430
1.238809
1.238809
1.119674
1.119674
1.385308
1.385308
1.347293
1.347293
1.219957
1.219957
1.285487
1.285487
1.371715
1.371715
1.200874
1.200874
1.236896
1.236896
1.262729
1.262729
1.154036
1.154036
1.327012
1.327012
1.396531
1.396531
1.309170
1.309170
1.279625
1.279625
1.360317
1.360317
1.371007
1.371007
1.142426
1.142426
1.363263
1.363263
1.380152
1.380152
1.261248
1.261248
1.145792
1.145792
1.183522
1.183522
1.283787
1.283787
1.076415
1.076415
1.359235
1.359235
1.337933
1.337933
1.346595
1.346595
1.115772
1.115772
1.371990
1.371990
1.254082
1.254082
1.102968
1.102968
1.160194
1.160194
1.392856
1.392856
1.344732
1.344732
1.384046
1.384046
1.304588
1.304588
1.198053
1.198053
1.197665
1.197665
