1.265463
1.265463
1.238761
1.238761
1.192210
1.192210
1.399270
1.399270
1.289273
1.289273
1.374754
1.374754
1.313771
1.313771
1.079415
1.079415
1.326975
1.326975
1.216263
1.216263
1.362690
1.362690
1.141611
1.141611
1.234458
1.234458
1.159821
1.159821
1.357802
1.357802
1.322317
1.322317
1.377747
1.377747
1.286245
1.286245
1.204824
1.204824
1.147123
1.272429
1.147123
1.272429
1.231038
1.231038
1.382688
1.382688
1.232423
1.232423
1.146608
1.146608
1.381908
1.381908
1.382682
1.382682
1.169897
1.169897
1.389957
1.389957
1.386556
1.386556
1.278440
1.278440
1.359982
1.359982
1.393812
1.353615
1.353615
1.393812
1.315472
1.315472
1.331910
1.331910
1.270559
1.270559
1.060017
1.060017
1.209811
1.209811
1.146311
1.146311
1.353976
1.353976
1.334413
1.334413
1.283721
1.283721
1.203074
1.326206
1.203074
1.326206
1.311455
1.311455
1.303593
1.303593
1.314475
1.365903
1.183746
1.183746
1.314475
1.365903
1.102345
1.102345
1.251895
1.330348
1.330348
1.251895
1.361989
1.361989
1.322928
1.322928
1.293943
1.293943
1.281100
1.281100
1.079767
1.079767
1.352734
1.352734
1.106803
1.106803
1.194102
1.194102
1.310246
1.310246
1.305465
1.305465
1.337958
1.337958
1.384176
1.384176
1.397365
1.397365
1.274964
1.274964
1.166790
1.169556
1.166790
1.169556
1.286407
1.286407
1.153798
1.153798
1.242430
1.398784
1.242430
1.398784
1.379835
1.379835
1.254839
1.254839
1.182218
1.182218
1.169019
1.169019
1.192590
1.192590
1.106633
1.106633
1.297289
1.098810
1.098810
1.297289
1.267396
1.267396
1.176123
1.324851
1.324851
1.176123
1.257936
1.257936
1.158286
1.158286
1.153795
1.153795
1.266716
1.266716
1.273603
1.273603
1.159850
1.159850
1.376435
1.376435
1.303137
1.303137
1.316175
1.316175
1.194232
1.194232
1.371840
1.371840
1.275551
1.275551
1.315239
1.315239
1.141774
1.141774
1.253603
1.253603
1.374280
1.374280
1.273732
1.273732
1.355897
1.355897
1.371546
1.371546
1.193145
1.193145
1.350030
1.350030
1.374444
1.374444
1.284694
1.284694
1.217937
1.217937
1.131031
1.131031
1.188380
1.188380
1.257131
1.257131
1.357628
1.357628
1.349072
1.349072
1.332043
1.332043
1.201452
1.201452
1.363685
1.363685
1.299964
1.299964
1.344315
1.344315
1.398410
1.398410
1.377887
1.377887
1.131433
1.131433
1.337034
1.337034
1.242627
1.242627
1.394086
1.394086
1.359237
1.359237
1.393475
1.393475
1.258960
1.258960
1.200201
1.200201
1.077707
1.077707
1.313432
1.249020
1.249020
1.313432
1.250390
1.250390
1.269680
1.269680
1.382837
1.382837
1.130295
1.130295
1.321664
1.321664
1.331083
1.331083
1.218397
1.218397
1.301362
1.301362
1.331941
1.331941
1.329524
1.329524
1.236491
1.236491
1.246815
1.246815
1.360785
1.360785
1.210763
1.210763
1.389824
1.389824
1.201826
1.201826
1.251916
1.251916
1.315468
1.315468
1.357700
1.357700
1.395369
1.395369
1.295443
1.295443
1.366218
1.366218
1.386532
1.386532
1.389604
1.389604
1.339307
1.339307
1.207862
1.207862
1.374678
1.374678
1.389287
1.389287
1.338732
1.338732
1.108272
1.108272
1.266982
1.266982
1.221247
1.221247
1.213829
1.213829
1.372782
1.372782
1.030265
1.030265
1.353877
1.353877
1.343071
1.343071
1.318041
1.318041
1.255079
1.255079
1.324535
1.324535
1.370806
1.370806
1.371456
1.371456
1.302388
1.302388
1.277169
1.277169
1.292947
1.292947
1.355938
1.355938
1.310306
1.310306
1.181095
1.181095
1.396963
1.396963
1.313415
1.313415
1.379363
1.379363
1.057724
1.057724
1.225280
1.225280
1.277311
1.277311
1.311786
1.311786
1.327156
1.327156
1.380019
1.380019
1.157919
1.157919
1.302537
1.302537
1.288919
1.288919
1.175148
1.175148
1.385586
1.385586
1.142388
1.142388
1.149115
1.149115
1.332813
1.332813
1.363424
1.363424
1.204037
1.204037
1.373814
1.373814
1.119111
1.119111
1.204940
1.204940
1.225253
1.225253
1.165298
1.165298
1.205232
1.205232
1.262117
1.262117
1.370350
1.370350
1.298865
1.298865
1.348548
1.348548
1.200355
1.200355
1.357659
1.357659
1.338620
1.338620
1.383374
1.383374
1.349758
1.349758
1.323433
1.323433
1.261894
1.261894
1.288690
1.288690
1.165735
1.165735
1.338190
1.338190
1.254947
1.254947
1.221933
1.221933
1.354139
1.354139
1.226440
1.226440
1.335953
1.335953
1.331214
1.124050
1.124050
1.331214
1.341575
1.341575
1.147590
1.147590
1.304218
1.304218
1.318640
1.318640
1.206270
1.206270
1.362002
1.362002
1.378061
1.378061
1.397376
1.397376
1.126299
1.126299
1.362968
1.362968
1.300161
1.300161
1.353941
1.353941
1.186694
1.186694
1.373401
1.373401
1.221384
1.221384
1.026829
1.026829
1.048635
1.048635
1.100998
1.100998
1.106208
1.106208
1.358019
1.358019
1.377684
1.377684
1.125633
1.125633
1.281344
1.281344
1.205064
1.205064
1.325775
1.325775
1.394185
1.394185
1.372644
1.372644
1.189028
1.189028
1.366681
1.366681
1.393167
1.393167
1.308264
1.308264
1.247856
1.247856
1.252231
1.252231
1.346066
1.346066
1.375919
1.375919
1.317910
1.317910
1.352856
1.352856
1.186185
1.186185
1.240001
1.240001
1.166588
1.166588
1.127147
1.127147
1.226868
1.226868
1.333398
1.333398
1.211120
1.211120
1.236751
1.236751
1.107052
1.107052
1.238307
1.238307
1.320941
1.320941
1.353613
1.353613
1.367551
1.367551
1.343212
1.343212
1.153753
1.153753
1.349950
1.349950
1.398133
1.398133
1.394484
1.394484
1.357263
1.357263
1.296946
1.296946
1.299088
1.299088
1.346629
1.346629
1.273653
1.273653
1.359266
1.359266
1.116188
1.116188
1.381743
1.381743
1.246107
1.246107
1.130977
1.130977
1.113017
1.113017
1.336538
1.336538
1.307907
1.307907
1.111833
1.111833
1.286147
1.286147
1.247740
1.247740
1.291416
1.291416
1.283222
1.283222
1.184002
1.184002
1.339622
1.339622
1.394545
1.394545
1.314867
1.314867
1.112188
1.112188
1.350830
1.350830
1.033423
1.033423
1.397304
1.397304
1.239747
1.239747
1.055103
1.055103
1.392249
1.392249
1.085391
1.085391
1.218053
1.218053
1.179128
1.179128
1.243574
1.243574
1.297581
1.297581
1.120860
1.120860
1.381692
1.381692
1.338839
1.338839
1.383060
1.383060
1.102915
1.102915
1.170544
1.170544
1.272227
1.272227
1.390567
1.390567
1.338873
1.338873
1.153417
1.153417
1.233780
1.233780
1.390300
1.390300
1.319510
1.319510
1.352799
1.352799
1.348592
1.348592
1.269860
1.269860
1.357934
1.357934
1.250712
1.250712
1.343047
1.343047
1.232737
1.232737
1.221644
1.221644
1.359486
1.359486
1.341994
1.341994
1.397062
1.397062
1.233407
1.233407
1.359649
1.359649
1.285220
1.285220
1.315030
1.315030
1.125619
1.125619
1.213402
1.213402
1.249558
1.249558
1.368103
1.368103
1.170575
1.170575
1.198791
1.198791
1.335722
1.335722
1.323789
1.323789
1.384544
1.384544
1.240224
1.240224
1.265184
1.265184
1.191527
1.191527
1.335363
1.335363
1.335692
1.335692
1.283628
1.283628
1.381891
1.381891
1.072684
1.072684
1.235656
1.235656
1.215306
1.215306
1.280540
1.280540
1.325680
1.325680
1.384463
1.384463
1.382462
1.382462
1.235696
1.235696
1.278685
1.278685
1.347293
1.347293
1.094339
1.094339
1.209586
1.209586
