1.370352
1.370352
1.203945
1.203945
1.229043
1.229043
1.379629
1.379629
1.195636
1.195636
1.336096
1.336096
1.372231
1.372231
1.344940
1.344940
1.324439
1.324439
1.163504
1.258100
1.084784
1.163504
1.324908
1.084784
1.258100
1.324908
1.339964
1.339964
1.175173
1.152068
1.175173
1.152068
1.392822
1.392822
1.394273
1.394273
1.078466
1.078466
1.235958
1.235958
1.096005
1.096005
1.266919
1.266919
1.395796
1.395796
1.328852
1.328852
1.098886
1.098886
1.370155
1.370155
1.316497
1.316497
1.313309
1.313309
1.383179
1.383179
1.324254
1.324254
1.165113
1.165113
1.295702
1.295702
1.224041
1.224041
1.362160
1.362160
1.238052
1.238052
1.379647
1.379647
1.145463
1.145463
1.294949
1.294949
1.331467
1.331467
1.371427
1.371427
1.308559
1.308559
1.313161
1.313161
1.279102
1.295928
1.295928
1.234359
1.234359
1.279102
1.222811
1.222811
1.284064
1.284064
1.357865
1.357865
1.347674
1.347674
1.296188
1.296188
1.261746
1.261746
1.386681
1.317658
1.317658
1.386681
1.340814
1.340814
1.340180
1.340180
1.250457
1.250457
1.114328
1.114328
1.353158
1.353158
1.398517
1.398517
1.220794
1.220794
1.045332
1.045332
1.227370
1.227370
1.378580
1.378580
1.255758
1.255758
1.319566
1.371947
1.371947
1.319566
1.081902
1.081902
1.353965
1.353965
1.309267
1.309267
1.059207
1.059207
1.369930
1.369930
1.397938
1.397938
1.382243
1.382243
1.392501
1.392501
1.226752
1.226752
1.195391
1.195391
1.301417
1.301417
1.274698
1.274698
1.389705
1.389705
1.325129
1.325129
1.393915
1.393915
1.091059
1.091059
1.359530
1.359530
1.310672
1.310672
1.383799
1.288571
1.383799
1.288571
1.282223
1.260004
1.260004
1.350945
1.282223
1.350945
1.385433
1.385433
1.163950
1.163950
1.169129
1.169129
1.291815
1.291815
1.345651
1.345651
1.232897
1.232897
1.284586
1.284586
1.175359
1.175359
1.289362
1.289362
1.334428
1.334428
1.268509
1.268509
1.380352
1.380352
1.315740
1.315740
1.077773
1.077773
1.317766
1.317766
1.328492
1.328492
1.165113
1.165113
1.350050
1.350050
1.252377
1.252377
1.289295
1.289295
1.363250
1.363250
1.297388
1.297388
1.372168
1.372168
1.088420
1.088420
1.105618
1.105618
1.135471
1.135471
1.330165
1.330165
1.226408
1.226408
1.314853
1.314853
1.298550
1.298550
1.317658
1.317658
1.081431
1.081431
1.333658
1.333658
1.233813
1.233813
1.377338
1.377338
1.217144
1.217144
1.197221
1.197221
1.298114
1.298114
1.074421
1.074421
1.349582
1.349582
1.153149
1.153149
1.173740
1.173740
1.184976
1.184976
1.081045
1.081045
1.284766
1.284766
1.351257
1.351257
1.344371
1.344371
1.395423
1.395423
1.241721
1.241721
1.358857
1.358857
1.275673
1.275673
1.309095
1.309095
1.353211
1.353211
1.205302
1.205302
1.341181
1.341181
1.210225
1.210225
1.359890
1.359890
1.210759
1.210759
1.354915
1.354915
1.240066
1.240066
1.360106
1.360106
1.241771
1.241771
1.365254
1.365254
1.308715
1.308715
1.294187
1.294187
1.381217
1.381217
1.361032
1.361032
1.257962
1.257962
1.348229
1.348229
1.399837
1.399837
1.398011
1.398011
1.186579
1.186579
1.305371
1.305371
1.071310
1.282929
1.071310
1.282929
1.178634
1.178634
1.385662
1.385662
1.229332
1.229332
1.392544
1.392544
1.350887
1.350887
1.135767
1.135767
1.352757
1.352757
1.313009
1.313009
1.236128
1.236128
1.221994
1.221994
1.391240
1.391240
1.381338
1.381338
1.228821
1.228821
1.118504
1.118504
1.015079
1.015079
1.397571
1.397571
1.287210
1.287210
1.363943
1.363943
1.109056
1.109056
1.286064
1.286064
1.227578
1.227578
1.315910
1.315910
1.066328
1.066328
1.169094
1.169094
1.149969
1.149969
1.137665
1.137665
1.266059
1.266059
1.292325
1.292325
1.295248
1.295248
1.319108
1.319108
1.220560
1.220560
1.269534
1.269534
1.294063
1.294063
1.217958
1.217958
1.348797
1.348797
1.329007
1.329007
1.251115
1.251115
1.113694
1.113694
1.213740
1.213740
1.322348
1.322348
1.278138
1.278138
1.385309
1.385309
1.269818
1.269818
1.327912
1.327912
1.330151
1.330151
1.377137
1.377137
1.071321
1.071321
1.330727
1.348116
1.348116
1.330727
1.347739
1.347739
1.162869
1.162869
1.357489
1.357489
1.239555
1.239555
1.315280
1.315280
1.371677
1.371677
1.351675
1.351675
1.227731
1.227731
1.357679
1.357679
1.073876
1.073876
1.367652
1.367652
1.258527
1.258527
1.380865
1.380865
1.391573
1.391573
1.141984
1.141984
1.322472
1.322472
1.358275
1.358275
1.332224
1.332224
1.318164
1.318164
1.201452
1.201452
1.354914
1.354914
1.328402
1.328402
1.369115
1.369115
1.340057
1.340057
1.274445
1.274445
1.144907
1.144907
1.230338
1.230338
1.185937
1.185937
1.325017
1.325017
1.131699
1.131699
1.158053
1.158053
1.396148
1.396148
1.277969
1.277969
1.244353
1.244353
1.292424
1.292424
1.367108
1.367108
1.242695
1.242695
1.138661
1.138661
1.389215
1.389215
1.318166
1.318166
1.352599
1.352599
1.308987
1.308987
1.276021
1.276021
1.318416
1.318416
1.268668
1.268668
1.166351
1.166351
1.334381
1.192661
1.334381
1.192661
1.373671
1.373671
1.045966
1.045966
1.397623
1.397623
1.384023
1.384023
1.162748
1.162748
1.392712
1.392712
1.292424
1.292424
1.303435
1.303435
1.183124
1.183124
1.374364
1.374364
1.314579
1.314579
1.329187
1.329187
1.298028
1.298028
1.399453
1.399453
1.217763
1.217763
1.349953
1.349953
1.357928
1.357928
1.076848
1.076848
1.378401
1.378401
1.346114
1.346114
1.185112
1.185112
1.265982
1.265982
1.359149
1.359149
1.141795
1.141795
1.376338
1.376338
1.219550
1.219550
1.327772
1.327772
1.380076
1.380076
1.284599
1.284599
1.382231
1.382231
1.275725
1.275725
1.348882
1.348882
1.291148
1.291148
1.219761
1.219761
1.337063
1.337063
1.164351
1.164351
1.337637
1.337637
1.331900
1.331900
1.367473
1.367473
1.330076
1.330076
1.374812
1.374812
1.315733
1.315733
1.365787
1.365787
1.358774
1.358774
1.306764
1.306764
1.314159
1.314159
1.265727
1.265727
1.127244
1.127244
1.285953
1.362074
1.285953
1.362074
1.372163
1.372163
1.354914
1.354914
1.358854
1.358854
1.362238
1.362238
1.197541
1.197541
1.324091
1.324091
1.393455
1.393455
1.145258
1.145258
1.266224
1.266224
1.158842
1.158842
1.170234
1.170234
1.333338
1.333338
1.349084
1.349084
1.272340
1.272340
1.301834
1.301834
1.212984
1.212984
1.197232
1.197232
1.219196
1.219196
1.167726
1.167726
1.386588
1.386588
1.301212
1.301212
1.332427
1.332427
1.164315
1.164315
1.335222
1.335222
1.374129
1.374129
1.279746
1.279746
1.324530
1.324530
1.225063
1.225063
