1.316881
1.316881
1.363926
1.363926
1.357801
1.196277
1.196277
1.357801
1.302506
1.302506
1.328014
1.329653
1.328014
1.329653
1.351459
1.351459
1.184863
1.184863
1.232895
1.232895
1.167821
1.167821
1.253162
1.253162
1.308074
1.308074
1.166968
1.166968
1.371788
1.371788
1.220650
1.220650
1.354707
1.354707
1.195491
1.195491
1.133150
1.133150
1.376147
1.376147
1.238683
1.238683
1.336999
1.336999
1.342716
1.342716
1.373983
1.373983
1.146881
1.146881
1.112119
1.139235
1.139235
1.112119
1.382632
1.382632
1.149473
1.270377
1.270377
1.149473
1.371054
1.371054
1.362772
1.362772
1.261401
1.261401
1.318283
1.318283
1.399179
1.399179
1.306952
1.306952
1.283843
1.283843
1.315953
1.315953
1.371087
1.371087
1.329841
1.329841
1.355545
1.355545
1.377967
1.315127
1.377967
1.315127
1.209758
1.209758
1.398788
1.398788
1.196667
1.196667
1.337107
1.397749
1.397749
1.337107
1.391352
1.391352
1.137673
1.137673
1.303827
1.303827
1.235775
1.235775
1.304434
1.266165
1.266165
1.304434
1.264782
1.264782
1.305774
1.305774
1.394775
1.394775
1.101139
1.101139
1.379489
1.379489
1.320881
1.320881
1.197118
1.197118
1.166794
1.166794
1.329329
1.329329
1.314352
1.314352
1.377643
1.377643
1.027551
1.027551
1.165765
1.165765
1.050983
1.050983
1.245762
1.245762
1.301895
1.301895
1.328049
1.328049
1.302401
1.302401
1.340003
1.340003
1.127154
1.396362
1.127154
1.396362
1.390320
1.390320
1.358613
1.358613
1.385309
1.385309
1.396635
1.396635
1.190506
1.190506
1.107714
1.107714
1.331300
1.331300
1.215032
1.215032
1.327521
1.327521
1.198798
1.198798
1.250004
1.250004
1.330643
1.330643
1.312984
1.312984
1.217856
1.217856
1.173887
1.173887
1.107334
1.107334
1.158205
1.384830
1.384830
1.158205
1.300647
1.300647
1.065728
1.065728
1.341941
1.341941
1.274065
1.274065
1.331189
1.331189
1.198206
1.198206
1.255589
1.255589
1.369258
1.369258
1.304444
1.304444
1.293740
1.257564
1.293740
1.257564
1.249944
1.249944
1.315205
1.315205
1.338157
1.338157
1.303530
1.303530
1.398127
1.398127
1.374527
1.374527
1.130087
1.130087
1.323707
1.323707
1.355379
1.355379
1.156358
1.156358
1.230433
1.230433
1.060182
1.060182
1.244641
1.244641
1.312798
1.312798
1.122275
1.122275
1.206029
1.206029
1.266108
1.266108
1.354087
1.354087
1.201263
1.201263
1.226413
1.226413
1.175135
1.175135
1.172760
1.172760
1.299924
1.299924
1.248825
1.377794
1.248825
1.377794
1.085248
1.085248
1.326376
1.326376
1.275417
1.275417
1.314144
1.314144
1.265690
1.265690
1.114083
1.114083
1.107305
1.107305
1.193844
1.193844
1.165585
1.165585
1.118820
1.118820
1.392670
1.392670
1.378609
1.378609
1.364239
1.364239
1.268468
1.268468
1.382611
1.382611
1.373462
1.373462
1.186970
1.186970
1.358815
1.358815
1.308237
1.308237
1.369314
1.369314
1.392320
1.392320
1.303754
1.303754
1.113023
1.113023
1.237918
1.237918
1.184436
1.184436
1.316683
1.316683
1.220951
1.229037
1.220951
1.229037
1.378392
1.378392
1.141304
1.141304
1.300915
1.300915
1.390008
1.390008
1.393167
1.393167
1.348922
1.348922
1.269395
1.269395
1.144187
1.144187
1.369060
1.369060
1.209300
1.209300
1.283200
1.283200
1.394960
1.394960
1.354512
1.354512
1.384847
1.384847
1.312779
1.312779
1.359695
1.359695
1.143719
1.366624
1.143719
1.366624
1.309052
1.309052
1.088552
1.088552
1.326098
1.326098
1.182596
1.182596
1.261844
1.261844
1.303400
1.303400
1.225946
1.225946
1.208830
1.208830
1.287815
1.287815
1.350876
1.350876
1.270586
1.270586
1.278788
1.278788
1.354332
1.354332
1.393152
1.393152
1.264657
1.264657
1.294247
1.294247
1.191595
1.191595
1.323639
1.323639
1.172138
1.172138
1.366967
1.366967
1.373005
1.373005
1.158343
1.158343
1.361677
1.361677
1.051909
1.051909
1.144066
1.144066
1.267037
1.267037
1.397090
1.396161
1.397090
1.396161
1.235764
1.235764
1.370890
1.370890
1.274065
1.274065
1.328609
1.328609
1.090701
1.090701
1.260337
1.314104
1.260337
1.314104
1.293688
1.293688
1.309459
1.309459
1.123115
1.123115
1.112766
1.112766
1.372518
1.372518
1.339650
1.339650
1.104081
1.129597
1.129597
1.104081
1.201129
1.201129
1.361747
1.361747
1.395541
1.395541
1.336409
1.336409
1.282386
1.282386
1.047221
1.047221
1.389762
1.389762
1.319368
1.319368
1.204633
1.204633
1.321794
1.321794
1.272052
1.272052
1.278108
1.278108
1.392947
1.392947
1.253075
1.253075
1.212399
1.212399
1.345468
1.345468
1.290658
1.290658
1.353432
1.353432
1.322355
1.322355
1.283841
1.283841
1.311834
1.311834
1.256618
1.256618
1.149297
1.149297
1.330852
1.330852
1.388822
1.388822
1.175933
1.175933
1.144063
1.144063
1.317943
1.317943
1.310388
1.310388
1.285122
1.285122
1.123509
1.123509
1.306399
1.306399
1.354783
1.354783
1.168562
1.168562
1.362039
1.362039
1.342382
1.342382
1.370949
1.370949
1.068054
1.068054
1.357360
1.357360
1.116930
1.116930
1.238080
1.238080
1.370913
1.370913
1.298608
1.298608
1.308886
1.308886
1.286743
1.286743
1.289983
1.289983
1.392064
1.392064
1.398401
1.398401
1.205210
1.205210
1.099658
1.099658
1.238047
1.238047
1.399403
1.399403
1.302239
1.302239
1.292419
1.292419
1.325825
1.325825
1.119694
1.119694
1.301692
1.301692
1.324328
1.324328
1.390623
1.390623
1.228002
1.228002
1.279396
1.279396
1.320087
1.320087
1.211318
1.211318
1.277073
1.277073
1.171837
1.171837
1.370331
1.370331
1.187210
1.187210
1.291520
1.291520
1.164197
1.164197
1.334261
1.334261
1.131417
1.131417
1.210801
1.210801
1.385346
1.385346
1.230874
1.354569
1.230874
1.354569
1.335201
1.335201
1.380894
1.380894
1.335813
1.335813
1.190394
1.190394
1.236261
1.236261
1.364605
1.364605
1.197159
1.197159
1.153777
1.153777
1.386221
1.386221
1.347808
1.347808
1.375978
1.375978
1.371919
1.371919
1.311456
1.311456
1.377046
1.377046
1.388286
1.388286
1.383636
1.383636
1.124006
1.124006
1.065151
1.065151
1.254779
1.254779
1.071087
1.071087
1.247871
1.247871
1.257993
1.257993
1.390057
1.390057
1.324978
1.324978
1.371306
1.371306
1.193451
1.193451
1.246531
1.246531
1.386800
1.386800
1.356024
1.356024
1.266700
1.266700
1.167436
1.167436
1.340824
1.340824
1.388555
1.388555
1.368812
1.368812
1.368040
1.368040
1.279414
1.279414
1.358655
1.358655
1.298858
1.298858
1.197823
1.197823
1.358940
1.358940
1.300853
1.300853
1.368456
1.368456
1.296247
1.296247
1.294585
1.294585
1.163582
1.163582
1.288120
1.288120
1.335701
1.335701
1.370265
1.370265
1.350491
1.350491
1.303768
1.303768
1.344337
1.344337
1.282110
1.282110
1.344366
1.344366
1.335626
1.335626
1.089661
1.089661
1.247293
1.247293
1.309825
1.309825
1.387365
1.387365
1.309330
1.309330
1.245589
1.245589
1.308636
1.308636
1.359267
1.359267
1.375831
1.375831
1.274244
1.274244
1.388171
1.388171
1.311655
1.311655
1.285038
1.285038
1.253386
1.253386
1.395406
1.395406
1.209715
1.209715
1.216980
1.216980
1.356401
1.356401
1.233614
1.233614
1.353436
1.353436
1.345262
1.345262
1.371892
1.371892
1.332262
1.332262
1.391525
1.391525
1.356274
1.356274
1.345282
1.345282
1.257302
1.257302
1.301408
1.301408
1.277852
1.277852
1.251888
1.251888
1.341366
1.341366
1.288441
1.288441
1.273281
1.273281
1.349725
1.349725
1.271139
1.271139
1.354754
1.354754
1.381416
1.381416
1.098372
1.098372
1.381989
1.381989
1.364582
1.208896
1.364582
1.208896
1.394211
1.394211
1.259184
1.259184
1.268625
1.268625
1.320976
1.320976
1.323747
1.382343
1.382343
1.323747
1.380911
1.380911
1.142408
1.142408
1.372778
1.372778
1.343308
1.343308
1.369240
1.369240
1.321819
1.321819
1.207379
1.207379
1.396949
1.396949
1.320282
1.320282
1.377671
1.377671
1.390346
1.390346
1.168815
1.168815
1.143056
1.143056
1.242022
1.242022
1.267204
1.267204
1.384867
1.384867
1.326323
1.326323
1.276825
1.276825
1.210649
1.210649
1.365903
1.365903
1.196577
1.196577
1.356604
1.356604
1.109105
1.109105
1.179312
1.179312
1.398169
1.398169
1.361859
1.361859
1.393474
1.393474
1.312692
1.312692
1.313764
1.313764
1.273459
1.273459
1.371599
1.371599
1.365878
1.365878
1.360566
1.360566
1.338843
1.338843
1.358412
1.358412
