1.288023
1.288023
1.283645
1.235212
1.283645
1.235212
1.369136
1.369136
1.118100
1.118100
1.317011
1.317011
1.249306
1.249306
1.316165
1.316165
1.392009
1.392009
1.211918
1.211918
1.268736
1.268736
1.123453
1.123453
1.269889
1.269889
1.362300
1.362300
1.336655
1.336655
1.263854
1.263854
1.393606
1.393606
1.278658
1.342211
1.342211
1.278658
1.388836
1.388836
1.103535
1.103535
1.350004
1.350004
1.288788
1.288788
1.388089
1.388089
1.144902
1.284544
1.381343
1.144902
1.381343
1.284544
1.280422
1.280422
1.364894
1.364894
1.278397
1.278397
1.346092
1.346092
1.217450
1.217450
1.111586
1.111586
1.186193
1.186193
1.165933
1.165933
1.393268
1.393268
1.279303
1.279303
1.229169
1.229169
1.396077
1.396077
1.244852
1.198923
1.244852
1.198923
1.263922
1.263922
1.365503
1.365503
1.374774
1.374774
1.345707
1.345707
1.345232
1.345232
1.189410
1.189410
1.391684
1.391684
1.322848
1.322848
1.398033
1.390883
1.398033
1.390883
1.185812
1.185812
1.314956
1.314956
1.374076
1.368175
1.374076
1.368175
1.278204
1.278204
1.292254
1.292254
1.201461
1.375814
1.176971
1.176971
1.375814
1.322205
1.201461
1.322205
1.334096
1.334096
1.364507
1.364507
1.314956
1.314956
1.333932
1.333932
1.135590
1.135590
1.373007
1.260676
1.230915
1.373007
1.260676
1.230915
1.193749
1.193749
1.360356
1.360356
1.365066
1.365066
1.307697
1.307697
1.306370
1.306370
1.312960
1.312960
1.320944
1.320944
1.155884
1.155884
1.361623
1.361623
1.380815
1.380815
1.341237
1.341237
1.212761
1.212761
1.032131
1.032131
1.246149
1.312143
1.312143
1.246149
1.352662
1.352662
1.134016
1.134016
1.194844
1.194844
1.202876
1.202876
1.312642
1.312642
1.167437
1.167437
1.266568
1.266568
1.336084
1.336084
1.289935
1.289935
1.323499
1.323499
1.249877
1.249877
1.162397
1.162397
1.337526
1.337526
1.329393
1.329393
1.218253
1.218253
1.385964
1.385964
1.388437
1.388437
1.357952
1.357952
1.312711
1.312711
1.268284
1.268284
1.352539
1.352539
1.184143
1.184143
1.362519
1.362519
1.327582
1.327582
1.282533
1.282533
1.248983
1.248983
1.318807
1.318807
1.333396
1.333396
1.291933
1.291933
1.265257
1.265257
1.363015
1.363015
1.162501
1.162501
1.315841
1.315841
1.228864
1.228864
1.232564
1.232564
1.376016
1.376016
1.316255
1.316255
1.273956
1.273956
1.366721
1.366721
1.368450
1.368450
1.384435
1.384435
1.397300
1.397300
1.041147
1.041147
1.295453
1.295453
1.306719
1.306719
1.240411
1.240411
1.309984
1.309984
1.319393
1.319393
1.318337
1.318337
1.301416
1.301416
1.378031
1.378031
1.235139
1.235139
1.334624
1.334624
1.216651
1.216651
1.182710
1.182710
1.281220
1.281220
1.380473
1.380473
1.197125
1.197125
1.293436
1.293436
1.304184
1.304184
1.194872
1.194872
1.228236
1.228236
1.380474
1.380474
1.241738
1.241738
1.320478
1.320478
1.198968
1.198968
1.148955
1.148955
1.283465
1.283465
1.284834
1.284834
1.194020
1.194020
1.309702
1.309702
1.245534
1.284808
1.284808
1.245534
1.354201
1.354201
1.212106
1.212106
1.363957
1.363957
1.374403
1.374403
1.123351
1.123351
1.360067
1.360067
1.336245
1.336245
1.300566
1.300566
1.395670
1.395670
1.336850
1.336850
1.358206
1.358206
1.200568
1.200568
1.275145
1.275145
1.398671
1.398671
1.376145
1.376145
1.245896
1.245896
1.273369
1.273369
1.217861
1.217861
1.332929
1.332929
1.026006
1.026006
1.349275
1.349275
1.365306
1.365306
1.254733
1.254733
1.246079
1.246079
1.299378
1.299378
1.358939
1.358939
1.239624
1.239624
1.360394
1.360394
1.365871
1.365871
1.314913
1.314913
1.256328
1.256328
1.345648
1.345648
1.283320
1.283320
1.326045
1.326045
1.387249
1.387249
1.347119
1.347119
1.238556
1.238556
1.176354
1.176354
1.377223
1.377223
1.156037
1.156037
1.189607
1.189607
1.342629
1.342629
1.281347
1.281347
1.363254
1.363254
1.192516
1.192516
1.368356
1.368356
1.360495
1.360495
1.368136
1.368136
1.333880
1.333880
1.387742
1.387742
1.289853
1.103320
1.289853
1.103320
1.330804
1.330804
1.368969
1.368969
1.186306
1.186306
1.375802
1.375802
1.186003
1.186003
1.123277
1.123277
1.363156
1.363156
1.371112
1.371112
1.196484
1.196484
1.289493
1.289493
1.321753
1.061517
1.061517
1.321753
1.211853
1.211853
1.360977
1.360977
1.167140
1.167140
1.333185
1.333185
1.330988
1.330988
1.256799
1.256799
1.393684
1.398781
1.398781
1.393684
1.218164
1.218164
1.291063
1.291063
1.359464
1.359464
1.249115
1.249115
1.119477
1.119477
1.374935
1.374935
1.284036
1.284036
1.253428
1.253428
1.319487
1.319487
1.396242
1.396242
1.378348
1.378348
1.266719
1.266719
1.394145
1.394145
1.243087
1.243087
1.376379
1.376379
1.362857
1.362857
1.379568
1.379568
1.344973
1.344973
1.134497
1.134497
1.382187
1.382187
1.171898
1.171898
1.229591
1.229591
1.232911
1.232911
1.279359
1.279359
1.189368
1.189368
1.354247
1.354247
1.286164
1.286164
1.303381
1.303381
1.351739
1.351739
1.218727
1.218727
1.384472
1.384472
1.397705
1.397705
1.378063
1.378063
1.336979
1.336979
1.389730
1.389730
1.249176
1.249176
1.366656
1.366656
1.374531
1.374531
1.343147
1.343147
1.218515
1.218515
1.257961
1.257961
1.219739
1.219739
1.337925
1.337925
1.393750
1.393750
1.365688
1.365688
1.349632
1.349632
1.393010
1.393010
1.369849
1.369849
1.384063
1.384063
1.218550
1.218550
1.384611
1.384611
1.308719
1.308719
1.375421
1.375421
1.376236
1.376236
1.368317
1.368317
1.212896
1.212896
1.319951
1.319951
1.225085
1.225085
1.398645
1.398645
1.359845
1.359845
1.138677
1.138677
1.289293
1.289293
1.379466
1.379466
1.155153
1.155153
1.119347
1.119347
1.375889
1.375889
1.358371
1.358371
1.267305
1.267305
1.141350
1.141350
1.348129
1.348129
1.324536
1.324536
1.259709
1.259709
1.184636
1.184636
1.186557
1.186557
1.322287
1.322287
1.302319
1.302319
1.218212
1.218212
1.234681
1.234681
1.354661
1.354661
1.131683
1.131683
1.182360
1.182360
1.223400
1.223400
1.365798
1.327637
1.365798
1.327637
1.200676
1.200676
1.278915
1.278915
1.164125
1.164125
1.345304
1.345304
1.365326
1.365326
1.397734
1.397734
1.312743
1.312743
1.192176
1.192176
1.361368
1.361368
1.326337
1.326337
1.264329
1.264329
1.212821
1.212821
1.213341
1.213341
1.391721
1.391721
1.398142
1.398142
1.119239
1.119239
1.220536
1.220536
1.302139
1.302139
1.021113
1.021113
1.345978
1.345978
1.366677
1.366677
1.338716
1.338716
1.309904
1.309904
1.351942
1.351942
1.304322
1.304322
1.267245
1.267245
1.293624
1.293624
1.222969
1.222969
1.346338
1.346338
1.395661
1.395661
1.396045
1.396045
1.324470
1.324470
1.398865
1.398865
1.205329
1.205329
1.300468
1.300468
1.111285
1.111285
1.190072
1.190072
1.385475
1.385475
1.314827
1.314827
1.210605
1.210605
1.263984
1.263984
1.353820
1.353820
1.396770
1.396770
1.334577
1.334577
1.275307
1.275307
1.325637
1.325637
1.394401
1.394401
1.385190
1.385190
1.123292
1.123292
