1.340107
1.340107
1.238797
1.388053
1.388053
1.238797
1.155234
1.155234
1.325742
1.290794
1.325742
1.290794
1.343877
1.343877
1.379291
1.379291
1.289621
1.289621
1.366679
1.366679
1.190090
1.190090
1.208458
1.208458
1.293199
1.293199
1.310765
1.310765
1.363644
1.363644
1.313714
1.313714
1.157612
1.157612
1.140663
1.140663
1.397340
1.366829
1.397340
1.366829
1.323950
1.323950
1.396219
1.396219
1.269570
1.269570
1.387460
1.387460
1.397415
1.397415
1.385704
1.385704
1.176866
1.384945
1.384945
1.176866
1.390296
1.390296
1.356909
1.356909
1.396449
1.396449
1.173382
1.173382
1.304136
1.304136
1.368752
1.368752
1.170073
1.170073
1.343343
1.335990
1.343343
1.335990
1.171251
1.171251
1.240621
1.240621
1.228333
1.228333
1.171918
1.171918
1.175097
1.175097
1.295741
1.254259
1.295741
1.254259
1.123833
1.123833
1.351038
1.351038
1.161695
1.161695
1.385675
1.169797
1.385675
1.169797
1.328692
1.328692
1.287448
1.385966
1.287448
1.385966
1.362599
1.362599
1.343933
1.343933
1.353360
1.371871
1.353360
1.371871
1.163207
1.163207
1.383810
1.383810
1.074311
1.074311
1.207607
1.207607
1.321125
1.218971
1.321125
1.218971
1.237910
1.237910
1.316010
1.316010
1.178254
1.178254
1.268827
1.268827
1.381809
1.381809
1.375360
1.375360
1.122228
1.122228
1.174740
1.174740
1.364310
1.115159
1.364310
1.115159
1.253981
1.253981
1.342973
1.342973
1.357670
1.357670
1.386957
1.386957
1.361975
1.361975
1.382042
1.382042
1.348590
1.348590
1.376515
1.376515
1.368350
1.368350
1.366809
1.366809
1.380332
1.380332
1.392513
1.392513
1.253854
1.253854
1.184571
1.184571
1.252724
1.252724
1.296025
1.296025
1.350617
1.350617
1.292755
1.375811
1.292755
1.375811
1.381859
1.201081
1.381859
1.201081
1.308031
1.308031
1.370973
1.370973
1.344761
1.344761
1.371820
1.371820
1.171354
1.171354
1.225058
1.225058
1.223567
1.223567
1.268516
1.268516
1.185508
1.185508
1.323480
1.323480
1.394086
1.394086
1.214705
1.214705
1.245129
1.245129
1.330147
1.330147
1.200945
1.200945
1.322140
1.322140
1.392714
1.392714
1.088224
1.088224
1.234519
1.234519
1.376600
1.376600
1.375977
1.375977
1.351361
1.351361
1.374784
1.374784
1.370383
1.370383
1.240019
1.240019
1.345470
1.134687
1.134687
1.345470
1.391352
1.391352
1.399286
1.399286
1.275164
1.275164
1.076926
1.076926
1.330761
1.330761
1.068766
1.068766
1.302815
1.302815
1.281483
1.281483
1.332555
1.332555
1.261701
1.261701
1.210351
1.210351
1.152981
1.152981
1.384654
1.384654
1.362438
1.362438
1.363980
1.363980
1.368983
1.368983
1.392554
1.392554
1.327724
1.327724
1.215630
1.215630
1.243837
1.243837
1.123753
1.123753
1.376356
1.376356
1.248382
1.248382
1.376436
1.376436
1.369773
1.369773
1.140240
1.140240
1.369033
1.369033
1.301983
1.301983
1.330202
1.330202
1.269919
1.269919
1.131937
1.131937
1.383121
1.383121
1.220863
1.220863
1.346514
1.346514
1.393760
1.393760
1.331071
1.331071
1.354097
1.354097
1.060595
1.060595
1.380228
1.380228
1.398924
1.398924
1.385483
1.385483
1.376673
1.376673
1.391223
1.391223
1.351897
1.351897
1.266284
1.266284
1.221388
1.221388
1.279949
1.279949
1.390983
1.390983
1.347224
1.347224
1.399425
1.399425
1.268349
1.268349
1.213872
1.213872
1.217823
1.217823
1.382278
1.382278
1.380605
1.380605
1.130477
1.130477
1.366023
1.366023
1.360245
1.360245
1.373953
1.373953
1.236006
1.236006
1.395958
1.395958
1.342159
1.342159
1.219940
1.219940
1.243090
1.243090
1.279572
1.279572
1.227292
1.227292
1.181509
1.181509
1.171810
1.171810
1.366014
1.366014
1.324230
1.324230
1.135123
1.135123
1.348606
1.348606
1.218485
1.218485
1.323307
1.323307
1.228672
1.228672
1.321973
1.321973
1.390792
1.390792
1.192026
1.192026
1.358784
1.358784
1.260208
1.260208
1.323390
1.323390
1.256195
1.256195
1.344855
1.344855
1.226727
1.226727
1.110015
1.110015
1.152603
1.152603
1.333867
1.333867
1.306711
1.306711
1.367036
1.367036
1.383200
1.383200
1.364222
1.364222
1.289478
1.289478
1.392941
1.392941
1.236112
1.236112
1.159104
1.159104
1.331486
1.331486
1.362991
1.362991
1.255593
1.255593
1.201668
1.201668
1.218837
1.218837
1.358776
1.358776
1.365507
1.365507
1.355684
1.355684
1.307498
1.307498
1.397712
1.397712
1.342315
1.342315
1.104541
1.104541
1.244762
1.244762
1.141246
1.141246
1.205058
1.205058
1.356810
1.356810
1.375632
1.375632
1.169794
1.169794
1.357595
1.357595
1.293530
1.293530
1.341604
1.341604
1.081938
1.081938
1.347608
1.347608
1.387280
1.387280
1.112797
1.112797
1.335568
1.335568
1.396783
1.396783
1.265625
1.265625
1.372480
1.372480
1.114897
1.114897
1.290500
1.290500
1.340420
1.340420
1.332238
1.332238
1.379827
1.379827
1.386799
1.386799
1.130445
1.130445
1.396463
1.396463
1.264005
1.264005
1.343499
1.343499
1.372689
1.372689
1.364097
1.364097
1.295774
1.295774
1.172107
1.172107
1.157269
1.157269
1.271826
1.271826
1.357062
1.357062
1.398385
1.398385
1.264655
1.264655
1.349789
1.349789
1.224345
1.224345
1.171789
1.171789
1.361598
1.361598
1.365864
1.365864
1.386861
1.386861
1.388510
1.388510
1.356355
1.356355
1.106825
1.106825
1.064153
1.064153
1.385604
1.385604
1.214051
1.214051
1.317151
1.317151
1.169618
1.169618
1.319081
1.319081
1.347255
1.347255
1.329396
1.329396
1.326402
1.326402
1.145304
1.145304
1.373108
1.373108
1.344401
1.344401
1.150986
1.150986
1.096397
1.096397
1.297792
1.297792
1.379302
1.379302
1.377200
1.377200
1.221998
1.221998
1.155108
1.155108
1.121329
1.121329
1.147392
1.147392
1.327170
1.327170
1.120580
1.120580
1.234860
1.234860
1.348918
1.348918
1.331007
1.331007
1.292136
1.292136
1.244655
1.244655
1.395229
1.395229
1.337560
1.337560
1.356413
1.356413
1.381481
1.381481
1.366794
1.366794
1.341571
1.341571
1.306831
1.306831
1.351386
1.351386
1.130194
1.130194
1.053573
1.053573
1.329163
1.329163
1.142412
1.142412
1.375088
1.375088
1.377422
1.377422
1.279233
1.279233
1.356513
1.356513
1.212432
1.212432
1.287927
1.287927
1.181710
1.181710
1.179620
1.179620
1.372837
1.372837
1.370602
1.370602
1.040057
1.040057
1.367944
1.367944
1.317832
1.317832
1.396278
1.396278
1.395998
1.395998
1.183468
1.183468
1.326945
1.326945
1.349250
1.349250
1.362178
1.362178
