1.335013
1.335013
1.170649
1.170649
1.387735
1.387735
1.368111
1.368111
1.379936
1.379936
1.391758
1.391758
1.374727
1.353473
1.374727
1.353473
1.347626
1.347626
1.325794
1.325794
1.257552
1.257552
1.329218
1.329218
1.292259
1.365378
1.365378
1.370634
1.292259
1.370634
1.237957
1.237957
1.379133
1.379133
1.108493
1.108493
1.311136
1.311136
1.346192
1.346192
1.300184
1.300184
1.370930
1.370930
1.119741
1.119741
1.319329
1.319329
1.342844
1.342844
1.284727
1.371173
1.284727
1.371173
1.359003
1.359003
1.088217
1.088217
1.394402
1.394402
1.246654
1.246654
1.385202
1.235553
1.235553
1.385202
1.393312
1.170003
1.170003
1.393312
1.290376
1.290376
1.066164
1.066164
1.196506
1.196506
1.364007
1.364007
1.173784
1.173784
1.186745
1.360448
1.186745
1.360448
1.275078
1.201262
1.201262
1.275078
1.259481
1.259481
1.263809
1.263809
1.139697
1.139697
1.252749
1.252749
1.390105
1.390105
1.229373
1.229373
1.255198
1.255198
1.375873
1.375873
1.130690
1.130690
1.362117
1.362117
1.201370
1.201370
1.120903
1.120903
1.392723
1.392723
1.363479
1.363479
1.299305
1.299305
1.363076
1.363076
1.319730
1.319730
1.199125
1.199125
1.105693
1.105693
1.248953
1.248953
1.173414
1.173414
1.302682
1.302682
1.347096
1.377391
1.377391
1.347096
1.393890
1.393890
1.207952
1.293282
1.293282
1.207952
1.369484
1.369484
1.346117
1.346117
1.201772
1.201772
1.386090
1.386090
1.273405
1.273405
1.297132
1.297132
1.280268
1.280268
1.374994
1.267449
1.374994
1.267449
1.320817
1.320817
1.376129
1.376129
1.160855
1.160855
1.323929
1.323929
1.360255
1.360255
1.372299
1.372299
1.296330
1.394051
1.394051
1.296330
1.374039
1.374039
1.336935
1.336935
1.148802
1.148802
1.265431
1.265431
1.295221
1.295221
1.336096
1.336096
1.374546
1.317521
1.317521
1.374546
1.332714
1.332714
1.300059
1.300059
1.305213
1.305213
1.066243
1.066243
1.368721
1.368721
1.244869
1.244869
1.325979
1.325979
1.225041
1.225041
1.348453
1.348453
1.072998
1.007781
1.007781
1.072998
1.280146
1.280146
1.397698
1.397698
1.217267
1.217267
1.354517
1.354517
1.194425
1.194425
1.180252
1.180252
1.287469
1.287469
1.286784
1.286784
1.165425
1.165425
1.317423
1.317423
1.378170
1.378170
1.218420
1.218420
1.398665
1.398665
1.263608
1.263608
1.062544
1.062544
1.345079
1.345079
1.391619
1.391619
1.203590
1.203590
1.282696
1.391959
1.391959
1.282696
1.374535
1.374535
1.256472
1.256472
1.183732
1.183732
1.124601
1.124601
1.102950
1.312274
1.102950
1.312274
1.173038
1.173038
1.370730
1.370730
1.202201
1.202201
1.356188
1.356188
1.393628
1.393628
1.241890
1.241890
1.294850
1.394369
1.294850
1.394369
1.370351
1.370351
1.385895
1.385895
1.361462
1.361462
1.397125
1.397125
1.112958
1.112958
1.297888
1.297888
1.244692
1.244692
1.307178
1.307178
1.332034
1.332034
1.267785
1.267785
1.205391
1.205391
1.386160
1.386160
1.370220
1.370220
1.361042
1.361042
1.155872
1.155872
1.291558
1.291558
1.303470
1.303470
1.231654
1.231654
1.183844
1.183844
1.244798
1.224163
1.244798
1.224163
1.323493
1.323493
1.375568
1.375568
1.386709
1.386709
1.314427
1.314427
1.254140
1.254140
1.149607
1.149607
1.213931
1.213931
1.368022
1.368022
1.119199
1.119199
1.300064
1.300064
1.247331
1.247331
1.350953
1.350953
1.389289
1.389289
1.359047
1.310939
1.310939
1.359047
1.273822
1.273822
1.315785
1.315785
1.291615
1.244410
1.244410
1.291615
1.374860
1.374860
1.324001
1.324001
1.366433
1.366433
1.292753
1.292753
1.356494
1.356494
1.342142
1.342142
1.175225
1.175225
1.383938
1.383938
1.394827
1.394827
1.390996
1.390996
1.387299
1.387299
1.197264
1.197264
1.396621
1.396621
1.319962
1.319962
1.396798
1.396798
1.349773
1.349773
1.291620
1.291620
1.351850
1.351850
1.308729
1.308729
1.276687
1.278367
1.278367
1.276687
1.278038
1.278038
1.342881
1.342881
1.240571
1.240571
1.341909
1.341909
1.292825
1.292825
1.179293
1.179293
1.143292
1.351248
1.351248
1.143292
1.090870
1.090870
1.362208
1.362208
1.197120
1.197120
1.334743
1.334743
1.289646
1.289646
1.352512
1.352512
1.260809
1.260809
1.388864
1.388864
1.185137
1.185137
1.242940
1.242940
1.096805
1.096805
1.255852
1.255852
1.392102
1.392102
1.322349
1.322349
1.341287
1.341287
1.334689
1.334689
1.138791
1.138791
1.263095
1.263095
1.336101
1.336101
1.302665
1.302665
1.310921
1.310921
1.245399
1.245399
1.189932
1.189932
1.188486
1.188486
1.240475
1.240475
1.324892
1.324892
1.326596
1.326596
1.364690
1.364690
1.382232
1.382232
1.287845
1.287845
1.329674
1.329674
1.142780
1.142780
1.372086
1.372086
1.312223
1.312223
1.224040
1.224040
1.328937
1.328937
1.066402
1.066402
1.088487
1.088487
1.290089
1.290089
1.285236
1.285236
1.297176
1.297176
1.264454
1.264454
1.378900
1.378900
1.373279
1.373279
1.252981
1.252981
1.200508
1.200508
1.398186
1.398186
1.145769
1.145769
1.157797
1.157797
1.105842
1.105842
1.378797
1.378797
1.380727
1.380727
1.198574
1.198574
1.189337
1.189337
1.269329
1.269329
1.388807
1.390422
1.388807
1.390422
1.350504
1.350504
1.348409
1.348409
1.304146
1.304146
1.313579
1.313579
1.252833
1.252833
1.387656
1.387656
1.303444
1.303444
1.393672
1.393672
1.360352
1.360352
1.232036
1.232036
1.325058
1.325058
1.365078
1.365078
1.322466
1.322466
1.348733
1.348733
1.269732
1.269732
1.344081
1.344081
1.302724
1.302724
1.321921
1.321921
1.314377
1.314377
1.211699
1.211699
1.394150
1.394150
1.112679
1.112679
1.325206
1.325206
1.255839
1.255839
1.352477
1.352477
1.323100
1.323100
1.248103
1.248103
1.268342
1.268342
1.305902
1.305902
1.363414
1.363414
1.377323
1.377323
1.315197
1.315197
1.202979
1.202979
1.397253
1.397253
1.236315
1.236315
1.367779
1.367779
1.178949
1.178949
1.195066
1.195066
1.302490
1.302490
1.302560
1.302560
1.386022
1.386022
1.335711
1.335711
1.386190
1.386190
1.371902
1.371902
1.282574
1.282574
1.128877
1.128877
1.232874
1.232874
1.299023
1.299023
1.377773
1.377773
1.237861
1.237861
1.365304
1.365304
1.366447
1.366447
1.192485
1.192485
1.292135
1.292135
1.394172
1.394172
1.267126
1.267126
1.333953
1.333953
1.344509
1.344509
1.307435
1.307435
1.294072
1.294072
1.297058
1.297058
1.329884
1.329884
1.362873
1.362873
1.359142
1.359142
1.375641
1.375641
1.126750
1.126750
1.195934
1.195934
1.138375
1.138375
1.394128
1.394128
1.348506
1.348506
1.351199
1.351199
1.330291
1.330291
1.181119
1.181119
1.323399
1.323399
1.386410
1.386410
1.178290
1.178290
1.068582
1.068582
1.367822
1.367822
1.248676
1.248676
1.213021
1.213021
1.364843
1.364843
1.269422
1.269422
1.372387
1.372387
1.169259
1.169259
1.098560
1.098560
1.388283
1.388283
1.342231
1.342231
1.308500
1.308500
1.084666
1.084666
1.214388
1.214388
1.074704
1.074704
1.197727
1.197727
1.321718
1.321718
1.300759
1.300759
1.031669
1.031669
1.258632
1.258632
1.385958
1.385958
1.193816
1.193816
1.155893
1.155893
1.397464
1.397464
1.381139
1.381139
1.322847
1.322847
1.232210
1.232210
1.331130
1.331130
1.081061
1.081061
1.388290
1.388290
1.365787
1.365787
1.223532
1.223532
1.333507
1.333507
1.345342
1.345342
1.149340
1.149340
1.257295
1.257295
1.330028
1.330028
1.154362
1.154362
1.237094
1.237094
1.319438
1.319438
1.217433
1.217433
1.312049
1.312049
1.288263
1.288263
1.202846
1.202846
1.287108
1.287108
