1.060725
1.060725
1.384168
1.384168
1.317848
1.317848
1.133321
1.317026
1.317026
1.133321
1.309536
1.309536
1.233865
1.233865
1.352672
1.352672
1.351034
1.351034
1.084168
1.084168
1.307324
1.307324
1.356458
1.356458
1.278948
1.213128
1.278948
1.213128
1.139166
1.139166
1.374144
1.374144
1.331339
1.331339
1.283327
1.283327
1.266932
1.266932
1.258691
1.258691
1.258401
1.258401
1.361745
1.361745
1.125014
1.125014
1.223256
1.223256
1.058892
1.058892
1.286525
1.286525
1.343736
1.343736
1.319537
1.319537
1.379334
1.379334
1.344085
1.299234
1.344085
1.299234
1.397802
1.397802
1.258067
1.258067
1.372725
1.372725
1.324474
1.324474
1.237247
1.237247
1.321045
1.321045
1.277108
1.277108
1.197594
1.197594
1.099025
1.099025
1.365448
1.365448
1.296840
1.296840
1.250836
1.250836
1.302621
1.302621
1.256246
1.248386
1.256246
1.248386
1.289527
1.289527
1.377065
1.377065
1.360335
1.360335
1.113903
1.113903
1.373420
1.373420
1.317946
1.187290
1.317946
1.187290
1.302860
1.302860
1.340815
1.360073
1.217734
1.360073
1.340815
1.217734
1.331300
1.331300
1.247025
1.247025
1.312185
1.312185
1.160743
1.160743
1.382048
1.382048
1.242430
1.242430
1.114254
1.114254
1.341457
1.341457
1.201351
1.201351
1.103642
1.103642
1.205739
1.297626
1.297626
1.205739
1.245906
1.245906
1.344770
1.344770
1.071182
1.071182
1.238604
1.238604
1.255451
1.255451
1.262518
1.262518
1.284264
1.284264
1.291184
1.291184
1.155915
1.339890
1.339890
1.155915
1.182432
1.327224
1.189508
1.327224
1.189508
1.182432
1.189182
1.189182
1.318169
1.318169
1.280380
1.280380
1.392868
1.392868
1.367101
1.367101
1.249578
1.249578
1.363959
1.363959
1.346706
1.346706
1.123610
1.123610
1.372949
1.372949
1.087256
1.087256
1.301147
1.301147
1.391598
1.391598
1.267887
1.267887
1.340184
1.340184
1.346930
1.346930
1.378641
1.378641
1.070879
1.070879
1.371976
1.371976
1.261304
1.261304
1.298012
1.298012
1.322691
1.322691
1.228345
1.228345
1.219654
1.219654
1.375598
1.375598
1.239486
1.239486
1.236899
1.236899
1.369325
1.369325
1.364243
1.364243
1.369528
1.369528
1.398342
1.398342
1.387156
1.387156
1.086516
1.086516
1.339474
1.339474
1.300273
1.300273
1.225542
1.225542
1.327538
1.327538
1.226917
1.226917
1.358742
1.358742
1.226198
1.226198
1.399699
1.399699
1.095046
1.095046
1.327513
1.327513
1.287494
1.287494
1.203279
1.203279
1.374060
1.374060
1.315969
1.315969
1.388910
1.388910
1.039846
1.039846
1.285587
1.285587
1.108729
1.108729
1.359055
1.359055
1.126566
1.126566
1.367103
1.399770
1.367103
1.399770
1.380038
1.380038
1.351700
1.351700
1.176511
1.176511
1.237932
1.237932
1.386029
1.386029
1.264695
1.264695
1.355271
1.355271
1.108292
1.108292
1.261729
1.261729
1.179980
1.179980
1.358005
1.358005
1.192029
1.192029
1.344791
1.344791
1.359579
1.359579
1.303599
1.303599
1.210657
1.210657
1.054163
1.054163
1.262084
1.262084
1.322261
1.322261
1.289391
1.195916
1.289391
1.195916
1.108418
1.108418
1.265943
1.265943
1.372380
1.372380
1.264081
1.264081
1.317036
1.317036
1.239995
1.239995
1.225856
1.225856
1.380251
1.346913
1.346913
1.380251
1.394111
1.394111
1.315165
1.315165
1.255069
1.396714
1.396714
1.255069
1.355437
1.355437
1.396544
1.396544
1.347988
1.347988
1.362136
1.362136
1.354442
1.354442
1.230586
1.230586
1.090184
1.090184
1.244168
1.244168
1.398286
1.398286
1.181301
1.181301
1.358312
1.358312
1.299542
1.299542
1.385202
1.385202
1.366730
1.366730
1.225929
1.225929
1.284587
1.284587
1.123349
1.123349
1.392825
1.392825
1.285385
1.285385
1.167075
1.167075
1.247379
1.247379
1.298102
1.298102
1.370858
1.370858
1.304887
1.304887
1.266193
1.266193
1.344414
1.344414
1.247952
1.247952
1.358878
1.358878
1.351603
1.351603
1.392067
1.392067
1.297395
1.297395
1.271114
1.271114
1.342620
1.342620
1.256657
1.256657
1.306236
1.306236
1.399809
1.399809
1.248547
1.248547
1.240131
1.240131
1.343820
1.343820
1.398337
1.398337
1.343561
1.343561
1.294213
1.327068
1.294213
1.327068
1.290676
1.290676
1.326543
1.326543
1.309267
1.309267
1.244999
1.244999
1.337830
1.337830
1.336880
1.336880
1.312629
1.312629
1.370658
1.370658
1.360721
1.360721
1.233735
1.169843
1.169843
1.233735
1.298275
1.298275
1.297602
1.297602
1.088768
1.088768
1.325111
1.325111
1.378106
1.378106
1.357718
1.357718
1.271403
1.271403
1.184883
1.184883
1.308005
1.308005
1.352131
1.352131
1.381511
1.381511
1.288204
1.288204
1.255816
1.255816
1.152411
1.152411
1.190395
1.190395
1.352340
1.352340
1.362420
1.362420
1.305286
1.305286
1.283744
1.283744
1.042781
1.042781
1.332342
1.332342
1.310460
1.310460
1.288078
1.288078
1.217770
1.217770
1.263142
1.263142
1.266410
1.266410
1.120327
1.120327
1.233751
1.233751
1.261222
1.261222
1.362879
1.362879
1.319153
1.319153
1.132182
1.132182
1.340109
1.340109
1.340812
1.340812
1.351597
1.351597
1.304283
1.304283
1.371923
1.371923
1.353429
1.353429
1.393659
1.393659
1.323046
1.323046
1.381050
1.381050
1.382415
1.382415
1.359184
1.359184
1.190222
1.190222
1.131074
1.131074
1.160548
1.160548
1.085513
1.085513
1.366733
1.366733
1.232301
1.232301
1.396156
1.396156
1.318145
1.318145
1.345080
1.345080
1.132664
1.132664
1.179414
1.179414
1.391477
1.391477
1.328257
1.328257
1.331257
1.331257
1.343348
1.343348
1.277406
1.277406
1.342024
1.342024
1.399844
1.399844
1.391568
1.391568
1.292907
1.292907
1.306589
1.306589
1.195068
1.195068
1.270542
1.270542
1.242475
1.242475
1.340552
1.340552
1.192026
1.192026
1.397651
1.397651
1.125079
1.125079
1.135811
1.135811
1.246790
1.246790
1.302904
1.302904
1.334787
1.334787
1.371794
1.334953
1.371794
1.334953
1.197981
1.197981
1.343491
1.343491
1.212155
1.212155
1.212699
1.212699
1.263789
1.263789
1.339308
1.339308
1.104499
1.104499
1.165735
1.165735
1.393522
1.393522
1.356560
1.356560
1.268419
1.268419
1.382892
1.382892
1.264436
1.264436
1.173416
1.173416
1.117481
1.117481
1.388167
1.388167
1.353001
1.353001
1.359945
1.359945
1.261490
1.261490
1.165432
1.165432
1.212274
1.212274
1.336700
1.336700
1.211855
1.211855
1.297647
1.297647
1.269397
1.269397
1.236851
1.236851
1.370497
1.370497
1.266974
1.266974
1.184918
1.184918
1.371237
1.371237
1.394599
1.394599
1.308739
1.308739
1.184254
1.184254
1.381512
1.381512
1.310440
1.310440
1.274279
1.274279
1.329104
1.329104
1.330369
1.330369
1.301873
1.301873
1.294892
1.294892
1.324552
1.324552
1.353656
1.353656
1.087095
1.087095
1.166795
1.166795
1.257015
1.257015
1.355326
1.355326
1.222538
1.222538
1.292196
1.292196
1.271471
1.271471
1.197925
1.197925
1.394175
1.394175
1.250328
1.250328
1.140918
1.140918
1.220012
1.220012
1.308630
1.308630
1.141114
1.141114
1.317674
1.317674
1.320294
1.320294
1.130056
1.130056
1.384783
1.384783
1.265988
1.265988
1.258987
1.258987
1.080637
1.080637
1.301867
1.301867
1.216587
1.216587
1.234488
1.234488
1.378460
1.378460
1.355418
1.355418
