1.253730
1.253730
1.273262
1.162038
1.162038
1.273262
1.294279
1.388597
1.294279
1.388597
1.240686
1.240686
1.282827
1.282827
1.362278
1.362278
1.332322
1.332322
1.399139
1.399139
1.398304
1.323051
1.323051
1.398304
1.302993
1.302993
1.364228
1.364228
1.212818
1.212818
1.282408
1.282408
1.317377
1.379006
1.364652
1.379006
1.364652
1.317377
1.397955
1.397955
1.374827
1.374827
1.343875
1.343875
1.371540
1.371540
1.273084
1.273084
1.074882
1.093636
1.074882
1.093636
1.241866
1.241866
1.381643
1.381643
1.097120
1.097120
1.244280
1.244280
1.248196
1.248196
1.275367
1.328991
1.275367
1.377437
1.328991
1.377437
1.399461
1.399461
1.151020
1.151020
1.358555
1.358555
1.340775
1.340775
1.336123
1.336123
1.371239
1.371239
1.358003
1.358003
1.128577
1.128577
1.377522
1.377522
1.108278
1.108278
1.208812
1.208812
1.348250
1.389298
1.348250
1.389298
1.300652
1.300652
1.370170
1.370170
1.202728
1.202728
1.078394
1.078394
1.193672
1.193672
1.388038
1.388038
1.113332
1.113332
1.345830
1.345830
1.214938
1.214938
1.217288
1.217288
1.331372
1.331372
1.236197
1.236197
1.299073
1.299073
1.255865
1.255865
1.377217
1.377217
1.267993
1.267993
1.249161
1.249161
1.211494
1.211494
1.330309
1.330309
1.217248
1.217248
1.322312
1.322312
1.218555
1.218555
1.252293
1.252293
1.322536
1.322536
1.302793
1.302793
1.323882
1.323882
1.237475
1.237475
1.346529
1.346529
1.321281
1.321281
1.184331
1.184331
1.216984
1.216984
1.052791
1.052791
1.328451
1.273327
1.273327
1.328451
1.378578
1.378578
1.373848
1.373848
1.265675
1.265675
1.110231
1.110231
1.337720
1.337720
1.322421
1.322421
1.343155
1.343155
1.138022
1.347344
1.138022
1.347344
1.360012
1.360012
1.314982
1.314982
1.386406
1.386406
1.381399
1.308293
1.308293
1.381399
1.260171
1.260171
1.297936
1.297936
1.278752
1.278752
1.389541
1.389541
1.376953
1.376953
1.389946
1.389946
1.224776
1.224776
1.248497
1.248497
1.250787
1.250787
1.391466
1.391466
1.321188
1.321188
1.230650
1.230650
1.274063
1.306765
1.274063
1.306765
1.184486
1.184486
1.065774
1.065774
1.179074
1.179074
1.277874
1.277874
1.370563
1.369693
1.370563
1.369693
1.349829
1.349829
1.366840
1.366840
1.018672
1.018672
1.379423
1.379423
1.315610
1.315610
1.341207
1.341207
1.328994
1.328994
1.238721
1.238721
1.300114
1.300114
1.191090
1.191090
1.379999
1.379999
1.119675
1.119675
1.234331
1.234331
1.104796
1.104796
1.265135
1.265135
1.093338
1.093338
1.314181
1.314181
1.277151
1.277151
1.243827
1.243827
1.199187
1.199187
1.145267
1.145267
1.363708
1.392576
1.363708
1.392576
1.390964
1.390964
1.334850
1.334850
1.348625
1.348625
1.262319
1.262319
1.390969
1.390969
1.288617
1.288617
1.346531
1.346531
1.207444
1.207444
1.260201
1.260201
1.287550
1.287550
1.244100
1.244100
1.348468
1.348468
1.165096
1.165096
1.183847
1.183847
1.265731
1.265731
1.276853
1.276853
1.326018
1.326018
1.338119
1.338119
1.073889
1.073889
1.291662
1.291662
1.292845
1.292845
1.135882
1.135882
1.355148
1.355148
1.384291
1.384291
1.378609
1.378609
1.372876
1.372876
1.329960
1.329960
1.293791
1.377888
1.293791
1.377888
1.221890
1.316306
1.221890
1.316306
1.291455
1.291455
1.353243
1.353243
1.232480
1.232480
1.164067
1.246367
1.246367
1.164067
1.007598
1.007598
1.101268
1.101268
1.322403
1.322403
1.317395
1.317395
1.394195
1.394195
1.301655
1.301655
1.280158
1.280158
1.291094
1.291094
1.220403
1.220403
1.285158
1.285158
1.373823
1.373823
1.230069
1.230069
1.337010
1.337010
1.156659
1.156659
1.399461
1.399461
1.321259
1.321259
1.248425
1.248425
1.308227
1.308227
1.215021
1.215021
1.144936
1.144936
1.329690
1.329690
1.396839
1.396839
1.281028
1.281028
1.288249
1.288249
1.375633
1.375633
1.364754
1.364754
1.212107
1.212107
1.186831
1.186831
1.396812
1.396812
1.129687
1.129687
1.366746
1.366746
1.173168
1.173168
1.366886
1.366886
1.348105
1.348105
1.211176
1.211176
1.205867
1.205867
1.388981
1.388981
1.066426
1.066426
1.370039
1.370039
1.305677
1.305677
1.130095
1.130095
1.367158
1.367158
1.217469
1.217469
1.312606
1.312606
1.240584
1.240584
1.297679
1.297679
1.225613
1.225613
1.257041
1.257041
1.251358
1.251358
1.202390
1.202390
1.394929
1.394929
1.393737
1.393737
1.394514
1.394514
1.392762
1.392762
1.270883
1.270883
1.104996
1.104996
1.318795
1.318795
1.247419
1.247419
1.281066
1.281066
1.397252
1.397252
1.387743
1.387743
1.348588
1.348588
1.148043
1.148043
1.386592
1.386592
1.273011
1.273011
1.185883
1.185883
1.290033
1.290033
1.394460
1.394460
1.152645
1.152645
1.362285
1.362285
1.377387
1.377387
1.312586
1.312586
1.346887
1.346887
1.232557
1.232557
1.354107
1.354107
1.278142
1.278142
1.345846
1.345846
1.379834
1.379834
1.329006
1.329006
1.169523
1.169523
1.302399
1.302399
1.306421
1.306421
1.139850
1.139850
1.319477
1.319477
1.338367
1.338367
1.176962
1.176962
1.262135
1.262135
1.228271
1.228271
1.157759
1.157759
1.346565
1.346565
1.206581
1.206581
1.234718
1.234718
1.349904
1.349904
1.311628
1.311628
1.354866
1.354866
1.307626
1.307626
1.318178
1.318178
1.123515
1.123515
1.118785
1.118785
1.112431
1.112431
1.323203
1.323203
1.315545
1.315545
1.314081
1.314081
1.212072
1.212072
1.343474
1.343474
1.368041
1.368041
1.265708
1.265708
1.305961
1.305961
1.389626
1.389626
1.322770
1.322770
1.331492
1.331492
1.217155
1.217155
1.313458
1.313458
1.310345
1.356066
1.310345
1.356066
1.250562
1.250562
1.188298
1.360707
1.360707
1.188298
1.298231
1.298231
1.213680
1.213680
1.239847
1.239847
1.385795
1.385795
1.254162
1.254162
1.321573
1.321573
1.184282
1.184282
1.124298
1.124298
1.232642
1.232642
1.343583
1.343583
1.306346
1.306346
1.305508
1.305508
1.360366
1.360366
1.390501
1.390501
1.040032
1.040032
1.354029
1.354029
1.280858
1.280858
1.290616
1.290616
1.052020
1.052020
1.338543
1.338543
1.300596
1.300596
1.198515
1.198515
1.247141
1.247141
1.178711
1.178711
1.376564
1.376564
1.363574
1.363574
1.313806
1.313806
1.161246
1.161246
1.250002
1.250002
1.246550
1.246550
1.100975
1.100975
1.347550
1.347550
1.166499
1.166499
1.121409
1.121409
1.219090
1.219090
1.344237
1.344237
1.200209
1.200209
1.265145
1.265145
1.378522
1.378522
1.386882
1.386882
1.266160
1.266160
1.305320
1.305320
1.273921
1.273921
1.293697
1.293697
1.101533
1.101533
1.376944
1.376944
1.374480
1.374480
1.118377
1.118377
1.093516
1.093516
1.396107
1.396107
1.390016
1.390016
1.380798
1.380798
1.370443
1.208845
1.370443
1.208845
1.251086
1.251086
1.367885
1.367885
1.307919
1.307919
1.188184
1.188184
1.285789
1.285789
1.228101
1.228101
1.127645
1.127645
1.008150
1.008150
1.339955
1.339955
1.260130
1.260130
1.327963
1.327963
1.395661
1.395661
1.390819
1.390819
1.399917
1.399917
1.127108
1.127108
1.237737
1.237737
1.250135
1.250135
1.254616
1.254616
1.188809
1.188809
1.284414
1.284414
1.174497
1.174497
1.366493
1.366493
1.324363
1.324363
1.306683
1.306683
1.218845
1.218845
1.394201
1.394201
1.262964
1.262964
1.356368
1.356368
1.249231
1.249231
1.291350
1.291350
1.286682
1.286682
1.323923
1.323923
1.236575
1.236575
1.254106
1.254106
1.310402
1.310402
1.323548
1.323548
1.368848
1.368848
1.230922
1.230922
1.273421
1.273421
1.396946
1.396946
1.342648
1.342648
1.283007
1.283007
1.363483
1.363483
1.369063
1.369063
1.314036
1.314036
1.269741
1.269741
