1.257527
1.257527
1.381356
1.328519
1.328519
1.381356
1.191616
1.191616
1.329223
1.280928
1.280928
1.329223
1.264533
1.386986
1.386986
1.264533
1.190800
1.190800
1.393339
1.393339
1.346702
1.346702
1.219440
1.153808
1.219440
1.153808
1.237560
1.237560
1.376866
1.376866
1.324657
1.152870
1.324657
1.152870
1.356167
1.356167
1.160991
1.160991
1.178978
1.178978
1.300619
1.282961
1.300619
1.282961
1.347131
1.238626
1.238626
1.347131
1.295024
1.295024
1.094759
1.094759
1.179854
1.179854
1.273228
1.273228
1.242967
1.242967
1.159661
1.159661
1.357544
1.357544
1.351188
1.351188
1.246593
1.246593
1.252464
1.252464
1.094409
1.094409
1.352697
1.331874
1.331874
1.352697
1.239784
1.239784
1.322305
1.322305
1.148143
1.148143
1.061945
1.061945
1.327107
1.327107
1.179602
1.179602
1.103846
1.103846
1.369441
1.369441
1.380977
1.380977
1.305936
1.305936
1.365328
1.365328
1.146802
1.146802
1.239730
1.239730
1.167139
1.167139
1.374087
1.374087
1.231400
1.231400
1.392564
1.392564
1.222241
1.222241
1.226128
1.226128
1.192977
1.192977
1.262276
1.262276
1.219679
1.219679
1.283500
1.283500
1.316134
1.316134
1.119532
1.119532
1.237383
1.312686
1.237383
1.312686
1.184095
1.184095
1.153670
1.153670
1.198164
1.198164
1.305921
1.305921
1.322984
1.322984
1.372574
1.203279
1.372574
1.203279
1.298252
1.298252
1.281033
1.329697
1.329697
1.281033
1.182484
1.182484
1.240392
1.240392
1.221173
1.221173
1.284539
1.308927
1.284539
1.308927
1.193300
1.193300
1.354764
1.354764
1.382658
1.382658
1.144893
1.144893
1.237021
1.237021
1.330868
1.330868
1.297819
1.297819
1.395305
1.395305
1.322621
1.322621
1.277181
1.277181
1.395342
1.099661
1.395342
1.099661
1.308040
1.308040
1.334456
1.334456
1.235919
1.235919
1.396363
1.396363
1.221477
1.221477
1.277365
1.277365
1.294328
1.294328
1.214673
1.214673
1.240088
1.240088
1.314177
1.314177
1.398109
1.398109
1.188378
1.188378
1.139532
1.139532
1.294740
1.294740
1.209181
1.209181
1.327149
1.327149
1.351318
1.287814
1.351318
1.287814
1.353334
1.353334
1.352943
1.352943
1.363479
1.363479
1.203666
1.203666
1.255096
1.255096
1.252787
1.252787
1.279240
1.279240
1.257987
1.257987
1.193677
1.193677
1.372636
1.372636
1.234340
1.234340
1.194615
1.194615
1.181560
1.181560
1.327251
1.327251
1.356518
1.356518
1.219178
1.219178
1.255632
1.255632
1.385660
1.385660
1.306992
1.306992
1.198715
1.198715
1.248522
1.248522
1.311565
1.311565
1.372069
1.372069
1.220637
1.220637
1.075401
1.075401
1.225827
1.225827
1.138739
1.153439
1.153439
1.138739
1.363251
1.363251
1.373022
1.373022
1.344867
1.344867
1.377518
1.377518
1.277902
1.277902
1.144973
1.144973
1.296756
1.296756
1.349044
1.349044
1.346763
1.346763
1.214921
1.214921
1.346048
1.346048
1.308751
1.308751
1.181610
1.181610
1.317094
1.317094
1.143885
1.143885
1.215469
1.215469
1.250984
1.250984
1.353644
1.353644
1.166509
1.166509
1.381077
1.381077
1.271813
1.271813
1.324859
1.324859
1.373237
1.373237
1.342321
1.189801
1.342321
1.189801
1.036788
1.388107
1.036788
1.388107
1.313122
1.313122
1.399466
1.399466
1.192887
1.192887
1.152879
1.152879
1.188029
1.188029
1.385631
1.385631
1.170283
1.170283
1.176520
1.176520
1.347144
1.158316
1.158316
1.347144
1.182527
1.182527
1.136718
1.136718
1.378878
1.378878
1.205214
1.205214
1.232464
1.232464
1.293104
1.378729
1.293104
1.378729
1.391399
1.391399
1.382417
1.382417
1.183070
1.183070
1.150696
1.150696
1.379716
1.394051
1.394051
1.379716
1.165500
1.165500
1.359213
1.359213
1.270956
1.270956
1.162000
1.162000
1.179206
1.179206
1.284680
1.284680
1.299333
1.299333
1.391801
1.391801
1.166872
1.166872
1.376084
1.376084
1.317290
1.317290
1.328865
1.328865
1.346557
1.346557
1.364221
1.284546
1.364221
1.284546
1.333520
1.333520
1.318229
1.318229
1.307609
1.307609
1.224076
1.221830
1.224076
1.221830
1.333083
1.333083
1.196007
1.196007
1.399686
1.399686
1.320336
1.326705
1.326705
1.320336
1.342494
1.342494
1.365015
1.365015
1.396689
1.396689
1.058298
1.058298
1.071498
1.071498
1.374038
1.374038
1.170310
1.170310
1.359194
1.359194
1.361952
1.361952
1.256581
1.256581
1.327257
1.327257
1.370107
1.370107
1.329170
1.329170
1.188787
1.188787
1.131691
1.131691
1.386870
1.386870
1.199730
1.351523
1.351523
1.199730
1.347170
1.347170
1.358555
1.358555
1.384992
1.384992
1.307188
1.307188
1.256059
1.256059
1.333261
1.333261
1.336565
1.336565
1.253256
1.253256
1.301422
1.301422
1.118015
1.118015
1.227764
1.227764
1.150847
1.150847
1.163372
1.163372
1.367128
1.367128
1.389666
1.389666
1.149570
1.149570
1.385461
1.385461
1.209553
1.209553
1.396163
1.396163
1.245989
1.245989
1.316702
1.316702
1.084876
1.084876
1.233963
1.233963
1.356036
1.356036
1.083742
1.083742
1.148258
1.148258
1.373402
1.373402
1.219647
1.219647
1.379344
1.379344
1.397103
1.397103
1.399731
1.399731
1.350243
1.104986
1.350243
1.104986
1.240060
1.240060
1.295061
1.295061
1.111442
1.111442
1.123615
1.123615
1.342026
1.342026
1.338394
1.338394
1.390587
1.390587
1.204758
1.204758
1.332971
1.332971
1.330451
1.330451
1.188771
1.188771
1.381829
1.381829
1.332379
1.332379
1.228988
1.346536
1.228988
1.346536
1.352694
1.352694
1.118563
1.118563
1.267060
1.267060
1.316698
1.316698
1.385194
1.385194
1.383442
1.383442
1.241145
1.241145
1.305614
1.305614
1.193878
1.193878
1.319736
1.319736
1.362880
1.362880
1.197477
1.197477
1.314092
1.314092
1.228609
1.228609
1.377001
1.377001
1.132289
1.132289
1.358297
1.358297
1.232599
1.232599
1.260760
1.260760
1.373048
1.373048
1.307382
1.307382
1.258222
1.258222
1.373601
1.373601
1.359957
1.359957
1.242616
1.242616
1.370655
1.370655
1.300125
1.280031
1.280031
1.300125
1.392806
1.392806
1.327429
1.327429
1.357556
1.357556
1.242707
1.242707
1.395614
1.395614
1.276564
1.276564
1.369559
1.369559
1.204768
1.204768
1.341166
1.341166
1.331014
1.331014
1.068565
1.068565
1.296889
1.356611
1.296889
1.356611
1.300454
1.300454
1.328459
1.328459
1.252605
1.252605
1.365921
1.365921
1.246875
1.246875
1.288467
1.288467
1.389263
1.389263
1.373475
1.373475
1.178664
1.178664
1.312395
1.312395
1.172473
1.172473
1.174006
1.174006
1.269267
1.269267
1.162902
1.162902
1.347551
1.347551
1.137884
1.137884
1.323739
1.323739
1.347461
1.347461
1.353186
1.353186
1.315138
1.315138
1.176458
1.176458
1.293176
1.293176
1.327112
1.327112
1.328834
1.328834
1.324045
1.324045
1.335932
1.335932
1.352146
1.352146
1.222377
1.222377
1.146377
1.146377
1.122358
1.122358
1.323580
1.323580
1.199918
1.199918
1.248462
1.248462
1.328573
1.328573
1.219277
1.219277
1.396972
1.396972
1.144381
1.144381
1.380620
1.380620
1.272644
1.272644
1.339688
1.339688
1.320931
1.320931
1.275106
1.275106
1.359872
1.359872
1.123398
1.123398
1.393050
1.393050
1.179164
1.179164
1.050124
1.050124
1.300078
1.300078
1.379663
1.379663
1.316093
1.316093
1.363393
1.363393
1.345760
1.345760
1.383089
1.383089
1.245977
1.245977
1.345471
1.345471
1.166821
1.166821
1.329004
1.329004
1.305231
1.305231
1.134629
1.134629
1.354391
1.354391
1.183050
1.183050
1.089424
1.089424
1.122936
1.122936
1.348159
1.348159
1.254421
1.254421
1.362611
1.362611
1.156557
1.156557
1.170727
1.170727
1.359470
1.359470
1.296956
1.296956
1.293437
1.293437
1.302462
1.302462
1.269027
1.269027
1.356786
1.356786
1.155293
1.155293
1.287069
1.287069
1.353620
1.353620
1.232317
1.232317
1.149542
1.149542
1.296729
1.296729
1.138590
1.138590
1.307091
1.307091
1.158366
1.158366
1.345997
1.345997
1.228439
1.228439
1.315884
1.315884
1.315523
1.315523
1.287250
1.287250
1.298664
1.298664
1.385857
1.385857
1.205241
1.205241
1.391583
1.391583
1.236741
1.236741
1.318715
1.318715
1.248465
1.248465
1.327214
1.327214
1.198352
1.198352
1.203559
1.203559
1.285307
1.285307
1.309840
1.309840
1.058580
1.058580
1.341882
1.341882
1.276362
1.276362
1.212818
1.212818
1.364516
1.364516
1.341621
1.341621
1.189368
1.189368
1.379369
1.379369
1.176401
1.176401
1.125746
1.125746
1.362560
1.362560
1.326957
1.326957
1.381187
1.381187
1.307573
1.307573
1.272163
1.272163
1.274421
1.274421
1.242331
1.242331
1.316372
1.316372
1.303008
1.303008
1.374241
1.374241
1.382466
1.382466
1.279035
1.279035
1.300178
1.300178
1.291873
1.291873
1.295540
1.295540
1.361584
1.361584
