1.249561
1.249561
1.290502
1.290502
1.055650
1.055650
1.325161
1.325161
1.282059
1.282059
1.314614
1.314614
1.294733
1.294733
1.369092
1.369092
1.375011
1.375011
1.179485
1.179485
1.271116
1.271116
1.183399
1.183399
1.344752
1.344752
1.371966
1.371966
1.318611
1.318611
1.108419
1.108419
1.363111
1.363111
1.301514
1.301514
1.225735
1.198866
1.225735
1.198866
1.335549
1.335549
1.086299
1.086299
1.311707
1.311707
1.185309
1.185309
1.325109
1.325109
1.274543
1.274543
1.257086
1.166283
1.257086
1.166283
1.195797
1.195797
1.337675
1.337675
1.373395
1.373395
1.350142
1.350142
1.233983
1.233983
1.211674
1.211674
1.385087
1.385087
1.283615
1.283615
1.363939
1.363939
1.252324
1.252324
1.113960
1.113960
1.317052
1.317052
1.379498
1.379498
1.337193
1.337193
1.287611
1.287611
1.189107
1.189107
1.261690
1.261690
1.384359
1.384359
1.332589
1.332589
1.160389
1.160389
1.286010
1.286010
1.225259
1.225259
1.299335
1.299335
1.395609
1.395609
1.106456
1.106456
1.237198
1.237198
1.367310
1.367310
1.273062
1.273062
1.209645
1.209645
1.387571
1.387571
1.242685
1.242685
1.131613
1.131613
1.180841
1.180841
1.234222
1.234222
1.146242
1.146242
1.267698
1.267698
1.345127
1.345127
1.312886
1.312886
1.195979
1.195979
1.397276
1.397276
1.352606
1.352606
1.267138
1.267138
1.224048
1.224048
1.368384
1.368384
1.300088
1.300088
1.369910
1.369910
1.383132
1.383132
1.377831
1.377831
1.162469
1.162469
1.299645
1.299645
1.303143
1.303143
1.354741
1.354741
1.337094
1.337094
1.375674
1.375674
1.329233
1.329233
1.385428
1.385428
1.377234
1.377234
1.227490
1.227490
1.192290
1.192290
1.238141
1.238141
1.294985
1.294985
1.168747
1.168747
1.191896
1.191896
1.383243
1.383243
1.346352
1.346352
1.293596
1.293596
1.082733
1.082733
1.159440
1.159440
1.362651
1.362651
1.332374
1.332374
1.164953
1.164953
1.383742
1.383742
1.257752
1.257752
1.259500
1.259500
1.188810
1.188810
1.157793
1.157793
1.309994
1.309994
1.325177
1.325177
1.322369
1.322369
1.357052
1.357052
1.242992
1.242992
1.177701
1.177701
1.235239
1.235239
1.360362
1.360362
1.267824
1.267824
1.318559
1.318559
1.325044
1.325044
1.230478
1.327987
1.230478
1.327987
1.178610
1.178610
1.298189
1.298189
1.288056
1.288056
1.172674
1.172674
1.394185
1.394185
1.126061
1.163470
1.163470
1.126061
1.252861
1.252861
1.373733
1.168015
1.168015
1.373733
1.389399
1.389399
1.135493
1.135493
1.087835
1.087835
1.199574
1.120121
1.199574
1.120121
1.270737
1.270737
1.064307
1.064307
1.276270
1.276270
1.394546
1.394546
1.328968
1.328968
1.182967
1.182967
1.205179
1.228661
1.228661
1.205179
1.258463
1.258463
1.357513
1.209998
1.357513
1.209998
1.357312
1.357312
1.240971
1.200614
1.240971
1.200614
1.240478
1.240478
1.191252
1.191252
1.388982
1.388982
1.277247
1.277247
1.360395
1.360395
1.181956
1.181956
1.297082
1.297082
1.378040
1.378040
1.327158
1.327158
1.388750
1.388750
1.343065
1.343065
1.260926
1.260926
1.332296
1.332296
1.385781
1.385781
1.191988
1.191988
1.374021
1.374021
1.339621
1.339621
1.380914
1.380914
1.389646
1.249969
1.249969
1.389646
1.292158
1.292158
1.341537
1.341537
1.389021
1.389021
1.354733
1.354733
1.222380
1.222380
1.234150
1.234150
1.290585
1.290585
1.343864
1.343864
1.209251
1.209251
1.396005
1.396005
1.167514
1.167514
1.329839
1.329839
1.365521
1.365521
1.278680
1.278680
1.300373
1.300373
1.232991
1.232991
1.076043
1.076043
1.121968
1.121968
1.383225
1.383225
1.231394
1.231394
1.361063
1.361063
1.291273
1.291273
1.266668
1.266668
1.350559
1.350559
1.368440
1.368440
1.050686
1.050686
1.257775
1.257775
1.390487
1.390487
1.272118
1.272118
1.350840
1.350840
1.296986
1.296986
1.378129
1.378129
1.209454
1.209454
1.362731
1.362731
1.141152
1.141152
1.288477
1.288477
1.398040
1.398040
1.145433
1.145433
1.208123
1.208123
1.333274
1.333274
1.199762
1.199762
1.340714
1.340714
1.305536
1.285368
1.305536
1.285368
1.385708
1.385708
1.251754
1.251754
1.211892
1.211892
1.335196
1.335196
1.347203
1.347203
1.272916
1.272916
1.084596
1.084596
1.319032
1.319032
1.242545
1.242545
1.346114
1.346114
1.191629
1.191629
1.371042
1.371042
1.397066
1.397066
1.313481
1.313481
1.325648
1.325648
1.265212
1.265212
1.277142
1.277142
1.364353
1.364353
1.389241
1.389241
1.378082
1.378082
1.319081
1.319081
1.332092
1.332092
1.302658
1.302658
1.132289
1.132289
1.218463
1.348571
1.218463
1.348571
1.392159
1.392159
1.219210
1.219210
1.028923
1.028923
1.166083
1.166083
1.255316
1.255316
1.154951
1.154951
1.271382
1.271382
1.333508
1.333508
1.284359
1.284359
1.313516
1.313516
1.382856
1.382856
1.280934
1.280934
1.290562
1.290562
1.190245
1.190245
1.213236
1.213236
1.314020
1.314020
1.195338
1.195338
1.217448
1.217448
1.362258
1.362258
1.354182
1.354182
1.370144
1.370144
1.174961
1.174961
1.150229
1.150229
1.052102
1.052102
1.245680
1.245680
1.184999
1.184999
1.239919
1.239919
1.385496
1.385496
1.390726
1.390726
1.217522
1.217522
1.293994
1.293994
1.349469
1.349469
1.382922
1.382922
1.188482
1.188482
1.276903
1.276903
1.372079
1.372079
1.317184
1.317184
1.268186
1.268186
1.383379
1.383379
1.339934
1.339934
1.253145
1.253145
1.133741
1.133741
1.317234
1.317234
1.269654
1.269654
1.273044
1.273044
1.107687
1.107687
1.281435
1.281435
1.351481
1.351481
1.195529
1.195529
1.325432
1.325432
1.230695
1.230695
1.232359
1.232359
1.385893
1.385893
1.196919
1.196919
1.369117
1.369117
1.196408
1.196408
1.210260
1.210260
1.321270
1.321270
1.280775
1.280775
1.343511
1.343511
1.395651
1.395651
1.264303
1.264303
1.371685
1.371685
1.162061
1.162061
1.368044
1.368044
1.333764
1.333764
1.204549
1.204549
1.357731
1.357731
1.330369
1.330369
1.163086
1.163086
1.386756
1.386756
1.398740
1.398740
1.381392
1.381392
1.330787
1.330787
1.346777
1.346777
1.354051
1.354051
1.257076
1.257076
1.084714
1.084714
1.397798
1.397798
1.249139
1.249139
1.272726
1.272726
1.330041
1.330041
1.215325
1.215325
1.216940
1.216940
1.368667
1.368667
1.230609
1.230609
1.319330
1.319330
1.382705
1.382705
1.279796
1.279796
1.357204
1.357204
1.378206
1.378206
1.257024
1.257024
1.255035
1.255035
1.178682
1.178682
1.202548
1.202548
1.325426
1.325426
1.360970
1.360970
1.360589
1.360589
1.197555
1.197555
1.394878
1.394878
1.181109
1.181109
1.271538
1.271538
1.191813
1.191813
1.331072
1.331072
1.321327
1.321327
1.391849
1.391849
1.351884
1.351884
1.301590
1.301590
1.332264
1.332264
1.331160
1.331160
1.180461
1.180461
1.323355
1.323355
1.108437
1.108437
1.164472
1.164472
1.291678
1.291678
