1.184997
1.184997
1.131771
1.131771
1.134420
1.134420
1.334346
1.334346
1.282079
1.282079
1.371011
1.371011
1.376667
1.376667
1.359729
1.359729
1.368463
1.368463
1.180207
1.180207
1.175221
1.175221
1.215007
1.215007
1.383323
1.383323
1.276777
1.276777
1.304949
1.304949
1.378043
1.378043
1.244694
1.244694
1.099366
1.099366
1.277760
1.277760
1.282167
1.282167
1.301845
1.301845
1.201381
1.201381
1.291074
1.291074
1.393542
1.393542
1.277422
1.277422
1.399893
1.399893
1.384987
1.384987
1.349019
1.349019
1.331049
1.331049
1.245689
1.245689
1.395670
1.395670
1.345714
1.345714
1.193544
1.193544
1.336064
1.336064
1.384963
1.384963
1.278587
1.278587
1.277672
1.277672
1.337371
1.337371
1.343561
1.343561
1.044835
1.044835
1.310483
1.310483
1.149316
1.149316
1.189367
1.189367
1.117148
1.117148
1.381277
1.381277
1.196259
1.196259
