1.295426
1.295426
1.354397
1.354397
1.211402
1.211402
1.367273
1.367273
1.352085
1.352085
1.264048
1.264048
1.253463
1.253463
1.152511
1.152511
1.297329
1.297329
1.184639
1.184639
1.112994
1.112994
1.356262
1.356262
1.278396
1.278396
1.336960
1.336960
1.276651
1.276651
1.332342
1.332342
1.377970
1.377970
1.034462
1.034462
1.341451
1.341451
1.285883
1.285883
1.390801
1.390801
1.282522
1.282522
1.316969
1.316969
1.360312
1.360312
1.241600
1.241600
1.345389
1.345389
1.389021
1.389021
1.353449
1.353449
1.076808
1.076808
1.254992
1.254992
1.395935
1.395935
1.170872
1.170872
1.346533
1.346533
1.361020
1.361020
1.388945
1.388945
1.228035
1.228035
1.321687
1.321687
1.310502
1.310502
1.139294
1.139294
1.142990
1.142990
1.131669
1.131669
1.183411
1.183411
1.154070
1.154070
1.241141
1.241141
1.228192
1.228192
1.118095
1.118095
1.215231
1.215231
1.209893
1.209893
1.124421
1.124421
1.221127
1.221127
