1.359162
1.359162
1.315576
1.315576
1.361267
1.361267
1.074167
1.074167
1.143781
1.143781
1.398503
1.398503
1.139072
1.139072
1.186153
1.186153
1.115174
1.115174
1.373740
1.373740
1.155705
1.155705
1.140127
1.140127
1.197212
1.197212
1.272653
1.272653
1.345858
1.345858
1.348043
1.348043
1.245223
1.245223
1.068434
1.068434
1.092444
1.092444
1.248706
1.248706
1.386653
1.386653
1.316141
1.316141
1.369953
1.369953
1.209677
1.209677
1.382209
1.382209
1.282292
1.282292
1.144351
1.144351
1.081035
1.081035
1.251141
1.251141
1.374070
1.374070
1.221611
1.221611
1.333221
1.333221
1.357480
1.357480
1.317981
1.317981
1.153003
1.153003
1.231514
1.231514
1.309839
1.309839
1.395872
1.395872
1.378906
1.378906
1.185234
1.185234
1.195836
1.195836
1.252931
1.252931
1.244372
1.244372
1.270405
1.270405
1.162136
1.162136
1.260538
1.260538
1.383958
1.383958
1.244470
1.244470
1.354762
1.354762
1.240337
1.240337
1.167299
1.167299
1.349205
1.349205
1.278813
1.278813
1.230313
1.230313
1.138781
1.138781
1.230311
1.230311
1.017899
1.017899
1.273542
1.273542
1.334653
1.334653
1.313742
1.313742
1.277650
1.277650
1.236106
1.236106
1.216621
1.216621
1.290630
1.290630
1.102739
1.102739
1.297840
1.297840
1.339566
1.339566
1.277108
1.277108
