1.387342
1.387342
1.224089
1.224089
1.379849
1.379849
1.296020
1.296020
1.274092
1.274092
1.289538
1.289538
1.143996
1.143996
1.287949
1.287949
1.383462
1.383462
1.399240
1.399240
1.191984
1.191984
1.269650
1.269650
1.346293
1.264022
1.264022
1.346293
1.269693
1.269693
1.258712
1.258712
1.284038
1.284038
1.186003
1.186003
1.342309
1.342309
1.083674
1.083674
1.350733
1.350733
1.168011
1.168011
1.226115
1.226115
1.354878
1.354878
1.224201
1.224201
1.361470
1.361470
1.290593
1.290593
1.197437
1.197437
1.360958
1.360958
1.265806
1.265806
1.146823
1.146823
1.051640
1.051640
1.346019
1.346019
1.313155
1.313155
1.081421
1.081421
1.344375
1.344375
1.351298
1.351298
1.248748
1.248748
1.244882
1.244882
1.397311
1.397311
1.105665
1.105665
1.310222
1.310222
1.338576
1.338576
1.358623
1.358623
1.275357
1.275357
1.364021
1.364021
1.311022
1.311022
1.257386
1.257386
1.354819
1.354819
1.384648
1.384648
1.374911
1.374911
1.360525
1.360525
