1.210464
1.210464
1.372073
1.081943
1.081943
1.372073
1.388814
1.388814
1.378914
1.378914
1.382241
1.382241
1.226660
1.226660
1.314697
1.314697
1.266596
1.266596
1.289704
1.289704
1.131673
1.131673
1.320871
1.320871
1.370376
1.370376
1.353175
1.353175
1.271330
1.271330
1.169422
1.169422
1.304677
1.304677
1.171652
1.171652
1.230749
1.230749
1.358429
1.358429
1.391170
1.391170
1.333347
1.333347
1.319954
1.319954
1.357125
1.357125
1.208348
1.208348
1.217164
1.217164
1.181884
1.181884
1.218621
1.218621
1.314688
1.314688
1.354687
1.354687
1.293273
1.293273
1.364795
1.364795
1.306394
1.306394
1.383119
1.383119
1.355490
1.355490
1.371890
1.371890
