1.247807
1.247807
1.322624
1.322624
1.393691
1.393691
1.392443
1.392443
1.368514
1.368514
1.354584
1.354584
1.334334
1.334334
1.349187
1.349187
1.270877
1.270877
1.248322
1.248322
1.373838
1.373838
1.361109
1.361109
1.343008
1.343008
1.174319
1.174319
1.332722
1.332722
1.285727
1.285727
1.376377
1.376377
1.244571
1.244571
1.281377
1.281377
1.281182
1.281182
1.245334
1.245334
1.159620
1.159620
1.327061
1.327061
1.168105
1.168105
1.235175
1.235175
1.176559
1.176559
1.389927
1.389927
1.297877
1.297877
1.329253
1.329253
1.220602
1.220602
1.208624
1.208624
1.213900
1.213900
1.387185
1.387185
1.141904
1.141904
1.167351
1.167351
1.295757
1.295757
1.210138
1.210138
1.300585
1.300585
1.074331
1.074331
1.244611
1.244611
1.355534
1.355534
