1.341522
1.341522
1.333513
1.333513
1.383201
1.383201
1.368058
1.368058
1.284334
1.284334
1.271880
1.271880
1.379891
1.379891
1.148377
1.148377
1.330023
1.330023
1.220082
1.220082
1.350120
1.350120
1.254905
1.254905
1.178925
1.178925
1.329146
1.329146
1.240137
1.240137
1.365278
1.365278
1.073303
1.073303
1.227410
1.227410
1.211716
1.211716
1.178600
1.178600
1.335028
1.335028
1.139732
1.139732
1.169450
1.169450
1.126311
1.126311
1.344835
1.344835
1.170214
1.170214
1.277300
1.277300
1.309683
1.309683
1.276480
1.276480
1.200208
1.200208
1.397350
1.397350
1.171658
1.171658
1.274141
1.274141
1.278631
1.278631
1.323765
1.323765
1.371625
1.371625
1.284296
1.284296
1.075239
1.075239
1.388744
1.388744
1.350029
1.350029
1.350114
1.350114
1.228345
1.228345
1.124223
1.124223
1.313537
1.313537
1.370917
1.370917
1.285028
1.285028
1.083212
1.083212
1.327228
1.327228
1.183126
1.183126
1.206385
1.206385
1.266329
1.266329
1.137342
1.137342
1.386967
1.386967
1.333574
1.333574
1.302878
1.302878
1.073235
1.073235
1.317397
1.317397
