1.355715
1.355715
1.296418
1.296418
1.383219
1.383219
1.306019
1.306019
1.141772
1.141772
1.248258
1.248258
1.369704
1.369704
1.220205
1.220205
1.322550
1.322550
1.389674
1.389674
1.212542
1.212542
1.204174
1.204174
1.173925
1.173925
1.336621
1.336621
1.184099
1.184099
1.304135
1.304135
1.299107
1.299107
1.188428
1.188428
1.191596
1.191596
1.355095
1.355095
1.219654
1.219654
1.349083
1.349083
1.394928
1.394928
1.247712
1.247712
1.234947
1.234947
1.387065
1.387065
1.321906
1.321906
1.305062
1.305062
1.345928
1.345928
1.218486
1.218486
1.244291
1.244291
1.372288
1.372288
1.291219
1.291219
1.390452
1.390452
1.344538
1.344538
1.211408
1.211408
1.102817
1.102817
1.316192
1.316192
1.346421
1.346421
1.294243
1.294243
1.370072
1.370072
1.368697
1.368697
