1.277651
1.277651
1.344028
1.344028
1.393818
1.393818
1.244556
1.244556
1.349151
1.349151
1.380586
1.380586
1.395321
1.395321
1.338540
1.338540
1.399994
1.399994
1.236860
1.236860
1.370322
1.370322
1.358914
1.358914
1.356308
1.356308
1.207902
1.207902
1.180461
1.180461
1.344768
1.344768
1.252492
1.252492
1.285422
1.285422
1.337054
1.337054
1.393614
1.393614
1.380486
1.380486
1.373852
1.373852
1.212283
1.212283
1.349250
1.349250
1.218441
1.218441
1.289384
1.289384
1.324262
1.324262
1.396211
1.396211
1.204145
1.204145
1.372411
1.372411
1.189535
1.189535
1.247300
1.247300
