1.309550
1.309550
1.245562
1.245562
1.190330
1.190330
1.366480
1.366480
1.140238
1.140238
1.391844
1.391844
1.357278
1.357278
1.289401
1.289401
1.395205
1.395205
1.387379
1.387379
1.087027
1.087027
1.097302
1.097302
1.198456
1.198456
1.255734
1.255734
1.326660
1.326660
1.338352
1.338352
1.360321
1.360321
1.390112
1.390112
1.308456
1.308456
1.344601
1.344601
1.334618
1.334618
1.072589
1.072589
1.252850
1.252850
1.297358
1.297358
1.324629
1.324629
1.390264
1.390264
1.395792
1.395792
1.316952
1.316952
1.375331
1.375331
1.392508
1.392508
1.350108
1.350108
1.247733
1.247733
1.392164
1.392164
1.383624
1.383624
1.214504
1.214504
1.244863
1.244863
1.386547
1.386547
1.200322
1.200322
1.339243
1.339243
1.285050
1.285050
1.390657
1.390657
1.388313
1.388313
1.321587
1.321587
1.185027
1.185027
1.150931
1.150931
1.302458
1.302458
1.139300
1.139300
1.361949
1.361949
1.189404
1.189404
1.294922
1.294922
1.170215
1.170215
1.221263
1.221263
1.302187
1.302187
1.238208
1.238208
1.388912
1.388912
1.389841
1.389841
1.398020
1.398020
1.224851
1.224851
1.392020
1.392020
1.375323
1.375323
