1.189227
1.189227
1.367784
1.367784
1.292146
1.292146
1.360724
1.360724
1.329244
1.329244
1.247810
1.247810
1.331981
1.331981
1.399055
1.399055
1.331313
1.331313
1.357189
1.357189
1.249990
1.249990
1.330108
1.330108
1.094911
1.094911
1.223527
1.223527
1.170171
1.170171
1.255760
1.255760
1.353086
1.353086
1.383432
1.383432
1.354965
1.354965
1.280664
1.280664
1.315756
1.315756
1.398180
1.398180
1.268905
1.268905
1.267144
1.267144
1.153305
1.153305
1.388101
1.388101
1.214671
1.214671
1.268311
1.268311
1.286739
1.286739
1.373379
1.373379
1.381468
1.381468
1.230337
1.230337
1.248827
1.248827
1.314057
1.314057
1.348437
1.348437
1.341576
1.341576
1.100951
1.100951
1.318425
1.318425
1.387228
1.387228
1.368269
1.368269
1.217996
1.217996
1.380819
1.380819
1.357577
1.357577
1.252040
1.252040
1.093031
1.093031
1.383335
1.383335
1.297581
1.297581
1.372208
1.372208
1.281208
1.281208
1.357698
1.357698
1.385004
1.385004
1.319558
1.319558
1.262022
1.262022
1.162370
1.162370
1.090957
1.090957
1.275037
1.275037
1.372613
1.372613
1.331684
1.331684
1.178221
1.178221
1.321696
1.321696
1.297883
1.297883
1.289902
1.289902
1.212726
1.212726
1.370757
1.370757
1.350939
1.350939
1.284013
1.284013
1.248314
1.248314
1.215088
1.215088
1.377358
1.377358
1.293283
1.293283
