1.304115
1.304115
1.304858
1.304858
1.334731
1.334731
1.368847
1.368847
1.379833
1.379833
1.114904
1.114904
1.286115
1.286115
1.213654
1.213654
1.253565
1.253565
1.283390
1.283390
1.267058
1.267058
1.337612
1.337612
1.360243
1.360243
1.268394
1.268394
1.226879
1.226879
1.394769
1.394769
1.367118
1.367118
1.353701
1.353701
1.168593
1.168593
1.285062
1.285062
1.081067
1.081067
1.359093
1.359093
1.207183
1.207183
1.369619
1.369619
1.340192
1.340192
1.324222
1.324222
1.336386
1.336386
1.195531
1.195531
1.317147
1.317147
1.314033
1.314033
1.381212
1.381212
1.187948
1.187948
1.329854
1.329854
1.378277
1.378277
1.261648
1.261648
1.346212
1.346212
1.207896
1.207896
1.302772
1.302772
1.310241
1.310241
1.273586
1.273586
1.307135
1.307135
1.381129
1.381129
1.242212
1.242212
1.278817
1.278817
1.352654
1.352654
1.395523
1.395523
1.156463
1.156463
1.286144
1.286144
1.368172
1.368172
1.265775
1.265775
1.288114
1.288114
1.365261
1.365261
1.314525
1.314525
1.328059
1.328059
1.352199
1.352199
1.334101
1.334101
1.312966
1.312966
1.353014
1.353014
1.304294
1.304294
1.243833
1.243833
1.392519
1.392519
1.186781
1.186781
1.301015
1.301015
1.295151
1.295151
1.206302
1.206302
1.333894
1.333894
1.190378
1.190378
1.154919
1.154919
1.179508
1.179508
1.115950
1.115950
1.202326
1.202326
1.245614
1.245614
1.275686
1.275686
1.280432
1.280432
1.388320
1.388320
1.171519
1.171519
1.372234
1.372234
1.312004
1.312004
1.331729
1.331729
1.390474
1.390474
1.231356
1.231356
1.367393
1.367393
1.392852
1.392852
