1.367491
1.367491
1.399417
1.399417
1.371118
1.371118
1.215973
1.215973
1.076135
1.076135
1.335758
1.335758
1.399778
1.399778
1.351537
1.351537
1.367808
1.367808
1.099924
1.314589
1.314589
1.099924
1.304428
1.304428
1.277603
1.277603
1.318622
1.318622
1.288611
1.288611
1.277089
1.277089
1.098534
1.098534
1.164403
1.164403
1.086175
1.086175
1.301642
1.301642
1.195721
1.195721
1.337262
1.337262
1.383386
1.383386
1.325798
1.325798
1.349854
1.349854
1.338252
1.338252
1.356782
1.356782
1.170560
1.170560
1.253800
1.253800
1.239288
1.239288
1.314677
1.314677
1.300812
1.300812
1.374886
1.374886
1.323401
1.323401
1.325680
1.325680
1.375614
1.375614
1.279769
1.279769
1.383076
1.383076
1.241042
1.241042
1.348780
1.348780
1.351636
1.351636
1.140313
1.140313
1.175116
1.175116
1.311858
1.311858
1.363608
1.363608
1.259527
1.259527
1.276275
1.276275
1.337838
1.337838
1.274514
1.274514
1.161606
1.161606
1.346288
1.346288
1.307733
1.307733
1.341335
1.341335
1.186182
1.186182
1.381523
1.381523
1.061224
1.061224
1.282630
1.282630
1.278658
1.278658
1.322758
1.322758
1.321441
1.321441
1.292253
1.292253
1.231186
1.231186
1.181072
1.181072
1.332627
1.332627
1.364260
1.364260
1.218729
1.218729
1.362000
1.362000
1.389526
1.389526
1.252924
1.252924
1.270417
1.270417
1.338097
1.338097
1.379144
1.379144
1.078521
1.078521
1.290404
1.290404
1.359497
1.359497
1.054579
1.054579
1.396428
1.396428
1.335298
1.335298
1.372329
1.372329
1.298188
1.298188
1.257082
1.257082
1.372512
1.372512
1.162705
1.162705
1.388000
1.388000
1.351146
1.351146
1.359053
1.359053
1.357384
1.357384
1.251785
1.251785
