1.397748
1.397748
1.252797
1.252797
1.225673
1.225673
1.345772
1.345772
1.339617
1.339617
1.398444
1.398444
1.311759
1.311759
1.306441
1.306441
1.243834
1.243834
1.334907
1.334907
1.370443
1.370443
1.359138
1.359138
1.396198
1.396198
1.209620
1.209620
1.069115
1.069115
1.327519
1.327519
1.247793
1.247793
1.291948
1.291948
1.373056
1.373056
1.281713
1.281713
1.395831
1.395831
1.273228
1.273228
1.268033
1.268033
1.285776
1.285776
1.299123
1.299123
1.306667
1.306667
1.262113
1.262113
1.364484
1.364484
1.367657
1.367657
1.132862
1.132862
1.328905
1.328905
1.223872
1.223872
1.375424
1.034245
1.375424
1.034245
1.241446
1.241446
1.270182
1.270182
1.338522
1.338522
1.375245
1.375245
1.112932
1.112932
1.200872
1.200872
1.057803
1.057803
1.281102
1.281102
1.392611
1.392611
1.271514
1.271514
1.066243
1.066243
1.318318
1.318318
1.240803
1.240803
1.326499
1.326499
1.138649
1.138649
1.201316
1.201316
1.300041
1.300041
1.150371
1.150371
1.375219
1.375219
1.373643
1.373643
1.298962
1.298962
1.322201
1.322201
1.314583
1.314583
1.358936
1.358936
1.353219
1.353219
1.398917
1.398917
1.397353
1.397353
1.297772
1.297772
1.235678
1.235678
1.268053
1.268053
1.198804
1.198804
1.235153
1.235153
1.202952
1.202952
1.364784
1.364784
1.244889
1.244889
1.384268
1.384268
1.374098
1.374098
1.048880
1.048880
1.384837
1.384837
1.388761
1.388761
1.340098
1.340098
1.341671
1.341671
1.263174
1.263174
1.325520
1.325520
1.395400
1.395400
1.349284
1.349284
1.366777
1.366777
1.283945
1.283945
1.052835
1.052835
1.335283
1.335283
1.296905
1.296905
1.151444
1.151444
1.308039
1.308039
1.388345
1.388345
1.261333
1.261333
1.301912
1.301912
1.075487
1.075487
1.289961
1.289961
1.275522
1.275522
1.143811
1.143811
1.087509
1.087509
1.285413
1.285413
1.337023
1.337023
1.204858
1.204858
1.215195
1.215195
1.258431
1.258431
1.251612
1.251612
1.181765
1.181765
1.382678
1.382678
1.248840
1.248840
1.399985
1.399985
1.187350
1.187350
1.157116
1.157116
