1.381948
1.381948
1.308712
1.308712
1.227693
1.227693
1.382097
1.382097
1.324375
1.324375
1.378908
1.378908
1.226818
1.226818
1.379756
1.379756
1.387523
1.387523
1.377737
1.377737
1.106959
1.106959
1.254199
1.254199
1.338587
1.338587
1.371176
1.371176
1.358277
1.358277
1.328585
1.328585
1.042630
1.042630
1.372093
1.372093
1.375204
1.375204
1.249969
1.249969
1.156837
1.156837
1.309531
1.309531
1.348257
1.348257
1.219356
1.219356
1.184138
1.184138
1.252350
1.252350
1.051205
1.051205
1.114294
1.114294
1.391283
1.391283
1.394919
1.394919
1.377400
1.377400
1.323100
1.323100
1.325636
1.325636
1.198458
1.198458
1.333479
1.333479
1.398417
1.398417
1.347181
1.347181
1.329800
1.329800
1.242212
1.242212
1.238838
1.238838
1.397605
1.397605
1.200292
1.200292
1.393894
1.393894
1.281922
1.281922
1.318244
1.318244
1.066146
1.066146
1.347601
1.347601
1.267907
1.267907
1.310103
1.310103
1.159585
1.159585
1.148636
1.148636
1.216465
1.216465
1.215047
1.215047
1.334995
1.334995
1.134293
1.134293
1.398564
1.398564
1.291620
1.291620
1.349989
1.349989
1.226755
1.226755
1.399397
1.399397
1.314735
1.314735
1.298416
1.298416
1.396984
1.396984
1.267652
1.267652
1.369256
1.369256
1.296114
1.296114
1.323729
1.323729
1.344888
1.344888
1.262969
1.262969
1.313459
1.313459
1.153468
1.153468
1.340112
1.340112
1.297365
1.297365
1.379504
1.379504
1.391269
1.391269
1.259776
1.259776
1.251670
1.251670
1.152518
1.152518
1.329786
1.329786
1.386872
1.386872
1.372811
1.372811
1.265070
1.265070
1.305300
1.305300
1.305332
1.305332
1.397326
1.397326
1.320848
1.320848
