1.100481
1.100481
1.343173
1.343173
1.383320
1.385154
1.383320
1.385154
1.260878
1.260878
1.275157
1.275157
1.350072
1.350072
1.350325
1.350325
1.284034
1.284034
1.110189
1.110189
1.373846
1.373846
1.092360
1.092360
1.207934
1.207934
1.394238
1.394238
1.293395
1.293395
1.347743
1.347743
1.177779
1.177779
1.208466
1.208466
1.387352
1.387352
1.349672
1.349672
1.384122
1.384122
1.358183
1.358183
1.293128
1.293128
1.166176
1.166176
1.395881
1.395881
1.229402
1.229402
1.253629
1.253629
1.248621
1.248621
1.354817
1.354817
1.183350
1.183350
1.148738
1.148738
1.250524
1.250524
1.187059
1.187059
1.336139
1.336139
1.340521
1.340521
1.220976
1.220976
1.184007
1.184007
1.366853
1.366853
1.381035
1.381035
1.129699
1.129699
1.298723
1.298723
1.196225
1.196225
1.398960
1.398960
1.289469
1.289469
1.371660
1.371660
1.150060
1.150060
1.131706
1.131706
1.344473
1.344473
1.364269
1.364269
1.362851
1.362851
1.233640
1.233640
1.307427
1.307427
1.247952
1.247952
1.117101
1.117101
1.221035
1.221035
1.315869
1.315869
1.310748
1.310748
1.236035
1.236035
1.245253
1.245253
1.265652
1.265652
1.285220
1.285220
1.196779
1.196779
1.107103
1.107103
1.321882
1.321882
1.352156
1.352156
1.304232
1.304232
1.230266
1.230266
1.395378
1.395378
1.335555
1.335555
1.217124
1.217124
1.361279
1.361279
1.338768
1.338768
1.323024
1.323024
1.326901
1.326901
1.036890
1.036890
1.080236
1.080236
1.135490
1.135490
1.387759
1.387759
1.227131
1.227131
1.031357
1.031357
1.328678
1.328678
1.390323
1.390323
1.389369
1.389369
1.337955
1.337955
1.381557
1.381557
1.376668
1.376668
1.343567
1.343567
1.160631
1.160631
1.225039
1.225039
1.328821
1.328821
1.273108
1.273108
1.197393
1.197393
1.323924
1.323924
1.390235
1.390235
1.123283
1.123283
1.229545
1.229545
1.085664
1.085664
1.270162
1.270162
1.323172
1.323172
1.279407
1.279407
1.374445
1.374445
1.371733
1.371733
1.380921
1.380921
1.100747
1.100747
1.374878
1.374878
1.369216
1.369216
1.212183
1.212183
1.368795
1.368795
1.391181
1.391181
1.394907
1.394907
1.126470
1.126470
1.245373
1.245373
1.200824
1.200824
1.239603
1.239603
1.168215
1.168215
1.167846
1.167846
1.370424
1.370424
1.381098
1.381098
1.396017
1.396017
1.223262
1.223262
1.262048
1.262048
1.305182
1.305182
1.044092
1.044092
1.137335
1.137335
1.338698
1.338698
1.117677
1.117677
1.157848
1.157848
1.376201
1.376201
1.253033
1.253033
