1.241324
1.241324
1.288935
1.288935
1.387894
1.387894
1.295850
1.295850
1.355431
1.355431
1.336995
1.336995
1.193398
1.193398
1.242127
1.242127
1.377780
1.377780
1.141616
1.141616
1.351816
1.351816
1.236597
1.236597
1.350004
1.350004
1.356941
1.356941
1.394301
1.394301
1.314128
1.314128
1.141300
1.141300
1.286554
1.286554
1.372565
1.372565
1.280105
1.280105
1.177087
1.177087
1.094952
1.094952
1.362639
1.362639
1.313866
1.313866
1.319530
1.319530
1.254597
1.254597
1.278807
1.278807
1.309329
1.309329
1.282515
1.282515
1.390336
1.390336
1.189299
1.189299
1.391970
1.391970
1.396528
1.396528
1.122129
1.122129
1.324514
1.324514
1.370915
1.370915
1.377408
1.377408
1.229519
1.229519
1.184766
1.184766
1.304022
1.304022
1.289907
1.289907
1.268663
1.268663
1.286759
1.286759
1.385627
1.385627
1.252371
1.252371
1.252322
1.252322
1.386221
1.386221
1.271099
1.271099
1.326053
1.326053
1.184908
1.184908
1.096182
1.096182
1.327289
1.327289
1.398735
1.398735
1.233445
1.233445
1.341864
1.341864
1.379844
1.379844
1.390820
1.390820
1.372013
1.372013
1.307871
1.307871
1.216683
1.216683
1.178231
1.178231
1.263002
1.263002
1.277674
1.277674
1.226159
1.226159
1.187274
1.187274
1.215813
1.215813
1.287240
1.287240
1.221835
1.221835
1.159109
1.159109
1.175941
1.175941
1.351312
1.351312
1.305059
1.305059
1.144786
1.144786
1.090827
1.090827
1.334996
1.334996
1.192050
1.192050
1.337318
1.337318
1.121123
1.121123
1.254836
1.254836
1.296698
1.296698
1.314814
1.314814
1.189194
1.189194
1.353243
1.353243
1.392327
1.392327
1.343525
1.343525
1.390031
1.390031
1.336807
1.336807
1.344901
1.344901
1.353609
1.353609
1.261161
1.261161
1.328352
1.328352
1.277692
1.277692
1.241642
1.241642
