1.225089
1.225089
1.291258
1.291258
1.135522
1.135522
1.155514
1.155514
1.375177
1.375177
1.316880
1.316880
1.339488
1.339488
1.369930
1.369930
1.331285
1.331285
1.363957
1.363957
1.350466
1.350466
1.233876
1.233876
1.332655
1.332655
1.210773
1.210773
1.154847
1.154847
1.248371
1.248371
1.320073
1.320073
1.188171
1.188171
1.366563
1.366563
1.373985
1.373985
1.367418
1.367418
1.324669
1.324669
1.345157
1.345157
1.181376
1.181376
1.200498
1.200498
1.377328
1.377328
1.250579
1.250579
1.275988
1.275988
1.308131
1.308131
1.242220
1.242220
1.224754
1.224754
1.066797
1.066797
1.256350
1.256350
1.355587
1.355587
1.312866
1.312866
1.273546
1.273546
1.398550
1.398550
1.166744
1.166744
1.249371
1.249371
1.318978
1.318978
1.198087
1.198087
1.235538
1.235538
1.378167
1.378167
1.226429
1.226429
1.263649
1.263649
1.057224
1.057224
1.387520
1.387520
1.220095
1.220095
1.352028
1.352028
1.339737
1.339737
1.374922
1.374922
1.395719
1.395719
1.397945
1.397945
1.367997
1.367997
1.075075
1.075075
1.339411
1.339411
1.378469
1.378469
1.106644
1.106644
1.284199
1.284199
1.178197
1.178197
1.262033
1.262033
1.298845
1.298845
1.143247
1.143247
1.222539
1.222539
1.124831
1.124831
1.251919
1.251919
1.266646
1.266646
1.298429
1.298429
1.345457
1.345457
1.380632
1.380632
1.390998
1.390998
1.326661
1.326661
1.379157
1.379157
1.288007
1.288007
1.292641
1.292641
1.210863
1.210863
1.211579
1.211579
1.237481
1.237481
1.210782
1.210782
1.391755
1.391755
1.365679
1.365679
1.307907
1.307907
1.164792
1.164792
1.123107
1.123107
1.291909
1.291909
1.357375
1.357375
1.362168
1.362168
1.263091
1.263091
1.341326
1.341326
1.284231
1.284231
1.373538
1.373538
1.268007
1.268007
1.291454
1.291454
1.268391
1.268391
1.337904
1.337904
1.206111
1.206111
1.264351
1.264351
1.368829
1.368829
1.203067
1.203067
1.225842
1.225842
1.396878
1.396878
1.399496
1.399496
1.191364
1.191364
1.325556
1.325556
1.338616
1.338616
1.218176
1.218176
1.296091
1.296091
1.073139
1.073139
1.280580
1.280580
1.303709
1.303709
1.380286
1.380286
1.367787
1.367787
1.094394
1.094394
1.395100
1.395100
1.214622
1.214622
1.270116
1.270116
1.392528
1.392528
1.311054
1.311054
1.138959
1.138959
1.334829
1.334829
1.398813
1.398813
1.277040
1.277040
1.134245
1.134245
1.076301
1.076301
1.277723
1.277723
1.358213
1.358213
1.378630
1.378630
1.345252
1.345252
1.247590
1.247590
1.223782
1.223782
1.328723
1.328723
1.182939
1.182939
1.290926
1.290926
1.172496
1.172496
1.377787
1.377787
1.366616
1.366616
1.338341
1.338341
1.321959
1.321959
1.117420
1.117420
1.355793
1.355793
1.311575
1.311575
1.211525
1.211525
1.382624
1.382624
1.314714
1.314714
1.368906
1.368906
1.145212
1.145212
1.070639
1.070639
1.272385
1.272385
1.208000
1.208000
1.250578
1.250578
1.351295
1.351295
1.223902
1.223902
1.353608
1.353608
1.109144
1.109144
1.353460
1.353460
