1.298509
1.298509
1.280017
1.280017
1.171690
1.171690
1.394605
1.394605
1.300296
1.300296
1.378826
1.378826
1.333035
1.333035
1.378003
1.378003
1.392833
1.392833
1.395604
1.395604
1.161410
1.161410
1.219976
1.219976
1.217325
1.217325
1.320531
1.320531
1.287334
1.287334
1.319098
1.319098
1.203951
1.203951
1.147888
1.147888
1.235645
1.235645
1.086132
1.086132
1.347881
1.347881
1.255371
1.255371
1.216144
1.216144
1.383885
1.383885
1.377288
1.377288
1.311500
1.311500
1.144015
1.144015
1.391106
1.391106
1.033509
1.033509
1.228281
1.228281
1.226752
1.226752
1.128794
1.128794
1.188874
1.188874
1.308968
1.308968
1.384215
1.384215
1.254225
1.254225
1.391917
1.391917
1.269518
1.269518
1.348972
1.348972
1.320545
1.320545
1.342081
1.342081
1.177890
1.177890
1.347226
1.347226
1.283370
1.283370
1.311658
1.311658
1.380871
1.380871
1.351879
1.351879
1.384722
1.384722
1.287390
1.287390
1.390680
1.390680
1.331017
1.331017
1.179803
1.179803
1.159982
1.159982
1.145604
1.145604
1.330349
1.330349
1.203133
1.203133
1.091813
1.091813
1.122721
1.122721
1.264200
1.264200
1.394790
1.394790
1.325488
1.325488
1.314492
1.314492
1.367787
1.367787
1.369184
1.369184
1.150715
1.150715
1.342110
1.342110
1.318840
1.318840
