1.236563
1.236563
1.367101
1.367101
1.206271
1.206271
1.379612
1.379612
1.264127
1.264127
1.137304
1.137304
1.309727
1.309727
1.372018
1.372018
1.338655
1.338655
1.106825
1.106825
1.216097
1.216097
1.386683
1.386683
1.378267
1.378267
1.238492
1.238492
1.389991
1.389991
1.309172
1.309172
1.301957
1.301957
1.209727
1.209727
1.158466
1.158466
1.187310
1.187310
1.310779
1.310779
1.250918
1.250918
1.359631
1.359631
1.213806
1.213806
1.334367
1.334367
1.354915
1.303234
1.303234
1.354915
1.396351
1.396351
1.236546
1.236546
1.301934
1.301934
1.378899
1.378899
1.388974
1.388974
1.239809
1.239809
1.389184
1.389184
1.313080
1.313080
1.191775
1.191775
1.329139
1.329139
1.249383
1.249383
1.376733
1.376733
1.254426
1.254426
1.296874
1.296874
1.328614
1.328614
1.177400
1.177400
1.343924
1.343924
1.325858
1.325858
1.285185
1.285185
1.149480
1.149480
1.378749
1.378749
1.376825
1.376825
1.303169
1.303169
1.289633
1.289633
1.398938
1.398938
1.367449
1.367449
1.139718
1.139718
1.090113
1.090113
1.373378
1.373378
1.303460
1.303460
1.372769
1.372769
1.107907
1.107907
1.351386
1.351386
1.392868
1.392868
1.278075
1.278075
1.368714
1.368714
1.346287
1.346287
1.152796
1.152796
1.385605
1.385605
1.251183
1.251183
1.201155
1.201155
1.292611
1.292611
1.296143
1.296143
1.365715
1.365715
1.130483
1.130483
1.244554
1.244554
1.287326
1.287326
1.190615
1.190615
1.345659
1.345659
1.256444
1.256444
1.271023
1.271023
1.294057
1.294057
1.307216
1.307216
1.208189
1.208189
1.282509
1.282509
1.353962
1.353962
1.374289
1.374289
1.278657
1.278657
1.316791
1.316791
1.085728
1.085728
1.343740
1.343740
1.084020
1.084020
1.364834
1.364834
1.264601
1.264601
1.278829
1.278829
1.209506
1.209506
1.260997
1.260997
1.391590
1.391590
1.176354
1.176354
1.372885
1.372885
1.061383
1.061383
1.398818
1.398818
1.273133
1.273133
1.203985
1.203985
1.181492
1.181492
1.347739
1.347739
1.304808
1.304808
1.345171
1.345171
1.309762
1.309762
1.266096
1.266096
1.256105
1.256105
1.277979
1.277979
1.251999
1.251999
1.196317
1.196317
1.344470
1.344470
1.394046
1.394046
1.368178
1.368178
1.353781
1.353781
1.175246
1.175246
1.227794
1.227794
1.382863
1.382863
1.055332
1.055332
1.374384
1.374384
1.387504
1.387504
1.393921
1.393921
1.177139
1.177139
1.392470
1.392470
1.398743
1.398743
1.370473
1.370473
1.356324
1.356324
1.206001
1.206001
1.357529
1.357529
1.213261
1.213261
1.311817
1.311817
1.284648
1.284648
1.305622
1.305622
1.357582
1.357582
1.241637
1.241637
1.179746
1.179746
1.360010
1.360010
1.059530
1.059530
1.356241
1.356241
