1.258032
1.258032
1.240379
1.240379
1.203189
1.203189
1.330190
1.330190
1.393457
1.393457
1.259850
1.259850
1.333897
1.333897
1.224407
1.224407
1.382039
1.382039
1.384143
1.384143
1.331403
1.331403
1.318310
1.318310
1.393960
1.393960
1.341194
1.341194
1.257740
1.257740
1.221664
1.221664
1.102905
1.102905
1.358375
1.358375
1.366977
1.366977
1.207005
1.207005
1.221084
1.221084
1.257108
1.257108
1.306281
1.306281
1.177598
1.177598
1.152809
1.152809
1.350556
1.350556
1.380118
1.380118
1.377913
1.377913
1.378051
1.378051
1.188069
1.188069
1.379639
1.379639
1.118102
1.118102
1.317473
1.317473
1.363392
1.363392
1.235345
1.235345
1.211517
1.211517
1.347376
1.347376
1.388795
1.388795
1.252591
1.252591
1.099831
1.099831
1.156122
1.156122
1.323220
1.323220
1.389503
1.389503
1.159005
1.159005
1.297315
1.297315
1.185188
1.185188
1.381316
1.381316
1.287033
1.287033
1.352730
1.352730
1.192354
1.192354
1.108176
1.108176
1.256293
1.256293
1.320991
1.320991
1.301446
1.301446
1.115726
1.115726
1.293508
1.293508
1.161723
1.161723
1.255321
1.255321
1.295916
1.295916
1.276085
1.276085
1.320832
1.320832
1.350684
1.350684
1.384092
1.384092
1.375773
1.375773
1.392066
1.392066
1.356830
1.356830
1.255619
1.255619
1.258678
1.258678
1.391405
1.391405
1.293792
1.293792
1.218176
1.218176
1.358154
1.358154
1.358510
1.358510
1.226781
1.226781
1.246670
1.246670
1.334944
1.334944
1.261262
1.261262
1.341695
1.341695
1.170823
1.170823
1.305564
1.305564
1.240280
1.240280
1.300963
1.300963
1.051842
1.051842
