1.321130
1.321130
1.336457
1.336457
1.330620
1.330620
1.375491
1.375491
1.267108
1.267108
1.345404
1.345404
1.344604
1.344604
1.109985
1.109985
1.289181
1.289181
1.251228
1.251228
1.356145
1.356145
1.351017
1.351017
1.125839
1.125839
1.393208
1.393208
1.379995
1.379995
1.356206
1.356206
1.288833
1.288833
1.298666
1.298666
1.367053
1.367053
1.174262
1.174262
1.166436
1.166436
1.236307
1.236307
1.309007
1.309007
1.149862
1.149862
1.379717
1.379717
1.308288
1.308288
1.330427
1.330427
1.141760
1.141760
1.291168
1.291168
1.214249
1.214249
1.236754
1.236754
1.274442
1.274442
1.208977
1.208977
1.385275
1.385275
1.196195
1.196195
1.231112
1.231112
1.351589
1.351589
1.234336
1.234336
1.378479
1.378479
1.198712
1.198712
1.359663
1.359663
1.399453
1.399453
1.247821
1.247821
1.195571
1.195571
1.139407
1.139407
1.267388
1.267388
1.337259
1.337259
1.321751
1.321751
1.237849
1.237849
1.334219
1.334219
1.371669
1.371669
1.254869
1.254869
1.342364
1.342364
1.245331
1.245331
1.133664
1.133664
1.329873
1.329873
1.248360
1.248360
1.284965
1.284965
1.294814
1.294814
1.391596
1.391596
1.324790
1.324790
1.344880
1.344880
1.287902
1.287902
1.328324
1.328324
1.284982
1.284982
1.346925
1.346925
1.355555
1.355555
1.211100
1.211100
1.286549
1.286549
1.386272
1.386272
1.165992
1.165992
1.107748
1.107748
1.284977
1.284977
1.302602
1.302602
1.307598
1.307598
1.368455
1.368455
1.317117
1.317117
1.268072
1.268072
1.339157
1.339157
1.328724
1.328724
1.140356
1.140356
1.363721
1.363721
1.209067
1.209067
1.220996
1.220996
