1.305857
1.305857
1.268716
1.268716
1.202177
1.202177
1.272938
1.272938
1.112290
1.112290
1.270220
1.270220
1.129154
1.129154
1.235012
1.235012
1.266364
1.266364
1.361027
1.361027
1.345602
1.345602
1.308285
1.308285
1.396149
1.396149
1.358614
1.358614
1.328011
1.328011
1.398458
1.398458
1.124720
1.124720
1.384640
1.384640
1.365850
1.365850
1.250751
1.250751
1.113756
1.113756
1.230971
1.230971
1.174081
1.174081
1.133387
1.133387
1.306864
1.306864
1.305536
1.305536
1.228789
1.228789
1.281019
1.281019
1.194973
1.194973
1.327683
1.327683
1.307675
1.307675
1.193749
1.193749
1.380341
1.380341
1.248663
1.248663
1.245751
1.245751
1.342045
1.342045
1.125380
1.125380
1.290951
1.290951
1.378380
1.378380
1.361967
1.361967
1.109631
1.109631
1.279707
1.279707
1.383101
1.383101
1.371688
1.371688
1.076150
1.076150
1.267753
1.267753
1.262897
1.262897
1.357883
1.357883
1.170465
1.170465
1.200216
1.200216
1.231086
1.231086
1.297432
1.297432
1.359919
1.359919
1.174902
1.174902
1.364236
1.364236
1.371588
1.371588
1.344394
1.344394
1.154282
1.154282
1.388923
1.388923
1.203549
1.203549
1.382777
1.382777
1.293527
1.293527
1.179864
1.179864
1.165456
1.165456
1.267963
1.267963
1.342496
1.342496
1.171018
1.171018
1.255825
1.255825
1.274084
1.274084
1.251644
1.251644
1.357091
1.357091
1.326462
1.326462
1.319264
1.319264
1.388315
1.388315
1.352267
1.352267
1.368330
1.368330
1.192198
1.192198
1.118830
1.118830
1.185359
1.185359
1.386807
1.386807
1.256560
1.256560
1.369373
1.369373
1.305935
1.305935
1.246683
1.246683
1.043221
1.043221
1.374861
1.374861
1.366738
1.366738
1.314849
1.314849
1.170612
1.170612
1.270316
1.270316
1.294070
1.294070
1.345375
1.345375
1.365924
1.365924
1.306016
1.306016
1.281157
1.281157
1.331712
1.331712
1.309346
1.309346
1.346289
1.346289
1.215239
1.215239
1.198658
1.198658
1.302088
1.302088
1.218857
1.218857
1.355833
1.355833
1.081952
1.081952
1.366789
1.366789
1.337074
1.337074
1.397607
1.397607
