1.399458
1.399458
1.280783
1.280783
1.361013
1.361013
1.173770
1.173770
1.318745
1.318745
1.252486
1.252486
1.354806
1.354806
1.381527
1.381527
1.369022
1.369022
1.274860
1.274860
1.357928
1.357928
1.109651
1.109651
1.391525
1.391525
1.373246
1.373246
1.293495
1.293495
1.188054
1.188054
1.340382
1.340382
1.138151
1.138151
1.312035
1.312035
1.367490
1.367490
1.156620
1.156620
1.367813
1.367813
1.367447
1.367447
1.374251
1.374251
1.382018
1.382018
1.301378
1.301378
1.251691
1.251691
1.224091
1.224091
1.129372
1.129372
1.222033
1.222033
1.170828
1.170828
1.383520
1.383520
1.319564
1.319564
1.358951
1.358951
1.375830
1.375830
1.362472
1.362472
1.381564
1.381564
1.143283
1.143283
1.054754
1.054754
1.392095
1.392095
1.395227
1.395227
1.308317
1.308317
1.169781
1.169781
1.270464
1.270464
1.344268
1.344268
1.311680
1.311680
1.036141
1.036141
1.363936
1.363936
1.112337
1.112337
1.322005
1.322005
1.243877
1.243877
1.338577
1.338577
1.328099
1.328099
1.225621
1.225621
1.235677
1.235677
1.356117
1.356117
1.153366
1.153366
1.306110
1.306110
1.096130
1.096130
1.356600
1.356600
1.131081
1.131081
1.018867
1.018867
1.350092
1.350092
1.155626
1.155626
1.347033
1.347033
1.366692
1.366692
1.338267
1.338267
1.285089
1.285089
1.073328
1.073328
1.380302
1.380302
1.102940
1.102940
1.376488
1.376488
1.363383
1.363383
1.395158
1.395158
1.340397
1.340397
1.383189
1.383189
1.382734
1.382734
1.242165
1.242165
1.175055
1.175055
1.310048
1.310048
1.359257
1.359257
1.267854
1.267854
1.140149
1.140149
1.276174
1.276174
1.385210
1.385210
1.182503
1.182503
1.166053
1.166053
1.204066
1.204066
1.318371
1.318371
1.383631
1.383631
1.269375
1.269375
1.185144
1.185144
1.205343
1.205343
1.350422
1.350422
