1.295607
1.295607
1.143314
1.143314
1.228307
1.228307
1.397533
1.397533
1.320564
1.320564
1.323038
1.323038
1.282319
1.315809
1.282319
1.315809
1.329302
1.329302
1.158819
1.158819
1.360667
1.360667
1.149198
1.149198
1.042865
1.042865
1.379504
1.379504
1.382656
1.382656
1.183230
1.183230
1.366690
1.366690
1.316369
1.316369
1.236453
1.236453
1.300603
1.300603
1.299820
1.299820
1.303010
1.303010
1.221525
1.221525
1.289824
1.289824
1.376880
1.376880
1.300524
1.300524
1.265418
1.265418
1.187755
1.187755
1.332253
1.332253
1.262652
1.262652
1.367556
1.367556
1.341754
1.341754
1.386552
1.386552
1.229772
1.229772
1.213103
1.213103
1.347520
1.347520
1.164551
1.164551
1.229528
1.229528
1.168319
1.168319
1.287943
1.287943
1.360678
1.360678
1.221065
1.221065
1.338183
1.338183
1.387429
1.387429
1.138897
1.138897
1.339540
1.339540
1.198802
1.198802
1.166585
1.166585
1.193205
1.193205
1.183800
1.183800
1.280254
1.280254
1.099084
1.099084
1.284339
1.284339
1.220422
1.220422
1.339810
1.339810
1.390200
1.390200
1.106176
1.106176
1.376183
1.376183
1.247128
1.247128
1.317189
1.317189
1.130184
1.130184
1.345151
1.345151
1.322296
1.322296
1.367853
1.367853
1.203463
1.203463
1.281548
1.281548
1.364900
1.364900
1.289881
1.289881
1.089662
1.089662
1.246669
1.246669
1.251525
1.251525
1.100563
1.100563
1.102393
1.102393
1.205484
1.205484
1.309387
1.309387
1.374032
1.374032
1.242559
1.242559
1.088353
1.088353
1.328580
1.328580
1.309916
1.309916
1.201204
1.201204
1.330865
1.330865
1.275163
1.275163
1.390452
1.390452
1.269176
1.269176
1.223088
1.223088
1.373836
1.373836
1.069388
1.069388
1.348081
1.348081
