1.386190
1.386190
1.313235
1.313235
1.306870
1.306870
1.320690
1.320690
1.380368
1.380368
1.329177
1.329177
1.323177
1.323177
1.094789
1.094789
1.396651
1.396651
1.370555
1.370555
1.169469
1.169469
1.369550
1.369550
1.315950
1.315950
1.196284
1.196284
1.363856
1.363856
1.337550
1.248308
1.337550
1.248308
1.155319
1.155319
1.397130
1.397130
1.325553
1.325553
1.232421
1.232421
1.381318
1.381318
1.370845
1.370845
1.238888
1.238888
1.354696
1.354696
1.335389
1.335389
1.091620
1.091620
1.341824
1.341824
1.164850
1.164850
1.238120
1.238120
1.297133
1.297133
1.244661
1.244661
1.257964
1.257964
1.344586
1.344586
1.375668
1.375668
1.211121
1.211121
1.225469
1.225469
1.344023
1.344023
1.159656
1.159656
1.202833
1.202833
1.359534
1.359534
1.133359
1.133359
1.326144
1.326144
1.396013
1.396013
1.249311
1.249311
1.241947
1.241947
1.270430
1.270430
1.140382
1.140382
1.365154
1.365154
1.394718
1.394718
1.271111
1.271111
1.285049
1.285049
1.367509
1.367509
1.215673
1.215673
1.394491
1.394491
1.248246
1.248246
1.392607
1.392607
1.126150
1.126150
1.080465
1.080465
1.327798
1.327798
1.204799
1.204799
1.399157
1.399157
1.381845
1.381845
1.338454
1.338454
1.349160
1.349160
1.345834
1.345834
1.375781
1.375781
1.379066
1.379066
1.359238
1.359238
1.388978
1.388978
1.386312
1.386312
1.073893
1.073893
1.358202
1.358202
1.353332
1.353332
1.358653
1.358653
1.211726
1.211726
1.390563
1.390563
1.232553
1.232553
1.221146
1.221146
1.375383
1.375383
1.399006
1.399006
1.372446
1.372446
1.284144
1.284144
1.308126
1.308126
