1.242532
1.242532
1.390688
1.390688
1.399920
1.399920
1.377948
1.377948
1.391700
1.391700
1.371415
1.371415
1.399551
1.399551
1.261375
1.261375
1.198962
1.198962
1.399952
1.399952
1.378520
1.378520
1.382095
1.382095
1.334416
1.334416
1.191037
1.191037
1.163499
1.163499
1.376621
1.376621
1.247968
1.247968
1.177441
1.177441
1.397107
1.397107
1.368503
1.368503
1.278538
1.278538
1.280342
1.280342
1.286900
1.286900
1.358771
1.358771
1.345402
1.345402
1.286390
1.286390
1.222709
1.222709
1.394768
1.394768
1.280511
1.280511
1.122984
1.122984
1.084329
1.084329
1.380654
1.380654
1.277425
1.277425
1.251911
1.251911
1.112656
1.112656
1.317972
1.317972
1.207346
1.207346
1.334605
1.334605
1.390269
1.390269
1.339732
1.339732
1.181983
1.181983
1.191761
1.191761
1.189654
1.189654
1.345389
1.345389
1.357346
1.357346
1.212825
1.212825
1.392229
1.392229
1.391367
1.391367
1.088124
1.088124
1.355052
1.355052
1.316831
1.316831
1.320564
1.320564
1.365224
1.365224
1.154751
1.154751
1.235901
1.235901
1.393709
1.393709
1.362183
1.362183
1.273222
1.273222
1.085839
1.085839
1.248061
1.248061
1.042922
1.042922
1.239768
1.239768
1.259462
1.259462
1.333835
1.333835
1.389837
1.389837
1.347414
1.347414
1.168483
1.168483
1.291929
1.291929
1.330934
1.330934
1.262400
1.262400
1.361946
1.361946
1.265261
1.265261
1.186403
1.186403
1.388084
1.388084
1.170365
1.170365
1.132706
1.132706
1.240180
1.240180
1.151750
1.151750
1.307334
1.307334
1.205471
1.205471
1.170464
1.170464
1.396265
1.396265
1.233312
1.233312
1.395814
1.395814
1.307245
1.307245
1.375483
1.375483
1.309911
1.309911
1.391904
1.391904
1.127898
1.127898
