1.245696
1.245696
1.151088
1.151088
1.232463
1.232463
1.385939
1.385939
1.291082
1.291082
1.227202
1.227202
1.178772
1.178772
1.371878
1.371878
1.355291
1.355291
1.253852
1.253852
1.376422
1.376422
1.315326
1.315326
1.337555
1.337555
1.368051
1.368051
1.383551
1.383551
1.341420
1.341420
1.380915
1.380915
1.357027
1.357027
1.334779
1.334779
1.237006
1.237006
1.220257
1.220257
1.148759
1.148759
1.229161
1.229161
1.217506
1.217506
1.367089
1.367089
1.166277
1.166277
1.371573
1.371573
1.385905
1.385905
1.398401
1.398401
1.177361
1.177361
1.330435
1.330435
1.383161
1.383161
1.343821
1.343821
1.235709
1.235709
1.375380
1.375380
1.238244
1.238244
1.354667
1.354667
1.291405
1.291405
1.378298
1.378298
1.396634
1.396634
1.144288
1.144288
1.181962
1.181962
1.209254
1.209254
1.138025
1.138025
1.379103
1.379103
1.346191
1.346191
1.108979
1.108979
1.171663
1.171663
1.244795
1.244795
1.360272
1.360272
1.284508
1.284508
1.397526
1.397526
1.397166
1.397166
1.174739
1.174739
1.379490
1.379490
1.230086
1.230086
1.357216
1.357216
1.348520
1.348520
1.316041
1.316041
1.344048
1.344048
1.364587
1.364587
1.160495
1.160495
1.227558
1.227558
1.260918
1.260918
1.114618
1.114618
1.360698
1.360698
1.282830
1.282830
1.350924
1.350924
1.231848
1.231848
1.297291
1.297291
1.323140
1.323140
1.389906
1.389906
1.299734
1.299734
1.249793
1.249793
1.256012
1.256012
1.072548
1.072548
