1.110935
1.110935
1.236641
1.236641
1.190114
1.190114
1.164751
1.164751
1.237638
1.237638
1.229162
1.229162
1.213692
1.213692
1.242902
1.242902
1.338703
1.338703
1.398106
1.398106
1.384504
1.384504
1.343877
1.343877
1.108026
1.108026
1.041860
1.041860
1.144268
1.144268
1.222147
1.222147
1.374855
1.374855
1.308116
1.308116
1.380181
1.380181
1.257022
1.257022
1.190108
1.190108
1.196743
1.196743
1.324781
1.324781
1.215812
1.215812
1.351989
1.351989
1.343967
1.343967
1.390064
1.390064
1.182803
1.182803
1.270474
1.270474
1.224023
1.224023
1.301870
1.301870
1.321417
1.321417
1.254112
1.254112
1.152070
1.152070
1.300103
1.300103
1.398941
1.398941
1.237235
1.237235
1.396451
1.396451
1.329038
1.329038
1.190297
1.343047
1.343047
1.190297
1.367430
1.367430
1.147647
1.147647
1.275424
1.275424
1.322991
1.322991
1.395603
1.395603
1.323882
1.323882
1.212856
1.212856
1.323754
1.323754
1.261197
1.261197
1.173882
1.173882
1.347759
1.347759
1.104151
1.104151
1.315024
1.315024
1.221490
1.221490
1.133604
1.133604
1.369225
1.369225
1.186277
1.186277
1.286414
1.286414
1.087177
1.087177
1.320773
1.320773
1.110435
1.110435
1.184488
1.184488
1.333867
1.333867
1.286575
1.286575
1.376367
1.376367
1.078722
1.078722
1.318876
1.318876
1.314926
1.314926
1.345705
1.345705
1.396485
1.396485
1.131510
1.131510
1.317586
1.317586
1.262224
1.262224
1.309125
1.309125
1.323974
1.323974
1.349669
1.349669
1.228357
1.228357
1.374154
1.374154
1.348447
1.348447
1.313608
1.313608
1.234307
1.234307
1.297796
1.297796
1.074939
1.074939
1.279734
1.279734
1.383360
1.383360
1.085506
1.085506
1.217677
1.217677
1.220581
1.220581
1.247058
1.247058
1.237487
1.237487
1.330949
1.330949
1.359618
1.359618
1.350198
1.350198
1.245769
1.245769
1.210834
1.210834
1.129426
1.129426
1.298987
1.298987
1.270936
1.270936
1.314551
1.314551
1.339088
1.339088
1.255129
1.255129
1.372310
1.372310
1.271601
1.271601
1.267419
1.267419
1.219346
1.219346
1.285631
1.285631
1.334542
1.334542
1.130679
1.130679
