1.232219
1.232219
1.169182
1.169182
1.287080
1.287080
1.283429
1.283429
1.312450
1.312450
1.352607
1.352607
1.289150
1.289150
1.270008
1.270008
1.252495
1.252495
1.180555
1.180555
1.237632
1.237632
1.153515
1.153515
1.189254
1.189254
1.134720
1.367566
1.367566
1.134720
1.323184
1.323184
1.388626
1.388626
1.382337
1.382337
1.379628
1.379628
1.155492
1.155492
1.362733
1.362733
1.342088
1.342088
1.198008
1.198008
1.335261
1.335261
1.362940
1.362940
1.228255
1.228255
1.366044
1.366044
1.210463
1.210463
1.359485
1.359485
1.369939
1.369939
1.270501
1.270501
1.339508
1.339508
1.020231
1.020231
1.305582
1.305582
1.308371
1.308371
1.364919
1.364919
1.326075
1.326075
1.349120
1.349120
1.248559
1.248559
1.358563
1.358563
1.089740
1.089740
1.315705
1.315705
1.391265
1.391265
1.299278
1.299278
1.396708
1.396708
1.302683
1.302683
1.272659
1.272659
1.101232
1.101232
1.318101
1.318101
1.284972
1.284972
1.362586
1.362586
1.314791
1.314791
1.256225
1.256225
1.375671
1.375671
1.171292
1.171292
1.395274
1.395274
1.287450
1.287450
1.368524
1.368524
1.291798
1.291798
1.291957
1.291957
1.039355
1.039355
1.119061
1.119061
1.293164
1.293164
1.298765
1.298765
1.392311
1.392311
1.340151
1.340151
1.378442
1.378442
1.353291
1.353291
1.203141
1.203141
1.354147
1.354147
1.137357
1.137357
1.224625
1.224625
