1.394413
1.394413
1.339984
1.339984
1.167280
1.167280
1.326924
1.326924
1.337144
1.337144
1.128067
1.128067
1.151918
1.151918
1.288410
1.288410
1.216808
1.216808
1.367529
1.367529
1.372464
1.372464
1.352873
1.352873
1.160986
1.160986
1.397144
1.397144
1.363944
1.363944
1.384288
1.384288
1.292389
1.292389
1.080621
1.080621
1.354538
1.354538
1.152589
1.152589
1.334438
1.334438
1.233235
1.233235
1.109970
1.109970
1.380981
1.380981
1.385685
1.385685
1.352144
1.352144
1.310669
1.310669
1.252291
1.252291
1.347611
1.347611
1.144257
1.144257
1.162745
1.162745
1.395241
1.395241
1.361682
1.361682
1.376255
1.376255
1.280483
1.280483
1.332197
1.332197
1.397891
1.397891
1.285486
1.285486
1.214767
1.214767
1.342370
1.342370
1.122457
1.122457
1.212172
1.212172
1.217792
1.217792
1.242663
1.242663
1.361851
1.361851
1.330428
1.330428
1.096465
1.096465
1.047910
1.047910
1.327609
1.327609
1.350279
1.350279
1.221472
1.221472
1.239400
1.239400
1.360153
1.360153
1.056465
1.056465
1.089816
1.089816
1.341722
1.341722
1.269069
1.269069
1.399926
1.399926
1.361112
1.361112
1.398614
1.398614
1.382865
1.382865
1.381660
1.381660
1.188861
1.188861
1.139670
1.139670
1.148552
1.148552
1.264132
1.264132
1.360651
1.360651
1.222995
1.222995
1.387635
1.387635
1.346925
1.346925
1.092327
1.092327
1.374401
1.374401
1.375252
1.375252
1.354361
1.354361
1.381691
1.381691
