1.171493
1.171493
1.376163
1.376163
1.336323
1.336323
1.270651
1.270651
1.275665
1.275665
1.151110
1.151110
1.386780
1.386780
1.119724
1.119724
1.340982
1.340982
1.359681
1.359681
1.198230
1.198230
1.354354
1.354354
1.294283
1.294283
1.358901
1.358901
1.296230
1.296230
1.384910
1.384910
1.067683
1.067683
1.287694
1.287694
1.291616
1.291616
1.079957
1.079957
1.257041
1.068377
1.257041
1.068377
1.395814
1.395814
1.239972
1.239972
1.219249
1.219249
1.326061
1.326061
1.248242
1.248242
1.054169
1.054169
1.234195
1.234195
1.337512
1.337512
1.191022
1.191022
1.298989
1.298989
1.263121
1.263121
1.235187
1.235187
1.258277
1.258277
1.241925
1.241925
1.224180
1.224180
1.278203
1.278203
1.145907
1.145907
1.364084
1.364084
1.292791
1.292791
1.333534
1.333534
1.359352
1.359352
1.250794
1.250794
1.354990
1.354990
1.205978
1.205978
1.092594
1.092594
1.301665
1.301665
1.369399
1.369399
1.270158
1.270158
1.198677
1.198677
1.284382
1.284382
1.253457
1.253457
1.045801
1.045801
1.119044
1.119044
1.111448
1.111448
1.311159
1.311159
1.344612
1.344612
1.350856
1.350856
1.324437
1.324437
1.372192
1.372192
1.316520
1.316520
1.038263
1.038263
1.190661
1.190661
1.184357
1.184357
1.223947
1.223947
1.392540
1.392540
1.229076
1.229076
1.167278
1.167278
1.189110
1.189110
1.384485
1.384485
1.321596
1.321596
1.362341
1.362341
1.358995
1.358995
1.293524
1.293524
1.309944
1.309944
1.199940
1.199940
1.121419
1.121419
1.282250
1.282250
1.289079
1.289079
1.226692
1.226692
1.387035
1.387035
1.285751
1.285751
1.352422
1.352422
1.268966
1.268966
1.246597
1.246597
1.085938
1.085938
