1.328602
1.328602
1.244833
1.244833
1.200050
1.200050
1.226128
1.226128
1.305204
1.305204
1.231389
1.231389
1.377020
1.377020
1.266573
1.266573
1.362738
1.362738
1.285119
1.285119
1.387802
1.387802
1.385291
1.385291
1.286124
1.286124
1.334823
1.334823
1.399796
1.399796
1.275641
1.275641
1.327515
1.327515
1.165872
1.165872
1.388368
1.388368
1.386676
1.386676
1.148685
1.148685
1.179396
1.179396
1.253818
1.253818
1.218009
1.218009
1.132262
1.132262
1.307330
1.307330
1.240605
1.240605
1.203882
1.203882
1.136817
1.136817
1.284495
1.284495
1.303352
1.303352
1.306203
1.306203
1.114845
1.114845
1.367990
1.367990
1.241396
1.241396
1.315772
1.315772
1.353551
1.353551
1.102280
1.102280
1.189320
1.189320
1.164975
1.164975
1.383284
1.383284
1.341267
1.341267
1.369213
1.369213
1.391023
1.391023
1.331782
1.331782
1.383712
1.383712
1.274956
1.274956
1.173612
1.173612
1.333835
1.333835
1.272392
1.272392
1.182366
1.182366
1.261804
1.261804
1.257875
1.257875
1.115719
1.115719
1.354816
1.354816
1.328499
1.328499
1.191394
1.191394
1.370795
1.370795
1.341099
1.341099
1.254717
1.254717
1.386443
1.386443
1.385490
1.385490
1.276268
1.276268
1.244831
1.244831
1.135131
1.135131
1.367159
1.367159
1.316632
1.316632
1.199157
1.199157
1.356531
1.356531
