1.396040
1.396040
1.373806
1.373806
1.347572
1.347572
1.267942
1.267942
1.330513
1.330513
1.334855
1.334855
1.355759
1.355759
1.328909
1.328909
1.361046
1.361046
1.385543
1.385543
1.198593
1.198593
1.347016
1.347016
1.324228
1.324228
1.231012
1.231012
1.357227
1.357227
1.127173
1.127173
1.384976
1.384976
1.178367
1.178367
1.200145
1.200145
1.256682
1.256682
1.090558
1.090558
1.352361
1.352361
1.338468
1.338468
1.340433
1.340433
1.397946
1.397946
1.356723
1.356723
1.372351
1.372351
1.264355
1.264355
1.313732
1.313732
1.224060
1.224060
1.389442
1.389442
1.172341
1.172341
1.284261
1.284261
1.338629
1.338629
1.276025
1.276025
1.355370
1.355370
1.174892
1.174892
1.285148
1.285148
1.276832
1.276832
1.335476
1.335476
1.354293
1.354293
1.333895
1.333895
1.356545
1.356545
1.274412
1.274412
1.361561
1.361561
1.309781
1.309781
1.385822
1.385822
1.232161
1.232161
1.348552
1.348552
1.328106
1.328106
1.388966
1.388966
1.352731
1.352731
1.157629
1.157629
1.240321
1.240321
1.132216
1.132216
1.310226
1.310226
1.260036
1.260036
1.254712
1.254712
1.330077
1.330077
1.335925
1.335925
1.332853
1.332853
1.363665
1.363665
1.235856
1.235856
1.329894
1.329894
1.357216
1.357216
1.252024
1.252024
1.364292
1.364292
1.240611
1.240611
1.182882
1.182882
1.367693
1.367693
1.183860
1.183860
1.229590
1.229590
1.374477
1.374477
1.222109
1.222109
1.305679
1.305679
1.352766
1.352766
1.222147
1.222147
1.380003
1.380003
1.279617
1.279617
1.192871
1.192871
1.299152
1.299152
1.284950
1.284950
1.248292
1.248292
1.367181
1.367181
