1.269048
1.269048
1.333493
1.333493
1.269985
1.269985
1.078287
1.078287
1.227426
1.227426
1.353705
1.353705
1.165990
1.165990
1.264952
1.264952
1.380429
1.380429
1.207626
1.207626
1.274940
1.264232
1.274940
1.264232
1.125614
1.125614
1.136303
1.136303
1.349961
1.349961
1.393526
1.393526
1.278182
1.278182
1.261541
1.261541
1.379792
1.379792
1.138573
1.138573
1.334432
1.334432
1.358944
1.358944
1.226308
1.226308
1.386149
1.386149
1.129594
1.129594
1.275151
1.275151
1.350501
1.350501
1.036015
1.036015
1.375717
1.375717
1.279906
1.279906
1.333736
1.333736
1.313050
1.313050
1.171493
1.171493
1.333081
1.333081
1.326179
1.326179
1.276035
1.276035
1.394488
1.394488
1.397886
1.397886
1.390954
1.390954
1.347730
1.347730
1.304619
1.304619
1.266085
1.266085
1.360598
1.360598
1.326238
1.326238
1.355900
1.355900
1.150604
1.150604
1.185400
1.185400
1.338207
1.338207
1.162782
1.162782
1.330443
1.330443
1.355898
1.355898
1.369499
1.369499
1.310238
1.310238
1.332636
1.332636
1.373731
1.373731
1.381254
1.381254
1.137070
1.137070
1.382159
1.382159
1.385168
1.385168
1.375622
1.375622
1.174734
1.174734
1.391919
1.391919
1.332886
1.332886
1.227703
1.227703
1.049706
1.049706
1.352895
1.352895
1.357481
1.357481
