1.351031
1.351031
1.335896
1.335896
1.184453
1.184453
1.096235
1.096235
1.379645
1.379645
1.199876
1.199876
1.300960
1.300960
1.324587
1.324587
1.362357
1.362357
1.174252
1.174252
1.215845
1.215845
1.174985
1.174985
1.384437
1.384437
1.242838
1.242838
1.397031
1.397031
1.330063
1.330063
1.190940
1.190940
1.234120
1.234120
1.063267
1.063267
1.085676
1.085676
1.371747
1.371747
1.275694
1.275694
1.242117
1.242117
1.297658
1.297658
1.233616
1.233616
1.284603
1.284603
1.381266
1.381266
1.062824
1.062824
1.375001
1.375001
1.268209
1.268209
1.372865
1.372865
1.303630
1.303630
1.140151
1.140151
1.367696
1.367696
1.300414
1.300414
1.313165
1.313165
1.141828
1.141828
1.156060
1.156060
1.212888
1.212888
1.187318
1.187318
1.251036
1.251036
1.277351
1.277351
1.158083
1.158083
1.366285
1.366285
1.352396
1.352396
1.110908
1.110908
1.223877
1.223877
1.347820
1.347820
1.284375
1.284375
1.327681
1.327681
1.332536
1.332536
1.255454
1.255454
1.131414
1.131414
