1.375735
1.375735
1.357799
1.357799
1.360928
1.360928
1.229440
1.229440
1.357327
1.357327
1.326390
1.326390
1.179016
1.179016
1.277902
1.277902
1.335581
1.335581
1.384919
1.384919
1.264521
1.264521
1.338560
1.338560
1.337751
1.337751
1.382670
1.382670
1.361264
1.361264
1.325916
1.325916
1.343105
1.343105
1.025245
1.025245
1.072905
1.072905
1.208175
1.208175
1.368888
1.368888
1.147823
1.147823
1.254746
1.254746
1.215629
1.215629
1.372440
1.372440
1.328403
1.328403
1.172147
1.172147
1.296003
1.296003
1.340941
1.340941
1.063299
1.063299
1.383325
1.383325
1.273821
1.273821
1.334021
1.334021
1.371512
1.371512
1.339713
1.339713
1.250447
1.250447
1.166785
1.166785
1.333870
1.333870
1.399221
1.399221
1.327128
1.327128
1.231803
1.231803
1.103185
1.103185
1.360149
1.360149
1.394086
1.394086
1.369529
1.369529
1.322680
1.322680
1.369531
1.369531
1.331807
1.331807
1.271671
1.271671
1.168635
1.168635
1.238876
1.238876
1.335838
1.335838
1.370107
1.370107
1.174279
1.174279
1.167952
1.167952
1.186606
1.186606
1.398069
1.398069
1.305199
1.305199
1.301347
1.301347
1.227252
1.227252
1.255373
1.255373
1.341050
1.341050
1.360284
1.360284
1.320860
1.320860
1.373892
1.373892
1.396982
1.396982
1.324396
1.324396
1.374772
1.374772
1.373616
1.373616
1.286611
1.286611
1.242227
1.242227
1.260256
1.260256
1.395032
1.395032
1.236102
1.236102
1.142457
1.142457
1.273646
1.273646
1.343377
1.343377
