1.207984
1.207984
1.307175
1.307175
1.386966
1.386966
1.368485
1.368485
1.394728
1.394728
1.392346
1.392346
1.334935
1.334935
1.374065
1.374065
1.270247
1.270247
1.376454
1.376454
1.247487
1.247487
1.311113
1.311113
1.153226
1.153226
1.254417
1.254417
1.363542
1.363542
1.278595
1.278595
1.168229
1.168229
1.130905
1.130905
1.367945
1.367945
1.186029
1.186029
1.395006
1.395006
1.327896
1.327896
1.367240
1.367240
1.372337
1.372337
1.317094
1.317094
1.372932
1.372932
1.351296
1.351296
1.216350
1.216350
1.315828
1.315828
1.371580
1.371580
1.366431
1.366431
1.293705
1.293705
1.261358
1.261358
1.269983
1.269983
1.306569
1.306569
1.260055
1.260055
1.290587
1.290587
1.370525
1.370525
1.279454
1.279454
1.340097
1.340097
1.346235
1.346235
1.082349
1.082349
1.362977
1.362977
1.212911
1.212911
1.331075
1.331075
1.139511
1.139511
1.264816
1.264816
1.352939
1.352939
