1.367094
1.367094
1.309251
1.309251
1.274272
1.274272
1.245708
1.245708
1.386943
1.386943
1.330111
1.330111
1.171593
1.171593
1.186544
1.186544
1.344186
1.344186
1.359526
1.359526
1.317419
1.317419
1.334479
1.334479
1.151597
1.151597
1.304677
1.304677
1.235462
1.235462
1.294537
1.294537
1.236120
1.236120
1.164131
1.164131
1.392687
1.392687
1.380186
1.380186
1.165158
1.165158
1.396428
1.396428
1.217261
1.217261
1.212739
1.212739
1.367087
1.367087
1.352044
1.352044
1.372418
1.372418
1.354433
1.354433
1.126481
1.126481
1.394687
1.394687
1.398616
1.398616
1.313722
1.313722
1.300569
1.300569
1.317089
1.317089
1.191273
1.191273
1.263979
1.263979
1.368547
1.368547
1.325959
1.325959
1.399778
1.399778
1.392713
1.392713
1.298238
1.298238
1.198006
1.198006
1.370207
1.370207
1.387162
1.387162
1.290989
1.290989
1.370584
1.370584
1.354576
1.354576
1.392581
1.392581
1.290478
1.290478
1.285122
1.285122
1.292730
1.292730
1.386286
1.386286
1.384168
1.384168
1.192372
1.192372
1.257559
1.257559
