1.180025
1.180025
1.262321
1.262321
1.346062
1.346062
1.169711
1.169711
1.183172
1.183172
1.226789
1.226789
1.131081
1.131081
1.395868
1.395868
1.298597
1.298597
1.256383
1.256383
1.253398
1.253398
1.243132
1.243132
1.287079
1.287079
1.352712
1.352712
1.349433
1.349433
1.204984
1.204984
1.179048
1.179048
1.307550
1.307550
1.341334
1.341334
1.192569
1.192569
1.374741
1.374741
1.368267
1.368267
1.373750
1.373750
1.223332
1.223332
1.254951
1.254951
1.322677
1.322677
1.311991
1.311991
1.235932
1.235932
1.295132
1.295132
1.188024
1.188024
1.386446
1.386446
1.347716
1.347716
1.081460
1.081460
1.257588
1.257588
1.369096
1.369096
1.376793
1.376793
1.386961
1.386961
1.296593
1.296593
1.298791
1.298791
1.347438
1.347438
1.296960
1.296960
1.272492
1.272492
1.287902
1.287902
1.371053
1.371053
1.338979
1.338979
1.231425
1.231425
1.385361
1.385361
1.254360
1.254360
1.395497
1.395497
1.353322
1.353322
1.086347
1.086347
1.289337
1.289337
1.356890
1.356890
1.189792
1.189792
1.075471
1.075471
1.387359
1.387359
1.327359
1.327359
1.342547
1.342547
1.071491
1.071491
