1.340230
1.340230
1.320078
1.320078
1.336435
1.336435
1.311410
1.311410
1.230188
1.230188
1.398547
1.398547
1.227863
1.227863
1.368850
1.368850
1.336700
1.336700
1.325768
1.325768
1.362490
1.362490
1.385133
1.385133
1.395050
1.395050
1.329020
1.329020
1.074821
1.074821
1.200906
1.200906
1.250249
1.250249
1.386197
1.386197
1.286131
1.286131
1.195489
1.195489
1.224437
1.224437
1.321729
1.321729
1.338275
1.338275
1.355921
1.355921
1.343229
1.343229
1.137166
1.137166
1.066501
1.066501
1.133936
1.133936
1.357597
1.357597
1.099151
1.099151
1.236822
1.236822
1.268969
1.268969
1.319548
1.319548
1.336103
1.336103
1.309148
1.309148
1.327451
1.327451
1.355860
1.355860
1.337475
1.337475
1.311398
1.311398
1.132584
1.132584
1.266526
1.266526
1.365043
1.365043
1.112721
1.112721
1.084227
1.084227
1.195296
1.195296
1.394769
1.394769
1.100307
1.100307
1.223413
1.223413
1.260536
1.260536
1.156200
1.156200
1.314013
1.314013
1.305389
1.305389
1.059778
1.059778
1.226220
1.226220
1.296615
1.296615
1.386971
1.386971
1.397287
1.397287
1.299872
1.299872
1.381016
1.381016
1.227962
1.227962
1.388442
1.388442
1.132543
1.132543
1.367656
1.367656
1.307108
1.307108
1.290744
1.290744
1.175625
1.175625
1.320643
1.320643
1.304438
1.304438
1.189183
1.189183
1.250067
1.250067
1.103481
1.103481
1.296756
1.296756
1.286818
1.286818
1.393481
1.393481
1.328925
1.328925
1.389532
1.389532
1.231015
1.231015
1.306252
1.306252
1.398123
1.398123
1.338818
1.338818
1.232603
1.232603
1.399458
1.399458
1.231514
1.231514
1.239336
1.239336
1.300715
1.300715
1.323507
1.323507
1.197029
1.197029
1.177487
1.177487
1.335631
1.335631
1.116620
1.116620
1.375082
1.375082
1.242124
1.242124
1.245831
1.245831
1.269202
1.269202
1.297691
1.297691
1.184855
1.184855
1.180359
1.180359
1.263466
1.263466
1.350934
1.350934
1.359714
1.359714
1.305975
1.305975
1.287176
1.287176
1.327574
1.327574
1.108619
1.108619
1.290450
1.290450
1.077665
1.077665
1.177249
1.177249
1.374332
1.374332
