1.240184
1.240184
1.247083
1.247083
1.366502
1.366502
1.303937
1.303937
1.094876
1.094876
1.369684
1.369684
1.358274
1.358274
1.300138
1.300138
1.087931
1.087931
1.397351
1.397351
1.143279
1.143279
1.170438
1.170438
1.096382
1.096382
1.210356
1.210356
1.284716
1.284716
1.322842
1.322842
1.293200
1.293200
1.265210
1.265210
1.302909
1.302909
1.276484
1.276484
1.313816
1.313816
1.313201
1.313201
1.265866
1.265866
1.398615
1.398615
1.291412
1.291412
1.179628
1.179628
1.211222
1.211222
1.274344
1.274344
1.238204
1.238204
1.298229
1.298229
1.331692
1.331692
1.360412
1.360412
1.279008
1.279008
1.307000
1.307000
1.369604
1.369604
1.374890
1.374890
1.295160
1.295160
1.383855
1.383855
1.167091
1.167091
1.378763
1.378763
1.216602
1.216602
1.209257
1.209257
1.222804
1.222804
1.114360
1.114360
1.300901
1.300901
1.260107
1.260107
1.288908
1.288908
1.300167
1.300167
1.379281
1.379281
1.398693
1.398693
1.119501
1.119501
1.266713
1.266713
1.373674
1.373674
1.273489
1.273489
1.295871
1.295871
1.071379
1.071379
1.213652
1.213652
1.345034
1.345034
1.183626
1.183626
1.331215
1.331215
1.316894
1.316894
1.368794
1.368794
1.272215
1.272215
1.269224
1.269224
1.393020
1.393020
1.301166
1.301166
1.331578
1.331578
1.369728
1.369728
1.140032
1.140032
1.246951
1.246951
1.342375
1.342375
1.370126
1.370126
1.386804
1.386804
1.398416
1.398416
1.328957
1.328957
1.323436
1.323436
1.259692
1.259692
1.397663
1.397663
1.035051
1.035051
1.263684
1.263684
1.238480
1.238480
1.330312
1.330312
1.379642
1.379642
1.280588
1.280588
1.349525
1.349525
1.345233
1.345233
1.232408
1.232408
1.289433
1.289433
1.363547
1.363547
1.383816
1.383816
1.341272
1.341272
1.354301
1.354301
1.278082
1.278082
1.343944
1.343944
1.287573
1.287573
1.101438
1.101438
1.213453
1.213453
1.292955
1.292955
