1.388447
1.388447
1.110033
1.110033
1.198088
1.198088
1.248688
1.248688
1.271778
1.271778
1.191151
1.191151
1.288515
1.288515
1.374326
1.374326
1.237220
1.237220
1.183260
1.183260
1.283400
1.283400
1.315547
1.315547
1.220723
1.220723
1.221823
1.221823
1.317903
1.317903
1.305229
1.305229
1.320720
1.320720
1.363771
1.363771
1.336334
1.336334
1.336999
1.336999
1.339306
1.339306
1.051451
1.051451
1.261527
1.261527
1.291032
1.291032
1.137064
1.137064
1.211786
1.211786
1.331202
1.331202
1.325336
1.325336
1.374225
1.374225
1.385297
1.385297
1.217056
1.217056
1.135634
1.135634
1.313665
1.313665
1.234462
1.234462
1.228019
1.228019
1.192998
1.192998
1.376439
1.376439
1.162251
1.162251
1.252084
1.252084
1.267529
1.267529
1.302820
1.302820
1.393634
1.393634
1.297326
1.297326
1.376755
1.376755
1.312409
1.312409
1.325149
1.325149
1.254160
1.254160
1.332007
1.332007
1.198431
1.198431
1.196167
1.196167
1.161779
1.161779
1.104412
1.104412
1.275288
1.275288
1.235765
1.235765
1.336104
1.336104
1.274730
1.274730
1.236806
1.236806
1.160493
1.160493
1.311580
1.311580
1.265400
1.265400
1.342229
1.342229
1.324576
1.324576
1.324016
1.324016
1.294371
1.294371
1.228855
1.228855
1.257526
1.257526
1.127282
1.127282
1.227700
1.227700
1.113414
1.113414
1.345989
1.345989
1.362545
1.362545
1.276477
1.276477
1.385349
1.385349
1.144463
1.144463
1.169869
1.169869
1.194573
1.194573
