1.223107
1.223107
1.267470
1.267470
1.391202
1.391202
1.360741
1.360741
1.272531
1.272531
1.396309
1.396309
1.099851
1.099851
1.296477
1.296477
1.198010
1.198010
1.215102
1.215102
1.363129
1.363129
1.378651
1.378651
1.198279
1.198279
1.337031
1.337031
1.242533
1.242533
1.129820
1.129820
1.147132
1.147132
1.342671
1.342671
1.357782
1.357782
1.396374
1.396374
1.092013
1.092013
1.303698
1.303698
1.287581
1.287581
1.348473
1.348473
1.279274
1.279274
1.217433
1.217433
1.399283
1.399283
1.300527
1.300527
1.344492
1.344492
1.365279
1.365279
1.343668
1.343668
1.245288
1.245288
1.251664
1.251664
1.144387
1.144387
1.299130
1.299130
1.332631
1.332631
1.215250
1.215250
1.294778
1.294778
1.373927
1.373927
1.288954
1.288954
1.118005
1.118005
1.325630
1.325630
1.259784
1.259784
1.214199
1.214199
1.233695
1.233695
1.316138
1.316138
1.102658
1.102658
1.389357
1.389357
1.307296
1.307296
1.018233
1.018233
1.165069
1.165069
1.217659
1.217659
1.358312
1.358312
1.328975
1.328975
1.233859
1.233859
1.338276
1.338276
1.371403
1.371403
1.273778
1.273778
1.266658
1.266658
1.205405
1.205405
1.255612
1.255612
