1.200028
1.200028
1.241805
1.241805
1.137669
1.137669
1.055379
1.055379
1.357597
1.357597
1.373284
1.373284
1.353837
1.353837
1.274843
1.274843
1.125773
1.125773
1.241116
1.241116
1.329033
1.329033
1.287967
1.287967
1.238269
1.238269
1.234012
1.234012
1.383440
1.383440
1.324137
1.324137
1.365902
1.365902
1.395330
1.395330
1.197253
1.197253
1.385914
1.385914
1.219891
1.219891
1.147141
1.147141
1.365263
1.365263
1.167384
1.167384
1.254400
1.254400
1.299549
1.299549
1.269981
1.269981
1.318141
1.318141
1.266221
1.266221
1.395013
1.395013
1.260395
1.260395
1.311467
1.311467
1.259058
1.259058
1.324256
1.324256
1.352500
1.352500
1.224758
1.224758
1.201237
1.201237
1.262257
1.262257
1.291652
1.291652
1.054843
1.054843
1.249068
1.249068
1.304936
1.304936
1.221742
1.221742
1.344079
1.344079
1.192247
1.192247
1.279640
1.279640
1.283917
1.283917
1.084890
1.084890
1.399951
1.399951
