1.345170
1.345170
1.347998
1.347998
1.210368
1.210368
1.210614
1.210614
1.230059
1.230059
1.287339
1.287339
1.321041
1.321041
1.289646
1.289646
1.391106
1.391106
1.274098
1.274098
1.282533
1.282533
1.395621
1.395621
1.336165
1.336165
1.120619
1.120619
1.388314
1.388314
1.276590
1.276590
1.387478
1.387478
1.271357
1.271357
1.118639
1.118639
1.287981
1.287981
1.288753
1.288753
1.281974
1.281974
1.399058
1.399058
1.140381
1.140381
1.328352
1.328352
1.355558
1.355558
1.281075
1.281075
1.390004
1.390004
1.066327
1.066327
1.381177
1.381177
1.312227
1.312227
1.217830
1.217830
1.287340
1.287340
1.250224
1.250224
1.390981
1.390981
1.277308
1.277308
1.360895
1.360895
1.189060
1.189060
1.056482
1.056482
1.376306
1.376306
1.377368
1.377368
1.104870
1.104870
