1.369120
1.369120
1.324903
1.324903
1.345014
1.345014
1.375461
1.375461
1.239420
1.239420
1.217095
1.217095
1.108589
1.108589
1.323389
1.323389
1.263240
1.263240
1.374350
1.374350
1.383900
1.383900
1.288534
1.288534
1.357609
1.357609
1.282347
1.282347
1.245339
1.245339
1.089162
1.089162
1.244842
1.244842
1.325366
1.325366
1.351162
1.351162
1.321974
1.321974
1.218711
1.218711
1.270282
1.270282
1.347544
1.347544
1.346893
1.346893
1.366749
1.366749
1.327378
1.327378
1.239191
1.239191
1.374003
1.374003
1.360211
1.360211
1.187392
1.187392
1.239454
1.239454
1.143106
1.143106
1.330924
1.330924
1.257810
1.257810
1.283117
1.283117
1.296284
1.296284
1.364931
1.364931
1.359122
1.359122
1.232145
1.232145
1.288737
1.288737
1.307763
1.307763
1.387124
1.387124
1.097584
1.097584
1.167381
1.167381
1.387758
1.387758
1.342343
1.342343
1.235216
1.235216
1.135493
1.135493
1.268793
1.268793
1.316373
1.316373
1.198366
1.198366
1.387999
1.387999
1.318687
1.318687
1.371484
1.371484
1.156657
1.156657
1.356720
1.356720
1.334888
1.334888
