1.306861
1.306861
1.398290
1.398290
1.119881
1.119881
1.398674
1.398674
1.060548
1.060548
1.126733
1.126733
1.371046
1.371046
1.204230
1.204230
1.341131
1.341131
1.313182
1.313182
1.346387
1.346387
1.230675
1.230675
1.339302
1.339302
1.183717
1.183717
1.187060
1.187060
1.343150
1.343150
1.339976
1.339976
1.224230
1.224230
1.379573
1.379573
1.283351
1.283351
1.239548
1.239548
1.214663
1.214663
1.076623
1.076623
1.230937
1.230937
1.122407
1.122407
1.208437
1.208437
1.253143
1.253143
1.311856
1.311856
1.108777
1.108777
1.307391
1.307391
1.138995
1.138995
1.351561
1.351561
1.220185
1.220185
1.351848
1.351848
1.198982
1.198982
1.266790
1.266790
1.288128
1.288128
1.370759
1.370759
1.231611
1.231611
