1.296524
1.296524
1.386056
1.386056
1.273600
1.273600
1.199196
1.199196
1.303077
1.303077
1.181625
1.181625
1.362428
1.362428
1.215068
1.215068
1.366880
1.366880
1.366034
1.366034
1.389523
1.389523
1.381578
1.381578
1.385414
1.385414
1.248139
1.248139
1.170764
1.170764
1.338940
1.338940
1.369121
1.369121
1.230292
1.230292
1.185403
1.185403
1.285290
1.285290
1.336707
1.336707
1.371290
1.371290
1.261084
1.261084
1.057249
1.057249
1.148447
1.148447
1.358504
1.358504
1.109141
1.109141
1.342714
1.342714
1.381347
1.381347
1.256804
1.256804
1.187586
1.187586
1.277133
1.277133
1.384160
1.384160
1.234044
1.234044
1.341596
1.341596
1.309748
1.309748
1.349171
1.349171
1.373586
1.373586
1.248931
1.248931
1.183226
1.183226
1.119546
1.119546
1.149183
1.149183
