1.248056
1.248056
1.329676
1.329676
1.352141
1.352141
1.354230
1.354230
1.319462
1.319462
1.285983
1.285983
1.320044
1.320044
1.229006
1.229006
1.250836
1.250836
1.382293
1.382293
1.364150
1.364150
1.381094
1.381094
1.316105
1.316105
1.137052
1.137052
1.165559
1.165559
1.396676
1.396676
1.354003
1.354003
1.326879
1.326879
1.365165
1.365165
1.394344
1.394344
1.326124
1.326124
1.254622
1.254622
1.254207
1.254207
1.379616
1.379616
1.304238
1.304238
1.358539
1.358539
1.296081
1.296081
1.363036
1.363036
1.316114
1.316114
1.158271
1.158271
1.288860
1.288860
1.184748
1.184748
1.212283
1.212283
1.271727
1.271727
1.167094
1.167094
1.256830
1.256830
1.396697
1.396697
1.340681
1.340681
1.322227
1.322227
1.252503
1.252503
1.301249
1.301249
1.274296
1.274296
1.334948
1.334948
1.335889
1.335889
1.250247
1.250247
1.397141
1.397141
1.365769
1.365769
1.396836
1.396836
1.378669
1.378669
1.223035
1.223035
1.373523
1.373523
1.272829
1.272829
1.205613
1.205613
1.205202
1.205202
1.143917
1.143917
1.381918
1.381918
1.350434
1.350434
1.374044
1.374044
1.361212
1.361212
