1.316970
1.316970
1.343054
1.343054
1.305659
1.305659
1.173062
1.173062
1.392132
1.392132
1.316445
1.316445
1.303864
1.303864
1.157727
1.157727
1.314701
1.314701
1.350829
1.350829
1.374492
1.374492
1.262489
1.262489
1.333291
1.333291
1.395626
1.395626
1.177271
1.177271
1.051739
1.051739
1.227431
1.227431
1.188767
1.188767
1.332152
1.332152
1.346560
1.346560
1.375571
1.375571
1.379600
1.379600
1.327588
1.327588
1.148660
1.148660
1.372993
1.372993
1.305188
1.305188
1.080757
1.080757
1.182819
1.182819
1.340180
1.340180
1.174865
1.174865
1.399012
1.399012
1.009593
1.009593
1.284054
1.284054
1.070517
1.070517
1.373670
1.373670
1.177121
1.177121
1.195573
1.195573
1.201498
1.201498
1.333930
1.333930
1.205218
1.205218
1.361346
1.361346
1.263250
1.263250
1.118554
1.118554
1.382757
1.382757
