1.281913
1.281913
1.382028
1.382028
1.197522
1.197522
1.391583
1.391583
1.352029
1.352029
1.378820
1.378820
1.103871
1.103871
1.357106
1.357106
1.361024
1.361024
1.112934
1.112934
1.322255
1.322255
1.254749
1.254749
1.307927
1.307927
1.348545
1.348545
1.229295
1.229295
1.146156
1.146156
1.090248
1.090248
1.065737
1.065737
1.335790
1.335790
1.173221
1.173221
1.367391
1.367391
1.326072
1.326072
1.098864
1.098864
1.370717
1.370717
1.391812
1.391812
1.260318
1.260318
1.398664
1.398664
1.338615
1.338615
1.369940
1.369940
1.380084
1.380084
1.266806
1.266806
1.273547
1.273547
1.192287
1.192287
1.268858
1.268858
1.260393
1.260393
1.364221
1.364221
1.275699
1.275699
1.180467
1.180467
1.248059
1.248059
1.313081
1.313081
1.392517
1.392517
1.262126
1.262126
1.235763
1.235763
1.203673
1.203673
1.355141
1.355141
1.386074
1.386074
1.341931
1.341931
1.083638
1.083638
1.204241
1.204241
1.291589
1.291589
1.095971
1.095971
1.144450
1.144450
1.347950
1.347950
1.159325
1.159325
1.332813
1.332813
1.301289
1.301289
1.309818
1.309818
1.397858
1.397858
1.215901
1.215901
1.375186
1.375186
1.350413
1.350413
1.399041
1.399041
1.192991
1.192991
1.028256
1.028256
1.287724
1.287724
1.388818
1.388818
1.058560
1.058560
1.359429
1.359429
1.222690
1.222690
1.190833
1.190833
1.323926
1.323926
1.222376
1.222376
1.298836
1.298836
1.372742
1.372742
1.026562
1.026562
1.352890
1.352890
