1.332391
1.332391
1.352302
1.352302
1.119589
1.119589
1.312388
1.312388
1.270913
1.270913
1.304256
1.304256
1.383338
1.383338
1.356744
1.356744
1.374294
1.374294
1.303123
1.303123
1.315256
1.315256
1.231754
1.231754
1.317858
1.317858
1.366143
1.366143
1.352171
1.352171
1.304044
1.304044
1.253363
1.253363
1.193340
1.193340
1.346380
1.346380
1.336838
1.336838
1.167540
1.167540
1.343903
1.343903
1.331532
1.331532
1.343472
1.343472
1.306430
1.306430
1.331263
1.331263
1.315294
1.315294
1.333967
1.333967
1.364065
1.364065
1.338606
1.338606
1.236513
1.236513
1.208917
1.208917
1.206655
1.206655
1.252207
1.252207
1.346364
1.346364
1.332400
1.332400
1.216951
1.216951
1.369862
1.369862
1.265262
1.265262
1.072611
1.072611
1.356528
1.356528
1.225143
1.225143
1.241806
1.241806
1.198747
1.198747
1.381012
1.381012
1.334396
1.334396
1.024220
1.024220
1.369110
1.369110
