1.387507
1.387507
1.376691
1.376691
1.383360
1.383360
1.345119
1.345119
1.345127
1.345127
1.244468
1.244468
1.195957
1.195957
1.191715
1.191715
1.063553
1.063553
1.225677
1.225677
1.364613
1.364613
1.343898
1.343898
1.062824
1.062824
1.159797
1.159797
1.364860
1.364860
1.281642
1.281642
1.294507
1.294507
1.275690
1.275690
1.231696
1.231696
1.156760
1.156760
1.356550
1.356550
1.286748
1.286748
1.108685
1.108685
1.147696
1.147696
1.271373
1.271373
1.260968
1.260968
1.066914
1.066914
1.399870
1.399870
1.300688
1.300688
1.329428
1.329428
1.367050
1.367050
1.254825
1.254825
1.272703
1.272703
1.365244
1.365244
1.387958
1.387958
1.393209
1.393209
1.280614
1.280614
1.322969
1.322969
1.312053
1.312053
1.381810
1.381810
1.344126
1.344126
1.316944
1.316944
1.382919
1.382919
1.389225
1.389225
1.250032
1.250032
1.343470
1.343470
1.354903
1.354903
1.226881
1.226881
1.356247
1.356247
1.222350
1.222350
1.398333
1.398333
1.087141
1.087141
1.296471
1.296471
1.146941
1.146941
1.339779
1.339779
1.310460
1.310460
