1.328979
1.328979
1.224085
1.224085
1.270140
1.270140
1.329196
1.329196
1.349191
1.349191
1.253695
1.253695
1.163450
1.163450
1.375076
1.360739
1.360739
1.375076
1.351507
1.351507
1.203036
1.203036
1.365137
1.365137
1.303294
1.303294
1.344284
1.344284
1.239856
1.239856
1.299940
1.299940
1.377875
1.377875
1.354044
1.354044
1.252206
1.252206
1.388353
1.388353
1.067394
1.067394
1.048157
1.048157
1.274500
1.274500
1.243083
1.243083
1.353536
1.353536
1.342570
1.342570
1.338725
1.338725
1.066886
1.066886
1.353259
1.353259
1.137474
1.137474
1.254970
1.254970
1.148442
1.148442
1.324604
1.324604
1.292666
1.292666
1.301471
1.301471
1.248102
1.248102
1.396069
1.396069
1.326237
1.326237
1.239729
1.239729
1.103377
1.103377
1.221226
1.221226
1.259522
1.259522
1.265819
1.265819
1.313336
1.313336
1.344587
1.344587
1.203775
1.203775
1.394514
1.394514
1.282676
1.282676
1.376989
1.376989
1.188180
1.188180
1.313357
1.313357
