1.365159
1.365159
1.399858
1.399858
1.362992
1.362992
1.185960
1.185960
1.109371
1.109371
1.254107
1.254107
1.237693
1.237693
1.272735
1.272735
1.230187
1.230187
1.254255
1.254255
1.182541
1.182541
1.223713
1.223713
1.079911
1.079911
1.068146
1.068146
1.395484
1.395484
1.366390
1.366390
1.175433
1.175433
1.310696
1.310696
1.361317
1.361317
1.247748
1.247748
1.367018
1.367018
1.340197
1.340197
1.069118
1.069118
1.245558
1.245558
1.343856
1.343856
1.395408
1.395408
1.309470
1.309470
1.024063
1.024063
1.236904
1.236904
1.269310
1.269310
1.087397
1.087397
1.338479
1.338479
1.362427
1.362427
1.362753
1.362753
1.267003
1.267003
1.213408
1.213408
1.120659
1.120659
1.387876
1.387876
1.334307
1.334307
1.185551
1.185551
1.336352
1.336352
1.300740
1.300740
1.372844
1.372844
1.161964
1.161964
1.110139
1.110139
1.380432
1.380432
1.276407
1.276407
1.218246
1.218246
1.370441
1.370441
1.147336
1.147336
1.368717
1.368717
1.270239
1.270239
1.300252
1.300252
1.369661
1.369661
1.346070
1.346070
1.251695
1.251695
1.349233
1.349233
1.267350
1.267350
1.082579
1.082579
1.275128
1.275128
1.347782
1.347782
1.347791
1.347791
