1.394863
1.394863
1.341688
1.341688
1.260619
1.260619
1.268299
1.268299
1.378650
1.378650
1.268707
1.268707
1.182242
1.182242
1.294842
1.294842
1.336233
1.336233
1.387272
1.387272
1.081587
1.081587
1.335199
1.335199
1.136267
1.136267
1.362546
1.362546
1.216335
1.216335
1.123504
1.123504
1.129768
1.129768
1.255376
1.255376
1.201137
1.201137
1.311587
1.311587
1.056039
1.056039
1.221308
1.221308
1.373850
1.373850
1.381307
1.381307
1.345908
1.345908
1.293463
1.293463
1.174905
1.174905
1.344918
1.344918
1.197174
1.197174
1.323445
1.323445
1.164307
1.164307
1.390699
1.390699
1.358679
1.358679
1.230950
1.230950
1.365442
1.365442
1.333124
1.333124
1.185240
1.185240
1.291043
1.291043
1.389535
1.389535
1.244626
1.244626
1.254300
1.254300
1.292054
1.292054
1.297095
1.297095
1.308917
1.308917
1.398979
1.398979
1.339661
1.339661
1.173832
1.173832
1.123180
1.123180
1.367982
1.367982
1.353434
1.353434
1.377751
1.377751
1.219809
1.219809
1.236201
1.236201
1.333238
1.333238
1.335298
1.335298
1.276682
1.276682
1.281928
1.281928
1.244473
1.244473
1.361289
1.361289
1.319256
1.319256
1.319860
1.319860
1.339540
1.339540
