1.318319
1.318319
1.329064
1.329064
1.342837
1.342837
1.380605
1.380605
1.102729
1.102729
1.294230
1.294230
1.142922
1.142922
1.272699
1.272699
1.345652
1.345652
1.396027
1.396027
1.170952
1.170952
1.347009
1.347009
1.295644
1.295644
1.386763
1.386763
1.313583
1.313583
1.361602
1.361602
1.348997
1.388418
1.348997
1.388418
1.361602
1.361602
1.359703
1.359703
1.229068
1.229068
1.376159
1.376159
1.320020
1.320020
1.318829
1.318829
1.204624
1.204624
1.291897
1.291897
1.356790
1.356790
1.256977
1.256977
1.285751
1.285751
1.156876
1.156876
1.351109
1.351109
1.209317
1.209317
1.363553
1.363553
1.397200
1.397200
1.325386
1.325386
1.348690
1.348690
1.322623
1.322623
1.230535
1.230535
1.231418
1.231418
1.353672
1.353672
1.273419
1.273419
1.272683
1.272683
1.368630
1.368630
1.085591
1.085591
1.277075
1.277075
1.079077
1.079077
1.382827
1.382827
