1.213619
1.213619
1.231509
1.207672
1.231509
1.207672
1.307421
1.307421
1.352278
1.352278
1.354297
1.354297
1.185711
1.185711
1.037078
1.037078
1.298320
1.298320
1.398684
1.398684
1.259419
1.259419
1.299205
1.299205
1.349568
1.349568
1.177965
1.177965
1.358433
1.358433
1.364615
1.364615
1.158322
1.158322
1.337466
1.337466
1.342716
1.342716
1.208915
1.208915
1.370102
1.370102
1.274437
1.270283
1.270283
1.274437
1.228016
1.228016
1.207655
1.207655
1.263119
1.263119
1.300096
1.300096
1.370218
1.370218
1.216419
1.216419
1.393069
1.393069
1.359472
1.359472
1.181350
1.181350
1.360156
1.360156
1.154892
1.154892
1.355553
1.355553
1.356501
1.356501
1.397689
1.397689
1.259970
1.259970
1.399010
1.399010
1.333050
1.333050
1.238200
1.238200
1.312869
1.312869
1.222851
1.222851
1.378274
1.378274
1.188889
1.188889
1.313263
1.313263
1.396701
1.396701
1.226743
1.226743
1.217955
1.217955
1.323253
1.323253
1.355195
1.355195
1.243389
1.243389
1.339375
1.339375
1.276336
1.276336
1.215997
1.215997
1.357880
1.357880
1.168121
1.168121
1.375438
1.375438
1.362274
1.362274
1.195051
1.195051
1.337911
1.337911
1.286257
1.286257
1.334663
1.334663
1.305897
1.305897
1.353745
1.353745
1.118021
1.118021
1.301701
1.301701
1.377147
1.377147
1.299416
1.299416
1.113576
1.113576
1.380898
1.380898
1.399636
1.399636
1.304865
1.304865
1.390188
1.390188
1.368743
1.368743
1.177103
1.177103
1.211152
1.211152
1.174255
1.174255
1.204675
1.204675
1.291944
1.291944
1.379263
1.379263
1.304681
1.304681
1.249888
1.249888
1.255878
1.255878
1.230321
1.230321
1.108397
1.108397
1.263910
1.263910
1.350214
1.350214
1.250210
1.250210
1.218970
1.218970
1.315966
1.315966
1.201837
1.201837
1.371369
1.371369
1.395560
1.395560
1.334077
1.334077
1.308667
1.308667
1.346769
1.346769
1.108243
1.108243
1.223023
1.223023
1.249932
1.249932
1.396454
1.396454
1.355193
1.355193
1.237257
1.237257
1.329973
1.329973
1.364761
1.364761
1.345150
1.345150
1.279345
1.279345
1.127998
1.127998
1.255760
1.255760
1.131630
1.131630
1.262896
1.262896
1.363994
1.363994
1.381043
1.381043
1.018030
1.018030
1.101346
1.101346
1.248841
1.248841
1.184557
1.184557
1.396295
1.396295
1.294540
1.294540
1.244059
1.244059
1.352871
1.352871
1.041912
1.041912
1.288593
1.288593
1.310258
1.310258
1.376944
1.376944
1.290037
1.290037
1.354067
1.354067
1.214463
1.214463
1.317906
1.317906
1.044852
1.044852
1.078304
1.078304
1.179587
1.179587
1.316509
1.316509
1.374047
1.374047
1.366948
1.366948
1.378143
1.378143
1.343936
1.343936
1.361071
1.361071
1.176748
1.176748
1.309732
1.309732
1.373551
1.373551
1.246994
1.246994
1.319053
1.319053
1.359118
1.359118
1.164418
1.164418
1.380911
1.380911
1.341360
1.341360
1.342143
1.342143
1.352359
1.352359
1.392630
1.392630
1.374271
1.374271
1.057803
1.057803
1.231543
1.231543
1.298298
1.298298
1.263920
1.263920
1.398135
1.398135
1.225402
1.225402
1.379269
1.379269
1.391065
1.391065
1.302472
1.302472
1.306206
1.306206
1.363454
1.363454
1.209924
1.209924
1.309606
1.309606
1.105796
1.105796
1.341153
1.341153
1.393145
1.393145
1.363753
1.363753
1.363367
1.363367
1.356173
1.356173
1.363548
1.363548
1.359271
1.359271
1.322904
1.322904
1.202921
1.202921
1.213938
1.213938
1.359789
1.359789
1.166783
1.166783
1.276072
1.276072
1.370553
1.370553
1.385667
1.385667
1.341329
1.341329
1.316073
1.316073
1.098135
1.098135
1.095585
1.095585
1.328398
1.328398
1.264071
1.264071
1.311157
1.311157
1.376893
1.376893
1.099254
1.099254
1.396372
1.396372
1.217707
1.217707
1.215585
1.215585
1.303578
1.303578
1.395513
1.395513
1.381520
1.382748
1.382748
1.381520
1.160133
1.160133
1.357831
1.357831
1.370089
1.370089
1.374626
1.374626
1.281488
1.281488
1.281183
1.281183
1.279644
1.279644
1.340714
1.340714
1.229048
1.229048
1.203340
1.203340
1.280233
1.280233
1.262304
1.262304
