1.306911
1.306911
1.336449
1.336449
1.333907
1.333907
1.208712
1.208712
1.336832
1.135716
1.135716
1.336832
1.353562
1.353562
1.258984
1.258984
1.269832
1.269832
1.388729
1.388729
1.301760
1.301760
1.374219
1.374219
1.390288
1.390288
1.354415
1.354415
1.252679
1.252679
1.246961
1.162652
1.162652
1.246961
1.099119
1.099119
1.348245
1.348245
1.379503
1.379503
1.387904
1.387904
1.202815
1.202815
1.237480
1.237480
1.248747
1.248747
1.243939
1.243939
1.170145
1.170145
1.335119
1.335119
1.393802
1.393802
1.323611
1.323611
1.381203
1.381203
1.193576
1.193576
1.335957
1.335957
1.186029
1.186029
1.375612
1.375612
1.119145
1.119145
1.365305
1.365305
1.333936
1.333936
1.362401
1.362401
1.313915
1.313915
1.226216
1.226216
1.304063
1.304063
1.320514
1.320514
1.318731
1.318731
1.373635
1.373635
1.119942
1.119942
1.216829
1.216829
1.211681
1.211681
1.398852
1.398852
1.238014
1.238014
1.367984
1.367984
1.279495
1.279495
1.256312
1.256312
1.263868
1.263868
1.390668
1.390668
1.296449
1.296449
1.341251
1.341251
1.172433
1.172433
1.209677
1.209677
1.391027
1.391027
1.292160
1.292160
1.360111
1.360111
1.338100
1.338100
1.343154
1.343154
1.340563
1.340563
1.217942
1.342450
1.116382
1.116382
1.342450
1.217942
1.055198
1.055198
1.057435
1.057435
1.247473
1.247473
1.183878
1.183878
1.081524
1.081524
1.356821
1.356821
1.120446
1.120446
1.055071
1.055071
1.263138
1.263138
1.329841
1.329841
1.209036
1.209036
1.349747
1.349747
1.270820
1.270820
1.169918
1.169918
1.370334
1.370334
1.135468
1.135468
1.391678
1.391678
1.296738
1.296738
1.205572
1.205572
1.199084
1.199084
1.167681
1.167681
1.292070
1.292070
1.186733
1.186733
1.393201
1.393201
1.247735
1.247735
1.265768
1.265768
1.339776
1.339776
1.300596
1.300596
1.142267
1.142267
1.098858
1.098858
1.132377
1.132377
1.333827
1.333827
1.187641
1.187641
1.215900
1.215900
1.200839
1.200839
1.157060
1.157060
1.271967
1.271967
1.329270
1.329270
1.064045
1.064045
1.346386
1.346386
1.364877
1.364877
1.311078
1.311078
1.355734
1.355734
1.394983
1.394983
1.309356
1.309356
1.221580
1.221580
1.351022
1.351022
1.290907
1.290907
1.374573
1.374573
1.252441
1.252441
1.314966
1.314966
1.313500
1.313500
1.155012
1.155012
1.294700
1.294700
1.361136
1.361136
1.340615
1.340615
1.311475
1.311475
1.207781
1.207781
1.337236
1.337236
1.234577
1.234577
1.360078
1.360078
1.268419
1.268419
1.286555
1.286555
1.264905
1.264905
1.360034
1.360034
1.327028
1.327028
1.350330
1.350330
1.201900
1.201900
1.376369
1.376369
1.222861
1.222861
1.104596
1.104596
1.269239
1.269239
1.257136
1.257136
1.205912
1.205912
1.330716
1.330716
1.257336
1.257336
1.161273
1.161273
1.388301
1.388301
1.370577
1.370577
1.261619
1.261619
1.203090
1.203090
1.211676
1.211676
1.279847
1.279847
1.255498
1.255498
1.316897
1.316897
1.244358
1.244358
1.224060
1.224060
1.211535
1.211535
1.141726
1.141726
1.379817
1.379817
1.339123
1.339123
1.195918
1.195918
1.176514
1.176514
1.364060
1.364060
1.129048
1.129048
1.159500
1.159500
1.284410
1.284410
1.267833
1.267833
1.295717
1.295717
1.388616
1.388616
1.399935
1.399935
1.393387
1.393387
1.272490
1.272490
1.332363
1.332363
1.314658
1.314658
1.395163
1.395163
1.147289
1.147289
