1.229946
1.229946
1.365143
1.365143
1.347815
1.347815
1.319983
1.319983
1.255932
1.255932
1.261050
1.261050
1.382020
1.382020
1.320587
1.320587
1.316302
1.316302
1.306352
1.306352
1.394274
1.394274
1.094888
1.094888
1.186098
1.186098
1.282580
1.282580
1.367670
1.367670
1.248882
1.248882
1.344087
1.344087
1.357667
1.357667
1.199793
1.199793
1.327217
1.327217
1.343275
1.343275
1.399813
1.399813
1.279426
1.279426
1.329995
1.329995
1.148684
1.148684
1.349616
1.349616
1.154024
1.154024
1.327553
1.327553
1.392253
1.392253
1.247789
1.247789
1.242496
1.242496
1.390987
1.390987
1.396342
1.396342
1.368257
1.368257
1.282560
1.282560
1.309969
1.309969
1.266206
1.266206
1.190058
1.190058
1.166849
1.166849
1.350465
1.350465
1.361579
1.361579
1.266543
1.266543
1.396199
1.396199
1.366628
1.366628
1.161800
1.161800
1.119714
1.119714
1.390865
1.390865
1.277468
1.277468
1.239149
1.239149
1.393250
1.393250
1.345569
1.345569
1.396530
1.396530
1.322779
1.322779
1.312989
1.312989
1.378127
1.378127
1.309633
1.309633
1.372992
1.372992
1.305360
1.305360
1.317188
1.317188
1.323709
1.323709
1.235415
1.235415
1.362124
1.362124
1.155041
1.155041
1.256122
1.256122
1.359631
1.359631
1.181940
1.181940
1.342003
1.342003
1.094613
1.094613
1.294043
1.294043
1.253190
1.253190
1.196811
1.196811
1.388194
1.388194
1.168697
1.168697
1.381524
1.381524
1.377221
1.377221
1.113188
1.113188
1.149859
1.316407
1.316407
1.149859
1.087010
1.087010
1.206867
1.206867
1.367117
1.367117
1.358308
1.358308
1.357990
1.357990
1.209732
1.209732
1.166080
1.166080
1.343166
1.343166
1.148667
1.148667
1.313581
1.094507
1.313581
1.094507
1.317795
1.317795
1.201932
1.201932
1.368076
1.368076
1.370084
1.370084
1.148591
1.148591
1.182631
1.182631
1.371954
1.371954
1.208356
1.208356
1.115336
1.115336
1.163574
1.163574
1.351731
1.351731
1.189101
1.189101
1.392343
1.392343
1.220331
1.220331
1.393563
1.393563
1.307769
1.357078
1.307769
1.357078
1.070694
1.070694
1.106117
1.106117
1.391093
1.391093
1.391730
1.391730
1.272990
1.272990
1.344973
1.344973
1.386770
1.386770
1.289925
1.289925
1.200721
1.200721
1.032901
1.032901
1.271456
1.271456
1.355409
1.355409
1.346685
1.346685
1.398602
1.398602
1.221665
1.221665
1.192486
1.192486
1.338478
1.338478
1.381858
1.381858
1.360976
1.360976
1.342753
1.342753
1.265417
1.265417
1.251406
1.251406
1.198547
1.198547
1.240597
1.240597
1.208868
1.208868
1.263904
1.263904
1.092531
1.092531
1.206448
1.206448
1.296040
1.296040
1.375586
1.375586
1.283329
1.283329
1.375999
1.375999
1.309102
1.309102
1.307446
1.307446
1.366513
1.366513
1.280752
1.280752
1.314283
1.314283
1.373956
1.373956
1.313491
1.313491
1.383615
1.383615
1.292165
1.292165
1.270134
1.270134
1.265379
1.265379
1.313118
1.313118
1.258799
1.258799
1.273115
1.273115
1.336410
1.336410
1.290586
1.290586
1.376967
1.376967
1.221452
1.221452
1.073816
1.073816
1.120099
1.120099
1.323209
1.323209
1.256141
1.256141
1.399558
1.399558
1.334347
1.334347
1.210913
1.210913
1.307223
1.307223
1.348421
1.348421
1.353039
1.353039
1.291969
1.291969
1.344847
1.344847
1.390585
1.390585
1.291992
1.291992
1.354326
1.354326
1.213424
1.213424
1.315341
1.315341
1.296670
1.296670
1.237064
1.237064
1.395398
1.395398
1.150630
1.150630
1.287571
1.287571
1.290413
1.290413
1.273667
1.273667
1.325249
1.325249
1.304722
1.304722
1.217104
1.217104
1.234221
1.234221
1.210860
1.210860
1.054666
1.054666
1.104187
1.104187
1.372067
1.372067
1.291967
1.291967
1.261366
1.261366
1.206731
1.206731
1.239276
1.239276
1.311403
1.311403
1.293580
1.293580
1.218284
1.218284
1.031421
1.031421
1.304866
1.304866
1.397940
1.397940
1.200803
1.200803
1.382762
1.382762
1.118111
1.118111
1.314196
1.314196
1.366088
1.366088
1.397659
1.397659
1.393691
1.393691
1.347836
1.347836
1.155869
1.155869
1.366062
1.366062
1.276713
1.276713
1.361703
1.361703
1.194277
1.194277
1.212292
1.212292
1.202713
1.202713
1.360629
1.360629
1.347249
1.347249
1.331819
1.331819
