1.360567
1.360567
1.330376
1.330376
1.298412
1.298412
1.341245
1.341245
1.373325
1.331740
1.373325
1.331740
1.315743
1.315743
1.216756
1.216756
1.308493
1.308493
1.218879
1.218879
1.378018
1.378018
1.108919
1.108919
1.201548
1.201548
1.389093
1.389093
1.360637
1.360637
1.346017
1.346017
1.371036
1.251031
1.371036
1.251031
1.320020
1.320020
1.399103
1.399103
1.336556
1.336556
1.248658
1.248658
1.349397
1.349397
1.395296
1.395296
1.080187
1.080187
1.365030
1.365030
1.385275
1.385275
1.286411
1.286411
1.379953
1.379953
1.228184
1.228184
1.238589
1.238589
1.334327
1.334327
1.301547
1.301547
1.287903
1.287903
1.245262
1.245262
1.190395
1.190395
1.289478
1.289478
1.313401
1.313401
1.276650
1.276650
1.090651
1.090651
1.351950
1.351950
1.199843
1.199843
1.353218
1.353218
1.323369
1.323369
1.317106
1.317106
1.285875
1.285875
1.361545
1.361545
1.066060
1.066060
1.395465
1.395465
1.370201
1.092533
1.092533
1.370201
1.278355
1.278355
1.270025
1.270025
1.303621
1.303621
1.197849
1.197849
1.187245
1.187245
1.382120
1.382120
1.387190
1.387190
1.275739
1.275739
1.174420
1.174420
1.341410
1.341410
1.370782
1.370782
1.201437
1.201437
1.106982
1.106982
1.363262
1.363262
1.385294
1.385294
1.226582
1.226582
1.352148
1.352148
1.394645
1.394645
1.390944
1.390944
1.371869
1.371869
1.328690
1.328690
1.348810
1.348810
1.179953
1.179953
1.287889
1.287889
1.216321
1.216321
1.180341
1.180341
1.216594
1.216594
1.327319
1.327319
1.288315
1.288315
1.300949
1.300949
1.398641
1.398641
1.339940
1.339940
1.347670
1.347670
1.018884
1.018884
1.350471
1.350471
1.335814
1.335814
1.397012
1.397012
1.364466
1.364466
1.289216
1.289216
1.337669
1.337669
1.311837
1.311837
1.172043
1.172043
1.339446
1.339446
1.326612
1.326612
1.376160
1.376160
1.304091
1.304091
1.338813
1.338813
1.359644
1.359644
1.317481
1.317481
1.324444
1.324444
1.275052
1.275052
1.237122
1.237122
1.399441
1.399441
1.205625
1.205625
1.331934
1.331934
1.220737
1.220737
1.145665
1.145665
1.164087
1.164087
1.358412
1.358412
1.198929
1.198929
1.342237
1.342237
1.155156
1.155156
1.390411
1.390411
1.350547
1.350547
1.313928
1.313928
1.393369
1.393369
1.125140
1.125140
1.215587
1.215587
1.390932
1.390932
1.269309
1.269309
1.378955
1.378955
1.226065
1.226065
1.366389
1.366389
1.112849
1.112849
1.266853
1.266853
1.264804
1.264804
1.189634
1.189634
1.362233
1.362233
1.232670
1.232670
1.358873
1.358873
1.265671
1.265671
1.078651
1.078651
1.386651
1.386651
1.361036
1.361036
1.381027
1.381027
1.237041
1.237041
1.070830
1.070830
1.368080
1.368080
1.335925
1.335925
1.386809
1.386809
1.326221
1.326221
1.376453
1.376453
1.240397
1.240397
1.247077
1.247077
1.387323
1.387323
1.340938
1.340938
1.281277
1.281277
1.335370
1.335370
1.198124
1.198124
1.386853
1.386853
1.321277
1.321277
1.330572
1.330572
1.211056
1.211056
1.256085
1.256085
1.374573
1.374573
1.356615
1.356615
1.249096
1.249096
1.347581
1.347581
1.185943
1.185943
1.344434
1.344434
1.357092
1.357092
1.194252
1.194252
1.199997
1.199997
1.076766
1.076766
1.331442
1.331442
1.312074
1.312074
1.395221
1.395221
1.337486
1.337486
1.313409
1.313409
1.328556
1.328556
1.233970
1.233970
1.382919
1.382919
1.283086
1.283086
1.261290
1.261290
1.258115
1.258115
1.216680
1.216680
1.167366
1.167366
1.238091
1.238091
1.156022
1.156022
1.268542
1.268542
1.336341
1.336341
1.247832
1.247832
1.286487
1.286487
1.386803
1.386803
1.222713
1.222713
1.259045
1.259045
1.189043
1.189043
1.348000
1.348000
1.114951
1.114951
1.246400
1.246400
1.227400
1.227400
1.301830
1.301830
1.320680
1.320680
1.196808
1.196808
1.202332
1.202332
1.353988
1.353988
1.276988
1.276988
1.264267
1.264267
1.191127
1.191127
1.281482
1.281482
1.382651
1.382651
1.247757
1.247757
1.270458
1.270458
1.339803
1.339803
1.395182
1.395182
1.281407
1.281407
1.355369
1.355369
1.148567
1.148567
1.382748
1.382748
1.328998
1.328998
1.214961
1.214961
1.304768
1.304768
1.322279
1.322279
1.378973
1.378973
