1.292949
1.292949
1.399583
1.399583
1.146453
1.146453
1.187017
1.187017
1.394504
1.394504
1.243042
1.243042
1.196717
1.196717
1.204191
1.204191
1.250277
1.250277
1.343884
1.343884
1.169522
1.169522
1.387480
1.387480
1.103978
1.103978
1.292014
1.292014
1.315875
1.315875
1.263599
1.263599
1.197188
1.197188
1.252416
1.252416
1.278445
1.278445
1.218499
1.218499
1.394583
1.394583
1.226685
1.226685
1.071392
1.071392
1.297777
1.297777
1.036018
1.394583
1.394583
1.036018
1.282687
1.282687
1.071392
1.071392
1.226685
1.226685
1.394583
1.394583
1.270893
1.270893
1.380045
1.380045
1.248647
1.248647
1.365037
1.365037
1.347360
1.347360
1.325478
1.325478
1.363738
1.363738
1.319042
1.319042
1.363600
1.363600
1.130703
1.130703
1.291761
1.329955
1.291761
1.329955
1.353123
1.353123
1.252035
1.252035
1.319601
1.319601
1.229130
1.229130
1.273584
1.273584
1.396222
1.396222
1.354417
1.354417
1.334961
1.334961
1.270626
1.270626
1.274604
1.321026
1.321026
1.274604
1.246895
1.246895
1.293748
1.293748
1.357383
1.357383
1.115900
1.115900
1.195532
1.195532
1.362535
1.362535
1.359381
1.359381
1.241228
1.241228
1.379386
1.379386
1.321403
1.321403
1.319793
1.319793
1.339523
1.339523
1.286650
1.286650
1.327911
1.327911
1.352225
1.352225
1.298287
1.298287
1.122076
1.122076
1.286598
1.286598
1.271357
1.271357
1.398512
1.398512
1.393883
1.393883
1.172132
1.172132
1.163536
1.163536
1.185092
1.185092
1.255143
1.255143
1.383473
1.383473
1.341296
1.341296
1.048292
1.048292
1.387674
1.387674
1.252699
1.252699
1.390306
1.390306
1.266570
1.266570
1.393376
1.393376
1.375905
1.375905
1.338657
1.338657
1.344960
1.344960
1.256653
1.256653
1.260354
1.260354
1.148344
1.148344
1.395605
1.395605
1.214452
1.214452
1.346625
1.346625
1.353151
1.353151
1.352111
1.352111
1.249986
1.249986
1.266974
1.266974
1.026235
1.026235
1.232909
1.232909
1.365738
1.365738
1.260622
1.260622
1.328648
1.328648
1.368422
1.368422
1.303365
1.303365
1.376788
1.376788
1.330455
1.330455
1.188920
1.188920
1.251455
1.251455
1.342666
1.342666
1.369906
1.369906
1.237692
1.237692
1.168436
1.168436
1.329399
1.329399
1.342632
1.342632
1.186556
1.186556
1.220423
1.220423
1.303847
1.303847
1.283308
1.283308
1.389906
1.389906
1.106247
1.106247
1.286531
1.286531
1.224098
1.224098
1.306618
1.306618
1.313804
1.313804
1.389550
1.389550
1.302071
1.302071
1.266407
1.266407
1.167442
1.167442
1.335070
1.335070
1.218754
1.218754
1.313144
1.313144
1.189397
1.189397
1.272566
1.272566
1.221067
1.221067
1.314130
1.314130
1.268430
1.268430
1.193019
1.193019
1.316012
1.316012
1.310613
1.310613
1.385586
1.385586
1.340321
1.340321
1.285615
1.285615
1.136615
1.136615
1.199754
1.199754
1.303716
1.303716
1.266670
1.266670
1.351787
1.351787
1.339114
1.339114
1.357353
1.357353
1.380712
1.380712
1.343196
1.343196
1.365318
1.365318
1.366548
1.366548
1.212911
1.212911
1.313939
1.313939
1.349472
1.349472
1.389105
1.389105
1.268761
1.268761
1.323731
1.323731
1.336681
1.336681
1.251777
1.251777
1.300024
1.300024
1.195859
1.195859
1.136459
1.136459
1.371228
1.371228
1.223355
1.223355
1.387995
1.387995
1.174701
1.174701
1.180874
1.180874
1.303014
1.303014
1.035265
1.035265
1.298227
1.298227
1.375177
1.375177
1.376199
1.376199
1.248535
1.248535
1.386865
1.386865
1.270337
1.270337
1.371186
1.371186
1.335758
1.335758
1.204512
1.204512
1.144994
1.144994
1.335068
1.335068
1.315857
1.315857
1.214337
1.214337
1.186659
1.186659
1.357186
1.357186
1.240301
1.240301
1.314635
1.314635
1.109922
1.109922
1.114879
1.114879
1.302248
1.302248
1.384397
1.384397
1.210985
1.210985
1.282821
1.282821
1.150184
1.150184
1.317516
1.317516
1.174063
1.174063
1.180598
1.180598
1.366074
1.366074
1.352720
1.352720
1.371213
1.371213
