1.046350
1.046350
1.091114
1.091114
1.245378
1.245378
1.387876
1.387876
1.246307
1.246307
1.387728
1.387728
1.305081
1.305081
1.381575
1.381575
1.372679
1.372679
1.361513
1.361513
1.345759
1.345759
1.103964
1.103964
1.229719
1.229719
1.399894
1.399894
1.343509
1.343509
1.380313
1.380313
1.233964
1.233964
1.112121
1.112121
1.242500
1.242500
1.387225
1.387225
1.327889
1.327889
1.313392
1.313392
1.366722
1.366722
1.247423
1.247423
1.351313
1.351313
1.294145
1.294145
1.161793
1.161793
1.215381
1.215381
1.119240
1.119240
1.392577
1.392577
1.283473
1.283473
1.223464
1.223464
1.373013
1.373013
1.215536
1.215536
1.144018
1.144018
1.318731
1.318731
1.373384
1.373384
1.236552
1.236552
1.321993
1.321993
1.146896
1.146896
1.059816
1.059816
1.190585
1.190585
1.150083
1.150083
1.357569
1.357569
1.196090
1.196090
1.372083
1.372083
1.061099
1.061099
1.377527
1.377527
1.150907
1.150907
1.330234
1.330234
1.314666
1.314666
1.265217
1.265217
1.358684
1.358684
1.350950
1.350950
1.173862
1.173862
1.395614
1.395614
1.176144
1.176144
1.303421
1.303421
1.358823
1.358823
1.199060
1.199060
1.386356
1.386356
1.262053
1.262053
1.126884
1.126884
1.347586
1.347586
1.277918
1.277918
1.342637
1.342637
1.246482
1.246482
1.298650
1.298650
1.301328
1.301328
1.253490
1.253490
1.343243
1.343243
1.125848
1.125848
1.351306
1.351306
1.240689
1.240689
1.073523
1.073523
1.219115
1.219115
1.362455
1.362455
1.261192
1.261192
1.257797
1.257797
1.382375
1.382375
1.325578
1.325578
1.370814
1.370814
1.189374
1.189374
1.240026
1.240026
1.361614
1.361614
1.234964
1.234964
1.208278
1.208278
1.196601
1.196601
1.357071
1.357071
1.399012
1.399012
1.252550
1.252550
1.122592
1.122592
1.241530
1.241530
1.382070
1.382070
1.340796
1.340796
1.161798
1.161798
1.367327
1.367327
1.073591
1.073591
1.113886
1.113886
1.332077
1.332077
1.063811
1.063811
1.215245
1.215245
1.038217
1.294767
1.038217
1.294767
1.219787
1.219787
1.370945
1.370945
1.335349
1.335349
1.271910
1.271910
1.329760
1.329760
1.033430
1.033430
1.225284
1.225284
1.396898
1.396898
1.385077
1.385077
1.167427
1.167427
1.345735
1.345735
1.268945
1.268945
1.168173
1.168173
1.089624
1.089624
1.221822
1.221822
1.193949
1.193949
1.311188
1.311188
1.354700
1.354700
1.170031
1.170031
1.305129
1.305129
1.259707
1.259707
1.232954
1.370769
1.370769
1.232954
1.109422
1.109422
1.372896
1.372896
1.070375
1.070375
1.157225
1.157225
1.227921
1.227921
1.336285
1.336285
1.337741
1.337741
1.348955
1.348955
1.253969
1.253969
1.202459
1.202459
1.342072
1.342072
1.380979
1.380979
1.385911
1.385911
1.369229
1.369229
1.378094
1.378094
1.340158
1.340158
1.326418
1.326418
1.270699
1.270699
1.255549
1.255549
1.294767
1.294767
1.175012
1.175012
1.390186
1.390186
1.123292
1.123292
1.377051
1.377051
1.377237
1.377237
1.268342
1.268342
1.351810
1.351810
1.264779
1.264779
1.287865
1.287865
1.278976
1.278976
1.252459
1.252459
1.213676
1.213676
1.263675
1.263675
1.180648
1.180648
1.335771
1.335771
1.324312
1.324312
1.304297
1.304297
1.324924
1.324924
1.352631
1.352631
1.156678
1.156678
1.399150
1.399150
1.398074
1.398074
1.025644
1.025644
1.345395
1.345395
1.185462
1.185462
1.387136
1.387136
1.320706
1.320706
1.354760
1.354760
1.368079
1.368079
1.191783
1.191783
1.314337
1.314337
1.382250
1.382250
1.280487
1.280487
1.159370
1.159370
1.154111
1.154111
1.360976
1.360976
1.194296
1.194296
1.188708
1.188708
1.399353
1.399353
1.370715
1.370715
1.064919
1.064919
1.368932
1.368932
1.251716
1.251716
1.180675
1.180675
1.324755
1.324755
1.393185
1.393185
1.298705
1.298705
1.183417
1.183417
1.353376
1.353376
1.100936
1.100936
1.368832
1.368832
1.392273
1.392273
1.372641
1.372641
1.113616
1.113616
1.256319
1.256319
1.235220
1.235220
1.167673
1.167673
