1.233778
1.233778
1.346394
1.346394
1.320011
1.320011
1.300355
1.300355
1.264038
1.264038
1.349160
1.349160
1.241422
1.241422
1.319739
1.319739
1.395540
1.395540
1.371292
1.371292
1.035610
1.035610
1.119473
1.119473
1.332201
1.332201
1.110685
1.110685
1.278051
1.278051
1.242112
1.242112
1.334685
1.334685
1.384572
1.384572
1.360425
1.360425
1.327149
1.327149
1.211031
1.211031
1.334501
1.334501
1.192984
1.192984
1.292834
1.292834
1.351576
1.351576
1.231587
1.231587
1.360162
1.360162
1.316439
1.316439
1.348477
1.348477
1.242835
1.242835
1.217224
1.217224
1.085574
1.085574
1.396673
1.396673
1.324151
1.324151
1.362411
1.362411
1.267621
1.267621
1.298461
1.298461
1.156530
1.156530
1.328094
1.250112
1.250112
1.328094
1.226517
1.226517
1.338036
1.338036
1.185711
1.185711
1.387923
1.387923
1.369475
1.369475
1.350839
1.350839
1.259119
1.259119
1.282789
1.282789
1.233158
1.233158
1.095825
1.095825
1.342745
1.342745
1.247367
1.247367
1.054944
1.054944
1.228588
1.228588
1.225885
1.225885
1.316288
1.316288
1.270375
1.270375
1.373862
1.373862
1.357730
1.357730
1.180679
1.180679
1.291250
1.291250
1.153380
1.153380
1.289038
1.289038
1.134946
1.134946
1.343394
1.343394
1.353971
1.353971
1.363481
1.363481
1.326424
1.326424
1.183022
1.183022
1.279493
1.279493
1.348322
1.348322
1.344037
1.344037
1.326159
1.326159
1.293073
1.293073
1.261888
1.261888
1.296819
1.296819
1.224020
1.224020
1.237384
1.237384
1.367728
1.367372
1.367372
1.367728
1.209287
1.209287
1.274876
1.274876
1.231446
1.231446
1.151765
1.151765
1.261915
1.261915
1.315878
1.315878
1.291492
1.291492
1.275088
1.275088
1.387049
1.387049
1.387598
1.387598
1.300783
1.300783
1.162544
1.162544
1.037786
1.037786
1.285581
1.285581
1.369717
1.369717
1.384257
1.384257
1.172288
1.172288
1.190940
1.190940
1.224767
1.224767
1.240661
1.240661
1.357822
1.357822
1.236264
1.236264
1.292662
1.292662
1.339273
1.339273
1.239727
1.239727
1.169576
1.169576
1.302434
1.302434
1.284371
1.284371
1.384342
1.384342
1.220631
1.220631
1.309409
1.309409
1.072808
1.072808
1.044450
1.044450
1.369225
1.369225
1.351314
1.351314
1.145760
1.145760
1.207672
1.191382
1.191382
1.207672
1.204078
1.204078
1.122727
1.122727
1.358451
1.358451
1.082386
1.082386
1.300010
1.300010
1.342990
1.342990
1.376326
1.376326
1.336580
1.336580
1.333671
1.333671
1.394763
1.394763
1.321089
1.321089
1.349743
1.349743
1.271612
1.271612
1.139721
1.139721
1.348550
1.348550
1.384894
1.384894
1.335031
1.335031
1.264905
1.264905
1.394556
1.394556
1.092724
1.092724
1.273673
1.273673
1.384444
1.384444
1.276710
1.276710
1.198068
1.198068
1.301503
1.301503
1.106445
1.106445
1.333882
1.333882
1.298995
1.298995
1.351962
1.351962
1.188633
1.188633
1.335778
1.335778
1.247443
1.247443
1.388433
1.388433
1.204513
1.204513
1.350602
1.350602
1.321560
1.321560
1.210236
1.210236
1.344628
1.344628
1.108473
1.108473
1.393565
1.393565
1.238029
1.238029
1.324758
1.324758
1.325080
1.325080
1.218574
1.218574
1.160808
1.160808
1.318636
1.318636
1.204791
1.204791
1.267782
1.267782
1.393255
1.393255
1.332172
1.332172
1.364389
1.364389
1.228756
1.228756
1.329904
1.329904
1.286405
1.286405
1.371893
1.371893
1.180995
1.180995
1.312426
1.312426
1.131245
1.131245
1.287998
1.287998
1.244732
1.244732
1.347157
1.347157
1.138177
1.138177
1.237441
1.237441
1.389576
1.389576
1.204157
1.204157
1.130767
1.395615
1.130767
1.395615
1.363885
1.363885
1.398941
1.398941
1.054730
1.054730
1.238171
1.238171
