1.278227
1.278227
1.288131
1.288131
1.372530
1.372530
1.199911
1.199911
1.385346
1.385346
1.044638
1.044638
1.164830
1.164830
1.260368
1.260368
1.298001
1.298001
1.396248
1.396248
1.229021
1.229021
1.197299
1.197299
1.246261
1.246261
1.297186
1.297186
1.295211
1.295211
1.364491
1.224338
1.364491
1.224338
1.318092
1.318092
1.333543
1.333543
1.379786
1.379786
1.370438
1.370438
1.168203
1.168203
1.164847
1.285756
1.164847
1.285756
1.194781
1.194781
1.395620
1.395620
1.289879
1.289879
1.281118
1.281118
1.310392
1.310392
1.361837
1.361837
1.037902
1.037902
1.285064
1.285064
1.349329
1.349329
1.334853
1.334853
1.301798
1.137098
1.301798
1.137098
1.245651
1.245651
1.386818
1.386818
1.318256
1.318256
1.143141
1.143141
1.359759
1.359759
1.375543
1.375543
1.180368
1.180368
1.356794
1.356794
1.285269
1.285269
1.395507
1.395507
1.150540
1.150540
1.304362
1.304362
1.276196
1.276196
1.255675
1.255675
1.207930
1.207930
1.335827
1.335827
1.215420
1.361875
1.215420
1.361875
1.398439
1.398439
1.314834
1.314834
1.346256
1.346256
1.293618
1.293618
1.250189
1.250189
1.390319
1.390319
1.304274
1.304274
1.256763
1.256763
1.272072
1.272072
1.309887
1.309887
1.238064
1.238064
1.236184
1.236184
1.396029
1.396029
1.249884
1.249884
1.374693
1.374693
1.349651
1.349651
1.314604
1.314604
1.285593
1.285593
1.359983
1.359983
1.286238
1.286238
1.150472
1.150472
1.373119
1.373119
1.292768
1.292768
1.296044
1.296044
1.364656
1.364656
1.292785
1.292785
1.087294
1.087294
1.328861
1.296488
1.328861
1.296488
1.373696
1.373696
1.168389
1.168389
1.269581
1.269581
1.310071
1.310071
1.172836
1.172836
1.364011
1.364011
1.153963
1.153963
1.334443
1.334443
1.329713
1.329713
1.164183
1.164183
1.379001
1.379001
1.248892
1.248892
1.099274
1.099274
1.152061
1.152061
1.380594
1.380594
1.318834
1.318834
1.342744
1.342744
1.144475
1.144475
1.386656
1.386656
1.256628
1.256628
1.105539
1.105539
1.275442
1.275442
1.238242
1.238242
1.159913
1.159913
1.347995
1.347995
1.079581
1.079581
1.389205
1.389205
1.256270
1.256270
1.392724
1.392724
1.057354
1.057354
1.386033
1.386033
1.145797
1.145797
1.179250
1.179250
1.255025
1.255025
1.276473
1.276473
1.174891
1.174891
1.381960
1.381960
1.295113
1.295113
1.276204
1.276204
1.285418
1.285418
1.261828
1.261828
1.223038
1.223038
1.348428
1.348428
1.277167
1.277167
1.360167
1.360167
1.311441
1.311441
1.288329
1.288329
1.282286
1.282286
1.349637
1.349637
1.199121
1.199121
1.372664
1.372664
1.251484
1.251484
1.374880
1.374880
1.305327
1.305327
1.242123
1.242123
1.336570
1.336570
1.215516
1.215516
1.252382
1.252382
1.391943
1.391943
1.153082
1.153082
1.271241
1.271241
1.209056
1.209056
1.308137
1.308137
1.282044
1.282044
1.377082
1.377082
1.144652
1.144652
1.266811
1.266811
1.349528
1.349528
1.175196
1.175196
1.295933
1.295933
1.325972
1.325972
1.361945
1.361945
1.350350
1.350350
1.349758
1.349758
1.278108
1.278108
1.271832
1.271832
1.296456
1.296456
1.175968
1.175968
1.333792
1.333792
1.300413
1.300413
1.315652
1.315652
1.381958
1.381958
1.238087
1.238087
1.095287
1.095287
1.253221
1.253221
1.196315
1.196315
1.115099
1.115099
1.385325
1.385325
1.255447
1.255447
1.338254
1.338254
1.362722
1.362722
1.243993
1.243993
1.024325
1.024325
1.235534
1.235534
1.315861
1.315861
1.303269
1.303269
1.212564
1.212564
1.039919
1.039919
1.343601
1.343601
1.191082
1.191082
1.211830
1.211830
1.319618
1.319618
1.327095
1.327095
1.325917
1.325917
1.373622
1.373622
1.248489
1.248489
1.063298
1.063298
1.333663
1.333663
1.356410
1.356410
1.309878
1.309878
1.131262
1.131262
1.055841
1.055841
1.266947
1.266947
1.389539
1.389539
1.373005
1.373005
