1.394538
1.394538
1.238545
1.238545
1.202668
1.236223
1.236223
1.202668
1.230472
1.230472
1.390246
1.390246
1.385911
1.202453
1.385911
1.202453
1.189486
1.189486
1.313921
1.313921
1.289775
1.289775
1.319439
1.251754
1.319439
1.251754
1.212947
1.212947
1.390246
1.391198
1.391198
1.390246
1.325800
1.325800
1.268000
1.268000
1.235667
1.235667
1.207869
1.207869
1.318327
1.318327
1.333781
1.007406
1.333781
1.007406
1.385762
1.385762
1.398416
1.398416
1.300609
1.300609
1.312595
1.312595
1.356523
1.356523
1.239235
1.239235
1.044612
1.044612
1.215046
1.215046
1.072149
1.072149
1.293020
1.293020
1.308110
1.308110
1.296612
1.296612
1.266153
1.070127
1.266153
1.070127
1.219646
1.219646
1.347378
1.347378
1.334535
1.334535
1.296498
1.296498
1.053751
1.372046
1.372046
1.053751
1.393674
1.393674
1.206361
1.206361
1.341714
1.341714
1.169108
1.169108
1.256366
1.256366
1.375342
1.375342
1.290807
1.290807
1.161887
1.161887
1.322273
1.322273
1.398918
1.398918
1.381854
1.330657
1.381854
1.330657
1.225724
1.225724
1.318442
1.318442
1.253554
1.253554
1.055987
1.055987
1.393142
1.393142
1.275011
1.275011
1.399844
1.399844
1.361630
1.361630
1.378417
1.378417
1.378772
1.378772
1.273650
1.273650
1.152381
1.152381
1.195146
1.195146
1.333922
1.333922
1.380291
1.380291
1.377266
1.377266
1.141631
1.159403
1.159403
1.141631
1.241868
1.241868
1.386111
1.386111
1.286474
1.286474
1.276044
1.276044
1.395225
1.395225
1.150006
1.150006
1.174820
1.174820
1.363894
1.363894
1.360500
1.360500
1.281328
1.281328
1.217063
1.217063
1.362254
1.380165
1.362254
1.380165
1.317943
1.317943
1.336306
1.336306
1.260713
1.215079
1.260713
1.215079
1.249357
1.249357
1.224222
1.224222
1.349910
1.349910
1.313262
1.313262
1.294120
1.294120
1.145720
1.145720
1.376654
1.376654
1.210145
1.210145
1.396065
1.396065
1.268094
1.268094
1.395013
1.395013
1.244130
1.244130
1.270474
1.270474
1.387121
1.387121
1.342938
1.342938
1.192699
1.192699
1.364000
1.364000
1.294316
1.294316
1.217074
1.217074
1.283993
1.283993
1.378976
1.378976
1.311624
1.311624
1.343812
1.343812
1.296199
1.296199
1.341404
1.341404
1.345763
1.345763
1.251277
1.251277
1.357327
1.357327
1.323180
1.323180
1.152594
1.152594
1.181976
1.181976
1.243005
1.243005
1.321775
1.321775
1.309306
1.309306
1.253984
1.253984
1.203088
1.203088
1.276830
1.276830
1.268617
1.268617
1.261897
1.261897
1.312102
1.312102
1.347305
1.347305
1.358789
1.358789
1.309593
1.309593
1.269272
1.269272
1.356501
1.356501
1.166669
1.166669
1.330711
1.330711
1.238969
1.238969
1.312066
1.312066
1.356128
1.356128
1.373365
1.373365
1.320696
1.320696
1.242641
1.242641
1.069589
1.069589
1.072631
1.072631
1.387192
1.387192
1.368131
1.368131
1.374436
1.374436
1.248232
1.248232
1.377557
1.377557
1.334267
1.334267
1.313860
1.313860
1.382789
1.382789
1.187399
1.187399
1.313941
1.313941
1.364626
1.364626
1.354676
1.354676
1.227837
1.227837
1.151224
1.151224
1.134732
1.134732
1.231052
1.231052
1.238982
1.238982
1.250562
1.250562
1.357602
1.357602
1.312327
1.312327
1.305657
1.305657
1.391546
1.391546
1.285958
1.285958
1.122069
1.122069
1.204861
1.204861
1.170138
1.170138
