1.294457
1.294457
1.266438
1.266438
1.376198
1.376198
1.309295
1.309295
1.260291
1.260291
1.335825
1.335825
1.198859
1.198859
1.094930
1.094930
1.324300
1.324300
1.298753
1.298753
1.344393
1.344393
1.377221
1.377221
1.286315
1.286315
1.215129
1.215129
1.090452
1.090452
1.357431
1.357431
1.374012
1.374012
1.265395
1.265395
1.286399
1.286399
1.341796
1.341796
1.390308
1.390308
1.376342
1.370011
1.370011
1.376342
1.285754
1.285754
1.236190
1.236190
1.318103
1.318103
1.382346
1.382346
1.373027
1.373027
1.073133
1.073133
1.358365
1.358365
1.300925
1.300925
1.318990
1.318990
1.377911
1.377911
1.382964
1.382964
1.242523
1.242523
1.375735
1.375735
1.296092
1.296092
1.278968
1.278968
1.282901
1.282901
1.359066
1.359066
1.207530
1.207530
1.212683
1.212683
1.364698
1.364698
1.383888
1.383888
1.165743
1.165743
1.303390
1.303390
1.362220
1.362220
1.196517
1.196517
1.349714
1.349714
1.308193
1.308193
1.359842
1.359842
1.294107
1.294107
1.158182
1.158182
1.128361
1.128361
1.369701
1.341984
1.369701
1.341984
1.283918
1.283918
1.305103
1.305103
1.292849
1.292849
1.383513
1.383513
1.376671
1.376671
1.368215
1.368215
1.204419
1.204419
1.290974
1.290974
1.363480
1.363480
1.339449
1.339449
1.388852
1.388852
1.346567
1.346567
1.260387
1.260387
1.246594
1.246594
1.266915
1.266915
1.076010
1.076010
1.285322
1.285322
1.336871
1.336871
1.364717
1.364717
1.395136
1.395136
1.329538
1.329538
1.091634
1.091634
1.252362
1.252362
1.061204
1.061204
1.341276
1.341276
1.213283
1.213283
1.266844
1.266844
1.029570
1.029570
1.202719
1.202719
1.199855
1.199855
1.358633
1.358633
1.240122
1.240122
1.374468
1.374468
1.341899
1.341899
1.241661
1.241661
1.355181
1.355181
1.207405
1.207405
1.213543
1.213543
1.348733
1.348733
1.364341
1.364341
1.292968
1.292968
1.297035
1.297035
1.304341
1.304341
1.237145
1.237145
1.239598
1.239598
1.209331
1.209331
1.096741
1.096741
1.167570
1.167570
1.368286
1.368286
1.322209
1.322209
1.313509
1.313509
1.390231
1.390231
1.063263
1.063263
1.357564
1.357564
1.337780
1.337780
1.221567
1.221567
1.319223
1.319223
1.381706
1.381706
1.220512
1.220512
1.302584
1.302584
1.335179
1.335179
1.193464
1.193464
1.174666
1.174666
1.122934
1.122934
1.377742
1.377742
1.249592
1.160689
1.249592
1.160689
1.208374
1.208374
1.139235
1.139235
1.310884
1.310884
1.220295
1.220295
1.255931
1.255931
1.333559
1.333559
1.222796
1.222796
1.217538
1.217538
1.391398
1.391398
1.202999
1.202999
1.383630
1.383630
1.281833
1.281833
1.328180
1.328180
1.123180
1.123180
1.205938
1.205938
1.365665
1.365665
1.344729
1.344729
1.389771
1.389771
1.341576
1.341576
1.212735
1.212735
1.332267
1.332267
1.100071
1.100071
1.248071
1.248071
1.332442
1.332442
1.389074
1.389074
1.324772
1.324772
1.281412
1.281412
1.354360
1.354360
1.334305
1.334305
1.068977
1.068977
1.046002
1.046002
1.358203
1.358203
1.354178
1.354178
1.184674
1.184674
1.379797
1.379797
1.375513
1.375513
1.239878
1.239878
1.083625
1.083625
1.270014
1.270014
1.358376
1.358376
1.369471
1.369471
1.335434
1.335434
1.124539
1.124539
1.295506
1.295506
1.366648
1.366648
1.021971
1.021971
1.375990
1.375990
1.392204
1.392204
1.361242
1.361242
1.382513
1.382513
1.304905
1.304905
1.308153
1.308153
1.252832
1.252832
1.384622
1.384622
1.205896
1.205896
1.159627
1.159627
1.222219
1.222219
1.293312
1.293312
1.260375
1.260375
1.152443
1.273747
1.273747
1.152443
1.358796
1.358796
1.362097
1.362097
1.059084
1.059084
1.069125
1.069125
1.156788
1.156788
1.399042
1.399042
1.206756
1.206756
1.114469
1.114469
1.185933
1.185933
1.392860
1.392860
1.366022
1.366022
1.300694
1.300694
1.357933
1.357933
1.358918
1.358918
1.149228
1.149228
1.355705
1.355705
1.262629
1.262629
1.301400
1.301400
1.385191
1.385191
1.242974
1.242974
1.358782
1.358782
1.272104
1.272104
1.068772
1.068772
1.330190
1.330190
1.305880
1.305880
1.270509
1.270509
1.106193
1.106193
1.370903
1.370903
1.216246
1.216246
1.315521
1.315521
1.289193
1.289193
1.283184
1.283184
1.377434
1.377434
1.168432
1.168432
1.128940
1.128940
1.350337
1.350337
1.179328
1.179328
1.098079
1.098079
1.330466
1.330466
1.347058
1.347058
1.152016
1.152016
1.376643
1.376643
1.308828
1.308828
1.046160
1.046160
1.094325
1.094325
1.128202
1.128202
1.378179
1.378179
1.357927
1.357927
1.359147
1.359147
1.366148
1.366148
1.288112
1.288112
1.170532
1.170532
1.350056
1.350056
1.373099
1.373099
1.390821
1.390821
1.156932
1.156932
1.376017
1.376017
1.399725
1.399725
1.216627
1.216627
1.220756
1.220756
1.168451
1.168451
1.120139
1.120139
1.294664
1.294664
1.361821
1.361821
1.393499
1.393499
