1.379775
1.379775
1.332627
1.332627
1.339602
1.339602
1.331433
1.331433
1.363645
1.363645
1.383619
1.383619
1.387166
1.387166
1.229997
1.229997
1.349943
1.349943
1.358014
1.358014
1.325988
1.325988
1.239671
1.239671
1.394557
1.394557
1.155696
1.155696
1.240996
1.240996
1.265649
1.265649
1.395896
1.395896
1.283607
1.283607
1.395424
1.395424
1.261288
1.261288
1.364095
1.364095
1.110454
1.110454
1.318745
1.318745
1.189899
1.189899
1.242538
1.242538
1.031617
1.031617
1.304326
1.304326
1.256871
1.256871
1.308818
1.308818
1.064011
1.064011
1.155338
1.155338
1.375256
1.375256
1.373578
1.373578
1.251063
1.251063
1.156893
1.156893
1.397007
1.397007
1.169768
1.169768
1.262412
1.262412
1.261798
1.261798
1.350259
1.350259
1.293604
1.293604
1.247742
1.247742
1.242867
1.242867
1.376132
1.376132
1.266770
1.266770
1.239608
1.239608
1.398892
1.398892
1.376330
1.376330
1.246318
1.246318
1.211489
1.211489
1.077632
1.077632
1.397372
1.397372
1.372910
1.372910
1.338049
1.338049
1.211716
1.211716
1.374828
1.374828
1.381706
1.381706
1.375212
1.375212
1.203485
1.203485
1.166080
1.166080
1.184450
1.184450
1.118190
1.118190
1.327097
1.327097
1.305054
1.305054
1.351376
1.351376
1.253326
1.253326
1.092449
1.092449
1.394088
1.394088
1.396111
1.396111
1.302048
1.302048
1.367598
1.367598
1.258527
1.258527
1.328566
1.328566
1.372971
1.377195
1.372971
1.377195
1.397290
1.397290
1.254010
1.254010
1.246763
1.246763
1.227977
1.227977
1.392637
1.392637
1.149516
1.149516
1.227120
1.227120
1.289343
1.289343
1.347327
1.347327
1.237009
1.237009
1.186611
1.186611
1.147453
1.147453
1.297955
1.297955
1.011434
1.011434
1.318100
1.318100
1.277938
1.277938
1.362832
1.362832
1.086362
1.086362
1.172529
1.172529
1.307418
1.307418
1.267043
1.267043
1.335952
1.335952
1.282062
1.282062
1.018259
1.018259
1.261962
1.261962
1.336545
1.336545
1.360894
1.360894
1.264953
1.264953
1.184403
1.184403
1.158220
1.158220
1.277008
1.277008
1.359860
1.359860
1.201376
1.201376
1.366238
1.366238
1.354894
1.354894
1.280884
1.280884
1.339766
1.339766
1.323805
1.323805
1.178565
1.178565
1.230496
1.230496
1.286500
1.286500
1.362063
1.362063
1.198715
1.198715
1.281981
1.281981
1.373319
1.373319
1.193975
1.193975
1.299658
1.299658
1.370773
1.370773
1.342362
1.342362
1.395863
1.395863
1.120515
1.120515
1.263998
1.263998
1.203377
1.203377
1.381268
1.381268
1.364061
1.364061
1.310509
1.310509
1.369007
1.369007
1.111501
1.111501
1.217049
1.217049
1.091126
1.091126
1.391261
1.391261
1.102633
1.102633
1.132501
1.132501
1.312876
1.312876
1.369832
1.369832
1.372619
1.372619
1.231797
1.231797
1.259554
1.259554
1.297911
1.297911
1.169293
1.169293
1.278636
1.278636
1.341367
1.341367
1.367371
1.367371
1.259591
1.259591
1.227576
1.227576
1.360158
1.360158
1.338112
1.338112
1.282164
1.282164
1.396665
1.396665
1.390794
1.390794
1.227687
1.227687
1.351120
1.351120
1.215195
1.215195
1.161330
1.161330
1.184330
1.184330
1.277757
1.277757
1.145824
1.145824
1.080501
1.080501
1.223949
1.223949
1.355418
1.355418
1.036153
1.036153
1.205254
1.205254
1.382228
1.382228
1.364167
1.364167
1.316615
1.316615
1.279456
1.279456
1.276995
1.276995
1.338155
1.338155
1.399087
1.399087
1.393741
1.393741
1.161372
1.161372
1.321913
1.321913
1.347064
1.347064
1.355612
1.355612
1.332475
1.332475
1.300108
1.300108
1.382815
1.382815
1.328509
1.328509
1.397605
1.397605
1.374966
1.374966
1.373978
1.373978
1.359534
1.359534
1.277416
1.277416
1.323692
1.323692
1.373196
1.373196
1.365349
1.365349
1.360800
1.360800
1.346658
1.346658
1.389818
1.389818
1.367961
1.367961
1.389910
1.389910
1.061146
1.061146
1.325750
1.325750
