1.252484
1.252484
1.325439
1.325439
1.363439
1.363439
1.394087
1.394087
1.182985
1.182985
1.359500
1.359500
1.309355
1.309355
1.269561
1.269561
1.314943
1.314943
1.300812
1.300812
1.194850
1.194850
1.365093
1.267123
1.267123
1.321370
1.321370
1.365093
1.216445
1.216445
1.203839
1.203839
1.288015
1.288015
1.335469
1.335469
1.273563
1.273563
1.349557
1.349557
1.201219
1.201219
1.227187
1.227187
1.222001
1.222001
1.050024
1.050024
1.256754
1.256754
1.251842
1.251842
1.307738
1.307738
1.330320
1.330320
1.264900
1.264900
1.138259
1.138259
1.264391
1.264391
1.286151
1.286151
1.342630
1.342630
1.362214
1.362214
1.361640
1.361640
1.146775
1.146775
1.079806
1.079806
1.286281
1.286281
1.053956
1.053956
1.368229
1.368229
1.375968
1.375968
1.349990
1.349990
1.203011
1.203011
1.285707
1.285707
1.165235
1.165235
1.253342
1.253342
1.130743
1.130743
1.350058
1.350058
1.286991
1.286991
1.387522
1.387522
1.250148
1.250148
1.122758
1.122758
1.331647
1.331647
1.287618
1.287618
1.366266
1.366266
1.191383
1.191383
1.396258
1.396258
1.208645
1.208645
1.359866
1.359866
1.298085
1.298085
1.110921
1.110921
1.362201
1.362201
1.072724
1.072724
1.199680
1.199680
1.288523
1.288523
1.179757
1.179757
1.330110
1.330110
1.191443
1.191443
1.336708
1.336708
1.246349
1.246349
1.361599
1.361599
1.217701
1.217701
1.244493
1.244493
1.364017
1.364017
1.392291
1.392291
1.389581
1.389581
1.137362
1.137362
1.146046
1.146046
1.230162
1.230162
1.398048
1.398048
1.194858
1.194858
1.142818
1.142818
1.378707
1.378707
1.389452
1.389452
1.187134
1.187134
1.219273
1.219273
1.376139
1.376139
1.264635
1.264635
1.332266
1.332266
1.255252
1.255252
1.373919
1.373919
1.254926
1.254926
1.243519
1.243519
1.151692
1.151692
1.302066
1.302066
1.276102
1.276102
1.217755
1.217755
1.347477
1.347477
1.318053
1.318053
1.399842
1.399842
1.213088
1.213088
1.375798
1.375798
1.399250
1.399250
1.342711
1.342711
1.177645
1.177645
1.368867
1.368867
1.216752
1.216752
1.340599
1.340599
1.263807
1.263807
1.156612
1.156612
1.175169
1.175169
1.392396
1.392396
1.393034
1.393034
1.381571
1.381571
1.297681
1.297681
1.364966
1.364966
1.019133
1.019133
1.367570
1.367570
1.306851
1.306851
1.344653
1.344653
1.392304
1.392304
1.253939
1.253939
1.259387
1.259387
1.341991
1.341991
1.374209
1.374209
1.241235
1.241235
1.105405
1.105405
1.237977
1.237977
1.120254
1.120254
1.193680
1.193680
1.092494
1.092494
1.392938
1.392938
1.378099
1.378099
1.351811
1.351811
1.329765
1.329765
1.309990
1.309990
1.374989
1.374989
1.289299
1.289299
1.379706
1.379706
1.073309
1.073309
1.392444
1.392444
1.377553
1.377553
1.374540
1.374540
1.361493
1.361493
1.326620
1.326620
1.360958
1.360958
1.283149
1.283149
1.194479
1.194479
1.321504
1.321504
1.295843
1.295843
1.313949
1.313949
1.377718
1.377718
1.350000
1.350000
1.303894
1.303894
1.088561
1.088561
1.334511
1.334511
1.313180
1.313180
1.210140
1.210140
1.358098
1.358098
1.290563
1.290563
1.365684
1.365684
1.318975
1.318975
1.164017
1.164017
1.375580
1.375580
1.280651
1.280651
1.309464
1.309464
1.307868
1.307868
1.088716
1.088716
1.396560
1.396560
1.096570
1.096570
1.284035
1.284035
1.345458
1.345458
1.365888
1.365888
1.210267
1.210267
1.366501
1.366501
1.336569
1.336569
1.398315
1.398315
1.303665
1.303665
1.141803
1.141803
1.177209
1.177209
1.326579
1.326579
1.211219
1.211219
1.313789
1.313789
1.359465
1.359465
1.241459
1.241459
1.321025
1.321025
1.331142
1.331142
1.373484
1.373484
1.221124
1.221124
1.175640
1.175640
1.315003
1.315003
1.387591
1.387591
1.291537
1.291537
1.295206
1.295206
1.204266
1.204266
1.114326
1.114326
1.159425
1.159425
1.317362
1.317362
1.200851
1.200851
1.196033
1.196033
1.248508
1.248508
1.182054
1.182054
1.399457
1.399457
1.299966
1.299966
1.334603
1.334603
1.346457
1.346457
1.344205
1.344205
1.203950
1.203950
1.392528
1.392528
1.345205
1.345205
1.380085
1.380085
1.290502
1.290502
1.243895
1.243895
1.338212
1.338212
1.308581
1.308581
1.282037
1.282037
1.327465
1.327465
1.228083
1.228083
1.295979
1.295979
1.315700
1.315700
1.354006
1.354006
1.259717
1.259717
1.244337
1.244337
1.234863
1.234863
1.359126
1.359126
1.398246
1.398246
1.377303
1.377303
1.213162
1.213162
1.208486
1.208486
1.395823
1.395823
1.291800
1.291800
1.395101
1.395101
1.388097
1.388097
1.318838
1.318838
1.328058
1.328058
1.081688
1.081688
