1.354253
1.354253
1.326894
1.326894
1.376338
1.376338
1.178147
1.178147
1.333147
1.333147
1.380938
1.380938
1.238112
1.238112
1.396684
1.396684
1.388098
1.388098
1.320724
1.320724
1.398372
1.398372
1.347835
1.347835
1.354250
1.354250
1.103428
1.103428
1.354353
1.354353
1.232259
1.232259
1.028671
1.028671
1.351366
1.351366
1.339597
1.339597
1.354558
1.354558
1.082683
1.082683
1.343261
1.343261
1.317840
1.317840
1.176009
1.176009
1.343901
1.343901
1.246821
1.246821
1.372876
1.372876
1.191449
1.191449
1.297742
1.297742
1.315168
1.315168
1.135411
1.135411
1.260938
1.260938
1.234850
1.234850
1.245251
1.245251
1.209497
1.209497
1.244096
1.244096
1.396350
1.396350
1.343052
1.343052
1.384049
1.384049
1.143650
1.143650
1.155097
1.155097
1.330859
1.330859
1.315197
1.315197
1.368981
1.368981
1.302989
1.302989
1.294074
1.294074
1.299905
1.299905
1.287872
1.287872
1.190537
1.190537
1.396891
1.396891
1.398893
1.398893
1.234676
1.234676
1.349325
1.349325
1.317077
1.317077
1.354846
1.354846
1.388236
1.388236
1.379047
1.379047
1.291097
1.043529
1.291097
1.043529
1.296643
1.296643
1.358194
1.358194
1.133219
1.133219
1.377209
1.377209
1.274867
1.274867
1.161157
1.161157
1.266272
1.266272
1.299144
1.299144
1.347832
1.347832
1.281178
1.281178
1.313558
1.313558
1.398892
1.398892
1.267487
1.267487
1.178974
1.178974
1.287442
1.287442
1.204629
1.204629
1.380838
1.380838
1.282223
1.282223
1.382438
1.382438
1.315818
1.315818
1.388067
1.388067
1.247001
1.247001
1.388337
1.388337
1.281637
1.281637
1.399656
1.399656
1.237946
1.237946
1.217958
1.217958
1.371242
1.371242
1.397392
1.397392
1.196663
1.196663
1.378930
1.378930
1.202192
1.202192
1.312820
1.312820
1.238087
1.238087
1.315779
1.315779
1.254557
1.254557
1.365138
1.365138
1.160612
1.160612
1.396284
1.396284
1.291018
1.291018
1.299647
1.299647
1.324948
1.324948
1.375529
1.375529
1.326950
1.326950
1.190275
1.190275
1.347494
1.347494
1.222108
1.222108
1.239901
1.239901
1.218985
1.218985
1.381947
1.381947
1.271090
1.271090
1.108900
1.108900
1.298604
1.118117
1.298604
1.118117
1.145272
1.145272
1.370905
1.370905
1.228522
1.228522
1.256830
1.256830
1.051461
1.051461
1.252162
1.252162
1.089861
1.089861
1.352779
1.352779
1.387874
1.387874
1.314200
1.314200
1.199435
1.199435
1.330130
1.330130
1.380087
1.380087
1.375514
1.375514
1.143541
1.143541
1.060551
1.060551
1.366371
1.366371
1.254402
1.254402
1.234610
1.234610
1.197854
1.197854
1.352803
1.352803
1.383882
1.383882
1.391393
1.391393
1.275780
1.275780
1.369545
1.369545
1.375168
1.375168
1.137361
1.137361
1.260806
1.260806
1.225959
1.225959
1.153292
1.153292
1.255026
1.255026
1.398608
1.398608
1.068565
1.068565
1.349489
1.349489
1.237922
1.237922
1.156674
1.156674
1.255172
1.255172
1.248010
1.248010
1.156507
1.156507
1.298102
1.298102
1.233777
1.233777
1.306646
1.306646
1.216300
1.216300
1.302120
1.302120
1.325864
1.325864
1.271118
1.271118
1.329254
1.329254
1.293204
1.293204
1.231997
1.231997
1.275344
1.275344
1.294854
1.294854
1.376049
1.376049
1.396730
1.396730
