1.255625
1.255625
1.363142
1.363142
1.236285
1.236285
1.268392
1.377308
1.377308
1.268392
1.228554
1.228554
1.065259
1.065259
1.343503
1.343503
1.258494
1.258494
1.330112
1.330112
1.315193
1.315193
1.396930
1.396930
1.305271
1.305271
1.295369
1.295369
1.314133
1.314133
1.278227
1.278227
1.042651
1.042651
1.384466
1.384466
1.335835
1.362395
1.335835
1.362395
1.341619
1.164804
1.341619
1.164804
1.380596
1.380596
1.308912
1.308912
1.359161
1.359161
1.180233
1.180233
1.306501
1.306501
1.068454
1.068454
1.396753
1.396753
1.396591
1.396591
1.378069
1.378069
1.288464
1.288464
1.344536
1.344536
1.377504
1.377504
1.173597
1.173597
1.394821
1.394821
1.265923
1.265923
1.342467
1.342467
1.165469
1.165469
1.208482
1.208482
1.250904
1.250904
1.353345
1.353345
1.268873
1.268873
1.273419
1.273419
1.345984
1.345984
1.212004
1.212004
1.298776
1.298776
1.397125
1.397125
1.311975
1.311975
1.200376
1.200376
1.325611
1.325611
1.147089
1.147089
1.113467
1.132257
1.113467
1.132257
1.183301
1.183301
1.278589
1.278589
1.219393
1.219393
1.262381
1.262381
1.381636
1.381636
1.383290
1.383290
1.310508
1.310508
1.067926
1.067926
1.353235
1.353235
1.007693
1.007693
1.140695
1.140695
1.336722
1.336722
1.315612
1.315612
1.292115
1.386365
1.292115
1.386365
1.243428
1.243428
1.217407
1.217407
1.342631
1.342631
1.242331
1.242331
1.312460
1.312460
1.233887
1.233887
1.348214
1.348214
1.393010
1.393010
1.221012
1.221012
1.360088
1.360088
1.050392
1.050392
1.341510
1.341510
1.331011
1.331011
1.343922
1.343922
1.197822
1.197822
1.343143
1.343143
1.378608
1.378608
1.295235
1.295235
1.263463
1.263463
1.303047
1.303047
1.147131
1.147131
1.243441
1.243441
1.322565
1.322565
1.340637
1.340637
1.306549
1.306549
1.344661
1.344661
1.297472
1.297472
1.396950
1.396950
1.312030
1.312030
1.211502
1.211502
1.294471
1.294471
1.240320
1.240320
1.235215
1.235215
1.344071
1.344071
1.356417
1.356417
1.162523
1.162523
1.345327
1.345327
1.343512
1.343512
1.223558
1.223558
1.146072
1.146072
1.270880
1.270880
1.130189
1.130189
1.293165
1.293165
1.313927
1.313927
1.383746
1.383746
1.143534
1.143534
1.171305
1.171305
1.089086
1.089086
1.281511
1.281511
1.212715
1.212715
1.284618
1.284618
1.362223
1.362223
1.360625
1.360625
1.280070
1.280070
1.287483
1.287483
1.364529
1.364529
1.247304
1.247304
1.201361
1.201361
1.139372
1.354513
1.139372
1.354513
1.151899
1.151899
1.332094
1.332094
1.246018
1.246018
1.331350
1.331350
1.075857
1.075857
1.117184
1.117184
1.366131
1.366131
1.380144
1.380144
1.327041
1.327041
1.347287
1.347287
1.386976
1.386976
1.310351
1.310351
1.139405
1.139405
1.382570
1.382570
1.203042
1.203042
1.212568
1.212568
1.238322
1.238322
1.353170
1.353170
1.360127
1.360127
1.023794
1.023794
1.397468
1.397468
1.229860
1.229860
1.218569
1.218569
1.381260
1.381260
1.336768
1.336768
1.330110
1.330110
1.358857
1.358857
1.249683
1.249683
1.104580
1.104580
1.312181
1.312181
1.280526
1.280526
1.364966
1.364966
1.388830
1.388830
1.110953
1.110953
1.169421
1.169421
1.193262
1.193262
1.229813
1.229813
1.302895
1.302895
1.269806
1.269806
1.377278
1.377278
1.263700
1.263700
1.114645
1.114645
1.366036
1.366036
1.271261
1.271261
1.272381
1.272381
1.342990
1.342990
1.170615
1.170615
1.327691
1.327691
1.284456
1.284456
1.219280
1.219280
1.348240
1.348240
1.263232
1.263232
1.285739
1.285739
1.080696
1.080696
1.375267
1.375267
1.275770
1.275770
1.238085
1.238085
1.198985
1.198985
1.187311
1.187311
1.299495
1.299495
1.334470
1.334470
1.375995
1.375995
1.384789
1.384789
1.062611
1.062611
1.237716
1.237716
1.284335
1.284335
1.291143
1.291143
1.121766
1.121766
1.096922
1.096922
1.290958
1.290958
1.357119
1.357119
1.147943
1.147943
1.303187
1.303187
1.338175
1.338175
1.231562
1.231562
1.399814
1.399814
1.340918
1.340918
1.385501
1.385501
1.194071
1.194071
1.369156
1.369156
1.341460
1.341460
1.054408
1.054408
1.148518
1.148518
1.293637
1.293637
