1.303630
1.361327
1.361327
1.303630
1.394910
1.394910
1.176655
1.176655
1.142237
1.142237
1.396918
1.396918
1.161050
1.161050
1.230799
1.230799
1.189236
1.189236
1.088823
1.088823
1.378662
1.378662
1.278601
1.278601
1.204592
1.204592
1.351045
1.351045
1.398868
1.398868
1.353353
1.353353
1.103307
1.103307
1.364518
1.364518
1.371307
1.371307
1.324517
1.324517
1.379909
1.379909
1.271969
1.271969
1.276023
1.276023
1.338404
1.338404
1.311819
1.311819
1.170838
1.170838
1.304903
1.304903
1.305246
1.305246
1.365305
1.365305
1.369908
1.369908
1.241077
1.241077
1.347688
1.347688
1.286167
1.286167
1.112538
1.112538
1.163772
1.163772
1.288406
1.288406
1.378060
1.378060
1.347382
1.347382
1.056542
1.056542
1.238812
1.238812
1.163350
1.163350
1.134408
1.134408
1.398839
1.395697
1.395697
1.398839
1.382600
1.382600
1.294814
1.294814
1.294507
1.294507
1.331849
1.331849
1.334082
1.334082
1.241091
1.241091
1.224030
1.274660
1.224030
1.274660
1.229057
1.229057
1.379119
1.379119
1.376055
1.376055
1.266267
1.266267
1.285067
1.285067
1.303904
1.303904
1.056653
1.056653
1.358205
1.358205
1.274262
1.274262
1.107996
1.107996
1.377895
1.377895
1.364806
1.364806
1.300362
1.300362
1.182052
1.182052
1.270124
1.270124
1.391343
1.391343
1.096997
1.096997
1.334063
1.334063
1.361428
1.361428
1.187893
1.187893
1.384652
1.384652
1.243774
1.243774
1.058729
1.058729
1.305762
1.305762
1.273211
1.273211
1.307904
1.307904
1.395565
1.395565
1.309379
1.309379
1.290121
1.290121
1.256040
1.256040
1.375206
1.375206
1.122458
1.122458
1.287391
1.287391
1.155289
1.155289
1.265745
1.265745
1.378736
1.378736
1.392727
1.392727
1.208507
1.208507
1.253228
1.253228
1.322730
1.322730
1.290188
1.290188
1.390981
1.390981
1.327584
1.327584
1.200277
1.200277
1.281820
1.281820
1.092646
1.092646
1.350075
1.350075
1.360489
1.360489
1.380826
1.380826
1.343996
1.343996
1.296202
1.296202
1.272892
1.272892
1.397025
1.397025
1.360841
1.360841
1.375065
1.375065
1.228611
1.228611
1.296364
1.296364
1.220319
1.220319
1.395120
1.395120
1.387905
1.387905
1.374556
1.374556
1.308435
1.308435
1.397474
1.397474
1.312208
1.312208
1.319795
1.319795
1.203546
1.203546
1.283997
1.283997
1.260849
1.260849
1.330734
1.330734
1.239790
1.239790
1.250052
1.250052
1.184924
1.184924
1.253109
1.253109
1.259410
1.259410
1.284755
1.284755
1.387328
1.387328
1.369970
1.369970
1.387375
1.387375
1.164608
1.164608
1.308987
1.308987
1.355435
1.355435
1.328648
1.328648
1.392798
1.392798
1.243669
1.243669
1.325019
1.325019
1.185997
1.185997
1.365399
1.365399
1.218314
1.218314
1.304212
1.304212
1.076078
1.076078
1.398602
1.398602
1.391213
1.391213
1.223030
1.223030
1.336492
1.336492
1.245729
1.245729
1.346666
1.346666
1.332636
1.332636
1.159559
1.159559
1.264954
1.264954
1.246516
1.246516
1.364962
1.364962
1.270958
1.270958
1.349327
1.349327
1.096415
1.096415
1.205565
1.205565
1.324851
1.324851
1.284212
1.284212
1.381643
1.381643
1.324334
1.324334
1.311233
1.311233
1.320388
1.320388
1.258749
1.258749
1.131436
1.131436
1.052715
1.052715
1.277031
1.277031
1.101977
1.101977
1.134901
1.134901
1.235405
1.235405
1.150170
1.150170
1.355043
1.355043
1.364289
1.364289
1.292990
1.292990
1.396101
1.396101
1.380148
1.380148
1.332546
1.332546
1.329192
1.329192
1.339133
1.339133
1.323794
1.323794
1.361911
1.361911
1.339212
1.339212
1.136655
1.136655
1.354965
1.354965
1.283005
1.283005
1.331375
1.331375
1.351588
1.351588
1.268850
1.268850
1.359639
1.359639
1.354690
1.354690
1.319728
1.319728
1.098055
1.098055
1.212164
1.212164
1.248440
1.248440
1.237586
1.237586
1.397500
1.397500
1.375103
1.375103
1.346421
1.346421
1.318919
1.318919
1.395280
1.395280
1.287484
1.287484
1.282199
1.282199
1.201799
1.288421
1.201799
1.288421
1.274072
1.274072
1.392504
1.392504
1.283647
1.283647
1.375975
1.375975
1.278224
1.278224
1.386539
1.386539
1.257583
1.257583
1.395351
1.395351
1.330987
1.330987
1.261754
1.261754
1.379153
1.379153
1.291447
1.291447
1.383716
1.383716
1.212631
1.212631
1.354626
1.354626
1.356296
1.356296
1.106362
1.106362
1.141358
1.141358
1.061274
1.061274
1.360284
1.360284
1.266255
1.266255
1.235723
1.235723
1.375105
1.375105
1.329008
1.329008
1.194300
1.194300
1.107794
1.107794
1.308296
1.308296
1.290295
1.290295
1.192935
1.192935
1.323973
1.323973
1.173187
1.173187
1.208041
1.208041
1.267286
1.267286
1.330322
1.330322
1.331408
1.331408
1.243051
1.243051
1.396860
1.396860
1.367309
1.367309
1.175351
1.175351
1.378464
1.378464
1.368302
1.368302
1.342944
1.342944
1.167306
1.167306
1.206967
1.206967
1.372622
1.372622
