1.334357
1.334357
1.307985
1.307985
1.286416
1.286416
1.250506
1.250506
1.130615
1.130615
1.194156
1.194156
1.328852
1.328852
1.389896
1.389896
1.254613
1.254613
1.378195
1.378195
1.225586
1.225586
1.233759
1.233759
1.309925
1.309925
1.388713
1.388713
1.207963
1.207963
1.382195
1.382195
1.281956
1.281956
1.292546
1.292546
1.195813
1.195813
1.309702
1.309702
1.304956
1.304956
1.337995
1.337995
1.061779
1.061779
1.372995
1.372995
1.373238
1.373238
1.378295
1.378295
1.325613
1.325613
1.363931
1.363931
1.274528
1.274528
1.288900
1.288900
1.375195
1.375195
