1.254952
1.254952
1.201461
1.201461
1.258214
1.258214
1.219822
1.219822
1.315858
1.315858
1.359923
1.359923
1.394286
1.394286
1.159830
1.159830
1.262777
1.262777
1.154610
1.154610
1.257169
1.257169
1.390212
1.390212
1.241846
1.241846
1.330899
1.330899
1.238693
1.238693
1.354586
1.354586
1.222390
1.222390
1.380668
1.380668
1.323849
1.323849
1.379066
1.379066
1.295051
1.295051
1.385103
1.385103
1.388229
1.388229
1.140886
1.140886
1.390124
1.390124
1.304482
1.304482
1.399839
1.399839
1.357889
1.357889
