1.134504
1.134504
1.321707
1.321707
1.361828
1.361828
1.359466
1.359466
1.365326
1.365326
1.384024
1.384024
1.183856
1.183856
1.392156
1.392156
1.303823
1.303823
1.334920
1.334920
1.387740
1.387740
1.235842
1.235842
1.366465
1.078989
1.366465
1.078989
1.317081
1.317081
1.189065
1.189065
1.295412
1.295412
1.178722
1.178722
1.265982
1.265982
1.360694
1.360694
1.316590
1.238203
1.238203
1.316590
1.269957
1.269957
1.389684
1.389684
1.121638
1.399205
1.399205
1.121638
1.392267
1.392267
1.329681
1.329681
1.308048
1.308048
1.313359
1.188636
1.188636
1.313359
1.268857
1.268857
1.216443
1.216443
1.344582
1.344582
1.214062
1.214062
1.291505
1.291505
1.091221
1.091221
1.286958
1.286958
1.363189
1.363189
1.364243
1.364243
1.361780
1.361780
1.242538
1.325594
1.242538
1.325594
1.380515
1.380515
1.359556
1.359556
1.123400
1.123400
1.381656
1.381656
1.320594
1.320594
1.290380
1.290380
1.180897
1.180897
1.192053
1.192053
1.310482
1.310482
1.387024
1.387024
1.299502
1.299502
1.315614
1.315614
1.395191
1.395191
1.258088
1.258088
1.251978
1.256128
1.256128
1.251978
1.351797
1.351797
1.274920
1.274920
1.255118
1.255118
1.373103
1.373103
1.234264
1.234264
1.328971
1.328971
1.364441
1.364441
1.201355
1.201355
1.230214
1.230214
1.200233
1.200233
1.353786
1.353786
1.396870
1.396870
1.247956
1.247956
1.375472
1.375472
1.283871
1.283871
1.170876
1.267567
1.267567
1.170876
1.388439
1.388439
1.301659
1.301659
1.298409
1.298409
1.116808
1.116808
1.059014
1.059014
1.307264
1.307264
1.316745
1.316745
1.339227
1.339227
1.233092
1.233092
1.033185
1.033185
1.184917
1.184917
1.351096
1.351096
1.258265
1.258265
1.309934
1.309934
1.165987
1.165987
1.236643
1.236643
1.248653
1.248653
1.175478
1.175478
1.280724
1.280724
1.282256
1.282256
1.219401
1.219401
1.116532
1.124244
1.124244
1.116532
1.386020
1.386020
1.101033
1.101033
1.295661
1.295661
1.383527
1.383527
1.164896
1.164896
1.374718
1.374718
1.395488
1.395488
1.286567
1.286567
1.155700
1.155700
1.390226
1.390226
1.307468
1.307468
1.367800
1.367800
1.189836
1.304413
1.189836
1.304413
1.306553
1.306553
1.289337
1.289337
1.397554
1.397554
1.278085
1.278085
1.359307
1.359307
1.243295
1.243295
1.296211
1.296211
1.226468
1.226468
1.377028
1.377028
1.131224
1.131224
1.380546
1.380546
1.397435
1.397435
1.237609
1.237609
1.100309
1.100309
1.308257
1.308257
1.364312
1.364312
1.380546
1.380546
1.237576
1.237576
1.312995
1.312995
1.179570
1.179570
1.305488
1.305488
1.313284
1.313284
1.353251
1.353251
1.053635
1.053635
1.140555
1.140555
1.376665
1.376665
1.286362
1.286362
1.343523
1.343523
1.395275
1.395275
1.363897
1.363897
1.327174
1.327174
1.293052
1.293052
1.256181
1.256181
1.364323
1.364323
1.107466
1.107466
1.323600
1.323600
1.297894
1.297894
1.354663
1.354663
1.246685
1.246685
1.039958
1.039958
1.242434
1.242434
1.156739
1.156739
1.311079
1.311079
1.346276
1.346276
1.070075
1.070075
1.159054
1.159054
1.327239
1.327239
1.272020
1.272020
1.364406
1.364406
1.021311
1.021311
1.265628
1.265628
1.386040
1.386040
1.079532
1.079532
1.195166
1.195166
1.330716
1.330716
1.366420
1.366420
1.239431
1.239431
1.372479
1.372479
1.345433
1.345433
1.365929
1.365929
1.243567
1.243567
1.354456
1.354456
1.385878
1.385878
1.267120
1.267120
1.396226
1.396226
1.311554
1.311554
1.304169
1.304169
1.367440
1.367440
1.316683
1.316683
1.375843
1.375843
1.257312
1.257312
1.283507
1.283507
1.333148
1.333148
1.198984
1.198984
1.368667
1.368667
1.330488
1.330488
1.267078
1.267078
1.324358
1.324358
1.214948
1.214948
1.213114
1.213114
1.208648
1.208648
1.244614
1.244614
1.359613
1.359613
1.253248
1.253248
1.133568
1.323540
1.323540
1.133568
1.386529
1.386529
1.314865
1.314865
1.148196
1.148196
1.365324
1.365324
1.010590
1.010590
1.389709
1.389709
1.103761
1.103761
1.235177
1.235177
1.299602
1.299602
1.114366
1.114366
1.355830
1.355830
1.015963
1.015963
1.365807
1.365807
1.362849
1.362849
1.195686
1.195686
1.259560
1.259560
1.198739
1.198739
1.309104
1.309104
1.185817
1.185817
1.391043
1.391043
1.386563
1.386563
1.361689
1.361689
1.384486
1.384486
1.297667
1.297667
1.324996
1.324996
1.225255
1.225255
1.399859
1.399859
1.225426
1.225426
1.257007
1.257007
1.332053
1.332053
1.110353
1.110353
1.359341
1.359341
1.188661
1.188661
1.097714
1.097714
1.371041
1.371041
1.357198
1.357198
1.360783
1.360783
1.089856
1.089856
1.144598
1.144598
1.181747
1.181747
1.372757
1.372757
1.206077
1.206077
1.148040
1.148040
1.274806
1.274806
1.180514
1.180514
1.367997
1.367997
1.269472
1.269472
1.209381
1.209381
1.383465
1.383465
1.367413
1.367413
1.328972
1.328972
1.023088
1.023088
1.214824
1.214824
1.126893
1.126893
1.056674
1.056674
1.328229
1.328229
1.151963
1.151963
1.395137
1.395137
1.372077
1.372077
1.382654
1.382654
1.283788
1.283788
1.280085
1.280085
1.396089
1.396089
1.336723
1.336723
1.330972
1.330972
1.239951
1.239951
1.333571
1.333571
1.276944
1.276944
1.248558
1.248558
1.394779
1.394779
1.395692
1.395692
1.377502
1.377502
1.336873
1.336873
1.368350
1.368350
1.212900
1.212900
1.260934
1.260934
1.240840
1.240840
1.310598
1.310598
1.273864
1.273864
1.067601
1.067601
1.367209
1.367209
1.088560
1.088560
1.389499
1.389499
1.258639
1.258639
1.396874
1.396874
1.367454
1.367454
1.342951
1.342951
1.122512
1.122512
1.156482
1.156482
1.207969
1.207969
1.281966
1.281966
1.215623
1.215623
1.275797
1.275797
1.266912
1.266912
1.141686
1.141686
1.351053
1.351053
1.259511
1.259511
1.348436
1.348436
1.366756
1.366756
1.247126
1.247126
1.363459
1.363459
1.384896
1.384896
1.060599
1.060599
1.290906
1.290906
1.263706
1.263706
1.296205
1.296205
1.333552
1.333552
1.377476
1.377476
1.191916
1.191916
1.139998
1.139998
1.164969
1.164969
1.245440
1.245440
1.244976
1.244976
1.375521
1.375521
1.395316
1.395316
1.275357
1.275357
1.378979
1.378979
1.389931
1.389931
1.061473
1.061473
1.285106
1.285106
1.306585
1.306585
1.334866
1.334866
1.210700
1.210700
1.142726
1.142726
1.339556
1.339556
1.352296
1.352296
1.305654
1.305654
1.342848
1.342848
1.162105
1.162105
1.323404
1.323404
1.370121
1.370121
1.308536
1.308536
1.301930
1.301930
1.304246
1.377866
1.377866
1.304246
1.181573
1.181573
1.169803
1.169803
1.300818
1.300818
1.220710
1.220710
1.379121
1.379121
1.158528
1.158528
1.288362
1.288362
1.238803
1.238803
1.252245
1.252245
1.342176
1.342176
1.350694
1.350694
1.205879
1.205879
1.170955
1.170955
1.196100
1.196100
1.392263
1.392263
