1.370235
1.370235
1.283688
1.239077
1.283688
1.239077
1.101157
1.101157
1.225879
1.374231
1.097318
1.097318
1.374231
1.225879
1.085470
1.085470
1.185603
1.358244
1.185603
1.358244
1.371050
1.371050
1.127525
1.127525
1.124008
1.124008
1.354599
1.354599
1.396044
1.396044
1.215684
1.265872
1.215684
1.265872
1.318504
1.318504
1.134589
1.134589
1.329301
1.329301
1.192925
1.307531
1.192925
1.307531
1.290371
1.290371
1.093071
1.093071
1.371589
1.371589
1.237495
1.237495
1.343351
1.343351
1.223276
1.223276
1.162386
1.269861
1.269861
1.162386
1.311459
1.311459
1.399789
1.399789
1.353231
1.353231
1.274856
1.274856
1.330547
1.330547
1.241310
1.241310
1.351847
1.370789
1.351847
1.370789
1.128441
1.128441
1.341084
1.341084
1.311271
1.311271
1.102235
1.102235
1.362735
1.362735
1.399097
1.399097
1.088667
1.088667
1.220688
1.220688
1.205244
1.205244
1.058695
1.058695
1.351754
1.351754
1.222068
1.222068
1.266164
1.266164
1.286550
1.286550
1.360933
1.360933
1.083384
1.083384
1.164941
1.164941
1.093374
1.093374
1.087050
1.087050
1.269023
1.269023
1.034144
1.034144
1.303497
1.303497
1.308373
1.308373
1.394143
1.394143
1.126828
1.126828
1.241360
1.241360
1.099926
1.099926
1.209661
1.209661
1.386161
1.386161
1.364102
1.364102
1.300579
1.300579
1.342448
1.342448
1.143754
1.143754
1.135430
1.135430
1.346903
1.346903
1.359435
1.359435
1.388137
1.388137
1.269738
1.269738
1.241225
1.241225
1.300370
1.300370
1.358079
1.358079
1.241478
1.241478
1.346623
1.346623
1.298390
1.298390
1.239534
1.239534
1.371850
1.371850
1.101629
1.101629
1.342521
1.342521
1.374656
1.374656
1.193904
1.193904
1.366294
1.366294
1.115857
1.115857
1.303295
1.303295
1.309436
1.309436
1.341303
1.341303
1.044209
1.044209
1.160993
1.160993
1.376981
1.376981
1.198257
1.198257
1.192581
1.192581
1.294309
1.294309
1.218565
1.218565
1.368811
1.368811
1.222310
1.222310
1.278751
1.278751
1.335729
1.335729
1.181218
1.181218
1.391770
1.391770
1.374799
1.374799
1.179097
1.179097
1.200996
1.200996
1.307216
1.307216
1.318846
1.318846
1.363684
1.363684
1.322103
1.322103
1.348636
1.348636
1.297561
1.297561
1.355417
1.355417
1.174563
1.174563
1.367638
1.367638
1.108453
1.108453
1.259737
1.259737
1.299370
1.299370
1.194230
1.194230
1.386354
1.386354
1.389378
1.389378
1.291918
1.291918
1.373624
1.373624
1.148327
1.148327
1.308446
1.308446
1.330393
1.330393
1.377189
1.377189
1.393106
1.393106
1.182604
1.182604
1.326992
1.326992
1.189884
1.189884
1.122317
1.122317
1.223981
1.223981
1.127371
1.127371
1.399739
1.399739
1.381613
1.381613
1.389613
1.389613
1.171939
1.171939
1.253243
1.253243
1.178066
1.178066
1.397996
1.397996
1.144624
1.144624
1.355006
1.355006
1.383026
1.383026
1.319005
1.319005
1.354577
1.354577
1.381324
1.399903
1.399903
1.381324
1.396085
1.327667
1.396085
1.327667
1.098603
1.098603
1.154567
1.154567
1.351024
1.351024
1.241223
1.241223
1.248797
1.248797
1.296459
1.296459
1.296493
1.296493
1.192916
1.192916
1.348303
1.348303
1.196668
1.196668
1.314773
1.314773
1.205435
1.205435
1.211420
1.211420
1.314752
1.314752
1.273199
1.273199
1.312260
1.312260
1.167010
1.167010
1.087574
1.087574
1.323586
1.167421
1.167421
1.334560
1.323586
1.334560
1.287789
1.287789
1.187857
1.187857
1.299357
1.299357
1.273785
1.273785
1.362911
1.362911
1.195870
1.195870
1.358461
1.358461
1.200290
1.200290
1.260865
1.260865
1.230832
1.230832
1.245794
1.245794
1.277828
1.277828
1.298423
1.298423
1.224965
1.224965
1.045589
1.045589
1.274764
1.274764
1.308203
1.308203
1.370429
1.370429
1.250476
1.250476
1.220538
1.220538
1.286723
1.286723
1.337391
1.337391
1.276644
1.276644
1.306648
1.306648
1.261226
1.261226
1.313205
1.313205
1.213559
1.213559
1.349229
1.349229
1.370841
1.213626
1.213626
1.370841
1.365107
1.365107
1.317946
1.317946
1.231828
1.231828
1.353589
1.353589
1.305007
1.305007
1.323898
1.323898
1.208726
1.208726
1.334222
1.334222
1.242448
1.242448
1.108198
1.108198
1.388392
1.388392
1.225290
1.225290
1.235338
1.235338
1.290061
1.290061
1.278176
1.278176
1.098173
1.098173
1.257405
1.257405
1.165567
1.165567
1.062665
1.062665
1.379361
1.379361
1.290962
1.290962
1.392139
1.392139
1.166631
1.166631
1.319896
1.319896
1.184819
1.184819
1.337218
1.337218
1.280084
1.280084
1.253852
1.253852
1.310641
1.310641
1.309278
1.309278
1.256933
1.256933
1.357465
1.357465
1.306273
1.306273
1.185756
1.185756
1.104795
1.104795
1.384180
1.384180
1.308245
1.308245
1.207606
1.207606
1.117156
1.117156
1.365916
1.365916
1.252411
1.252411
1.363087
1.363087
1.248755
1.248755
1.355289
1.355289
1.328340
1.328340
1.173445
1.173445
1.292895
1.292895
1.354503
1.354503
1.353306
1.353306
1.361998
1.361998
1.209142
1.209142
1.382893
1.382893
1.149094
1.149094
1.326730
1.326730
1.351339
1.351339
1.156212
1.156212
1.352202
1.352202
1.384964
1.384964
1.209050
1.209050
1.362472
1.362472
1.230395
1.230395
1.387378
1.387378
1.117914
1.117914
1.332060
1.332060
1.329897
1.329897
1.392145
1.392145
1.237202
1.237202
1.240862
1.240862
1.092042
1.092042
1.391143
1.391143
1.364646
1.381831
1.364646
1.381831
1.298810
1.298810
1.386055
1.386055
1.207303
1.207303
1.340936
1.340936
1.303289
1.303289
1.112706
1.320247
1.320247
1.112706
1.355651
1.355651
1.372164
1.372164
1.323876
1.323876
1.353971
1.353971
1.294648
1.294648
1.197297
1.197297
1.363574
1.363574
1.200445
1.200445
1.397229
1.397229
1.141676
1.141676
1.223618
1.223618
1.383565
1.383565
1.381891
1.381891
1.016473
1.016473
1.322042
1.322042
1.207967
1.207967
1.203341
1.203341
1.345670
1.345670
1.251423
1.251423
1.181954
1.181954
1.282805
1.282805
1.384260
1.384260
1.292716
1.292716
1.167125
1.167125
1.158747
1.158747
1.231661
1.231661
1.343097
1.343097
1.374312
1.374312
1.381588
1.381588
1.366787
1.366787
1.261876
1.261876
1.044331
1.044331
1.239440
1.239440
1.361211
1.361211
1.342265
1.342265
1.385061
1.385061
1.148233
1.148233
1.239429
1.239429
1.363121
1.363121
1.202097
1.202097
1.291726
1.291726
1.235991
1.235991
1.372051
1.372051
1.366764
1.366764
1.226315
1.226315
1.225610
1.225610
1.298211
1.298211
1.393273
1.398038
1.393273
1.398038
1.386725
1.386725
1.368244
1.368244
1.245516
1.245516
1.163531
1.163531
1.390989
1.390989
1.365691
1.365691
1.193232
1.193232
1.383525
1.383525
1.087560
1.087560
1.263413
1.263413
1.391757
1.391757
1.306270
1.306270
1.241893
1.241893
1.230130
1.230130
1.386961
1.386961
1.314206
1.314206
1.238815
1.238815
1.277520
1.277520
1.114305
1.114305
1.155464
1.155464
1.373685
1.373685
1.285591
1.285591
1.388249
1.388249
1.272989
1.272989
1.288006
1.288006
1.280859
1.280859
1.326966
1.326966
1.040756
1.040756
1.253239
1.253239
1.322634
1.322634
1.323104
1.323104
1.378045
1.378045
1.385890
1.385890
1.362692
1.362692
1.243789
1.243789
1.272517
1.272517
1.373443
1.373443
