1.156260
1.156260
1.214012
1.214012
1.205116
1.205116
1.345663
1.345663
1.164844
1.164844
1.202301
1.202301
1.141280
1.141280
1.256398
1.256398
1.298509
1.298509
1.344616
1.344616
1.270359
1.270359
1.326362
1.326362
1.190776
1.190776
1.335894
1.335894
1.364425
1.364425
1.360183
1.360183
1.110108
1.110108
1.048309
1.048309
1.383594
1.383594
1.157423
1.157423
1.217480
1.217480
1.206850
1.206850
1.293694
1.293694
1.178014
1.178014
1.332253
1.332253
1.234763
1.343433
1.343433
1.234763
1.366775
1.366775
1.132995
1.381120
1.381120
1.132995
1.122908
1.122908
1.350244
1.350244
1.275725
1.275725
1.154130
1.154130
1.162929
1.164494
1.282151
1.162929
1.282151
1.164494
1.314034
1.266694
1.266694
1.314034
1.357840
1.357840
1.271483
1.271483
1.320998
1.320998
1.252212
1.252212
1.258145
1.258145
1.305898
1.305898
1.244309
1.244309
1.302312
1.302312
1.368954
1.368954
1.391657
1.391657
1.291830
1.291830
1.369537
1.369537
1.376675
1.387528
1.387528
1.376675
1.308965
1.267415
1.308965
1.267415
1.347122
1.347122
1.311772
1.311772
1.377589
1.377589
1.225245
1.225245
1.372122
1.372122
1.392264
1.392264
1.389763
1.389763
1.320216
1.320216
1.196190
1.196190
1.362786
1.362786
1.125233
1.125233
1.238266
1.238266
1.278067
1.278067
1.329655
1.329655
1.387229
1.387229
1.205590
1.378008
1.378008
1.205590
1.169716
1.169716
1.379084
1.379084
1.341136
1.341136
1.391139
1.391139
1.246129
1.246129
1.337082
1.337082
1.356299
1.356299
1.327098
1.327098
1.267759
1.267759
1.100803
1.100803
1.215588
1.215588
1.172225
1.212375
1.172225
1.212375
1.349221
1.349221
1.319371
1.319371
1.388512
1.388512
1.394520
1.394520
1.393292
1.393292
1.260487
1.260487
1.394949
1.394949
1.095848
1.095848
1.305191
1.305191
1.237183
1.237183
1.394693
1.394693
1.251133
1.251133
1.380829
1.380829
1.306792
1.306792
1.144143
1.144143
1.226272
1.226272
1.389239
1.389239
1.309859
1.309859
1.161526
1.161526
1.362516
1.362516
1.368922
1.368922
1.282797
1.282797
1.361990
1.361990
1.242909
1.242909
1.161894
1.161894
1.398886
1.398886
1.346906
1.346906
1.264320
1.264320
1.389102
1.389102
1.165163
1.165163
1.294609
1.294609
1.324560
1.324560
1.396042
1.396042
1.278131
1.278131
1.312571
1.312571
1.378569
1.378569
1.292229
1.292229
1.207597
1.207597
1.242131
1.242131
1.284582
1.284582
1.341947
1.341947
1.366542
1.366542
1.276026
1.276026
1.245132
1.245132
1.331394
1.331394
1.359891
1.359891
1.371801
1.371801
1.302678
1.302678
1.216840
1.216840
1.199259
1.199259
1.326853
1.341348
1.326853
1.341348
1.245730
1.245730
1.260103
1.260103
1.323629
1.323629
1.230541
1.230541
1.155453
1.155453
1.337871
1.337871
1.396792
1.396792
1.390184
1.390184
1.354248
1.354248
1.300914
1.300914
1.365947
1.365947
1.334498
1.334498
1.329557
1.329557
1.312558
1.312558
1.233586
1.233586
1.374195
1.374195
1.356626
1.356626
1.333757
1.333757
1.167272
1.167272
1.369485
1.369485
1.370204
1.370204
1.263144
1.263144
1.368092
1.368092
1.388340
1.388340
1.368658
1.368658
1.268979
1.268979
1.217448
1.217448
1.059682
1.059682
1.399288
1.399288
1.340769
1.340769
1.309884
1.309884
1.256027
1.256027
1.305410
1.305410
1.397472
1.397472
1.286952
1.286952
1.358976
1.358976
1.285888
1.285888
1.268506
1.268506
1.155669
1.155669
1.299053
1.299053
1.378634
1.378634
1.070474
1.070474
1.376218
1.376218
1.291248
1.291248
1.373756
1.373756
1.330858
1.330858
1.346727
1.346727
1.383921
1.383921
1.359685
1.359685
1.392611
1.392611
1.274009
1.274009
1.217273
1.217273
1.349286
1.258822
1.349286
1.258822
1.216966
1.267972
1.267972
1.216966
1.243277
1.243277
1.372468
1.372468
1.240651
1.240651
1.369651
1.369651
1.315596
1.315596
1.257371
1.257371
1.196830
1.196830
1.214757
1.214757
1.183600
1.183600
1.380038
1.240688
1.380038
1.240688
1.396680
1.396680
1.339650
1.339650
1.338917
1.338917
1.290215
1.290215
1.264994
1.264994
1.217740
1.217740
1.395611
1.395611
1.218038
1.218038
1.349739
1.349739
1.216470
1.216470
1.113625
1.113625
1.192634
1.192634
1.364156
1.364156
1.319123
1.319123
1.361543
1.361543
1.247937
1.247937
1.228147
1.228147
1.370340
1.370340
1.394055
1.394055
1.147475
1.147475
1.389527
1.389527
1.375816
1.375816
1.214874
1.214874
1.354806
1.354806
1.358817
1.322154
1.358817
1.322154
1.279117
1.279117
1.214874
1.214874
1.378934
1.378934
1.386215
1.386215
1.173261
1.173261
1.212983
1.212983
1.206520
1.206520
1.289843
1.289843
1.205037
1.205037
1.145986
1.145986
1.286823
1.286823
1.257262
1.257262
1.363969
1.363969
1.310249
1.310249
1.285199
1.285199
1.242055
1.242055
1.165712
1.165712
1.324211
1.324211
1.365827
1.365827
1.386918
1.386918
1.107905
1.107905
1.365805
1.365805
1.390457
1.390457
1.366099
1.366099
1.249676
1.249676
1.389502
1.389502
1.262773
1.262773
1.303294
1.303294
1.384178
1.384178
1.389509
1.337497
1.389509
1.337497
1.303177
1.303177
1.148944
1.148944
1.340402
1.340402
1.364072
1.364072
1.320900
1.320900
1.092335
1.092335
1.275194
1.275194
1.272511
1.272511
1.166897
1.166897
1.359704
1.359704
1.399612
1.399612
1.247915
1.247915
1.376112
1.376112
1.296693
1.296693
1.319729
1.319729
1.312745
1.312745
1.333094
1.333094
1.278278
1.278278
1.372590
1.372590
1.300308
1.300308
1.015229
1.015229
1.368533
1.368533
1.382620
1.382620
1.319270
1.319270
1.113805
1.113805
1.215416
1.215416
1.279308
1.279308
1.182850
1.182850
1.266889
1.266889
1.163723
1.163723
1.284432
1.284432
1.288398
1.288398
1.355007
1.355007
1.330269
1.330269
1.038500
1.038500
1.326756
1.326756
1.239810
1.239810
1.398352
1.398352
1.280129
1.280129
1.314595
1.314595
1.370872
1.370872
1.157999
1.157999
1.297474
1.297474
1.365402
1.365402
1.276380
1.276380
1.377675
1.377675
1.237909
1.237909
1.310463
1.310463
1.356394
1.356394
1.349580
1.349580
1.119559
1.119559
1.398639
1.398639
1.176452
1.176452
1.319125
1.319125
1.361585
1.361585
1.241760
1.241760
1.325632
1.325632
1.273726
1.273726
1.356006
1.356006
1.348302
1.348302
1.193905
1.193905
1.399655
1.399655
1.173197
1.173197
1.325966
1.325966
1.366914
1.366914
1.128071
1.128071
1.244725
1.244725
1.313393
1.313393
1.234479
1.234479
1.204380
1.204380
1.309865
1.309865
1.367998
1.367998
1.343883
1.343883
1.223479
1.223479
1.150711
1.150711
1.382604
1.382604
1.359282
1.359282
1.368500
1.368500
1.139735
1.139735
1.354248
1.354248
1.205905
1.205905
1.302177
1.302177
1.389834
1.389834
1.269800
1.269800
1.230943
1.230943
1.199290
1.199290
1.339130
1.339130
1.297378
1.297378
1.383220
1.383220
1.323046
1.323046
1.353977
1.353977
1.335812
1.335812
1.370718
1.370718
1.258522
1.258522
1.056929
1.056929
1.303076
1.303076
1.357168
1.357168
1.300741
1.300741
1.356522
1.356522
1.390894
1.390894
1.339773
1.339773
1.298697
1.298697
1.131160
1.131160
1.181468
1.181468
1.338642
1.338642
1.332188
1.332188
1.126439
1.126439
1.163899
1.163899
1.348197
1.348197
1.270177
1.270177
1.195587
1.195587
1.281906
1.281906
1.200496
1.200496
1.284853
1.284853
1.217058
1.217058
1.225440
1.225440
1.356250
1.356250
1.393319
1.393319
1.396189
1.396189
