1.161301
1.161301
1.257614
1.257614
1.068760
1.068760
1.302213
1.302213
1.205046
1.373931
1.205046
1.373931
1.300082
1.300082
1.371123
1.371123
1.230491
1.230491
1.362539
1.362539
1.367493
1.367493
1.348201
1.348201
1.393024
1.393024
1.337408
1.337408
1.236056
1.236056
1.379519
1.379519
1.254169
1.254169
1.352296
1.352296
1.176724
1.311466
1.176724
1.311466
1.133073
1.133073
1.359577
1.359577
1.364578
1.364578
1.334337
1.334337
1.385796
1.385796
1.170850
1.170850
1.303916
1.303916
1.304304
1.304304
1.300665
1.300665
1.372551
1.372551
1.216224
1.216224
1.327129
1.327129
1.315519
1.315519
1.380633
1.380633
1.345361
1.345361
1.300392
1.300392
1.233913
1.031539
1.031539
1.233913
1.325533
1.325533
1.372834
1.372834
1.302945
1.302945
1.148840
1.148840
1.276842
1.276842
1.296691
1.296691
1.352407
1.352407
1.383796
1.383796
1.242587
1.242587
1.266123
1.266123
1.351255
1.351255
1.175601
1.175601
1.374884
1.374884
1.048717
1.048717
1.394365
1.394365
1.253550
1.253550
1.276468
1.276468
1.140534
1.140534
1.058725
1.058725
1.113153
1.113153
1.252916
1.252916
1.321249
1.321249
1.304263
1.304263
1.136628
1.136628
1.395219
1.395219
1.313673
1.313673
1.395212
1.395212
1.348450
1.348450
1.263809
1.263809
1.367040
1.367040
1.398151
1.398151
1.220374
1.220374
1.142426
1.142426
1.293847
1.293847
1.388920
1.388920
1.342285
1.342285
1.316779
1.316779
1.196765
1.196765
1.361352
1.361352
1.238680
1.238680
1.301335
1.301335
1.163300
1.163300
1.330880
1.330880
1.308845
1.308845
1.206586
1.153192
1.206586
1.153192
1.311621
1.311621
1.308443
1.308443
1.233012
1.233012
1.309052
1.309052
1.392852
1.392852
1.229574
1.229574
1.283420
1.283420
1.287745
1.287745
1.236726
1.236726
1.292683
1.292683
1.137732
1.137732
1.354099
1.354099
1.193069
1.193069
1.348115
1.348115
1.152079
1.152079
1.226647
1.226647
1.317745
1.317745
1.373209
1.373209
1.286325
1.286325
1.293166
1.293166
1.352256
1.352256
1.296818
1.296818
1.342000
1.342000
1.390898
1.390898
1.272492
1.272492
1.152266
1.152266
1.259505
1.259505
1.143443
1.143443
1.395018
1.395018
1.041603
1.041603
1.257285
1.257285
1.284098
1.284098
1.069952
1.069952
1.365232
1.365232
1.342887
1.342887
1.363247
1.363247
1.284827
1.284827
1.172598
1.172598
1.343030
1.343030
1.350644
1.350644
1.240863
1.240863
1.319830
1.319830
1.331881
1.331881
1.313736
1.313736
1.095005
1.095005
1.234271
1.234271
1.175619
1.175619
1.355936
1.355936
1.334574
1.334574
1.322405
1.322405
1.357344
1.357344
1.342833
1.342833
1.334461
1.334461
1.332324
1.332324
1.244101
1.244101
1.245552
1.245552
1.396052
1.396052
1.281775
1.281775
1.286042
1.286042
1.200946
1.200946
1.228073
1.228073
1.282672
1.282672
1.341107
1.341107
1.378683
1.378683
1.245965
1.245965
1.385701
1.385701
1.132164
1.132164
1.031940
1.031940
1.300838
1.300838
1.374025
1.374025
1.261981
1.261981
1.166093
1.166093
1.383138
1.383138
1.300809
1.300809
1.397829
1.397829
1.130809
1.130809
1.185959
1.185959
1.244143
1.244143
1.237102
1.237102
1.262710
1.262710
1.381903
1.381903
1.240300
1.240300
1.363798
1.363798
1.335765
1.335765
1.388321
1.388321
1.372687
1.372687
1.325743
1.325743
1.143688
1.143688
1.384080
1.384080
1.190254
1.190254
1.339408
1.339408
1.254438
1.254438
1.344969
1.344969
1.333415
1.333415
1.311763
1.311763
1.257381
1.257381
1.332238
1.332238
1.202821
1.202821
1.318109
1.318109
1.288703
1.288703
1.240642
1.240642
1.071923
1.071923
1.185863
1.185863
1.285611
1.285611
1.208062
1.208062
1.354405
1.354405
1.357945
1.357945
1.325970
1.325970
1.354285
1.354285
1.196799
1.196799
1.252918
1.252918
1.346785
1.346785
1.396623
1.396623
1.268749
1.268749
1.297910
1.297910
1.295595
1.295595
1.371295
1.371295
1.349953
1.349953
1.340960
1.340960
1.352205
1.352205
1.202855
1.202855
1.269905
1.269905
1.343312
1.343312
1.338193
1.338193
1.344762
1.344762
1.376777
1.376777
1.312951
1.312951
1.055020
1.055020
1.351080
1.351080
1.356324
1.356324
1.115544
1.115544
1.380957
1.380957
1.223961
1.223961
1.296573
1.296573
1.291428
1.291428
1.375218
1.375218
1.139633
1.139633
1.364178
1.364178
1.207464
1.207464
1.352270
1.352270
1.062980
1.062980
1.281418
1.281418
1.180359
1.180359
1.160751
1.160751
1.352311
1.352311
1.394183
1.394183
1.330385
1.330385
1.337741
1.337741
1.154887
1.154887
1.386323
1.386323
1.105436
1.276753
1.105436
1.276753
1.226659
1.226659
1.303193
1.303193
1.101095
1.101095
1.217948
1.364503
1.364503
1.217948
1.292138
1.292138
1.025271
1.025271
1.069420
1.069420
1.339594
1.339594
1.346377
1.346377
1.184926
1.184926
1.293197
1.293197
1.395766
1.395766
1.280686
1.280686
1.271065
1.271065
1.194455
1.194455
1.326219
1.326219
1.205655
1.205655
1.247228
1.247228
1.399387
1.275348
1.399387
1.275348
1.390925
1.390925
1.282163
1.282163
1.370661
1.370661
1.292506
1.292506
1.252691
1.252691
1.399668
1.399668
1.377994
1.377994
1.268626
1.268626
1.290891
1.290891
1.298086
1.298086
1.158184
1.158184
1.332055
1.332055
1.149593
1.149593
1.264153
1.264153
1.374592
1.374592
1.360243
1.360243
1.243159
1.243159
1.360594
1.360594
1.205938
1.205938
1.283307
1.283307
1.381127
1.381127
1.362961
1.362961
1.319185
1.319185
1.281689
1.281689
1.278043
1.278043
1.333414
1.333414
1.394500
1.394500
1.349158
1.349158
1.049905
1.049905
1.396307
1.396307
1.356408
1.356408
1.154833
1.154833
1.309109
1.309109
1.388370
1.388370
1.395355
1.395355
1.223580
1.223580
1.235678
1.235678
1.332354
1.332354
1.290389
1.290389
1.392065
1.392065
1.349023
1.349023
1.327036
1.327036
1.368489
1.368489
1.293401
1.293401
1.369998
1.369998
1.289953
1.289953
1.347966
1.347966
1.170562
1.170562
1.289115
1.289115
1.097811
1.097811
1.301900
1.301900
1.327539
1.327539
1.285140
1.285140
1.129398
1.129398
1.341110
1.341110
1.342898
1.342898
1.169068
1.169068
1.380293
1.380293
1.080188
1.080188
1.088806
1.088806
1.332907
1.332907
1.340485
1.340485
1.239054
1.239054
1.292621
1.292621
1.300348
1.300348
1.196867
1.196867
1.195835
1.195835
1.363191
1.363191
1.378759
1.378759
1.356468
1.356468
1.150355
1.150355
1.326411
1.326411
1.226751
1.226751
1.320578
1.320578
1.219385
1.219385
1.276659
1.276659
1.331595
1.331595
1.227801
1.227801
1.366604
1.366604
1.215065
1.215065
1.188195
1.188195
1.257975
1.257975
1.100273
1.100273
1.299387
1.299387
1.337709
1.337709
