1.382409
1.382409
1.251602
1.251602
1.202749
1.202749
1.106941
1.106941
1.374205
1.374205
1.267200
1.267200
1.367048
1.367048
1.396170
1.396170
1.309252
1.309252
1.316201
1.316201
1.377730
1.377730
1.317484
1.317484
1.393442
1.393442
1.383227
1.383227
1.275745
1.275745
1.374907
1.374907
1.241257
1.241257
1.397930
1.397930
1.259480
1.259480
1.157103
1.157103
1.346695
1.346695
1.356591
1.356591
1.399135
1.399135
1.322287
1.322287
1.257675
1.257675
1.347238
1.347238
1.381008
1.381008
1.254685
1.254685
1.328141
1.328141
1.350046
1.350046
1.351681
1.351681
1.171276
1.171276
1.342978
1.342978
1.329159
1.329159
1.374573
1.374573
1.310933
1.310933
1.344907
1.344907
1.344899
1.344899
1.129425
1.129425
1.339964
1.339964
1.359937
1.359937
1.380733
1.380733
1.223671
1.223671
1.202138
1.202138
1.370721
1.370721
1.248953
1.248953
1.346895
1.346895
1.248522
1.248522
1.181255
1.181255
1.333535
1.333535
1.278604
1.278604
1.371901
1.371901
1.398891
1.398891
1.388561
1.343470
1.388561
1.343470
1.256978
1.256978
1.232977
1.319537
1.319537
1.232977
1.363916
1.363916
1.390568
1.390568
1.389352
1.389352
1.332085
1.332085
1.260620
1.260620
1.022736
1.022736
1.395495
1.395495
1.370225
1.370225
1.312550
1.397938
1.397938
1.312550
1.396858
1.396858
1.141417
1.141417
1.341093
1.341093
1.285805
1.285805
1.347333
1.347333
1.282957
1.282957
1.396590
1.113388
1.113388
1.396590
1.246016
1.246016
1.134986
1.134986
1.362817
1.362817
1.236436
1.236436
1.399064
1.399064
1.373830
1.373830
1.250253
1.250253
1.208487
1.208487
1.301142
1.301142
1.164864
1.164864
1.344517
1.344517
1.291996
1.291996
1.302838
1.302838
1.372020
1.372020
1.388943
1.388943
1.246971
1.246971
1.247179
1.247179
1.237673
1.237673
1.399643
1.399643
1.356997
1.356997
1.345803
1.345803
1.350213
1.350213
1.344377
1.344377
1.280724
1.280724
1.270508
1.270508
1.345154
1.345154
1.354468
1.354468
1.160757
1.160757
1.200634
1.200634
1.244806
1.244806
1.338708
1.338708
1.386264
1.386264
1.243128
1.243128
1.089774
1.089774
1.345233
1.345233
1.337208
1.261104
1.337208
1.261104
1.279233
1.279233
1.392890
1.392890
1.368434
1.368434
1.173062
1.173062
1.219946
1.219946
1.370492
1.370492
1.334192
1.334192
1.357658
1.357658
1.350477
1.350477
1.263955
1.263955
1.384616
1.384616
1.284406
1.284406
1.395524
1.395524
1.329595
1.329595
1.166873
1.166873
1.151672
1.151672
1.339934
1.339934
1.289357
1.289357
1.292855
1.292855
1.138987
1.138987
1.292322
1.292322
1.370386
1.370386
1.188042
1.188042
1.313177
1.313177
1.302917
1.302917
1.250613
1.250613
1.206647
1.206647
1.322058
1.322058
1.334597
1.334597
1.074001
1.074001
1.360860
1.360860
1.173962
1.173962
1.388164
1.388164
1.226090
1.226090
1.269834
1.269834
1.308334
1.308334
1.380230
1.380230
1.370473
1.370473
1.364294
1.364294
1.388643
1.388643
1.088559
1.088559
1.175816
1.175816
1.318918
1.318918
1.243249
1.243249
1.260014
1.260014
1.309850
1.309850
1.174577
1.174577
1.105287
1.105287
1.319134
1.199746
1.199746
1.319134
1.330732
1.330732
1.288453
1.288453
1.265206
1.265206
1.316912
1.316912
1.376607
1.376607
1.399990
1.399990
1.257698
1.257698
1.330476
1.330476
1.303500
1.303500
1.159977
1.159977
1.251114
1.251114
1.322350
1.322350
1.141675
1.141675
1.159490
1.159490
1.363165
1.363165
1.392475
1.392475
1.352281
1.352281
1.365052
1.365052
1.332348
1.332348
1.284618
1.284618
1.395781
1.395781
1.172189
1.172189
1.252964
1.252964
1.307413
1.265060
1.307413
1.265060
1.276554
1.276554
1.325255
1.325255
1.248354
1.248354
1.367642
1.367642
1.316902
1.316902
1.380317
1.380317
1.219612
1.219612
1.343523
1.343523
1.154101
1.154101
1.297290
1.297290
1.258024
1.258024
1.346101
1.346101
1.347298
1.347298
1.360493
1.220788
1.360493
1.220788
1.267001
1.156961
1.267001
1.156961
1.164731
1.164731
1.274306
1.274306
1.309791
1.309791
1.387345
1.387345
1.395794
1.395794
1.356318
1.356318
1.382744
1.382744
1.393799
1.393799
1.369533
1.369533
1.195138
1.195138
1.293867
1.293867
1.102322
1.102322
1.373901
1.373901
1.337801
1.337801
1.274215
1.274215
1.388893
1.388893
1.285444
1.285444
1.369180
1.388369
1.388369
1.369180
1.326955
1.326955
1.376665
1.376665
1.288043
1.288043
1.399465
1.399465
1.367428
1.367428
1.374161
1.374161
1.281231
1.281231
1.124203
1.124203
1.381459
1.381459
1.363944
1.363944
1.176099
1.176099
1.125123
1.125123
1.341678
1.341678
1.335089
1.335089
1.169563
1.169563
1.225958
1.225958
1.113149
1.113149
1.343827
1.343827
1.250022
1.250022
1.291214
1.291214
1.123567
1.123567
1.373925
1.373925
1.323480
1.323480
1.367567
1.367567
1.364515
1.364515
1.140781
1.140781
1.214416
1.214416
1.257507
1.257507
1.134362
1.134362
1.395460
1.395460
1.388142
1.388142
1.331033
1.331033
1.210821
1.210821
1.395134
1.395134
1.213878
1.213878
1.323519
1.323519
1.171134
1.171134
1.151707
1.151707
1.189898
1.189898
1.390718
1.390718
1.358817
1.358817
1.393559
1.393559
1.395964
1.395964
1.346794
1.346794
1.377449
1.377449
1.294604
1.294604
1.121104
1.121104
1.350460
1.350460
1.373884
1.373884
