1.227119
1.227119
1.357485
1.357485
1.341651
1.341651
1.327904
1.327904
1.279963
1.279963
1.266374
1.266374
1.127837
1.114337
1.127837
1.114337
1.346927
1.346927
1.296049
1.296049
1.284920
1.284920
1.285348
1.285348
1.316083
1.316083
1.243121
1.243121
1.110001
1.110001
1.320331
1.320331
1.378597
1.378597
1.167443
1.167443
1.252437
1.252437
1.193345
1.193345
1.371849
1.371849
1.313070
1.313070
1.224770
1.224770
1.196182
1.130052
1.196182
1.130052
1.375786
1.375786
1.214450
1.214450
1.109393
1.109393
1.270679
1.232805
1.270679
1.232805
1.344108
1.222081
1.344108
1.222081
1.364803
1.364803
1.274904
1.274904
1.363017
1.363017
1.366196
1.366196
1.151511
1.151511
1.376020
1.147691
1.147691
1.376020
1.367912
1.367912
1.345866
1.345866
1.063697
1.063697
1.173484
1.173484
1.172043
1.172043
1.224157
1.224157
1.339701
1.339701
1.110847
1.110847
1.249699
1.249699
1.176719
1.176719
1.096733
1.096733
1.232715
1.232715
1.355581
1.355581
1.282353
1.282353
1.387137
1.387137
1.348435
1.348435
1.370778
1.370778
1.387610
1.387610
1.261707
1.261707
1.194544
1.194544
1.203376
1.203376
1.351356
1.351356
1.395980
1.395980
1.389739
1.249293
1.389739
1.249293
1.279663
1.279663
1.386846
1.386846
1.099377
1.099377
1.091692
1.091692
1.279091
1.279091
1.203725
1.203725
1.321335
1.321335
1.396300
1.396300
1.201402
1.201402
1.371945
1.371945
1.078056
1.345206
1.345206
1.078056
1.108335
1.108335
1.227234
1.227234
1.218501
1.218501
1.278199
1.278199
1.279357
1.279357
1.288042
1.288042
1.281550
1.281550
1.345986
1.345986
1.229546
1.229546
1.382809
1.382809
1.220507
1.220507
1.316151
1.316151
1.348919
1.348919
1.360490
1.360490
1.251590
1.251590
1.039057
1.039057
1.256495
1.256495
1.337641
1.337641
1.291817
1.291817
1.378063
1.378063
1.257721
1.353823
1.257721
1.353823
1.209092
1.209092
1.394034
1.394034
1.191473
1.191473
1.355738
1.355738
1.385753
1.385753
1.393707
1.350441
1.393707
1.350441
1.385753
1.385753
1.177624
1.177624
1.321955
1.321955
1.354563
1.354563
1.110698
1.110698
1.396202
1.396202
1.281344
1.281344
1.056913
1.056913
1.397392
1.397392
1.251146
1.251146
1.393416
1.393416
1.268534
1.268534
1.257389
1.257389
1.342896
1.342896
1.157624
1.157624
1.329462
1.329462
1.295989
1.295989
1.367659
1.367659
1.351270
1.351270
1.351360
1.351360
1.335525
1.335525
1.306177
1.306177
1.285742
1.285742
1.356464
1.356464
1.293218
1.293218
1.289119
1.289119
1.226159
1.226159
1.366898
1.366898
1.201476
1.201476
1.072396
1.072396
1.115139
1.115139
1.197687
1.197687
1.372567
1.372567
1.374054
1.374054
1.300247
1.300247
1.362699
1.362699
1.309968
1.309968
1.270864
1.270864
1.200466
1.200466
1.133047
1.133047
1.381405
1.381405
1.308870
1.308870
1.354223
1.354223
1.317432
1.317432
1.361679
1.361679
1.220123
1.220123
1.381256
1.381256
1.329133
1.329133
1.268672
1.268672
1.335273
1.335273
1.259814
1.259814
1.192659
1.192659
1.364913
1.364913
1.367817
1.367817
1.374970
1.374970
1.362120
1.362120
1.312601
1.312601
1.356650
1.356650
1.300419
1.300419
1.326053
1.326053
1.389568
1.389568
1.392079
1.392079
1.284707
1.284707
1.165140
1.165140
1.170018
1.170018
1.267355
1.267355
1.164189
1.164189
1.147453
1.147453
1.342363
1.342363
1.226201
1.226201
1.326718
1.326718
1.372294
1.372294
1.356780
1.356780
1.237064
1.237064
1.197967
1.197967
1.106017
1.106017
1.379363
1.379363
1.120945
1.120945
1.397103
1.397103
1.320084
1.320084
1.213473
1.213473
1.370953
1.370953
1.316591
1.316591
1.231547
1.231547
1.375291
1.375291
1.398440
1.398440
1.227055
1.227055
1.342800
1.342800
1.283776
1.283776
1.236663
1.236663
1.290356
1.290356
1.280751
1.280751
1.392466
1.392466
1.267514
1.267514
1.299697
1.299697
1.376709
1.376709
1.304843
1.304843
1.279241
1.279241
1.316161
1.316161
1.380043
1.380043
1.354254
1.354254
1.173364
1.173364
1.361286
1.361286
1.071374
1.071374
1.139316
1.139316
1.245052
1.245052
1.382435
1.382435
1.302961
1.302961
1.346325
1.346325
1.367018
1.367018
1.284927
1.284927
1.391404
1.391404
1.220851
1.220851
1.304252
1.304252
1.283369
1.283369
1.136454
1.136454
1.366538
1.366538
1.330948
1.330948
1.346771
1.346771
1.255629
1.255629
1.307721
1.307721
1.364723
1.364723
1.246502
1.246502
1.255209
1.255209
1.385512
1.385512
1.344814
1.344814
1.143749
1.309719
1.309719
1.143749
1.300063
1.300063
1.275339
1.275339
1.375756
1.375756
1.170431
1.170431
1.153795
1.153795
1.246051
1.246051
1.342174
1.342174
1.124295
1.124295
1.344103
1.344103
1.359720
1.359720
1.323109
1.323109
1.289814
1.289814
1.227896
1.227896
1.283371
1.283371
1.291742
1.291742
1.176496
1.176496
1.151321
1.151321
1.393721
1.393721
1.367091
1.367091
1.310239
1.310239
1.376344
1.376344
1.149946
1.149946
1.132537
1.132537
1.139376
1.139376
1.227254
1.227254
1.350912
1.350912
1.375898
1.375898
1.310220
1.310220
1.305901
1.305901
1.372220
1.372220
1.029632
1.029632
1.339321
1.339321
1.353052
1.353052
1.296053
1.296053
1.396300
1.396300
1.215086
1.215086
1.270474
1.270474
1.152864
1.152864
1.191521
1.191521
1.160215
1.160215
1.390443
1.390443
1.367921
1.367921
1.082663
1.082663
1.257831
1.257831
1.369461
1.369461
1.183628
1.183628
1.376299
1.376299
1.319432
1.319432
1.327593
1.327593
1.255456
1.255456
1.324216
1.324216
1.293001
1.293001
1.200192
1.200192
1.314401
1.314401
1.323620
1.323620
1.128783
1.128783
1.339776
1.339776
1.394213
1.394213
1.287564
1.287564
1.075623
1.075623
1.157023
1.157023
1.294744
1.294744
1.253345
1.253345
1.377845
1.377845
1.308058
1.308058
1.293261
1.293261
1.238120
1.238120
1.305581
1.305581
1.249624
1.249624
1.336593
1.336593
1.393340
1.393340
1.393415
1.393415
1.368144
1.368144
1.335691
1.335691
1.230391
1.230391
1.347675
1.347675
1.068325
1.068325
1.049497
1.049497
1.378425
1.378425
1.114662
1.114662
1.388502
1.388502
1.122803
1.122803
1.387129
1.387129
1.257872
1.257872
1.154069
1.154069
1.375208
1.375208
1.367804
1.367804
1.070238
1.070238
1.118557
1.118557
1.206445
1.206445
1.373781
1.373781
1.361098
1.361098
1.274439
1.274439
1.265890
1.265890
1.284064
1.284064
1.380313
1.380313
1.151694
1.151694
1.326900
1.098019
1.326900
1.098019
1.390322
1.390322
1.386736
1.386736
1.362187
1.362187
1.345286
1.345286
1.379335
1.379335
1.192916
1.192916
1.329124
1.329124
1.227535
1.227535
1.352281
1.352281
1.385629
1.385629
1.322974
1.322974
1.289701
1.289701
1.156437
1.156437
1.301981
1.301981
1.397414
1.397414
1.270817
1.270817
1.374544
1.374544
1.291921
1.291921
1.387342
1.387342
1.328202
1.328202
1.290756
1.290756
1.294565
1.294565
1.328113
1.328113
1.262106
1.262106
1.320521
1.320521
1.324209
1.324209
1.176828
1.176828
1.186975
1.186975
1.246446
1.246446
1.130677
1.130677
1.253179
1.253179
1.374785
1.374785
1.218502
1.218502
1.287767
1.287767
1.142370
1.142370
1.342793
1.342793
1.391692
1.391692
1.322798
1.322798
1.338822
1.338822
1.318703
1.318703
1.297881
1.297881
1.271851
1.271851
1.258039
1.258039
1.340461
1.340461
1.154370
1.154370
1.309954
1.309954
1.282485
1.282485
1.303486
1.303486
1.191682
1.191682
1.311969
1.311969
1.235501
1.235501
1.328348
1.328348
1.279056
1.279056
1.122946
1.122946
1.210234
1.210234
1.316321
1.316321
1.373673
1.373673
1.389337
1.389337
1.331550
1.331550
1.219651
1.219651
1.240088
1.240088
1.332488
1.332488
1.323452
1.323452
1.363573
1.363573
1.185624
1.185624
1.346596
1.346596
1.172602
1.172602
1.386877
1.386877
1.308017
1.308017
