1.309970
1.309970
1.310372
1.310372
1.375043
1.375043
1.096260
1.096260
1.254018
1.254018
1.304387
1.304387
1.068301
1.068301
1.374959
1.374959
1.245532
1.245532
1.383679
1.383679
1.242350
1.242350
1.137048
1.137048
1.262089
1.262089
1.300599
1.300599
1.115908
1.115908
1.375125
1.375125
1.355884
1.171995
1.171995
1.355884
1.188804
1.391117
1.188804
1.391117
1.386198
1.386198
1.334825
1.334825
1.306555
1.306555
1.281647
1.281647
1.295930
1.295930
1.200572
1.200572
1.311404
1.311404
1.175384
1.175384
1.342572
1.342572
1.198846
1.386590
1.386590
1.198846
1.114547
1.114547
1.228436
1.228436
1.145089
1.145089
1.262851
1.262851
1.188097
1.188097
1.260123
1.260123
1.286351
1.286351
1.209291
1.321720
1.321720
1.209291
1.330659
1.330659
1.246302
1.246302
1.165841
1.165841
1.346849
1.346849
1.276216
1.344232
1.276216
1.288111
1.344232
1.288111
1.198473
1.198473
1.365660
1.365660
1.351091
1.351091
1.384723
1.384723
1.180688
1.180688
1.274596
1.274596
1.145148
1.145148
1.368837
1.368837
1.360780
1.360780
1.369819
1.369819
1.088939
1.088939
1.316259
1.316259
1.327700
1.327700
1.175344
1.175344
1.306147
1.306147
1.285717
1.285717
1.174664
1.292476
1.174664
1.292476
1.325623
1.325623
1.340218
1.340218
1.174930
1.174930
1.328961
1.328961
1.267760
1.267760
1.381680
1.381680
1.188724
1.340076
1.188724
1.340076
1.248880
1.248880
1.254735
1.254735
1.381783
1.362049
1.381783
1.362049
1.270314
1.270314
1.321925
1.321925
1.252001
1.252001
1.300923
1.300923
1.373285
1.373285
1.187930
1.187930
1.290151
1.290151
1.260198
1.260198
1.109768
1.109768
1.274892
1.274892
1.312330
1.312330
1.375028
1.375028
1.072596
1.072596
1.363857
1.363857
1.308562
1.308562
1.382469
1.382469
1.318960
1.318960
1.184771
1.184771
1.266554
1.266554
1.327761
1.327761
1.363103
1.363103
1.214915
1.214915
1.266001
1.266001
1.220837
1.220837
1.279834
1.279834
1.361601
1.361601
1.247375
1.247375
1.149456
1.149456
1.301523
1.301523
1.396452
1.396452
1.132293
1.132293
1.352974
1.352974
1.329664
1.329664
1.341692
1.341692
1.244970
1.244970
1.374083
1.374083
1.219738
1.219738
1.295375
1.295375
1.307719
1.307719
1.340701
1.340701
1.386725
1.386725
1.178609
1.178609
1.340285
1.340285
1.393947
1.393947
1.138281
1.138281
1.242443
1.242443
1.382362
1.241268
1.382362
1.241268
1.085854
1.085854
1.387766
1.387766
1.290378
1.290378
1.382576
1.382576
1.337740
1.337740
1.357428
1.357428
1.241268
1.241268
1.306050
1.306050
1.241683
1.241683
1.334057
1.334057
1.250646
1.250646
1.245464
1.351371
1.245464
1.351371
1.344439
1.344439
1.313043
1.313043
1.122756
1.122756
1.212601
1.212601
1.227204
1.227204
1.328686
1.328686
1.313855
1.399737
1.399737
1.313855
1.354853
1.150190
1.354853
1.150190
1.365526
1.365526
1.173205
1.173205
1.352631
1.352631
1.307761
1.307761
1.115438
1.115438
1.392588
1.392588
1.305820
1.305820
1.320978
1.320978
1.267024
1.267024
1.374749
1.374749
1.282926
1.282926
1.239970
1.239970
1.342487
1.342487
1.370492
1.370492
1.303226
1.303226
1.335621
1.335621
1.398806
1.398806
1.379592
1.379592
1.193097
1.193097
1.332542
1.332542
1.156609
1.156609
1.196962
1.196962
1.397503
1.397503
1.389146
1.389146
1.399375
1.399375
1.349110
1.349110
1.386588
1.386588
1.357777
1.357777
1.333077
1.333077
1.127530
1.127530
1.325013
1.325013
1.155089
1.155089
1.280777
1.280777
1.221572
1.221572
1.318609
1.318609
1.315890
1.315890
1.370816
1.370816
1.396912
1.396912
1.302549
1.302549
1.368625
1.368625
1.153409
1.153409
1.327264
1.327264
1.351757
1.351757
1.259043
1.259043
1.397514
1.397514
1.230004
1.230004
1.290225
1.290225
1.311100
1.311100
1.179689
1.179689
1.315178
1.315178
1.209594
1.309048
1.209594
1.309048
1.316393
1.316393
1.381640
1.381640
1.221295
1.221295
1.209079
1.209079
1.357888
1.357888
1.166657
1.166657
1.330434
1.330434
1.227089
1.227089
1.398739
1.398739
1.155353
1.155353
1.361341
1.361341
1.273651
1.273651
1.348218
1.348218
1.334684
1.246435
1.334684
1.246435
1.238040
1.238040
1.307307
1.307307
1.191041
1.191041
1.021196
1.021196
1.162669
1.162669
1.286205
1.286205
1.337026
1.337026
1.218998
1.218998
1.268114
1.268114
1.312860
1.312860
1.179754
1.179754
1.333073
1.333073
1.313714
1.313714
1.259664
1.259664
1.368704
1.368704
1.152784
1.152784
1.339833
1.339833
1.270625
1.270625
1.288481
1.288481
1.230800
1.230800
1.373335
1.373335
1.374509
1.374509
1.169516
1.169516
1.365946
1.365946
1.150196
1.150196
1.304529
1.304529
1.381470
1.381470
1.232166
1.232166
1.179808
1.179808
1.261333
1.261333
1.284238
1.284238
1.185338
1.185338
1.250747
1.250747
1.141236
1.141236
1.110571
1.110571
1.257761
1.257761
1.263715
1.263715
1.088403
1.088403
1.227862
1.227862
1.382972
1.382972
1.068819
1.068819
1.192051
1.192051
1.384158
1.384158
1.268780
1.268780
1.131348
1.131348
1.051458
1.051458
1.241993
1.241993
1.399386
1.399386
1.249717
1.249717
1.294688
1.294688
1.304850
1.304850
1.166529
1.166529
1.276358
1.276358
1.348701
1.348701
1.221644
1.221644
1.156764
1.156764
1.327734
1.327734
1.392992
1.392992
1.331043
1.331043
1.159011
1.159011
1.362187
1.362187
1.222459
1.222459
1.371549
1.371549
1.336657
1.336657
1.363830
1.327661
1.363830
1.327661
1.199178
1.199178
1.297184
1.297184
1.367784
1.367784
1.312033
1.312033
1.313337
1.313337
1.333451
1.333451
1.325975
1.325975
1.171432
1.171432
1.242984
1.242984
1.370281
1.370281
1.372302
1.372302
1.399014
1.399014
1.149887
1.149887
1.173714
1.173714
1.396987
1.396987
1.229010
1.229010
1.365337
1.365337
1.394228
1.394228
1.361737
1.361737
1.161571
1.161571
1.217656
1.217656
1.292404
1.292404
1.348897
1.348897
1.396602
1.396602
1.363888
1.363888
1.343707
1.343707
1.261487
1.261487
1.277557
1.277557
1.109991
1.109991
1.273660
1.273660
1.344049
1.344049
1.192522
1.192522
1.368259
1.368259
1.391223
1.391223
1.075467
1.075467
1.350408
1.350408
1.266764
1.266764
1.237563
1.237563
1.305682
1.305682
1.383373
1.383373
1.139753
1.384778
1.384778
1.139753
1.329348
1.329348
1.303595
1.303595
1.381682
1.381682
1.295358
1.295358
1.238687
1.238687
1.370411
1.370411
1.333187
1.333187
1.285479
1.285479
1.374531
1.374531
1.155298
1.155298
1.238475
1.238475
