1.350964
1.350964
1.280363
1.280363
1.152804
1.152804
1.202600
1.202600
1.312557
1.312557
1.369441
1.369441
1.237423
1.237423
1.321620
1.321620
1.291016
1.291016
1.336067
1.332489
1.332489
1.336067
1.376488
1.376488
1.143878
1.143878
1.345780
1.182702
1.182702
1.345780
1.091375
1.347444
1.091375
1.347444
1.228701
1.300680
1.228701
1.300680
1.274404
1.274404
1.373518
1.373518
1.116706
1.116706
1.240524
1.240524
1.392075
1.392075
1.292781
1.292781
1.379773
1.379773
1.184524
1.184524
1.371862
1.371862
1.287173
1.287173
1.178370
1.178370
1.396510
1.396510
1.274808
1.274808
1.127455
1.127455
1.265842
1.265842
1.035389
1.035389
1.254274
1.254274
1.329291
1.329291
1.348681
1.348681
1.392447
1.392447
1.185456
1.185456
1.322221
1.322221
1.364981
1.300167
1.300167
1.364981
1.121833
1.121833
1.205434
1.205434
1.076203
1.076203
1.318061
1.318061
1.263616
1.263616
1.326127
1.326127
1.365202
1.365202
1.325965
1.325965
1.360495
1.360495
1.320282
1.320282
1.380402
1.380402
1.243070
1.243070
1.222472
1.222472
1.128533
1.128533
1.103930
1.103930
1.245808
1.245808
1.296291
1.296291
1.360722
1.360722
1.256775
1.256775
1.319323
1.319323
1.282553
1.282553
1.387014
1.308295
1.308295
1.387014
1.324687
1.324687
1.325631
1.325631
1.360489
1.360489
1.350278
1.350278
1.320727
1.320727
1.359650
1.359650
1.310571
1.310571
1.154517
1.154517
1.391630
1.391630
1.249356
1.249356
1.322734
1.322734
1.354358
1.354358
1.252013
1.252013
1.227159
1.227159
1.230788
1.230788
1.317487
1.317487
1.321404
1.321404
1.374691
1.374691
1.230643
1.230643
1.329769
1.329769
1.301436
1.301436
1.285441
1.285441
1.062265
1.062265
1.345276
1.345276
1.224390
1.224390
1.394304
1.394304
1.217906
1.217906
1.173078
1.173078
1.195561
1.195561
1.352036
1.352036
1.203065
1.203065
1.274379
1.274379
1.385987
1.385987
1.287376
1.287376
1.267087
1.267087
1.345230
1.345230
1.362667
1.362667
1.287787
1.287787
1.335608
1.335608
1.302714
1.302714
1.124614
1.124614
1.317577
1.317577
1.314065
1.314065
1.224976
1.224976
1.233033
1.233033
1.073334
1.073334
1.148162
1.148162
1.308377
1.308377
1.355295
1.355295
1.184161
1.184161
1.382484
1.382484
1.198586
1.198586
1.319864
1.319864
1.375805
1.375805
1.396367
1.396367
1.159717
1.159717
1.376538
1.376538
1.355913
1.355913
1.172047
1.172047
1.165272
1.165272
1.394862
1.394862
1.187725
1.187725
1.327713
1.327713
1.091151
1.091151
1.370193
1.370193
1.273648
1.273648
1.275148
1.275148
1.112896
1.112896
1.320691
1.320691
1.276413
1.276413
1.296730
1.296730
1.385480
1.385480
1.316215
1.316215
1.318284
1.318284
1.341569
1.341569
1.394613
1.394613
1.343779
1.343779
1.314043
1.314043
1.173586
1.173586
1.361733
1.361733
1.207771
1.207771
1.348818
1.348818
1.184049
1.184049
1.263711
1.263711
1.073192
1.073192
1.252848
1.252848
1.340446
1.340446
1.198623
1.198623
1.378644
1.378644
1.319655
1.319655
1.224657
1.224657
1.334967
1.334967
1.039247
1.039247
1.339008
1.339008
1.352112
1.352112
1.373891
1.373891
1.262996
1.262996
1.349131
1.349131
1.349392
1.349392
1.163092
1.163092
1.307321
1.307321
1.361621
1.361621
1.367524
1.367524
1.303145
1.303145
1.345641
1.345641
1.372649
1.372649
1.315538
1.315538
1.309713
1.309713
1.362526
1.362526
1.353277
1.353277
1.314986
1.314986
1.235471
1.235471
1.389686
1.389686
1.297339
1.297339
1.210408
1.210408
1.362268
1.362268
1.352006
1.352006
1.131862
1.131862
1.325580
1.325580
1.257192
1.257192
1.230699
1.230699
1.388307
1.388307
1.182878
1.182878
1.219885
1.219885
1.390904
1.390904
1.393096
1.393096
1.347930
1.347930
1.250608
1.250608
1.216011
1.216011
1.249108
1.249108
1.259965
1.259965
1.303337
1.303337
1.373520
1.373520
1.268083
1.268083
1.166283
1.166283
1.256089
1.256089
1.166117
1.166117
1.223881
1.223881
1.313861
1.313861
1.257810
1.257810
1.228249
1.228249
1.235758
1.235758
1.131432
1.131432
1.264626
1.264626
1.368716
1.368716
1.118296
1.118296
1.383233
1.383233
1.257457
1.257457
1.230443
1.230443
1.176331
1.176331
1.239280
1.239280
1.387079
1.387079
1.308009
1.308009
1.227036
1.227036
1.328160
1.328160
1.340335
1.340335
1.334528
1.334528
1.343632
1.343632
1.281552
1.281552
1.248245
1.248245
1.195803
1.195803
1.299648
1.299648
1.052338
1.052338
1.298241
1.298241
1.359817
1.359817
1.301099
1.301099
1.270090
1.270090
1.357070
1.357070
1.339564
1.339564
1.177046
1.177046
1.283238
1.283238
1.238437
1.238437
1.063623
1.063623
1.238765
1.238765
1.172888
1.172888
1.331959
1.331959
1.372606
1.372606
1.195876
1.195876
1.222744
1.376275
1.376275
1.222744
1.380010
1.282613
1.380010
1.282613
1.261724
1.261724
1.228037
1.301217
1.228037
1.301217
1.228260
1.228260
1.325481
1.325481
1.330522
1.330522
1.363359
1.363359
1.366066
1.366066
1.251461
1.251461
1.337662
1.337662
1.283457
1.283457
1.063979
1.063979
1.351223
1.351223
1.311861
1.311861
1.311925
1.311925
1.332186
1.332186
1.268267
1.268267
1.257176
1.257176
1.224028
1.224028
1.394808
1.394808
1.272153
1.272153
1.364470
1.364470
1.140409
1.140409
1.360260
1.360260
1.256087
1.256087
1.358111
1.358111
1.241503
1.241503
1.190957
1.190957
1.064922
1.064922
1.188670
1.188670
