1.290553
1.290553
1.281999
1.222374
1.222374
1.344661
1.344661
1.281999
1.296604
1.296604
1.362027
1.362027
1.084304
1.084304
1.284406
1.284406
1.319137
1.319137
1.109270
1.109270
1.275585
1.275585
1.033617
1.033617
1.140679
1.140679
1.280399
1.280399
1.349313
1.349313
1.116077
1.116077
1.280078
1.280078
1.323512
1.323512
1.366520
1.366520
1.174404
1.174404
1.148681
1.148681
1.334286
1.334286
1.173761
1.173761
1.161969
1.161969
1.285350
1.285350
1.316514
1.316514
1.285367
1.285367
1.285140
1.285140
1.390756
1.390756
1.136131
1.136131
1.345108
1.345108
1.375223
1.375223
1.284237
1.284237
1.394131
1.394131
1.397321
1.397321
1.221607
1.221607
1.239397
1.239397
1.271332
1.271332
1.333477
1.333477
1.282066
1.282066
1.385617
1.385617
1.385322
1.385322
1.377156
1.377156
1.340152
1.340152
1.219967
1.219967
1.335266
1.335266
1.355512
1.355512
1.338860
1.338860
1.239783
1.334557
1.334557
1.239783
1.040922
1.040922
1.302323
1.302323
1.186189
1.186189
1.342199
1.342199
1.376405
1.376405
1.261467
1.261467
1.360217
1.360217
1.257209
1.257209
1.318071
1.318071
1.234068
1.234068
1.162441
1.162441
1.195956
1.195956
1.194425
1.194425
1.127178
1.127178
1.386306
1.386306
1.369354
1.369354
1.276725
1.276725
1.330755
1.330755
1.372514
1.372514
1.340344
1.340344
1.361680
1.361680
1.367412
1.193671
1.193671
1.367412
1.308167
1.308167
1.381282
1.381282
1.318975
1.318975
1.373744
1.373744
1.290943
1.290943
1.223082
1.223082
1.337838
1.337838
1.324757
1.324757
1.213415
1.213415
1.102891
1.102891
1.208079
1.208079
1.322862
1.322862
1.359538
1.359538
1.274103
1.274103
1.126280
1.126280
1.231510
1.231510
1.226244
1.226244
1.294946
1.294946
1.287495
1.287495
1.192490
1.192490
1.329689
1.329689
1.324969
1.324969
1.217573
1.217573
1.156208
1.156208
1.227320
1.227320
1.305281
1.305281
1.354710
1.354710
1.251622
1.251622
1.353604
1.353604
1.385648
1.385648
1.388910
1.388910
1.069962
1.069962
1.330089
1.330089
1.276716
1.276716
1.061134
1.061134
1.289406
1.289406
1.268043
1.268043
1.360565
1.360565
1.218060
1.218060
1.312345
1.312345
1.332925
1.332925
1.387709
1.387709
1.343430
1.343430
1.389864
1.389864
1.261087
1.261087
1.360842
1.360842
1.387085
1.387085
1.246638
1.246638
1.303576
1.303576
1.129075
1.129075
1.342747
1.323154
1.323154
1.342747
1.038249
1.038249
1.248218
1.248218
1.209394
1.209394
1.350786
1.350786
1.267234
1.267234
1.392893
1.392893
1.229533
1.229533
1.224346
1.224346
1.079530
1.079530
1.253042
1.253042
1.221455
1.221455
1.199060
1.199060
1.366955
1.366955
1.127939
1.127939
1.389194
1.389194
1.214289
1.214289
1.304610
1.304610
1.383758
1.383758
1.392073
1.392073
1.391189
1.391189
1.302279
1.302279
1.133439
1.133439
1.298303
1.298303
1.334175
1.334175
1.336292
1.336292
1.314532
1.314532
1.377319
1.377319
1.394296
1.394296
1.239479
1.239479
1.134262
1.134262
1.327976
1.327976
1.183036
1.183036
1.281309
1.281309
1.123948
1.123948
1.229321
1.229321
1.105059
1.105059
1.173102
1.173102
1.233448
1.233448
1.349077
1.349077
1.283953
1.283953
1.246347
1.246347
1.392512
1.392512
1.338716
1.338716
1.327608
1.327608
1.157075
1.157075
1.313078
1.313078
1.151151
1.151151
1.101839
1.101839
1.376999
1.376999
1.319626
1.319626
1.351358
1.351358
1.294096
1.294096
1.389927
1.389927
1.381908
1.381908
1.396124
1.396124
1.330657
1.330657
1.179807
1.179807
1.279797
1.279797
1.124661
1.124661
1.367316
1.367316
1.312531
1.312531
1.313199
1.313199
1.369189
1.369189
1.390417
1.390417
1.351037
1.351037
1.233937
1.233937
1.320038
1.320038
1.330522
1.330522
1.204205
1.204205
1.120626
1.231769
1.231769
1.120626
1.359125
1.359125
1.286432
1.286432
1.308373
1.308373
1.315164
1.315164
1.302786
1.302786
1.359485
1.359485
1.242660
1.242660
1.385824
1.385824
1.354007
1.354007
1.301813
1.301813
1.343169
1.343169
1.254288
1.254288
1.177165
1.177165
1.376329
1.376329
1.189225
1.189225
1.296611
1.296611
1.068697
1.068697
1.222039
1.222039
1.377218
1.377218
1.374533
1.374533
1.261534
1.261534
1.319817
1.319817
1.371850
1.371850
1.072923
1.072923
1.395027
1.395027
1.066158
1.066158
1.283245
1.283245
1.091149
1.091149
1.389186
1.389186
1.212085
1.212085
1.162474
1.162474
1.263516
1.263516
1.240386
1.240386
1.357625
1.357625
1.086081
1.086081
1.156007
1.156007
1.390319
1.390319
1.373402
1.373402
1.299861
1.299861
1.109554
1.109554
1.359106
1.359106
1.374755
1.374755
1.233021
1.233021
1.323225
1.323225
1.382203
1.382203
1.213136
1.213136
1.391223
1.391223
1.267852
1.267852
1.163162
1.163162
1.137771
1.137771
1.281507
1.281507
1.370164
1.370164
1.234550
1.234550
1.008639
1.008639
1.344687
1.344687
1.261450
1.261450
1.382925
1.381739
1.382925
1.381739
1.286764
1.286764
1.398640
1.398640
1.162929
1.162929
1.288924
1.288924
1.288563
1.288563
1.316477
1.316477
1.172109
1.172109
1.316074
1.316074
1.326051
1.326051
1.312833
1.312833
1.181312
1.181312
1.169247
1.169247
1.297826
1.297826
1.205816
1.205816
1.181033
1.181033
1.386998
1.386998
1.399013
1.399013
1.272939
1.272939
1.338475
1.338475
1.282082
1.282082
1.383240
1.383240
1.191208
1.191208
1.148161
1.148161
1.320937
1.320937
1.395668
1.395668
1.399125
1.399125
1.238648
1.238648
1.212376
1.212376
1.392025
1.392025
1.199958
1.199958
1.275490
1.275490
1.247807
1.247807
1.201437
1.201437
1.255727
1.255727
1.353721
1.353721
1.290324
1.290324
1.387523
1.387523
1.150543
1.150543
1.337473
1.337473
1.206612
1.206612
1.349758
1.349758
