1.350467
1.350467
1.054104
1.054104
1.131943
1.131943
1.289203
1.289203
1.309867
1.309867
1.310773
1.310773
1.170754
1.170754
1.310794
1.310794
1.257938
1.257938
1.099414
1.099414
1.396437
1.396437
1.389070
1.389070
1.331286
1.331286
1.348082
1.322112
1.322112
1.348082
1.328633
1.328633
1.090839
1.090839
1.331709
1.331709
1.345804
1.345804
1.272452
1.272452
1.363685
1.363685
1.302365
1.302365
1.064007
1.064007
1.271827
1.271827
1.289426
1.289426
1.395065
1.395065
1.256316
1.256316
1.379010
1.379010
1.396291
1.396291
1.386831
1.386831
1.126925
1.126925
1.120664
1.120664
1.389075
1.389075
1.335245
1.335245
1.182621
1.182621
1.394659
1.394659
1.323881
1.323881
1.392619
1.392619
1.246431
1.246431
1.117160
1.117160
1.271756
1.271756
1.217208
1.217208
1.076990
1.076990
1.302970
1.302970
1.306411
1.306411
1.231999
1.234359
1.231999
1.234359
1.355931
1.355931
1.238248
1.238248
1.372133
1.372133
1.366446
1.366446
1.377206
1.377206
1.214692
1.214692
1.082899
1.082899
1.188906
1.188906
1.388990
1.388990
1.325514
1.325514
1.178110
1.178110
1.108950
1.108950
1.127504
1.127504
1.396733
1.396733
1.079018
1.079018
1.257834
1.257834
1.371303
1.371303
1.280068
1.280068
1.231977
1.121751
1.231977
1.121751
1.382748
1.382748
1.062447
1.062447
1.383693
1.383693
1.133988
1.133988
1.396465
1.391664
1.396465
1.391664
1.381932
1.381932
1.383693
1.383693
1.322495
1.322495
1.198292
1.336999
1.198292
1.336999
1.111767
1.111767
1.064913
1.064913
1.309422
1.309422
1.187193
1.187193
1.274160
1.274160
1.331506
1.331506
1.165731
1.165731
1.316981
1.316981
1.287333
1.287333
1.292779
1.292779
1.053413
1.053413
1.214612
1.214612
1.304933
1.304933
1.273513
1.273513
1.237959
1.237959
1.344943
1.344943
1.287607
1.287607
1.287114
1.287114
1.347476
1.347476
1.322390
1.322390
1.215788
1.215788
1.335558
1.335558
1.190711
1.190711
1.297682
1.297682
1.333171
1.333171
1.179355
1.179355
1.355329
1.355329
1.388850
1.388850
1.343495
1.343495
1.084392
1.084392
1.384032
1.384032
1.157868
1.157868
1.377049
1.377049
1.306794
1.306794
1.206224
1.206224
1.327138
1.327138
1.257850
1.257850
1.066655
1.066655
1.226377
1.226377
1.352380
1.352380
1.353312
1.353312
1.391700
1.391700
1.232757
1.232757
1.371323
1.371323
1.340154
1.340154
1.369464
1.369464
1.396284
1.396284
1.289090
1.289090
1.161677
1.161677
1.337062
1.337062
1.195108
1.195108
1.315852
1.342765
1.342765
1.315852
1.355214
1.355214
1.169570
1.169570
1.333966
1.333966
1.170075
1.170075
1.274894
1.274894
1.393279
1.393279
1.374943
1.374943
1.314080
1.314080
1.383460
1.383460
1.344089
1.344089
1.330236
1.330236
1.147955
1.147955
1.271624
1.397651
1.397651
1.271624
1.264121
1.264121
1.226135
1.226135
1.329747
1.329747
1.061596
1.061596
1.287620
1.287620
1.302442
1.302442
1.386627
1.386627
1.364469
1.364469
1.328568
1.328568
1.218464
1.218464
1.391007
1.391007
1.167765
1.206834
1.206834
1.167765
1.214840
1.214840
1.298582
1.298582
1.337968
1.337968
1.127275
1.127275
1.332188
1.332188
1.219009
1.219009
1.186434
1.186434
1.298621
1.298621
1.316758
1.316758
1.356428
1.356428
1.248785
1.248785
1.361873
1.361873
1.349880
1.349880
1.250963
1.250963
1.364385
1.364385
1.351690
1.351690
1.344536
1.344536
1.352921
1.352921
1.235061
1.235061
1.300977
1.300977
1.311550
1.311550
1.370977
1.370977
1.235637
1.235637
1.207993
1.207993
1.311908
1.311908
1.342343
1.342343
1.184330
1.184330
1.059733
1.059733
1.154051
1.154051
1.086251
1.086251
1.210970
1.210970
1.259381
1.259381
1.382121
1.382121
1.359968
1.359968
1.308225
1.308225
1.376844
1.376844
1.379753
1.379753
1.214657
1.214657
1.398044
1.398044
1.342294
1.291705
1.342294
1.291705
1.164195
1.164195
1.394095
1.394095
1.284974
1.284974
1.286803
1.286803
1.237989
1.237989
1.163692
1.163692
1.242155
1.242155
1.373541
1.359618
1.359618
1.373541
1.092192
1.092192
1.290271
1.290271
1.304000
1.304000
1.271451
1.271451
1.370723
1.370723
1.339614
1.339614
1.385070
1.385070
1.238809
1.238809
1.355877
1.355877
1.347450
1.347450
1.089058
1.089058
1.139807
1.139807
1.392494
1.392494
1.331481
1.360371
1.331481
1.360371
1.384024
1.384024
1.254635
1.254635
1.204218
1.204218
1.167581
1.167581
1.212105
1.212105
1.388289
1.388289
1.320209
1.278170
1.320209
1.278170
1.245953
1.245953
1.370474
1.370474
1.211624
1.211624
1.257014
1.257014
1.286086
1.286086
1.347440
1.347440
1.277388
1.277388
1.392043
1.392043
1.254016
1.254016
1.363731
1.363731
1.378087
1.378087
1.188057
1.188057
1.303825
1.303825
1.281339
1.281339
1.364252
1.364252
1.291613
1.291613
1.170079
1.170079
1.277194
1.277194
1.312161
1.312161
1.259994
1.259994
1.190607
1.190607
1.243721
1.243721
1.347102
1.347102
1.376851
1.376851
1.168643
1.168643
1.276868
1.276868
1.266824
1.336199
1.266824
1.336199
1.242181
1.242181
1.274910
1.274910
1.142406
1.203694
1.203694
1.142406
1.274910
1.274910
1.047517
1.047517
1.203437
1.203437
1.366110
1.366110
1.369099
1.369099
1.348615
1.348615
1.292440
1.292440
1.257936
1.257936
1.330042
1.330042
1.299024
1.299024
1.254263
1.254263
1.268417
1.268417
1.320981
1.320981
1.138098
1.138098
1.322806
1.322806
1.267217
1.267217
1.107856
1.107856
1.352671
1.352671
1.394843
1.394843
1.215864
1.215864
1.296726
1.296726
1.195655
1.195655
1.249347
1.249347
1.197221
1.197221
1.206244
1.206244
1.371181
1.371181
1.377007
1.377007
1.393989
1.393989
1.327270
1.327270
1.194271
1.194271
1.312043
1.312043
1.234103
1.234103
1.291368
1.291368
1.387231
1.387231
1.232336
1.232336
1.376026
1.376026
1.103176
1.103176
1.215946
1.215946
1.384413
1.384413
1.307929
1.307929
1.124611
1.124611
1.377609
1.377609
1.192672
1.192672
1.257291
1.257291
1.113804
1.113804
1.353310
1.353310
1.236841
1.236841
1.218771
1.218771
1.157183
1.157183
1.275218
1.275218
1.292899
1.292899
1.223605
1.223605
1.323228
1.323228
1.320473
1.320473
1.339955
1.339955
1.242305
1.242305
1.208035
1.208035
1.371673
1.371673
1.281597
1.281597
1.270846
1.270846
1.349575
1.349575
1.053232
1.053232
1.345515
1.345515
1.360484
1.360484
1.336848
1.336848
1.375049
1.375049
1.358195
1.358195
1.356973
1.094320
1.094320
1.356973
1.075965
1.075965
1.207711
1.207711
1.395590
1.395590
1.166726
1.166726
1.391622
1.391622
1.068595
1.068595
1.396398
1.396398
1.128379
1.128379
1.252418
1.252418
1.247182
1.247182
1.319138
1.319138
1.028096
1.028096
1.324679
1.324679
1.189318
1.189318
1.076584
1.076584
1.335016
1.335016
1.253577
1.253577
1.160955
1.160955
1.340385
1.340385
1.355929
1.355929
1.363797
1.363797
1.144484
1.144484
1.191556
1.191556
1.310828
1.310828
1.380051
1.380051
1.363671
1.363671
1.354399
1.354399
1.358024
1.358024
1.373477
1.373477
1.282354
1.282354
1.382588
1.382588
1.364260
1.364260
1.275680
1.275680
1.333300
1.333300
1.140702
1.140702
1.343618
1.343618
1.364423
1.364423
1.326402
1.326402
1.341805
1.341805
1.346724
1.346724
1.375809
1.375809
1.314787
1.314787
1.190296
1.190296
1.378178
1.378178
1.174336
1.174336
1.371342
1.371342
1.325234
1.325234
1.282027
1.282027
1.154773
1.154773
1.387443
1.387443
1.306675
1.306675
1.207879
1.207879
1.331306
1.331306
1.363817
1.363817
1.271125
1.271125
1.341502
1.341502
1.211955
1.211955
1.368092
1.368092
1.332133
1.332133
1.301233
1.301233
1.304516
1.304516
1.369331
1.369331
1.395594
1.395594
1.381294
1.381294
1.320331
1.320331
1.267711
1.267711
1.083885
1.083885
1.264612
1.264612
1.223817
1.223817
1.383100
1.383100
1.297592
1.297592
1.254543
1.254543
1.168198
1.168198
1.347838
1.347838
1.264141
1.264141
1.224821
1.224821
1.218518
1.218518
