1.397372
1.397372
1.191702
1.191702
1.088881
1.088881
1.311696
1.311696
1.178213
1.178213
1.334937
1.334937
1.331304
1.221438
1.221438
1.331304
1.047356
1.047356
1.051963
1.051963
1.151806
1.151806
1.387782
1.387782
1.285643
1.285643
1.244319
1.244319
1.347207
1.347207
1.312224
1.312224
1.366387
1.366387
1.380599
1.380599
1.399439
1.399439
1.265744
1.265744
1.194942
1.194942
1.333832
1.333832
1.335805
1.335805
1.378905
1.378905
1.396530
1.396530
1.390163
1.390163
1.371224
1.371224
1.278714
1.278714
1.246948
1.246948
1.363532
1.363532
1.291081
1.291081
1.277825
1.277825
1.315609
1.201500
1.201500
1.315609
1.272443
1.272443
1.027408
1.027408
1.360047
1.360047
1.396634
1.396634
1.344993
1.344993
1.340980
1.340980
1.227840
1.344143
1.344143
1.227840
1.093015
1.093015
1.297113
1.297113
1.335027
1.335027
1.348795
1.348795
1.278483
1.278483
1.366910
1.366910
1.310648
1.310648
1.167633
1.167633
1.350901
1.305178
1.305178
1.350901
1.335399
1.335399
1.215590
1.215590
1.222479
1.393431
1.222479
1.393431
1.287832
1.287832
1.222291
1.222291
1.350084
1.350084
1.303122
1.303122
1.390329
1.390329
1.167693
1.388297
1.167693
1.388297
1.369749
1.369749
1.379992
1.379992
1.204517
1.204517
1.361456
1.361456
1.276845
1.276845
1.397149
1.228555
1.397149
1.228555
1.390106
1.390106
1.189872
1.189872
1.227243
1.227243
1.288986
1.288986
1.244354
1.244354
1.399762
1.399762
1.375108
1.245125
1.245125
1.375108
1.340409
1.340409
1.399014
1.399014
1.267449
1.267449
1.187938
1.187938
1.222465
1.222465
1.349267
1.349267
1.396413
1.396413
1.191555
1.339937
1.339937
1.191555
1.352193
1.352193
1.164557
1.164557
1.169000
1.169000
1.165053
1.165053
1.255217
1.255217
1.326582
1.326582
1.147486
1.147486
1.391770
1.391770
1.181230
1.181230
1.363082
1.392645
1.363082
1.392645
1.385052
1.385052
1.228358
1.228358
1.353684
1.353684
1.381654
1.381654
1.130698
1.130698
1.285728
1.285728
1.360335
1.360335
1.201211
1.201211
1.341498
1.341498
1.236950
1.236950
1.282675
1.282675
1.374918
1.374918
1.235747
1.235747
1.315357
1.315357
1.391276
1.391276
1.144379
1.144379
1.334848
1.325780
1.334848
1.325780
1.292783
1.286204
1.292783
1.286204
1.368374
1.368374
1.363572
1.363572
1.391112
1.391112
1.299075
1.299075
1.093737
1.093737
1.316205
1.316205
1.245240
1.245240
1.215210
1.215210
1.204409
1.204409
1.193302
1.193302
1.305727
1.305727
1.258349
1.258349
1.333995
1.342723
1.333995
1.342723
1.381108
1.381108
1.309864
1.309864
1.359900
1.359900
1.250704
1.250704
1.236913
1.197938
1.236913
1.197938
1.368239
1.368239
1.155014
1.155014
1.397037
1.397037
1.119439
1.119439
1.266601
1.266601
1.245300
1.245300
1.271623
1.271623
1.347476
1.347476
1.358259
1.358259
1.385573
1.337099
1.385573
1.337099
1.352560
1.352560
1.317314
1.317314
1.213632
1.213632
1.225243
1.225243
1.379224
1.379224
1.353734
1.353734
1.217878
1.217878
1.328214
1.328214
1.111733
1.111733
1.260098
1.260098
1.141377
1.141377
1.214961
1.214961
1.162207
1.162207
1.362238
1.362238
1.288735
1.288735
1.307559
1.307559
1.265672
1.265672
1.262898
1.262898
1.264930
1.278276
1.278276
1.264930
1.236628
1.236628
1.325805
1.325805
1.262361
1.262361
1.290516
1.290516
1.264214
1.264214
1.319954
1.319954
1.109062
1.109062
1.229929
1.229929
1.356334
1.356334
1.398995
1.348524
1.398995
1.348524
1.214775
1.214775
1.220175
1.220175
1.368828
1.368828
1.292088
1.292088
1.388722
1.388722
1.376976
1.376976
1.090785
1.090785
1.378642
1.378642
1.377077
1.377077
1.096931
1.096931
1.277970
1.277970
1.309073
1.309073
1.195118
1.195118
1.381325
1.381325
1.313978
1.313978
1.333268
1.333268
1.352018
1.352018
1.226268
1.226268
1.254381
1.254381
1.263725
1.263725
1.256091
1.256091
1.255742
1.255742
1.315473
1.315473
1.388653
1.388653
1.115795
1.115795
1.173608
1.173608
1.325849
1.325849
1.165911
1.165911
1.380468
1.380468
1.307984
1.307984
1.357004
1.357004
1.083836
1.083836
1.371487
1.371487
1.382155
1.382155
1.360377
1.360377
1.358720
1.358720
1.367736
1.367736
1.334922
1.334922
1.223726
1.223726
1.217017
1.217017
1.244844
1.244844
1.221744
1.221744
1.256781
1.256781
1.379170
1.379170
1.384060
1.384060
1.151329
1.151329
1.230576
1.230576
1.276718
1.276718
1.389840
1.389840
1.366278
1.366278
1.343189
1.343189
1.280789
1.280789
1.349532
1.285457
1.349532
1.285457
1.306469
1.306469
1.326433
1.326433
1.331632
1.331632
1.300772
1.300772
1.172850
1.172850
1.291306
1.291306
1.388092
1.388092
1.238547
1.238547
1.225750
1.225750
1.347932
1.347932
1.205496
1.205496
1.324186
1.324186
1.259785
1.259785
1.397074
1.397074
1.385895
1.385895
1.239896
1.239896
1.385338
1.385338
1.297574
1.297574
1.369255
1.369255
1.229708
1.229708
1.379423
1.379423
1.393865
1.393865
1.374462
1.374462
1.062634
1.062634
1.389287
1.389287
1.291618
1.291618
1.152377
1.152377
1.371123
1.371123
1.114348
1.114348
1.242891
1.242891
1.367406
1.367406
1.356631
1.356631
1.345033
1.345033
1.304965
1.304965
1.105829
1.105829
1.395198
1.395198
1.114875
1.114875
1.391918
1.391918
1.336971
1.336971
1.309996
1.309996
1.359330
1.359330
1.260448
1.260448
1.337789
1.337789
1.323677
1.378521
1.323677
1.378521
1.285474
1.285474
1.146413
1.146413
1.374079
1.374079
1.182672
1.182672
1.377745
1.377745
1.371811
1.371811
1.383569
1.383569
1.189571
1.189571
1.317131
1.317131
1.037285
1.037285
1.219494
1.219494
1.309234
1.309234
1.144884
1.144884
1.253233
1.253233
1.127039
1.127039
1.199321
1.314812
1.199321
1.314812
1.240423
1.240423
1.165487
1.165487
1.251788
1.251788
1.236671
1.236671
1.374120
1.374120
1.276244
1.276244
1.293825
1.293825
1.393982
1.393982
1.230844
1.230844
1.350031
1.350031
1.357226
1.357226
1.255279
1.255279
1.276160
1.276160
1.360176
1.360176
1.300351
1.300351
1.240113
1.240113
1.380242
1.380242
1.311695
1.311695
1.367863
1.367863
1.395254
1.395254
1.210091
1.379674
1.210091
1.379674
1.053519
1.053519
1.344446
1.344446
1.271691
1.271691
1.300004
1.300004
1.341774
1.341774
1.353403
1.353403
1.395796
1.395796
1.367182
1.367182
1.166701
1.166701
1.373952
1.373952
1.251002
1.251002
1.364679
1.364679
1.216296
1.216296
1.386271
1.386271
1.264018
1.264018
1.273887
1.273887
1.286361
1.286361
1.255565
1.255565
1.325468
1.325468
1.396492
1.396492
1.071947
1.071947
1.267598
1.267598
1.237770
1.237770
1.389049
1.389049
1.164538
1.164538
1.105562
1.105562
1.175106
1.175106
1.358988
1.358988
1.355161
1.355161
1.382887
1.382887
1.133172
1.133172
1.111484
1.111484
1.342915
1.342915
1.398272
1.398272
1.345726
1.345726
1.342019
1.342019
1.105759
1.105759
1.382977
1.292179
1.382977
1.292179
1.326768
1.326768
1.326804
1.326804
1.248946
1.248946
1.327935
1.327935
1.361871
1.361871
1.312525
1.312525
1.306915
1.306915
1.067367
1.067367
1.115246
1.115246
1.261294
1.261294
1.380125
1.380125
1.158660
1.158660
1.192206
1.192206
1.320999
1.320999
1.348063
1.348063
1.344888
1.344888
1.128811
1.128811
1.393298
1.393298
1.222265
1.222265
1.386085
1.386085
1.352104
1.352104
1.356604
1.356604
1.383306
1.383306
1.126627
1.126627
1.378630
1.378630
1.317743
1.317743
1.222109
1.222109
1.205818
1.205818
1.397039
1.397039
1.387039
1.387039
1.389130
1.389130
1.251138
1.251138
1.167977
1.167977
1.389022
1.389022
1.339049
1.339049
1.392829
1.392829
1.194393
1.194393
1.174288
1.174288
1.238456
1.238456
1.360312
1.360312
1.089008
1.089008
1.377784
1.377784
1.358607
1.358607
1.177019
1.177019
1.263504
1.263504
1.180553
1.180553
1.145606
1.145606
1.379506
1.379506
1.225797
1.225797
1.210003
1.210003
1.194411
1.194411
1.379441
1.379441
1.100991
1.100991
1.315387
1.315387
1.370114
1.370114
1.134873
1.134873
1.337883
1.337883
1.277021
1.277021
1.377237
1.377237
1.215255
1.215255
1.374874
1.374874
1.194610
1.194610
1.236128
1.236128
1.330750
1.330750
1.259082
1.259082
1.145466
1.145466
1.175246
1.175246
1.344077
1.344077
1.334926
1.334926
1.319599
1.319599
1.359033
1.359033
1.146902
1.146902
1.359008
1.359008
1.301012
1.301012
1.193769
1.350007
1.193769
1.350007
1.155681
1.155681
1.258640
1.258640
1.027956
1.027956
1.350957
1.350957
1.299454
1.299454
1.208883
1.208883
1.384464
1.384464
1.331615
1.331615
1.388504
1.388504
1.319983
1.319983
1.257440
1.257440
1.307124
1.307124
1.263283
1.263283
1.282158
1.282158
1.345164
1.345164
1.335177
1.335177
1.305703
1.305703
1.228397
1.228397
1.286508
1.286508
1.258258
1.258258
1.382902
1.382902
1.234239
1.234239
1.040209
1.040209
1.320504
1.320504
1.310286
1.310286
1.393489
1.393489
1.239542
1.239542
1.254078
1.254078
1.392641
1.392641
1.379668
1.379668
1.312809
1.312809
1.399474
1.399474
1.157277
1.157277
1.318457
1.318457
1.321363
1.321363
1.268066
1.268066
1.271768
1.271768
1.278517
1.278517
1.280940
1.280940
1.380269
1.380269
1.321451
1.321451
1.331073
1.331073
1.200630
1.200630
1.302277
1.302277
1.357297
1.357297
1.277845
1.277845
