1.242353
1.242353
1.279642
1.279642
1.318512
1.318512
1.309681
1.309681
1.349703
1.349703
1.362979
1.140880
1.140880
1.362979
1.296544
1.296544
1.328628
1.328628
1.334144
1.334144
1.184361
1.184361
1.266101
1.266101
1.306489
1.306489
1.387823
1.387823
1.148325
1.148325
1.310442
1.310442
1.216292
1.216292
1.258673
1.258673
1.206085
1.206085
1.166578
1.166578
1.379334
1.379334
1.239101
1.239101
1.256597
1.256597
1.341855
1.349316
1.341855
1.349316
1.090764
1.090764
1.280047
1.280047
1.033372
1.033372
1.367064
1.367064
1.376987
1.376987
1.200928
1.200928
1.378067
1.378067
1.180311
1.180311
1.365900
1.161012
1.365900
1.161012
1.264309
1.264309
1.259357
1.259357
1.394102
1.394102
1.168350
1.168350
1.251725
1.251725
1.276629
1.276629
1.188542
1.188542
1.311100
1.311100
1.322354
1.322354
1.399529
1.399529
1.278344
1.278344
1.260562
1.260562
1.283535
1.283535
1.295775
1.295775
1.202913
1.202913
1.367969
1.367969
1.316083
1.316083
1.145692
1.145692
1.323596
1.323596
1.312487
1.312487
1.370758
1.370758
1.325798
1.325798
1.283163
1.283163
1.211089
1.211089
1.319199
1.319199
1.270014
1.270014
1.385644
1.385644
1.397440
1.397440
1.310104
1.310104
1.384332
1.384332
1.393198
1.393198
1.311276
1.311276
1.307033
1.307033
1.298594
1.298594
1.360480
1.360480
1.235881
1.235881
1.368521
1.368521
1.259867
1.259867
1.302648
1.302648
1.367828
1.063619
1.063619
1.367828
1.267064
1.267064
1.323420
1.323420
1.154407
1.154407
1.354556
1.354556
1.244906
1.244906
1.205632
1.205632
1.280234
1.280234
1.278619
1.278619
1.373417
1.373417
1.096545
1.096545
1.376232
1.376232
1.331118
1.331118
1.103286
1.103286
1.183516
1.183516
1.300398
1.300398
1.327468
1.327468
1.215502
1.215502
1.276817
1.276817
1.299770
1.351400
1.299770
1.351400
1.301992
1.301992
1.345154
1.348551
1.348551
1.345154
1.207188
1.207188
1.202424
1.202424
1.339525
1.339525
1.240486
1.240486
1.342263
1.342263
1.395067
1.395067
1.327342
1.327342
1.399475
1.399475
1.264647
1.264647
1.336273
1.336273
1.291115
1.291115
1.208875
1.208875
1.311874
1.311874
1.283254
1.283254
1.372222
1.372222
1.199227
1.199227
1.327640
1.327640
1.228351
1.228351
1.264226
1.264226
1.340407
1.340407
1.135932
1.135932
1.044736
1.044736
1.274158
1.274158
1.395678
1.395678
1.388425
1.388425
1.389682
1.389682
1.398518
1.398518
1.388459
1.388459
1.261694
1.261694
1.376797
1.376797
1.341674
1.341674
1.199933
1.199933
1.377265
1.376161
1.376161
1.377265
1.221960
1.221960
1.348429
1.348429
1.191855
1.191855
1.279697
1.279697
1.281993
1.281993
1.063451
1.063451
1.332082
1.332082
1.363469
1.363469
1.185935
1.185935
1.377745
1.377745
1.239999
1.239999
1.320324
1.320324
1.392926
1.392926
1.357160
1.357160
1.362316
1.362316
1.179571
1.179571
1.365797
1.365797
1.063204
1.063204
1.280610
1.280610
1.335297
1.335297
1.128001
1.128001
1.189109
1.189109
1.191299
1.191299
1.291267
1.291267
1.374691
1.374691
1.135104
1.135104
1.372353
1.372353
1.182419
1.182419
1.216523
1.216523
1.356876
1.356876
1.101251
1.101251
1.151327
1.151327
1.078130
1.078130
1.143384
1.143384
1.314550
1.314550
1.332654
1.332654
1.255928
1.255928
1.295905
1.295905
1.192350
1.192350
1.269544
1.269544
1.239723
1.239723
1.372935
1.372935
1.280131
1.280131
1.150239
1.150239
1.395042
1.395042
1.331096
1.331096
1.306695
1.306695
1.398885
1.398885
1.393510
1.393510
1.331423
1.331423
1.274833
1.274833
1.364357
1.364357
1.340392
1.340392
1.196830
1.196830
1.234243
1.234243
1.327701
1.327701
1.341373
1.341373
1.364812
1.364812
1.278672
1.278672
1.247296
1.247296
1.301916
1.301916
1.382686
1.382686
1.343818
1.343818
1.256819
1.256819
1.359753
1.359753
1.316458
1.316458
1.345328
1.345328
1.293568
1.293568
1.267528
1.267528
1.143648
1.384599
1.384599
1.143648
1.381959
1.381959
1.399554
1.399554
1.359273
1.359273
1.342722
1.342722
1.299308
1.299308
1.368859
1.368859
1.325583
1.325583
1.327272
1.327272
1.372738
1.372738
1.344953
1.344953
1.380715
1.380715
1.340202
1.340202
1.273267
1.273267
1.045285
1.045285
1.335507
1.335507
1.167357
1.167357
1.308962
1.308962
1.297154
1.297154
1.272947
1.272947
1.243640
1.243640
1.299673
1.299673
1.325120
1.325120
1.149793
1.149793
1.225875
1.225875
1.179858
1.179858
1.290338
1.290338
1.315075
1.315075
1.281600
1.281600
1.177744
1.177744
1.098762
1.098762
1.377895
1.377895
1.351153
1.351153
1.317633
1.317633
1.378580
1.378580
1.365198
1.365198
1.382708
1.328400
1.382708
1.328400
1.310207
1.310207
1.387769
1.387769
1.371044
1.371044
1.239032
1.239032
1.119012
1.119012
1.316360
1.316360
1.395308
1.395308
1.386121
1.311487
1.386121
1.311487
1.284749
1.284749
1.342883
1.342883
1.268353
1.268353
1.344269
1.344269
1.333829
1.333829
1.174151
1.174151
1.324591
1.324591
1.383717
1.383717
1.136379
1.136379
1.349928
1.349928
1.393599
1.393599
1.171979
1.171979
1.380462
1.380462
1.195624
1.195624
1.297279
1.297279
1.326293
1.326293
1.085957
1.085957
1.329733
1.329733
1.237797
1.237797
1.233474
1.233474
1.339036
1.339036
1.293753
1.293753
1.388790
1.388790
1.293329
1.293329
1.232026
1.232026
1.360736
1.360736
1.295524
1.295524
1.223784
1.223784
1.268005
1.268005
1.186928
1.186928
1.362739
1.362739
1.135498
1.135498
1.278764
1.278764
1.372377
1.372377
1.218311
1.218311
1.130604
1.130604
1.349643
1.349643
1.385330
1.385330
1.247568
1.247568
1.060413
1.060413
1.280174
1.280174
1.247616
1.247616
1.063783
1.063783
1.253950
1.253950
1.316622
1.316622
1.325710
1.325710
1.381139
1.381139
1.385736
1.385736
1.364034
1.364034
1.347561
1.347561
1.299243
1.299243
1.266721
1.266721
1.390573
1.390573
1.090212
1.090212
1.180073
1.180073
1.277191
1.277191
1.284062
1.284062
1.174283
1.174283
1.390407
1.390407
1.389419
1.389419
1.269196
1.269196
1.279744
1.279744
1.172899
1.172899
1.167936
1.167936
1.394448
1.394448
1.320278
1.320278
1.367012
1.367012
1.317690
1.317690
1.293850
1.293850
1.262933
1.262933
1.336440
1.336440
1.259706
1.259706
1.149368
1.149368
1.372768
1.372768
1.168128
1.168128
1.303427
1.303427
1.276107
1.276107
1.167365
1.167365
1.056379
1.056379
1.352177
1.352177
1.388735
1.388735
1.167026
1.167026
1.261003
1.261003
1.380849
1.380849
1.089437
1.089437
1.377894
1.377894
1.240166
1.240166
1.399282
1.399282
1.341985
1.341985
1.372439
1.372439
1.332041
1.332041
1.339143
1.339143
1.243997
1.243997
1.357553
1.357553
1.358758
1.358758
1.269013
1.269013
1.373620
1.373620
1.148255
1.148255
1.192418
1.192418
1.111674
1.111674
1.291358
1.291358
1.252802
1.252802
1.022999
1.022999
1.293997
1.293997
1.231296
1.231296
1.377157
1.377157
1.208216
1.208216
1.399475
1.399475
1.390097
1.390097
1.307695
1.307695
1.309148
1.309148
1.279427
1.279427
1.188531
1.188531
1.398732
1.398732
1.271541
1.271541
1.295050
1.295050
