1.205643
1.205643
1.173298
1.173298
1.384920
1.310279
1.384920
1.360086
1.360086
1.310279
1.270602
1.270602
1.053980
1.053980
1.248204
1.248204
1.319087
1.379593
1.379593
1.319087
1.358110
1.358110
1.092851
1.336075
1.092851
1.336075
1.357926
1.357926
1.367153
1.367153
1.247793
1.247793
1.343345
1.343345
1.275753
1.275753
1.274663
1.274663
1.394542
1.394542
1.343966
1.343966
1.383293
1.383293
1.105448
1.105448
1.399084
1.399084
1.364655
1.364655
1.311737
1.311737
1.385142
1.385142
1.347613
1.347613
1.152465
1.152465
1.344736
1.344736
1.275537
1.275537
1.257428
1.257428
1.104445
1.104445
1.139597
1.139597
1.364738
1.364738
1.388167
1.388167
1.111717
1.111717
1.162862
1.162862
1.395663
1.395663
1.394212
1.394212
1.221863
1.250680
1.221863
1.250680
1.371403
1.371403
1.322624
1.322624
1.387912
1.387912
1.298862
1.298862
1.384164
1.384164
1.181247
1.181247
1.085052
1.085052
1.287688
1.287688
1.333343
1.333343
1.327458
1.327458
1.307363
1.307363
1.321789
1.321789
1.206848
1.206848
1.380140
1.380140
1.214587
1.363419
1.214587
1.363419
1.380062
1.380062
1.380140
1.380140
1.285218
1.285218
1.214348
1.214348
1.394072
1.394072
1.356035
1.356035
1.399829
1.399829
1.333721
1.333721
1.172154
1.172154
1.291192
1.291192
1.368041
1.368041
1.262183
1.262183
1.186555
1.186555
1.301899
1.301899
1.348857
1.348857
1.070829
1.070829
1.358736
1.358736
1.306856
1.306856
1.168742
1.168742
1.146278
1.146278
1.362791
1.362791
1.235124
1.235124
1.281664
1.281664
1.368371
1.368371
1.341390
1.341390
1.310949
1.310949
1.258535
1.258535
1.363746
1.363746
1.129347
1.129347
1.262251
1.262251
1.235196
1.235196
1.235169
1.235169
1.252464
1.252464
1.160383
1.160383
1.334454
1.334454
1.391495
1.391495
1.151811
1.151811
1.385803
1.385803
1.176970
1.171648
1.171648
1.176970
1.192783
1.192783
1.335174
1.335174
1.067159
1.067159
1.393233
1.393233
1.154252
1.154252
1.184383
1.184383
1.229282
1.229282
1.318728
1.318728
1.298681
1.298681
1.304749
1.176529
1.176529
1.304749
1.296445
1.296445
1.261616
1.261616
1.342594
1.342594
1.144661
1.144661
1.341098
1.341098
1.313175
1.313175
1.300028
1.300028
1.233259
1.233259
1.217527
1.217527
1.150762
1.150762
1.237942
1.217455
1.217455
1.237942
1.152177
1.152177
1.321423
1.321423
1.340321
1.340321
1.398911
1.398911
1.042090
1.042090
1.362517
1.362517
1.214883
1.214883
1.276150
1.276150
1.117240
1.117240
1.163863
1.163863
1.356916
1.356916
1.193763
1.193763
1.260862
1.260862
1.358726
1.358726
1.268505
1.268505
1.158271
1.158271
1.183462
1.183462
1.221307
1.297762
1.297762
1.221307
1.383464
1.383464
1.279322
1.279322
1.368540
1.368540
1.200897
1.200897
1.290849
1.290849
1.315442
1.315442
1.127718
1.127718
1.244598
1.244598
1.162985
1.162985
1.340958
1.340958
1.332842
1.332842
1.384955
1.384955
1.168201
1.168201
1.199741
1.199741
1.207704
1.207704
1.269652
1.269652
1.324384
1.324384
1.281749
1.281749
1.361582
1.361582
1.361681
1.361681
1.301501
1.301501
1.375536
1.375536
1.357600
1.357600
1.339690
1.339690
1.367228
1.367228
1.187267
1.187267
1.188755
1.188755
1.374079
1.374079
1.295619
1.394955
1.394955
1.295619
1.340786
1.340786
1.283530
1.283530
1.295975
1.295975
1.341926
1.341926
1.330904
1.330904
1.230101
1.230101
1.302194
1.302194
1.346246
1.346246
1.254180
1.254180
1.331816
1.331816
1.331680
1.331680
1.159572
1.159572
1.295992
1.295992
1.379251
1.381070
1.381070
1.379251
1.379066
1.379066
1.226680
1.226680
1.256281
1.256281
1.299963
1.299963
1.245597
1.245597
1.383782
1.383782
1.291294
1.291294
1.254754
1.254754
1.237701
1.237701
1.336513
1.336513
1.289901
1.289901
1.295985
1.295985
1.364380
1.364380
1.036449
1.036449
1.292435
1.292435
1.187067
1.187067
1.324899
1.324899
1.349060
1.155694
1.349060
1.155694
1.372198
1.372198
1.140983
1.140983
1.198497
1.198497
1.327750
1.327750
1.169821
1.169821
1.207649
1.207649
1.221797
1.221797
1.141515
1.141515
1.273340
1.273340
1.342132
1.342132
1.307050
1.307050
1.071682
1.071682
1.238425
1.238425
1.311087
1.311087
1.399957
1.399957
1.217125
1.217125
1.090598
1.090598
1.366542
1.366542
1.235767
1.235767
1.347022
1.347022
1.135646
1.135646
1.281577
1.281577
1.288643
1.288643
1.338840
1.338840
1.387610
1.387610
1.229748
1.229748
1.178252
1.178252
1.336238
1.336238
1.260133
1.260133
1.226331
1.226331
1.337713
1.337713
1.357257
1.357257
1.375662
1.375662
1.396696
1.396696
1.318645
1.318645
1.260818
1.260818
1.173461
1.173461
1.280229
1.280229
1.351818
1.351818
1.317296
1.317296
1.185744
1.328695
1.328695
1.185744
1.235599
1.235599
1.286293
1.286293
1.278577
1.278577
1.352414
1.352414
1.240401
1.240401
1.191283
1.191283
1.342745
1.342745
1.144209
1.144209
1.302003
1.302003
1.359806
1.359806
1.338906
1.338906
1.306353
1.306353
1.303314
1.303314
1.345577
1.345577
1.352799
1.083795
1.352799
1.083795
1.380760
1.380760
1.369156
1.369156
1.282879
1.282879
1.343382
1.343382
1.361354
1.361354
1.196912
1.196912
1.369842
1.369842
1.150467
1.150467
1.372071
1.372071
1.368457
1.368457
1.372469
1.372469
1.140766
1.140766
1.330705
1.330705
1.333190
1.333190
1.291074
1.291074
1.207926
1.207926
1.370069
1.370069
1.260847
1.260847
1.313121
1.313121
1.352181
1.352181
1.369743
1.369743
1.274224
1.274224
1.349833
1.349833
1.321275
1.321275
1.315578
1.315578
1.328051
1.328051
1.267910
1.267910
1.283568
1.283568
1.219471
1.219471
1.201282
1.201282
1.252867
1.252867
1.211216
1.211216
1.177756
1.177756
1.141338
1.141338
1.257485
1.257485
1.133311
1.133311
1.189642
1.189642
1.388717
1.388717
1.209180
1.209180
1.273835
1.273835
1.350885
1.350885
1.312018
1.312018
1.282931
1.282931
1.289883
1.289883
1.388293
1.388293
1.366883
1.366883
1.229915
1.229915
1.292319
1.292319
1.344327
1.344327
1.333795
1.333795
1.325031
1.325031
1.227088
1.227088
1.188217
1.188217
1.151513
1.151513
1.363156
1.363156
1.398332
1.398332
1.305157
1.305157
1.160686
1.160686
1.134798
1.134798
1.098035
1.098035
1.348135
1.348135
1.261392
1.261392
1.317119
1.317119
1.381539
1.381539
1.350640
1.350640
1.203089
1.203089
1.261775
1.261775
1.328109
1.328109
