1.160725
1.160725
1.213548
1.213548
1.352663
1.352663
1.366732
1.366732
1.249059
1.249059
1.374674
1.374674
1.353416
1.353416
1.059987
1.059987
1.373608
1.373608
1.236050
1.236050
1.386154
1.386154
1.394291
1.394291
1.398609
1.398609
1.259520
1.259520
1.389930
1.389930
1.311778
1.311778
1.194880
1.194880
1.249782
1.249782
1.314111
1.314111
1.255477
1.255477
1.346189
1.346189
1.293438
1.293438
1.306501
1.306501
1.185071
1.185071
1.122771
1.122771
1.192117
1.192117
1.122818
1.122818
1.384354
1.384354
1.168132
1.168132
1.395424
1.213947
1.395424
1.213947
1.204960
1.204960
1.382704
1.382704
1.277719
1.277719
1.260266
1.260266
1.197882
1.197882
1.220965
1.220965
1.329915
1.329915
1.305210
1.305210
1.171480
1.171480
1.090890
1.090890
1.178965
1.178965
1.029288
1.029288
1.243020
1.243020
1.382032
1.382032
1.391720
1.391720
1.175591
1.175591
1.355297
1.355297
1.368489
1.368489
1.394674
1.394674
1.360183
1.360183
1.116727
1.116727
1.266000
1.266000
1.107738
1.107738
1.317332
1.317332
1.314681
1.276965
1.276965
1.382873
1.314681
1.382873
1.343492
1.343492
1.396466
1.396466
1.317179
1.317179
1.349301
1.349301
1.366808
1.366808
1.339112
1.339112
1.298803
1.298803
1.395990
1.182510
1.395990
1.182510
1.323503
1.323503
1.357101
1.202226
1.357101
1.202226
1.127970
1.127970
1.302947
1.302947
1.397740
1.397740
1.393466
1.393466
1.216080
1.216080
1.320838
1.320838
1.366750
1.366750
1.211374
1.211374
1.193900
1.193900
1.263941
1.263941
1.188985
1.188985
1.397678
1.397678
1.318013
1.318013
1.360029
1.360029
1.116413
1.116413
1.397107
1.397107
1.347662
1.347662
1.195967
1.195967
1.388935
1.388935
1.171891
1.171891
1.294178
1.294178
1.196959
1.196959
1.285783
1.285783
1.292340
1.292340
1.260740
1.260740
1.309934
1.309934
1.350758
1.350758
1.249590
1.249590
1.385464
1.385464
1.285015
1.285015
1.265473
1.265473
1.186750
1.186750
1.232650
1.232650
1.385167
1.385167
1.397941
1.397941
1.295797
1.295797
1.075196
1.075196
1.266063
1.266063
1.376224
1.376224
1.361522
1.361522
1.370951
1.370951
1.336730
1.336730
1.309552
1.309552
1.309628
1.309628
1.373338
1.213536
1.213536
1.373338
1.327366
1.327366
1.105667
1.105667
1.355377
1.355377
1.140352
1.140352
1.273817
1.273817
1.375346
1.375346
1.188296
1.188296
1.317323
1.317323
1.346904
1.346904
1.346790
1.346790
1.095904
1.095904
1.357255
1.357255
1.215828
1.215828
1.396934
1.396934
1.319343
1.319343
1.237930
1.237930
1.316756
1.130091
1.372920
1.130091
1.316756
1.372920
1.165311
1.165311
1.305979
1.305979
1.347746
1.383257
1.347746
1.383257
1.394358
1.394358
1.276542
1.276542
1.257581
1.257581
1.351615
1.351615
1.337198
1.337198
1.399446
1.399446
1.142518
1.142518
1.279548
1.279548
1.273697
1.273697
1.288466
1.288466
1.206043
1.206043
1.322733
1.322733
1.260831
1.260831
1.277611
1.277611
1.393377
1.393377
1.332844
1.332844
1.060025
1.060025
1.306029
1.306029
1.158437
1.158437
1.119143
1.119143
1.337689
1.337689
1.335474
1.335474
1.149707
1.149707
1.254903
1.254903
1.140929
1.140929
1.372000
1.372000
1.168653
1.168653
1.282832
1.282832
1.393072
1.393072
1.125703
1.125703
1.282958
1.282958
1.393311
1.393311
1.303291
1.303291
1.332409
1.332409
1.209523
1.209523
1.316128
1.316128
1.256524
1.256524
1.037040
1.037040
1.257811
1.257811
1.168358
1.168358
1.206760
1.206760
1.069303
1.069303
1.270693
1.270693
1.266316
1.266316
1.379119
1.379119
1.167934
1.167934
1.225172
1.225172
1.378590
1.378590
1.363131
1.363131
1.329077
1.329077
1.371165
1.371165
1.390762
1.390762
1.294598
1.294598
1.346822
1.346822
1.247829
1.247829
1.331465
1.331465
1.310701
1.310701
1.391201
1.391201
1.382953
1.382953
1.390074
1.390074
1.164291
1.164291
1.267997
1.267997
1.122579
1.122579
1.074177
1.074177
1.390615
1.390615
1.335616
1.335616
1.389901
1.389901
1.184497
1.184497
1.214257
1.214257
1.227997
1.227997
1.214393
1.214393
1.325114
1.325114
1.355399
1.355399
1.381340
1.381340
1.235578
1.235578
1.349775
1.349775
1.204836
1.204836
1.353953
1.353953
1.302079
1.302079
1.383047
1.383047
1.180336
1.180336
1.398018
1.398018
1.318196
1.318196
1.281309
1.281309
1.359311
1.359311
1.240185
1.240185
1.277957
1.277957
1.246814
1.246814
1.252918
1.252918
1.278811
1.278811
1.272786
1.272786
1.247875
1.247875
1.345046
1.345046
1.390175
1.390175
1.280004
1.280004
1.306613
1.306613
1.290575
1.290575
1.240016
1.240016
1.312540
1.312540
1.341230
1.341230
1.331421
1.331421
1.173051
1.173051
1.323752
1.323752
1.245822
1.245822
1.344054
1.344054
1.037345
1.037345
1.203989
1.203989
1.251215
1.251215
1.179650
1.179650
1.195580
1.195580
1.308866
1.308866
1.350396
1.350396
1.066737
1.066737
1.272511
1.272511
1.332578
1.332578
1.235331
1.235331
1.231456
1.231456
1.202501
1.202501
1.310840
1.310840
1.338572
1.338572
1.305235
1.305235
1.371796
1.371796
1.324282
1.324282
1.353218
1.353218
1.277037
1.277037
1.362077
1.362077
1.324221
1.324221
1.351392
1.351392
1.092201
1.092201
1.300782
1.300782
1.351394
1.351394
1.138774
1.138774
1.292480
1.292480
1.251753
1.251753
1.387821
1.387821
1.046177
1.046177
1.200563
1.200563
1.288733
1.288733
1.150360
1.150360
1.394721
1.394721
1.327650
1.327650
1.062758
1.062758
1.168736
1.168736
1.307183
1.307183
1.360972
1.360972
1.320998
1.320998
1.350056
1.350056
1.351524
1.351524
1.137366
1.137366
1.189431
1.189431
