1.307286
1.307286
1.223693
1.223693
1.333744
1.223324
1.333744
1.223324
1.358413
1.358413
1.271813
1.271813
1.381962
1.381962
1.175352
1.150013
1.175352
1.150013
1.248363
1.248363
1.398833
1.398833
1.170855
1.170855
1.246729
1.246729
1.157511
1.157511
1.296738
1.296738
1.338236
1.338236
1.391783
1.391783
1.233431
1.233431
1.102323
1.102323
1.315175
1.315175
1.311017
1.311017
1.274241
1.288832
1.288832
1.274241
1.317303
1.317303
1.249199
1.249199
1.366305
1.366305
1.255856
1.255856
1.352456
1.352456
1.348119
1.348119
1.297209
1.297209
1.378188
1.378188
1.100712
1.100712
1.308982
1.308982
1.095305
1.095305
1.218275
1.218275
1.372028
1.372028
1.176508
1.176508
1.153332
1.153332
1.241105
1.241105
1.206634
1.206634
1.394974
1.394974
1.360545
1.360545
1.331032
1.331032
1.296750
1.296750
1.257058
1.257058
1.364498
1.364498
1.348018
1.348018
1.194500
1.194500
1.322001
1.322001
1.210709
1.210709
1.341968
1.341968
1.133644
1.133644
1.208985
1.208985
1.329587
1.329587
1.371199
1.162805
1.371199
1.162805
1.103455
1.103455
1.367025
1.367025
1.036898
1.036898
1.231285
1.231285
1.336292
1.336292
1.365391
1.365391
1.389865
1.389865
1.357891
1.357891
1.364145
1.364145
1.370116
1.370116
1.368335
1.368335
1.349485
1.354472
1.354472
1.349485
1.249622
1.249622
1.185568
1.185568
1.314521
1.314521
1.340997
1.340997
1.276324
1.276324
1.372407
1.372407
1.326108
1.326108
1.228399
1.228399
1.346771
1.346771
1.285389
1.285389
1.358889
1.358889
1.327864
1.233794
1.233794
1.327864
1.382925
1.382925
1.392576
1.392576
1.285781
1.285781
1.241218
1.241218
1.379243
1.379243
1.223862
1.223862
1.270278
1.270278
1.391417
1.391417
1.383003
1.383003
1.284735
1.284735
1.343408
1.343408
1.295676
1.295676
1.230119
1.230119
1.286480
1.286480
1.134139
1.134139
1.342786
1.342786
1.130607
1.130607
1.080676
1.080676
1.376525
1.270921
1.270921
1.376525
1.180758
1.180758
1.334940
1.334940
1.127274
1.127274
1.300537
1.300537
1.291910
1.291910
1.387145
1.387145
1.365968
1.365968
1.242903
1.242903
1.369708
1.369708
1.231531
1.231531
1.309587
1.309587
1.350803
1.350803
1.216564
1.216564
1.222606
1.222606
1.158961
1.262301
1.158961
1.262301
1.272728
1.272728
1.237968
1.237968
1.240738
1.240738
1.338694
1.338694
1.110146
1.110146
1.230010
1.230010
1.186514
1.186514
1.325132
1.325132
1.275307
1.275307
1.346462
1.346462
1.242592
1.242592
1.126282
1.126282
1.252615
1.252615
1.026981
1.026981
1.238507
1.238507
1.322625
1.322625
1.370387
1.370387
1.334986
1.334986
1.232233
1.232233
1.133022
1.133022
1.334141
1.334141
1.079496
1.079496
1.374425
1.374425
1.360313
1.360313
1.364571
1.364571
1.146624
1.146624
1.398863
1.398863
1.284871
1.284871
1.317251
1.317251
1.284678
1.284678
1.374056
1.374056
1.238501
1.238501
1.174080
1.174080
1.147007
1.147007
1.057972
1.057972
1.269902
1.269902
1.331708
1.331708
1.299646
1.299646
1.264910
1.264910
1.306577
1.306577
1.351296
1.351296
1.317110
1.317110
1.014553
1.014553
1.210745
1.210745
1.351377
1.351377
1.381074
1.381074
1.312875
1.312875
1.342344
1.342344
1.179294
1.179294
1.338133
1.338133
1.396024
1.396024
1.142802
1.142802
1.205397
1.205397
1.344372
1.344372
1.325930
1.325930
1.342780
1.342780
1.368675
1.368675
1.396243
1.396243
1.307174
1.307174
1.227988
1.227988
1.212992
1.212992
1.391964
1.391964
1.378148
1.378148
1.115029
1.115029
1.286089
1.286089
1.362102
1.362102
1.307519
1.307519
1.092162
1.092162
1.247292
1.247292
1.170486
1.170486
1.267844
1.267844
1.121846
1.121846
1.209425
1.209425
1.266177
1.266177
1.257694
1.257694
1.307872
1.307872
1.343008
1.343008
1.280841
1.280841
1.239924
1.239924
1.179878
1.179878
1.135947
1.135947
1.268185
1.268185
1.316898
1.316898
1.397740
1.397740
1.292797
1.292797
1.244947
1.244947
1.260209
1.260209
1.259434
1.259434
1.290029
1.290029
1.322657
1.371942
1.322657
1.371942
1.350475
1.350475
1.335355
1.335355
1.396217
1.396217
1.263713
1.263713
1.192320
1.192320
1.392119
1.392119
1.255881
1.255881
1.387030
1.387030
1.330801
1.330801
1.188141
1.188141
1.292264
1.292264
1.287293
1.287293
1.308932
1.308932
1.340242
1.340242
1.331880
1.331880
1.275150
1.275150
