1.260787
1.260787
1.358753
1.358753
1.388173
1.388173
1.377179
1.377179
1.349722
1.349722
1.345690
1.345690
1.274059
1.274059
1.155106
1.155106
1.294851
1.294851
1.339817
1.339817
1.259876
1.259876
1.317968
1.317968
1.358782
1.358782
1.353627
1.353627
1.305407
1.305407
1.246499
1.246499
1.266998
1.266998
1.168455
1.168455
1.277085
1.277085
1.396044
1.396044
1.067124
1.067124
1.261363
1.261363
1.203223
1.203223
1.257384
1.257384
1.392836
1.392836
1.032308
1.032308
1.303069
1.303069
1.299520
1.299520
1.339537
1.339537
1.210364
1.210364
1.209672
1.209672
1.329680
1.329680
1.038145
1.038145
1.376666
1.376666
1.309113
1.309113
1.175696
1.175696
1.115275
1.115275
1.304480
1.304480
1.166476
1.166476
1.398424
1.398424
1.295302
1.295302
1.211171
1.211171
1.184809
1.184809
1.155131
1.155131
1.301246
1.301246
1.354328
1.354328
1.389934
1.389934
1.310807
1.310807
1.367249
1.367249
1.301624
1.301624
1.302134
1.302134
1.226904
1.226904
1.350014
1.350014
1.308820
1.308820
1.131545
1.131545
1.011489
1.011489
1.321128
1.321128
1.169645
1.169645
1.083106
1.083106
1.392780
1.392780
1.207272
1.207272
1.312050
1.312050
1.264557
1.264557
1.374457
1.374457
1.394437
1.394437
1.280867
1.280867
1.242876
1.242876
1.363385
1.363385
1.170749
1.170749
1.397334
1.397334
1.364902
1.364902
1.384388
1.384388
1.375308
1.375308
1.357877
1.357877
1.348692
1.348692
1.375511
1.375511
1.098784
1.098784
1.154803
1.154803
1.255421
1.255421
1.370893
1.370893
1.317660
1.317660
1.287987
1.287987
1.316461
1.316461
1.272162
1.272162
1.043755
1.043755
1.388723
1.388723
1.373078
1.373078
1.265795
1.265795
1.227587
1.227587
1.093638
1.093638
1.342519
1.342519
1.349748
1.349748
1.327976
1.327976
1.291549
1.291549
1.275043
1.275043
1.378025
1.378025
1.164766
1.164766
1.211227
1.211227
1.312000
1.312000
1.167277
1.167277
1.388937
1.388937
1.277752
1.277752
1.350546
1.350546
1.322459
1.322459
1.214547
1.214547
1.305769
1.305769
1.272437
1.272437
1.287229
1.287229
1.385913
1.385913
1.236904
1.236904
1.088386
1.088386
1.218254
1.218254
1.176786
1.176786
1.214092
1.214092
1.331702
1.331702
1.051711
1.051711
1.280242
1.280242
1.219060
1.219060
1.263915
1.263915
1.377777
1.377777
1.368780
1.368780
1.358218
1.358218
1.144332
1.144332
1.061687
1.061687
1.297468
1.297468
1.050609
1.050609
1.377295
1.377295
1.274420
1.274420
1.129604
1.129604
1.243539
1.243539
1.279407
1.279407
1.224192
1.224192
1.173511
1.173511
1.207151
1.207151
1.164286
1.164286
1.168123
1.168123
1.385336
1.385336
1.351724
1.351724
1.346269
1.346269
1.115091
1.115091
1.151106
1.151106
1.285424
1.285424
1.139491
1.139491
1.214282
1.214282
1.338275
1.338275
1.340905
1.340905
1.086832
1.086832
1.364807
1.364807
1.308940
1.308940
1.375469
1.375469
1.198773
1.198773
1.342586
1.342586
1.195317
1.195317
1.340369
1.340369
1.331360
1.331360
1.343200
1.343200
1.357445
1.357445
1.241238
1.241238
1.384131
1.384131
1.336064
1.336064
1.375857
1.375857
1.084936
1.084936
1.243778
1.243778
1.237271
1.237271
1.389925
1.389925
1.175656
1.175656
1.381806
1.381806
1.323855
1.323855
1.123687
1.123687
1.149549
1.149549
1.310992
1.310992
1.334552
1.334552
1.253231
1.253231
1.217165
1.217165
1.398726
1.398726
1.267947
1.267947
1.195287
1.195287
1.235295
1.235295
1.067869
1.067869
1.280726
1.280726
1.206538
1.206538
1.270697
1.270697
1.319463
1.319463
1.305347
1.305347
1.375733
1.375733
1.145207
1.145207
1.277426
1.277426
1.270752
1.270752
1.357834
1.357834
1.231123
1.231123
1.347531
1.347531
1.382661
1.382661
1.142701
1.142701
1.231630
1.231630
1.242659
1.242659
1.178007
1.178007
1.205557
1.205557
1.375493
1.375493
1.341760
1.341760
1.318997
1.318997
1.399577
1.399577
1.380358
1.380358
1.306316
1.306316
1.371627
1.371627
1.233126
1.233126
1.231583
1.231583
1.289090
1.289090
1.147596
1.147596
