1.370254
1.370254
1.329039
1.329039
1.316935
1.316935
1.352345
1.352345
1.347724
1.347724
1.339867
1.339867
1.315551
1.389010
1.389010
1.315551
1.267702
1.267702
1.153529
1.260947
1.153529
1.260947
1.318435
1.318435
1.279977
1.279977
1.356670
1.356670
1.385711
1.385711
1.334822
1.334822
1.297102
1.297102
1.200175
1.200175
1.286123
1.286123
1.383064
1.383064
1.242484
1.294566
1.242484
1.294566
1.303571
1.303571
1.055123
1.055123
1.336345
1.336345
1.279829
1.279829
1.141465
1.141465
1.379701
1.379701
1.239340
1.239340
1.209341
1.209341
1.295350
1.295350
1.363179
1.363179
1.376270
1.376270
1.305061
1.305061
1.222083
1.222083
1.152762
1.152762
1.383439
1.383439
1.275029
1.275029
1.229970
1.229970
1.126775
1.126775
1.259396
1.259396
1.252275
1.252275
1.142590
1.142590
1.339262
1.339262
1.316811
1.316811
1.397415
1.397415
1.120706
1.120706
1.357748
1.231112
1.357748
1.231112
1.387496
1.387496
1.102105
1.102105
1.297128
1.387539
1.297128
1.387539
1.398964
1.398964
1.124456
1.124456
1.246393
1.246393
1.274452
1.274452
1.225337
1.225337
1.349191
1.349191
1.314297
1.314297
1.374378
1.374378
1.368145
1.368145
1.273364
1.273364
1.384890
1.384890
1.240372
1.240372
1.277330
1.277330
1.243491
1.243491
1.299616
1.143620
1.143620
1.299616
1.206822
1.206822
1.338124
1.338124
1.277271
1.277271
1.174922
1.174922
1.193634
1.193634
1.248942
1.248942
1.361038
1.361038
1.394377
1.394377
1.284294
1.284294
1.397899
1.397899
1.332830
1.332830
1.393790
1.393790
1.369338
1.369338
1.070975
1.070975
1.371433
1.371433
1.265743
1.265743
1.367238
1.367238
1.383358
1.383358
1.061666
1.061666
1.382841
1.382841
1.274704
1.274704
1.294720
1.294720
1.193505
1.193505
1.157555
1.157555
1.104568
1.104568
1.215789
1.215789
1.347514
1.347514
1.396270
1.396270
1.353154
1.353154
1.288577
1.288577
1.137216
1.137216
1.387280
1.387280
1.310238
1.310238
1.233798
1.233798
1.113785
1.113785
1.111479
1.111479
1.330542
1.330542
1.292929
1.292929
1.261816
1.261816
1.262165
1.262165
1.389357
1.389357
1.338416
1.338416
1.385104
1.385104
1.355508
1.355508
1.274082
1.274082
1.325129
1.325129
1.229025
1.115136
1.115136
1.229025
1.345416
1.345416
1.164798
1.164798
1.372351
1.372351
1.259338
1.259338
1.240552
1.240552
1.310313
1.310313
1.397325
1.397325
1.244184
1.244184
1.290358
1.290358
1.280535
1.280535
1.226537
1.226537
1.077470
1.077470
1.304667
1.304667
1.387050
1.387050
1.203656
1.203656
1.355922
1.355922
1.355697
1.355697
1.388385
1.388385
1.291111
1.291111
1.357015
1.372711
1.357015
1.372711
1.195168
1.195168
1.381188
1.381188
1.288823
1.288823
1.182641
1.182641
1.143708
1.143708
1.191476
1.191476
1.369071
1.369071
1.190901
1.190901
1.253087
1.256596
1.256596
1.253087
1.394006
1.394006
1.310920
1.310920
1.351888
1.351888
1.368214
1.368214
1.194858
1.194858
1.286904
1.286904
1.132880
1.132880
1.369803
1.369803
1.196556
1.196556
1.197011
1.197011
1.028742
1.028742
1.254931
1.254931
1.329019
1.329019
1.146106
1.146106
1.340217
1.340217
1.373764
1.373764
1.085228
1.085228
1.125650
1.125650
1.298035
1.298035
1.286079
1.286079
1.390555
1.390555
1.370913
1.370913
1.371775
1.371775
1.294276
1.294276
1.169637
1.169637
1.237108
1.237108
1.244334
1.244334
1.331818
1.331818
1.260392
1.260392
1.360557
1.360557
1.187736
1.187736
1.178174
1.178174
1.301205
1.301205
1.356468
1.356468
1.368715
1.368715
1.373722
1.373722
1.376793
1.376793
1.250525
1.250525
1.141019
1.141019
1.353459
1.353459
1.297015
1.297015
1.357900
1.357900
1.271996
1.271996
1.381477
1.381477
1.212263
1.212263
1.365422
1.365422
1.376701
1.376701
1.183664
1.183664
1.264532
1.264532
1.393891
1.393891
1.245815
1.245815
1.364989
1.364989
1.344321
1.344321
1.360623
1.360623
1.366176
1.366176
1.361555
1.361555
1.268937
1.268937
1.189145
1.189145
1.138071
1.138071
1.361690
1.361690
1.338968
1.338968
1.383966
1.383966
1.238263
1.238263
1.332109
1.332109
1.141935
1.141935
1.162170
1.162170
1.366376
1.366376
1.332313
1.332313
1.338249
1.338249
1.332234
1.332234
1.363596
1.363596
1.196806
1.196806
1.319290
1.319290
1.225088
1.225088
1.284855
1.284855
1.363495
1.363495
1.016983
1.016983
1.121375
1.121375
1.264201
1.264201
1.374312
1.374312
1.347625
1.347625
1.286753
1.286753
1.240231
1.240231
1.332507
1.332507
1.274252
1.274252
1.333527
1.333527
1.208084
1.208084
1.378542
1.378542
1.182932
1.182932
1.242876
1.242876
1.346051
1.346051
1.352241
1.352241
1.380329
1.380329
1.338103
1.338103
1.395522
1.395522
1.108527
1.108527
