1.204394
1.204394
1.365712
1.365712
1.371219
1.371219
1.197068
1.197068
1.265888
1.142558
1.265888
1.263780
1.142558
1.263780
1.118622
1.118622
1.399771
1.399771
1.204576
1.204576
1.131692
1.131692
1.181791
1.327828
1.181791
1.327828
1.121482
1.121482
1.376469
1.376469
1.380244
1.380244
1.329747
1.329747
1.191610
1.191610
1.345795
1.345795
1.348557
1.348557
1.309845
1.309845
1.399580
1.399580
1.331349
1.331349
1.331829
1.331829
1.265902
1.265902
1.366956
1.366956
1.234961
1.234961
1.370951
1.370951
1.260668
1.260668
1.318175
1.318175
1.363056
1.363056
1.318008
1.318008
1.298826
1.298826
1.334318
1.334318
1.363532
1.363532
1.152846
1.152846
1.234519
1.234519
1.282925
1.282925
1.105923
1.105923
1.357310
1.357310
1.293104
1.293104
1.352740
1.352740
1.377937
1.377937
1.385344
1.385344
1.297954
1.297954
1.339130
1.339130
1.327337
1.327337
1.355356
1.355356
1.226846
1.226846
1.062169
1.015496
1.015496
1.062169
1.179462
1.179462
1.062868
1.062868
1.232087
1.232087
1.390489
1.390489
1.131215
1.131215
1.283573
1.283573
1.235073
1.235073
1.176953
1.176953
1.269695
1.269695
1.384976
1.384976
1.386716
1.386716
1.349790
1.349790
1.360086
1.360086
1.297757
1.297757
1.380647
1.380647
1.307532
1.247382
1.307532
1.247382
1.286870
1.286870
1.128479
1.128479
1.197960
1.197960
1.250299
1.250299
1.233731
1.233731
1.176310
1.176310
1.357176
1.357176
1.327056
1.327056
1.155079
1.155079
1.293358
1.293358
1.372977
1.372977
1.398781
1.398781
1.371178
1.371178
1.215447
1.215447
1.269344
1.269344
1.259554
1.259554
1.320702
1.320702
1.346182
1.346182
1.244522
1.244522
1.185101
1.185101
1.358180
1.358180
1.394497
1.394497
1.120396
1.120396
1.197801
1.197801
1.181446
1.181446
1.080314
1.080314
1.276160
1.276160
1.392319
1.392319
1.274277
1.274277
1.302464
1.302464
1.303802
1.303802
1.154118
1.154118
1.286219
1.286219
1.156291
1.156291
1.135499
1.135499
1.311623
1.311623
1.395100
1.395100
1.388022
1.388022
1.362047
1.362047
1.307904
1.307904
1.376935
1.376935
1.306898
1.306898
1.381569
1.381569
1.392457
1.392457
1.314533
1.314533
1.198025
1.239498
1.198025
1.239498
1.123227
1.123227
1.298937
1.298937
1.396684
1.396684
1.335849
1.335849
1.334881
1.334881
1.261228
1.261228
1.217127
1.217127
1.343088
1.343088
1.385806
1.385806
1.309593
1.309593
1.051337
1.051337
1.265636
1.265636
1.209836
1.209836
1.094213
1.094213
1.287188
1.287188
1.362600
1.362600
1.397498
1.397498
1.279987
1.279987
1.102254
1.102254
1.137223
1.137223
1.387320
1.387320
1.296281
1.296281
1.382541
1.382541
1.385626
1.385626
1.394745
1.359865
1.394745
1.359865
1.159528
1.159528
1.338382
1.338382
1.073152
1.224063
1.224063
1.073152
1.294732
1.294732
1.076971
1.076971
1.190618
1.190522
1.190618
1.190522
1.347290
1.347290
1.278658
1.278658
1.250304
1.250304
1.310204
1.310204
1.369377
1.369377
1.317749
1.317749
1.157008
1.157008
1.252326
1.252326
1.222268
1.222268
1.349903
1.349903
1.132376
1.132376
1.376914
1.376914
1.330802
1.330802
1.375946
1.375946
1.220489
1.220489
1.390989
1.390989
1.353319
1.353319
1.058497
1.058497
1.370003
1.370003
1.374626
1.374626
1.248139
1.248139
1.399076
1.399076
1.196186
1.196186
1.236663
1.236663
1.375377
1.375377
1.164637
1.164637
1.312704
1.312704
1.307314
1.307314
1.225182
1.225182
1.253029
1.253029
1.339535
1.339535
1.305379
1.305379
1.395957
1.395957
1.169899
1.169899
1.391754
1.391754
1.311977
1.311977
1.322624
1.322624
1.148724
1.148724
1.164109
1.164109
1.124474
1.124474
1.289759
1.289759
1.341951
1.341951
1.281401
1.281401
1.329642
1.329642
1.257491
1.257491
1.373403
1.373403
1.285685
1.285685
1.386976
1.386976
1.394361
1.394361
1.190218
1.190218
1.150411
1.150411
1.357534
1.348068
1.357534
1.348068
1.382829
1.382829
1.154979
1.154979
1.151368
1.151368
1.144598
1.144598
1.362838
1.362838
1.262548
1.262548
1.343615
1.343615
1.386605
1.386605
1.235238
1.235238
1.384670
1.384670
1.384181
1.384181
1.389837
1.389837
1.308246
1.159093
1.308246
1.159093
1.367082
1.367082
1.141860
1.141860
1.246032
1.246032
1.380995
1.380995
1.393272
1.393272
1.279565
1.279565
1.191059
1.191059
1.312328
1.312328
1.395825
1.395825
1.211791
1.211791
1.132922
1.132922
1.370905
1.370905
1.304906
1.304906
1.289985
1.289985
1.102172
1.102172
1.105247
1.105247
1.341083
1.341083
1.159290
1.159290
1.386697
1.386697
1.344106
1.344106
1.283606
1.283606
1.126147
1.126147
1.251538
1.251538
1.221165
1.221165
1.377949
1.377949
1.315572
1.315572
1.233266
1.233266
1.386295
1.386295
1.370505
1.370505
1.229675
1.229675
1.130506
1.130506
1.186554
1.186554
1.203623
1.178423
1.178423
1.203623
1.315703
1.315703
1.335860
1.335860
1.343657
1.343657
1.392534
1.392534
1.386866
1.386866
1.388608
1.388608
1.356695
1.301168
1.356695
1.301168
1.281347
1.281347
1.346599
1.346599
1.272488
1.272488
1.399563
1.399563
1.181958
1.181958
1.118176
1.319171
1.118176
1.319171
1.349788
1.349788
1.344065
1.344065
1.312967
1.312967
1.272454
1.272454
1.175905
1.175905
1.275577
1.275577
1.219070
1.219070
1.263135
1.263135
1.261029
1.261029
1.309282
1.309282
1.355726
1.355726
1.382394
1.382394
