1.125522
1.388699
1.273831
1.388699
1.273831
1.125522
1.323209
1.323209
1.393210
1.393210
1.288526
1.288526
1.396490
1.396490
1.388808
1.388808
1.221200
1.221200
1.318104
1.318104
1.359700
1.359700
1.281106
1.281106
1.399935
1.399935
1.263828
1.263828
1.236870
1.236870
1.299807
1.299807
1.265345
1.265345
1.322082
1.322082
1.256364
1.226391
1.256364
1.226391
1.254845
1.254845
1.158419
1.158419
1.283906
1.283906
1.296690
1.296690
1.300876
1.300876
1.368144
1.368144
1.229676
1.229676
1.311695
1.311695
1.124588
1.124588
1.233803
1.233803
1.301742
1.301742
1.248622
1.248622
1.133109
1.133109
1.321538
1.321538
1.352019
1.352019
1.269274
1.269274
1.394617
1.394617
1.132798
1.132798
1.336068
1.336068
1.291286
1.291286
1.399336
1.399336
1.327181
1.327181
1.273453
1.273453
1.298694
1.298694
1.187802
1.187802
1.141990
1.141990
1.366009
1.366009
1.137688
1.137688
1.303290
1.303290
1.130945
1.130945
1.368607
1.368607
1.369318
1.369318
1.320949
1.320949
1.115698
1.115698
1.397186
1.397186
1.334576
1.334576
1.204077
1.204077
1.279117
1.279117
1.334414
1.334414
1.320269
1.320269
1.306286
1.306286
1.071141
1.071141
1.050355
1.050355
1.323821
1.323821
1.309233
1.189392
1.189392
1.309233
1.239202
1.239202
1.231521
1.231521
1.390312
1.390312
1.287548
1.287548
1.086121
1.086121
1.266475
1.266475
1.387880
1.387880
1.372366
1.372366
1.288159
1.288159
1.206616
1.206616
1.228807
1.228807
1.358094
1.358094
1.161777
1.161777
1.344114
1.344114
1.374777
1.374777
1.369617
1.369617
1.258303
1.258303
1.313009
1.313009
1.334471
1.334471
1.257951
1.257951
1.201466
1.201466
1.280419
1.280419
1.238700
1.238700
1.299751
1.299751
1.305628
1.305628
1.219415
1.219415
1.286681
1.286681
1.313220
1.313220
1.354185
1.290719
1.354185
1.290719
1.332637
1.332637
1.361055
1.361055
1.267535
1.267535
1.230960
1.230960
1.395776
1.395776
1.173354
1.173354
1.161271
1.161271
1.376000
1.376000
1.390415
1.390415
1.304710
1.208596
1.208596
1.304710
1.160938
1.259540
1.259540
1.160938
1.271457
1.271457
1.076628
1.076628
1.195822
1.195822
1.333522
1.333522
1.229384
1.229384
1.157698
1.157698
1.240170
1.240170
1.246072
1.246072
1.387567
1.387567
1.392146
1.392146
1.386164
1.386164
1.356980
1.356980
1.306122
1.306122
1.279732
1.279732
1.393235
1.393235
1.286714
1.286714
1.303937
1.303937
1.364354
1.364354
1.117010
1.117010
1.351603
1.351603
1.378002
1.378002
1.380963
1.380963
1.263431
1.263431
1.343991
1.343991
1.149255
1.149255
1.390731
1.390731
1.381247
1.381247
1.331358
1.331358
1.192579
1.192579
1.197804
1.197804
1.064136
1.064136
1.366030
1.366030
1.104819
1.104819
1.155383
1.155383
1.251539
1.251539
1.182694
1.182694
1.165052
1.165052
1.364056
1.364056
1.331298
1.331298
1.261792
1.261792
1.272168
1.272168
1.324666
1.324666
1.377454
1.377454
1.209527
1.209527
1.307383
1.307383
1.369212
1.369212
1.144722
1.144722
1.395470
1.395470
1.223784
1.223784
1.194702
1.194702
1.188317
1.188317
1.177871
1.177871
1.274074
1.274074
1.312550
1.312550
1.349479
1.349479
1.382467
1.382467
1.399880
1.399880
1.395875
1.395875
1.388026
1.388026
1.250007
1.250007
1.343194
1.343194
1.294676
1.294676
1.135565
1.135565
1.263111
1.263111
1.183874
1.183874
1.265299
1.265299
1.343005
1.343005
1.310226
1.310226
1.339097
1.339097
1.367717
1.367717
1.366352
1.366352
1.325176
1.325176
1.393723
1.393723
1.349641
1.349641
1.202414
1.202414
1.323412
1.323412
1.292853
1.292853
1.332529
1.332529
1.397374
1.397374
1.370827
1.370827
1.203167
1.203167
1.287019
1.287019
1.338597
1.338597
1.224368
1.224368
1.379237
1.379237
1.119600
1.119600
1.272402
1.272402
1.078895
1.078895
1.372135
1.372135
1.216696
1.216696
1.201524
1.201524
1.338444
1.338444
1.264726
1.264726
1.126162
1.126162
1.342349
1.342349
1.348633
1.348633
1.061321
1.061321
1.380054
1.380054
1.294663
1.294663
1.381802
1.381802
1.366833
1.366833
1.361646
1.361646
1.340505
1.389199
1.389199
1.340505
1.267187
1.267187
1.211419
1.211419
1.201286
1.201286
1.287012
1.287012
1.259009
1.259009
1.112686
1.112686
1.341322
1.341322
1.228949
1.228949
1.332591
1.332591
1.363031
1.363031
1.299084
1.299084
1.248163
1.248163
1.247147
1.247147
1.183225
1.183225
1.303992
1.303992
1.341695
1.341695
1.307334
1.307334
1.183510
1.183510
1.352319
1.352319
1.336683
1.336683
1.322536
1.322536
1.267117
1.267117
1.336899
1.336899
1.356242
1.356242
1.216667
1.216667
1.352261
1.352261
1.347035
1.347035
1.331174
1.331174
1.266452
1.266452
1.098001
1.098001
1.226441
1.226441
1.092882
1.092882
1.154454
1.154454
1.194070
1.194070
1.381106
1.381106
1.289208
1.289208
1.383163
1.383163
1.320308
1.320308
1.394633
1.394633
1.350462
1.350462
1.350509
1.350509
1.252343
1.252343
1.344427
1.344427
1.043181
1.043181
1.359955
1.359955
1.229837
1.229837
1.380706
1.380706
1.398382
1.398382
1.392344
1.392344
