1.296163
1.296163
1.353740
1.353740
1.374263
1.374263
1.392001
1.392001
1.392533
1.392533
1.328461
1.328461
1.381009
1.381009
1.181872
1.181872
1.193975
1.193975
1.259373
1.259373
1.284344
1.284344
1.328634
1.328634
1.211710
1.211710
1.362973
1.362973
1.313332
1.343366
1.343366
1.313332
1.388986
1.388986
1.300127
1.300127
1.243205
1.243205
1.258432
1.258432
1.188888
1.188888
1.283999
1.283999
1.082478
1.082478
1.161654
1.161654
1.066988
1.066988
1.317993
1.317993
1.101260
1.101260
1.370556
1.370556
1.164616
1.164616
1.194755
1.194755
1.185964
1.185964
1.362408
1.362408
1.290095
1.290095
1.305592
1.305592
1.333782
1.333782
1.350411
1.350411
1.008269
1.008269
1.369321
1.389120
1.369321
1.389120
1.384761
1.384761
1.275570
1.275570
1.398884
1.398884
1.336315
1.336315
1.109140
1.109140
1.261192
1.261192
1.328201
1.328201
1.331073
1.331073
1.309173
1.144017
1.144017
1.309173
1.281788
1.281788
1.339613
1.339613
1.230532
1.230532
1.221623
1.221623
1.312794
1.312794
1.374229
1.374229
1.362729
1.362729
1.349394
1.349394
1.255416
1.255416
1.373739
1.373739
1.079865
1.079865
1.087860
1.087860
1.330821
1.330821
1.381753
1.381753
1.399041
1.399041
1.236596
1.236596
1.275385
1.275385
1.378479
1.378479
1.204363
1.204363
1.276342
1.276342
1.345000
1.345000
1.188738
1.188738
1.315623
1.315623
1.314027
1.314027
1.328438
1.328438
1.367448
1.367448
1.350243
1.350243
1.316870
1.316870
1.397622
1.397622
1.314784
1.314784
1.341245
1.341245
1.370546
1.370546
1.266613
1.266613
1.375912
1.375912
1.371774
1.371774
1.126568
1.126568
1.375631
1.375631
1.337328
1.337328
1.258466
1.258466
1.140947
1.140947
1.307687
1.307687
1.229711
1.229711
1.349295
1.349295
1.086840
1.086840
1.288118
1.288118
1.361991
1.361991
1.355864
1.355864
1.384880
1.384880
1.371312
1.371312
1.315406
1.315406
1.278885
1.278885
1.101305
1.101305
1.381335
1.381335
1.352061
1.352061
1.367285
1.367285
1.346609
1.346609
1.344463
1.344463
1.166039
1.166039
1.318612
1.318612
1.380362
1.380362
1.342412
1.342412
1.310323
1.310323
1.265880
1.265880
1.357042
1.357042
1.395713
1.395713
1.280930
1.280930
1.339337
1.339337
1.157053
1.157053
1.241830
1.241830
1.187971
1.187971
1.329219
1.329219
1.233270
1.233270
1.275705
1.275705
1.173099
1.173099
1.172541
1.172541
1.389511
1.389511
1.301221
1.301221
1.322705
1.322705
1.198421
1.198421
1.205335
1.205335
1.372967
1.372967
1.146944
1.146944
1.398241
1.398241
1.301557
1.301557
1.096593
1.096593
1.277906
1.277906
1.307548
1.307548
1.217542
1.217542
1.181886
1.181886
1.222395
1.222395
1.168937
1.168937
1.093505
1.093505
1.256071
1.256071
1.357506
1.357506
1.340397
1.340397
1.183875
1.183875
1.254040
1.254040
1.068635
1.068635
1.315041
1.315041
1.383672
1.383672
1.357809
1.357809
1.290046
1.290046
1.395704
1.395704
1.260504
1.260504
1.328553
1.328553
1.240912
1.240912
1.271913
1.271913
1.377450
1.377450
1.386535
1.386535
1.264324
1.264324
1.118882
1.118882
1.358505
1.358505
1.235992
1.235992
1.392696
1.392696
1.165875
1.165875
1.128923
1.128923
1.209244
1.209244
1.202910
1.202910
1.329261
1.329261
1.355169
1.355169
1.398145
1.398145
1.313889
1.313889
1.274603
1.274603
1.219764
1.219764
1.008576
1.008576
1.154498
1.154498
1.284031
1.284031
1.322139
1.322139
1.251965
1.251965
1.255468
1.255468
1.255817
1.255817
1.179018
1.179018
1.303123
1.303123
1.226440
1.226440
1.399021
1.399021
1.349089
1.349089
1.395011
1.395011
1.322959
1.322959
1.388404
1.388404
1.375774
1.375774
1.320226
1.320226
1.280465
1.280465
1.269547
1.269547
1.389374
1.389374
1.065932
1.065932
1.056161
1.056161
1.388936
1.388936
1.171927
1.171927
1.013169
1.013169
1.254774
1.254774
1.327762
1.327762
1.397896
1.397896
1.205803
1.205803
1.296882
1.296882
1.391064
1.391064
1.284994
1.284994
1.176340
1.176340
1.313086
1.313086
1.347532
1.347532
1.313946
1.313946
1.176986
1.176986
1.326416
1.326416
1.141960
1.141960
1.181767
1.181767
1.301083
1.301083
1.362559
1.362559
1.381846
1.381846
1.345238
1.345238
1.314569
1.314569
1.306671
1.306671
