1.350944
1.350944
1.212752
1.212752
1.343404
1.343404
1.366159
1.366159
1.169009
1.169009
1.378437
1.378437
1.271582
1.271582
1.313085
1.313085
1.081788
1.081788
1.251490
1.251490
1.372918
1.372918
1.275094
1.275094
1.309887
1.309887
1.228184
1.228184
1.386865
1.386865
1.310173
1.310173
1.276445
1.276445
1.081290
1.081290
1.157800
1.157800
1.314432
1.314432
1.210745
1.210745
1.320205
1.320205
1.337879
1.337879
1.337844
1.337844
1.260989
1.260989
1.107082
1.107082
1.327883
1.327883
1.303097
1.303097
1.396394
1.396394
1.347202
1.347202
1.058304
1.058304
1.135309
1.135309
1.281602
1.281602
1.385885
1.385885
1.272269
1.272269
1.069964
1.069964
1.312816
1.312816
1.181934
1.181934
1.257545
1.257545
1.341048
1.341048
1.282209
1.282209
1.397262
1.281347
1.281347
1.397262
1.132669
1.132669
1.209108
1.209108
1.308353
1.308353
1.127192
1.127192
1.189175
1.175293
1.175293
1.189175
1.340053
1.340053
1.160335
1.160335
1.338198
1.338198
1.052257
1.052257
1.246097
1.246097
1.135008
1.135008
1.329439
1.329439
1.107903
1.107903
1.387553
1.387553
1.395920
1.395920
1.288403
1.100568
1.100568
1.288403
1.373611
1.373611
1.303972
1.303972
1.254401
1.254401
1.365887
1.365887
1.384464
1.384464
1.177034
1.177034
1.392951
1.392951
1.365064
1.365064
1.130147
1.130147
1.255627
1.255627
1.253957
1.253957
1.359688
1.359688
1.373210
1.373210
1.290254
1.290254
1.313538
1.313538
1.136667
1.136667
1.329052
1.329052
1.311948
1.311948
1.224578
1.224578
1.304514
1.304514
1.053898
1.053898
1.399824
1.399824
1.295046
1.320885
1.320885
1.295046
1.211345
1.211345
1.381627
1.381627
1.127124
1.127124
1.048659
1.048659
1.366025
1.366025
1.290885
1.290885
1.372018
1.372018
1.330292
1.330292
1.321441
1.321441
1.394159
1.394159
1.209502
1.209502
1.387296
1.387296
1.386225
1.386225
1.293957
1.293957
1.207134
1.207134
1.149960
1.149960
1.370184
1.370184
1.336280
1.336280
1.169342
1.169342
1.306887
1.306887
1.287557
1.287557
1.392198
1.392198
1.138796
1.138796
1.272376
1.272376
1.382745
1.382745
1.396672
1.396672
1.163660
1.163660
1.315266
1.315266
1.337101
1.337101
1.127213
1.127213
1.352880
1.352880
1.215593
1.215593
1.309596
1.309596
1.136354
1.136354
1.393643
1.393643
1.240657
1.240657
1.183259
1.183259
1.132382
1.132382
1.261211
1.261211
1.382750
1.382750
1.388203
1.388203
1.136329
1.136329
1.395606
1.395606
1.396628
1.396628
1.195340
1.195340
1.215606
1.215606
1.347238
1.347238
1.352590
1.352590
1.389996
1.389996
1.011480
1.011480
1.154455
1.154455
1.247582
1.247582
1.214042
1.214042
1.346992
1.346992
1.096287
1.096287
1.117898
1.117898
1.266084
1.266084
1.268973
1.268973
1.286942
1.286942
1.186029
1.186029
1.389209
1.389209
1.397648
1.397648
1.207156
1.207156
1.294954
1.294954
1.203722
1.203722
1.277041
1.277041
1.114788
1.114788
1.384055
1.384055
1.389012
1.389012
1.391288
1.391288
1.370229
1.370229
1.089372
1.089372
1.371658
1.371658
1.132911
1.132911
1.383099
1.383099
1.382877
1.382877
1.389402
1.389402
1.319399
1.319399
1.284864
1.284864
1.097437
1.097437
1.230207
1.230207
1.108860
1.108860
1.342095
1.342095
1.225662
1.225662
1.152241
1.152241
1.338225
1.338225
1.157607
1.157607
1.197327
1.197327
1.320688
1.320688
1.344693
1.344693
1.393774
1.393774
1.209789
1.209789
1.314755
1.314755
1.270328
1.270328
1.122350
1.122350
1.382488
1.382488
1.307515
1.307515
1.380652
1.380652
1.312107
1.312107
1.055878
1.055878
1.322084
1.322084
1.263774
1.263774
1.396752
1.396752
1.155698
1.155698
1.386899
1.386899
1.325147
1.325147
1.373827
1.373827
1.382225
1.382225
1.210434
1.210434
1.133662
1.133662
1.360932
1.360932
1.162353
1.162353
1.141010
1.141010
1.265996
1.265996
1.379807
1.379807
1.043950
1.043950
1.393874
1.393874
1.280428
1.280428
1.199293
1.199293
1.181722
1.181722
1.345053
1.345053
1.139568
1.139568
1.319424
1.319424
1.373923
1.373923
1.254441
1.254441
1.032227
1.032227
1.199212
1.199212
1.317891
1.317891
1.304324
1.304324
1.222410
1.222410
1.106576
1.106576
1.390119
1.390119
1.221535
1.221535
1.346797
1.346797
1.232303
1.232303
1.101939
1.101939
1.359208
1.359208
1.279690
1.279690
1.331401
1.331401
1.067008
1.067008
1.377133
1.377133
1.322012
1.322012
1.191894
1.191894
1.125315
1.125315
1.129138
1.129138
1.351088
1.351088
1.316468
1.316468
1.193591
1.193591
1.315464
1.315464
1.392536
1.392536
1.389677
1.389677
1.375832
1.375832
1.354964
1.354964
1.259031
1.259031
1.380901
1.380901
1.097388
1.097388
1.341006
1.341006
1.382003
1.382003
1.317077
1.317077
1.148136
1.148136
1.369965
1.369965
1.272121
1.272121
1.377846
1.377846
1.283861
1.283861
1.349709
1.349709
1.390925
1.390925
1.256524
1.256524
1.305370
1.305370
1.397853
1.397853
1.028519
1.028519
1.347152
1.347152
1.394440
1.394440
1.359340
1.359340
1.121629
1.121629
1.320941
1.320941
1.270353
1.270353
1.370305
1.370305
1.396473
1.396473
1.279324
1.279324
1.335627
1.335627
1.293988
1.293988
1.337066
1.337066
1.334088
1.334088
1.231562
1.231562
1.365152
1.365152
1.244203
1.244203
1.335458
1.335458
1.300775
1.300775
1.133764
1.133764
1.364880
1.364880
1.266800
1.266800
1.396600
1.396600
1.348960
1.348960
1.347782
1.347782
1.392831
1.392831
1.321932
1.321932
