1.351807
1.351807
1.356580
1.356580
1.158325
1.158325
1.227056
1.227056
1.215426
1.215426
1.345770
1.345770
1.361518
1.361518
1.377054
1.377054
1.364460
1.399965
1.399965
1.364460
1.386926
1.386926
1.094947
1.094947
1.274279
1.274279
1.235642
1.235642
1.250868
1.250868
1.349861
1.349861
1.373961
1.373961
1.262119
1.262119
1.300591
1.300591
1.165740
1.165740
1.339036
1.339036
1.153618
1.153618
1.363811
1.363811
1.354439
1.354439
1.277940
1.277940
1.338955
1.338955
1.144511
1.144511
1.230514
1.230514
1.069523
1.069523
1.359218
1.359218
1.139886
1.139886
1.353879
1.353879
1.297748
1.297748
1.272328
1.272328
1.268659
1.268659
1.220663
1.220663
1.202938
1.202938
1.388860
1.388860
1.250787
1.250787
1.394261
1.394261
1.340154
1.340154
1.214274
1.214274
1.181291
1.181291
1.390406
1.390406
1.322569
1.322569
1.221897
1.221897
1.369225
1.369225
1.301424
1.301424
1.251227
1.251227
1.275648
1.275648
1.235626
1.235626
1.380947
1.380947
1.393290
1.393290
1.291285
1.291285
1.335711
1.335711
1.267215
1.267215
1.299465
1.299465
1.386891
1.386891
1.335727
1.335727
1.273327
1.273327
1.266630
1.266630
1.101182
1.101182
1.284289
1.284289
1.397742
1.397742
1.280876
1.280876
1.378030
1.378030
1.309697
1.309697
1.367237
1.367237
1.252565
1.252565
1.283167
1.283167
1.242914
1.242914
1.385902
1.385902
1.263978
1.263978
1.377568
1.377568
1.048853
1.048853
1.224399
1.326437
1.326437
1.224399
1.191527
1.191527
1.215788
1.215788
1.301139
1.301139
1.291289
1.291289
1.365536
1.365536
1.279713
1.279713
1.398878
1.398878
1.279464
1.279464
1.142232
1.142232
1.203234
1.203234
1.173595
1.173595
1.341825
1.341825
1.124561
1.124561
1.127868
1.127868
1.374592
1.374592
1.274454
1.274454
1.252572
1.252572
1.339126
1.339126
1.274706
1.274706
1.215760
1.215760
1.323251
1.323251
1.274218
1.274218
1.221555
1.221555
1.357666
1.357666
1.360334
1.360334
1.255657
1.255657
1.123914
1.123914
1.092447
1.092447
1.381634
1.381634
1.238539
1.238539
1.341865
1.341865
1.097544
1.097544
1.379372
1.379372
1.214297
1.214297
1.217654
1.217654
1.262476
1.262476
1.070610
1.070610
1.143784
1.143784
1.338020
1.338020
1.292216
1.292216
1.073747
1.073747
1.119370
1.119370
1.358272
1.358272
1.178057
1.178057
1.334466
1.334466
1.320119
1.320119
1.217787
1.217787
1.354311
1.354311
1.313914
1.313914
1.368251
1.368251
1.084850
1.084850
1.072681
1.072681
1.191453
1.191453
1.246209
1.246209
1.396980
1.396980
1.099944
1.099944
1.368430
1.368430
1.322685
1.322685
1.328582
1.328582
1.266081
1.266081
1.362377
1.362377
1.175774
1.175774
1.361856
1.361856
1.312776
1.312776
1.298624
1.298624
1.343728
1.343728
1.327229
1.327229
1.337193
1.337193
1.229540
1.229540
1.303571
1.303571
1.359441
1.359441
1.300370
1.300370
1.385534
1.385534
1.199660
1.199660
1.254744
1.254744
1.147013
1.147013
1.380498
1.380498
1.209455
1.209455
1.222070
1.222070
1.156566
1.156566
1.372161
1.372161
1.393222
1.393222
1.373178
1.373178
1.199766
1.199766
1.388063
1.388063
1.092115
1.092115
1.366956
1.366956
1.358332
1.358332
1.364184
1.364184
1.226004
1.226004
1.298762
1.298762
1.358714
1.358714
1.285050
1.285050
1.193427
1.193427
1.379413
1.379413
1.219526
1.219526
1.284373
1.284373
1.394662
1.394662
1.244971
1.244971
1.396776
1.396776
1.262461
1.262461
1.209962
1.209962
1.233709
1.233709
1.332939
1.332939
1.075152
1.075152
1.343383
1.343383
1.201144
1.201144
1.271879
1.271879
1.266395
1.266395
1.333109
1.333109
1.073000
1.073000
1.370815
1.370815
1.191150
1.191150
1.332747
1.332747
1.343130
1.343130
1.380638
1.380638
1.353069
1.353069
1.237870
1.237870
1.279384
1.279384
1.322918
1.322918
1.299129
1.299129
1.203755
1.203755
1.108945
1.108945
1.177891
1.177891
1.095913
1.095913
1.141544
1.141544
1.245052
1.245052
1.323901
1.323901
1.324458
1.324458
1.386294
1.386294
1.387377
1.387377
1.291884
1.291884
1.319002
1.319002
1.312173
1.312173
1.282091
1.282091
1.372687
1.372687
1.202601
1.202601
1.335996
1.335996
1.309075
1.309075
1.388352
1.388352
1.383836
1.383836
1.261864
1.261864
1.396515
1.396515
1.028141
1.028141
1.151712
1.151712
1.152621
1.152621
1.216513
1.216513
1.109685
1.109685
1.369873
1.369873
