1.372421
1.372421
1.294000
1.294000
1.317151
1.317151
1.235631
1.235631
1.356686
1.356686
1.337154
1.399245
1.399245
1.337154
1.240306
1.240306
1.041350
1.041350
1.338066
1.338066
1.397767
1.397767
1.317230
1.317230
1.299823
1.299823
1.392389
1.392389
1.397971
1.397971
1.148367
1.148367
1.358219
1.358219
1.247330
1.247330
1.351229
1.351229
1.212084
1.212084
1.397129
1.397129
1.268681
1.268681
1.213817
1.213817
1.361309
1.361309
1.215640
1.215640
1.379784
1.379784
1.308877
1.370046
1.308877
1.370046
1.210412
1.210412
1.099321
1.099321
1.391901
1.391901
1.396833
1.396833
1.334512
1.334512
1.215712
1.215712
1.273329
1.273329
1.361629
1.361629
1.346540
1.346540
1.399556
1.399556
1.218231
1.218231
1.277517
1.277517
1.338108
1.338108
1.241654
1.241654
1.109885
1.109885
1.199771
1.199771
1.365668
1.365668
1.313025
1.313025
1.266288
1.266288
1.321936
1.321936
1.379008
1.379008
1.180859
1.180859
1.249399
1.249399
1.073308
1.073308
1.338102
1.338102
1.318258
1.318258
1.378336
1.378336
1.045161
1.045161
1.343131
1.306007
1.306007
1.343131
1.113373
1.113373
1.220398
1.220398
1.345147
1.345147
1.203418
1.203418
1.201614
1.201614
1.253774
1.253774
1.117119
1.117119
1.319873
1.319873
1.332296
1.332296
1.308022
1.308022
1.190900
1.190900
1.331915
1.331915
1.395050
1.395050
1.348914
1.348914
1.256832
1.256832
1.344333
1.344333
1.350150
1.350150
1.387063
1.387063
1.132045
1.132045
1.382720
1.382720
1.225964
1.225964
1.115831
1.200360
1.115831
1.200360
1.311690
1.311690
1.345437
1.345437
1.347393
1.347393
1.253978
1.253978
1.313240
1.313240
1.123574
1.123574
1.248925
1.248925
1.172068
1.172068
1.337897
1.337897
1.186978
1.186978
1.314917
1.314917
1.386138
1.386138
1.207948
1.207948
1.332375
1.332375
1.339078
1.339078
1.363175
1.363175
1.301865
1.301865
1.268818
1.268818
1.373997
1.373997
1.225013
1.225013
1.397990
1.397990
1.226959
1.226959
1.249271
1.249271
1.281519
1.281519
1.306254
1.306254
1.173428
1.173428
1.344971
1.344971
1.128307
1.128307
1.219190
1.219190
1.359638
1.359638
1.342788
1.342788
1.143853
1.143853
1.284598
1.284598
1.330990
1.330990
1.258409
1.258409
1.211615
1.211615
1.208867
1.208867
1.356294
1.356294
1.366944
1.366944
1.228495
1.228495
1.079108
1.079108
1.399158
1.399158
1.379268
1.379268
1.158649
1.158649
1.399595
1.399595
1.376693
1.376693
1.207343
1.207343
1.208542
1.208542
1.296421
1.296421
1.295046
1.295046
1.233381
1.233381
1.391897
1.391897
1.328037
1.328037
1.370576
1.370576
1.095220
1.095220
1.384153
1.384153
1.080888
1.080888
1.388628
1.388628
1.346678
1.346678
1.279898
1.279898
1.342553
1.342553
1.341197
1.341197
1.276485
1.276485
1.092502
1.092502
1.397096
1.397096
1.057687
1.057687
1.378853
1.378853
1.277648
1.277648
1.233246
1.233246
1.398757
1.398757
1.263848
1.263848
1.364723
1.364723
1.260477
1.260477
1.326217
1.326217
1.256746
1.328882
1.256746
1.328882
1.124413
1.124413
1.272719
1.272719
1.390535
1.390535
1.128523
1.128523
1.359817
1.359817
1.223178
1.223178
1.272418
1.272418
1.350050
1.350050
1.252189
1.252189
1.397552
1.397552
1.341049
1.341049
1.090147
1.090147
1.287566
1.287566
1.356965
1.356965
1.308817
1.308817
1.180226
1.180226
1.316433
1.316433
1.067374
1.067374
1.196361
1.196361
1.198539
1.198539
1.345012
1.345012
1.329194
1.329194
1.292679
1.292679
1.310621
1.310621
1.347209
1.347209
1.233086
1.233086
1.368886
1.368886
1.262396
1.262396
1.353439
1.353439
1.243516
1.243516
1.317049
1.317049
1.290416
1.290416
1.368458
1.368458
1.147750
1.147750
1.369875
1.369875
1.204114
1.204114
1.040199
1.040199
1.356221
1.356221
1.282723
1.282723
1.373152
1.373152
1.367961
1.367961
1.378194
1.378194
1.304359
1.304359
1.162985
1.162985
1.397260
1.308005
1.397260
1.308005
1.369044
1.369044
1.230977
1.230977
1.052165
1.052165
1.185313
1.185313
1.188991
1.188991
1.338041
1.338041
1.344890
1.344890
1.396280
1.396280
1.396715
1.396715
1.232014
1.232014
1.120575
1.120575
1.210882
1.210882
1.224676
1.224676
1.398604
1.398604
1.245537
1.245537
1.300154
1.300154
1.368221
1.368221
1.265627
1.265627
1.134791
1.134791
1.332427
1.332427
1.362300
1.362300
1.397330
1.397330
1.349647
1.349647
1.388272
1.388272
1.099881
1.099881
1.347213
1.347213
