1.295228
1.295228
1.345033
1.345033
1.335646
1.335646
1.186712
1.186712
1.396704
1.396704
1.111078
1.111078
1.377932
1.377932
1.356390
1.356390
1.380148
1.380148
1.336406
1.336406
1.300193
1.300193
1.216835
1.216835
1.159141
1.159141
1.380330
1.380330
1.218685
1.218685
1.379097
1.379097
1.339263
1.339263
1.157194
1.157194
1.111064
1.111064
1.188123
1.188123
1.305014
1.305014
1.391579
1.391579
1.314326
1.314326
1.163514
1.163514
1.380929
1.380929
1.306676
1.306676
1.382076
1.382076
1.352752
1.352752
1.251553
1.251553
1.283593
1.283593
1.377934
1.377934
1.168055
1.168055
1.307981
1.307981
1.190235
1.190235
1.273012
1.273012
1.167490
1.167490
1.240702
1.240702
1.081257
1.081257
1.313740
1.377707
1.313740
1.377707
1.385814
1.385814
1.168139
1.168139
1.233033
1.233033
1.358700
1.358700
1.100155
1.100155
1.262332
1.262332
1.396151
1.396151
1.378507
1.378507
1.313525
1.313525
1.335585
1.335585
1.373734
1.373734
1.277907
1.277907
1.328012
1.328012
1.349817
1.349817
1.337641
1.337641
1.361875
1.361875
1.081151
1.081151
1.321823
1.321823
1.230180
1.230180
1.074155
1.074155
1.058649
1.058649
1.394554
1.394554
1.242202
1.242202
1.263831
1.263831
1.310995
1.310995
1.312245
1.312245
1.331447
1.331447
1.155514
1.155514
1.332185
1.332185
1.201380
1.201380
1.380648
1.380648
1.129357
1.129357
1.320437
1.320437
1.393693
1.393693
1.367183
1.367183
1.232590
1.232590
1.240073
1.240073
1.254952
1.254952
1.140584
1.379513
1.379513
1.140584
1.294661
1.294661
1.304704
1.304704
1.371367
1.371367
1.299074
1.299074
1.372139
1.372139
1.368638
1.368638
1.317212
1.317212
1.359640
1.359640
1.319403
1.319403
1.177354
1.177354
1.326119
1.367425
1.326119
1.367425
1.288775
1.288775
1.208554
1.208554
1.382946
1.323304
1.323304
1.382946
1.396415
1.396415
1.327962
1.327962
1.382975
1.382975
1.386162
1.386162
1.359810
1.359810
1.384878
1.384878
1.328569
1.328569
1.360482
1.360482
1.234933
1.234933
1.399128
1.399128
1.220721
1.220721
1.370297
1.370297
1.376616
1.376616
1.188737
1.188737
1.388428
1.388428
1.347418
1.347418
1.260786
1.260786
1.356038
1.356038
1.277025
1.312212
1.312212
1.277025
1.339828
1.339828
1.374843
1.374843
1.241472
1.241472
1.041219
1.041219
1.055023
1.055023
1.266853
1.266853
1.153279
1.153279
1.397051
1.397051
1.307798
1.307798
1.343304
1.343304
1.336737
1.336737
1.334591
1.334591
1.227495
1.227495
1.393703
1.393703
1.368099
1.368099
1.322512
1.322512
1.061925
1.061925
1.221414
1.221414
1.335888
1.335888
1.384778
1.384778
1.140875
1.140875
1.172466
1.172466
1.181360
1.181360
1.394898
1.394898
1.271770
1.271770
1.375970
1.375970
1.294847
1.294847
1.178882
1.178882
1.345930
1.345930
1.374054
1.374054
1.333403
1.333403
1.305339
1.305339
1.062762
1.062762
1.354906
1.354906
1.352153
1.352153
1.176004
1.176004
1.366183
1.366183
1.356668
1.356668
1.154870
1.154870
1.320395
1.320395
1.366383
1.366383
1.100151
1.100151
1.082051
1.082051
1.306923
1.306923
1.048917
1.048917
1.330278
1.330278
1.354214
1.354214
1.386633
1.386633
1.229286
1.229286
1.093113
1.093113
1.263606
1.263606
1.398145
1.398145
1.398101
1.398101
1.396814
1.396814
1.336189
1.336189
1.388767
1.388767
1.092483
1.092483
1.373408
1.373408
1.364668
1.364668
1.272081
1.272081
1.386727
1.386727
1.134738
1.134738
1.366647
1.366647
1.343106
1.343106
1.239696
1.239696
1.366472
1.366472
1.389506
1.389506
1.267045
1.267045
1.310081
1.310081
1.364349
1.364349
1.387621
1.387621
1.248913
1.248913
1.295744
1.295744
1.091619
1.091619
1.379069
1.379069
1.204518
1.204518
1.384625
1.384625
1.180392
1.180392
1.291717
1.291717
1.224392
1.224392
1.206735
1.206735
1.384752
1.384752
1.378611
1.378611
1.297725
1.297725
1.178344
1.178344
1.189158
1.189158
1.344096
1.344096
1.351436
1.351436
1.363043
1.363043
1.373340
1.373340
1.391047
1.391047
1.395626
1.395626
1.115691
1.115691
1.333413
1.333413
1.306085
1.306085
1.314342
1.314342
1.309766
1.309766
1.217660
1.217660
1.156429
1.156429
1.389599
1.389599
1.253294
1.253294
