1.266562
1.266562
1.173927
1.173927
1.329980
1.329980
1.372981
1.372981
1.307856
1.307856
1.378762
1.378762
1.388790
1.388790
1.212194
1.212194
1.208046
1.208046
1.318982
1.318982
1.257845
1.257845
1.178991
1.178991
1.379994
1.379994
1.300814
1.300814
1.294775
1.294775
1.300922
1.300922
1.232117
1.232117
1.348175
1.348175
1.311553
1.311553
1.327260
1.327260
1.361235
1.361235
1.127630
1.127630
1.146475
1.146475
1.152104
1.152104
1.148042
1.148042
1.285402
1.285402
1.256597
1.256597
1.312324
1.312324
1.195615
1.195615
1.153576
1.153576
1.356378
1.356378
1.317536
1.317536
1.229315
1.099781
1.099781
1.229315
1.251199
1.251199
1.342113
1.342113
1.267119
1.267119
1.253306
1.253306
1.101471
1.101471
1.291573
1.291573
1.311848
1.311848
1.297650
1.297650
1.286447
1.286447
1.350133
1.350133
1.248203
1.248203
1.220760
1.220760
1.324772
1.324772
1.362621
1.362621
1.120815
1.120815
1.374098
1.374098
1.313122
1.313122
1.333057
1.333057
1.386219
1.386219
1.094951
1.094951
1.296507
1.296507
1.358583
1.358583
1.365916
1.365916
1.381000
1.381000
