1.220692
1.220692
1.244417
1.244417
1.310160
1.310160
1.358043
1.358043
1.296124
1.296124
1.348865
1.348865
1.369269
1.369269
1.346884
1.346884
1.378975
1.378975
1.291268
1.291268
1.347534
1.347534
1.321465
1.321465
1.182165
1.182165
1.374367
1.374367
1.325482
1.325482
1.303773
1.303773
1.213495
1.213495
1.292872
1.292872
1.170379
1.170379
1.140708
1.140708
1.397563
1.397563
1.316050
1.316050
1.168068
1.168068
1.268245
1.268245
1.313204
1.313204
1.390299
1.390299
1.364411
1.364411
1.171990
1.171990
1.298094
1.298094
1.358786
1.358786
1.344611
1.344611
1.031760
1.031760
1.117348
1.117348
1.211464
1.211464
1.259411
1.259411
1.196942
1.196942
1.370535
1.370535
1.215359
1.215359
1.336655
1.336655
1.340151
1.340151
1.321340
1.321340
1.254545
1.254545
1.335548
1.335548
1.168166
1.168166
1.203629
1.203629
1.331682
1.331682
1.375615
1.375615
1.281360
1.281360
1.130012
1.130012
1.324860
1.324860
1.332074
1.332074
1.348009
1.348009
1.187110
1.187110
1.359407
1.359407
1.337701
1.337701
1.151532
1.151532
1.394873
1.394873
1.390370
1.390370
1.189513
1.189513
1.344918
1.344918
1.243408
1.243408
1.278971
1.278971
1.300622
1.300622
1.245361
1.245361
1.313698
1.313698
