1.390704
1.220659
1.390704
1.220659
1.307907
1.307907
1.296653
1.296653
1.185916
1.185916
1.223585
1.223585
1.341309
1.341309
1.210250
1.210250
1.353009
1.353009
1.276077
1.276077
1.125338
1.125338
1.176125
1.176125
1.361067
1.361067
1.257926
1.257926
1.216529
1.216529
1.335416
1.335416
1.399282
1.399282
1.369923
1.369923
1.087263
1.087263
1.261936
1.261936
1.248806
1.248806
1.277140
1.277140
1.385347
1.385347
1.244669
1.244669
1.308681
1.308681
1.236636
1.236636
1.263785
1.263785
1.251066
1.251066
1.343193
1.343193
1.258998
1.258998
1.123861
1.123861
1.346615
1.346615
1.347098
1.347098
1.197199
1.197199
1.298716
1.298716
1.260937
1.260937
1.105040
1.105040
1.265638
1.265638
1.314842
1.314842
1.166291
1.166291
1.326455
1.326455
1.397279
1.397279
1.178347
1.178347
1.392021
1.392021
1.201410
1.201410
1.211042
1.211042
1.370008
1.370008
1.352960
1.352960
1.344969
1.344969
1.303041
1.303041
1.344800
1.344800
1.175034
1.175034
1.290855
1.290855
1.273621
1.273621
1.351157
1.351157
1.156032
1.156032
1.215202
1.215202
1.384484
1.384484
1.394651
1.394651
1.399025
1.399025
1.306450
1.306450
1.029999
1.029999
1.327635
1.327635
1.361470
1.361470
1.261426
1.261426
1.280956
1.280956
1.358729
1.358729
1.336794
1.336794
1.246904
1.246904
1.396339
1.396339
1.316001
1.316001
1.278008
1.278008
1.302453
1.302453
1.387043
1.387043
1.105920
1.105920
1.287042
1.287042
1.348019
1.348019
1.232403
1.232403
1.309232
1.309232
1.358221
1.358221
1.351329
1.351329
1.376976
1.376976
1.377529
1.377529
1.376856
1.376856
1.395430
1.395430
1.356711
1.356711
1.171981
1.171981
1.305606
1.305606
1.263422
1.263422
