1.372522
1.372522
1.225379
1.225379
1.380751
1.380751
1.382717
1.382717
1.241089
1.241089
1.285543
1.285543
1.132368
1.132368
1.298806
1.298806
1.295251
1.295251
1.375008
1.375008
1.316056
1.316056
1.395515
1.395515
1.269922
1.269922
1.250215
1.250215
1.192335
1.192335
1.386314
1.386314
1.320820
1.320820
1.306623
1.306623
1.347069
1.347069
1.378713
1.378713
1.256466
1.256466
1.173469
1.173469
1.206271
1.206271
1.287827
1.287827
1.366311
1.366311
1.290247
1.290247
1.357689
1.357689
1.364048
1.364048
1.149083
1.149083
1.385131
1.385131
1.384702
1.384702
1.267793
1.267793
1.306296
1.306296
1.268092
1.268092
1.361801
1.361801
1.322367
1.322367
1.329984
1.329984
1.384757
1.384757
1.253538
1.253538
1.360605
1.360605
1.196538
1.196538
1.228232
1.228232
1.195620
1.195620
1.308830
1.308830
1.358054
1.358054
1.357189
1.357189
1.373879
1.373879
1.254954
1.254954
1.388237
1.388237
1.337714
1.337714
1.247729
1.247729
1.132821
1.132821
1.395592
1.395592
1.304045
1.304045
1.375793
1.375793
1.143176
1.143176
1.367934
1.367934
1.282980
1.282980
1.372469
1.372469
1.234127
1.234127
1.332474
1.332474
1.245647
1.245647
1.325743
1.325743
1.388264
1.388264
1.228241
1.228241
1.360665
1.360665
1.351757
1.351757
1.267098
1.267098
1.355038
1.355038
1.335820
1.335820
1.108231
1.108231
1.372384
1.372384
1.314888
1.314888
1.332348
1.332348
1.286739
1.286739
1.162205
1.162205
1.165552
1.165552
1.213244
1.213244
1.172232
1.172232
1.365879
1.365879
1.352231
1.352231
1.354616
1.354616
1.326724
1.326724
1.359095
1.359095
1.210507
1.210507
1.061570
1.061570
