1.367697
1.367697
1.206552
1.206552
1.213000
1.213000
1.172480
1.172480
1.185153
1.185153
1.233594
1.233594
1.264175
1.264175
1.130617
1.130617
1.209435
1.209435
1.196310
1.196310
1.390732
1.390732
1.172538
1.172538
1.391935
1.391935
1.370060
1.370060
1.201310
1.201310
1.341243
1.341243
1.166544
1.166544
1.180466
1.180466
1.090489
1.090489
1.106556
1.106556
1.361684
1.361684
1.287520
1.287520
1.216786
1.216786
1.138810
1.138810
1.169415
1.169415
1.276824
1.276824
1.158734
1.158734
1.344064
1.344064
1.388188
1.388188
1.030479
1.030479
1.220547
1.220547
1.234376
1.234376
1.230805
1.230805
1.360966
1.360966
1.327808
1.327808
1.359962
1.359962
1.247519
1.247519
1.335699
1.335699
1.351194
1.351194
1.213109
1.213109
1.379327
1.379327
1.097712
1.097712
1.094606
1.094606
1.293840
1.293840
1.341610
1.341610
1.352043
1.352043
1.266728
1.266728
1.062966
1.062966
1.352582
1.352582
1.381803
1.381803
1.361158
1.361158
1.332730
1.332730
1.392930
1.392930
1.120982
1.120982
1.376445
1.376445
1.186456
1.186456
1.321186
1.321186
1.338117
1.338117
1.255554
1.255554
1.331690
1.331690
1.312200
1.312200
1.089281
1.089281
1.263056
1.263056
1.279781
1.279781
1.316662
1.316662
1.239372
1.239372
1.095191
1.095191
1.289295
1.289295
