1.365838
1.365838
1.374747
1.374747
1.346798
1.346798
1.372465
1.372465
1.218797
1.218797
1.275092
1.275092
1.357735
1.357735
1.308199
1.308199
1.317564
1.287612
1.317564
1.287612
1.345694
1.345694
1.292860
1.292860
1.314443
1.314443
1.196107
1.196107
1.378363
1.378363
1.351054
1.351054
1.302673
1.302673
1.382946
1.382946
1.289988
1.100665
1.100665
1.289988
1.326417
1.326417
1.364170
1.364170
1.398584
1.398584
1.195525
1.195525
1.275032
1.275032
1.184819
1.184819
1.051990
1.051990
1.162520
1.162520
1.256465
1.256465
1.255966
1.255966
1.352966
1.352966
1.394144
1.394144
1.352039
1.352039
1.284947
1.284947
1.310274
1.310274
1.366861
1.366861
1.144083
1.144083
1.370842
1.370842
1.308913
1.308913
1.275812
1.275812
1.201929
1.201929
1.173765
1.173765
1.226197
1.226197
1.399478
1.399478
1.262321
1.262321
1.026110
1.026110
1.316204
1.316204
1.333972
1.333972
1.251878
1.251878
1.303043
1.303043
1.191362
1.191362
1.188623
1.188623
1.341647
1.341647
1.287701
1.287701
1.222029
1.222029
1.399457
1.399457
1.272902
1.272902
1.294744
1.294744
1.291500
1.291500
1.238639
1.238639
1.363605
1.363605
1.349674
1.349674
1.131992
1.131992
1.372086
1.372086
1.357904
1.357904
1.391693
1.391693
