1.200658
1.200658
1.288190
1.288190
1.377887
1.377887
1.369926
1.369926
1.331613
1.331613
1.361697
1.361697
1.078508
1.078508
1.321655
1.321655
1.354926
1.354926
1.311433
1.311433
1.346520
1.346520
1.270324
1.270324
1.336556
1.336556
1.378822
1.378822
1.399688
1.399688
1.376887
1.376887
1.381610
1.381610
1.317476
1.317476
1.146968
1.146968
1.371257
1.371257
1.031335
1.031335
1.257484
1.257484
1.374850
1.374850
1.290013
1.290013
1.153975
1.153975
1.393482
1.393482
1.186016
1.186016
1.337552
1.337552
1.213043
1.213043
1.116752
1.116752
1.329479
1.329479
1.088710
1.088710
1.114018
1.114018
1.388454
1.388454
1.392481
1.392481
1.088001
1.088001
1.321460
1.321460
1.352563
1.352563
1.037890
1.037890
1.209745
1.209745
1.166283
1.166283
1.366429
1.366429
1.210900
1.210900
1.287955
1.287955
1.105106
1.105106
1.271512
1.271512
1.170605
1.170605
1.318627
1.318627
1.381827
1.381827
1.383753
1.383753
1.349103
1.349103
1.243780
1.243780
1.374815
1.374815
1.309345
1.309345
1.253756
1.253756
1.390109
1.390109
1.391166
1.391166
1.320881
1.320881
1.351930
1.351930
1.264631
1.264631
1.375185
1.375185
1.387681
1.387681
1.263008
1.263008
1.343874
1.343874
1.331852
1.331852
1.286351
1.286351
1.394576
1.394576
1.277738
1.277738
1.399681
1.399681
1.287451
1.287451
1.348781
1.348781
1.272379
1.272379
1.396192
1.396192
1.264940
1.264940
1.181583
1.181583
1.360437
1.360437
1.307538
1.307538
1.285378
1.285378
1.351364
1.351364
1.397832
1.397832
1.267139
1.267139
1.386606
1.386606
