1.094060
1.094060
1.384144
1.384144
1.206711
1.206711
1.371952
1.371952
1.370064
1.370064
1.368589
1.368589
1.285450
1.285450
1.268118
1.268118
1.349986
1.349986
1.365418
1.365418
1.373233
1.373233
1.282641
1.282641
1.103664
1.103664
1.325227
1.325227
1.363338
1.363338
1.153614
1.153614
1.344526
1.344526
1.388040
1.175281
1.175281
1.388040
1.398341
1.398341
1.363300
1.363300
1.369486
1.369486
1.364910
1.364910
1.362590
1.362590
1.148456
1.148456
1.373239
1.373239
1.167151
1.167151
1.396490
1.396490
1.328336
1.328336
1.394031
1.394031
1.262923
1.262923
1.369262
1.369262
1.399515
1.399515
1.392640
1.392640
1.282581
1.282581
1.331300
1.331300
1.229079
1.229079
1.396233
1.396233
1.114418
1.114418
1.170654
1.170654
1.361460
1.361460
1.184156
1.184156
1.277452
1.277452
1.397129
1.397129
1.397223
1.397223
1.353856
1.353856
1.344581
1.344581
1.379227
1.379227
1.190600
1.190600
1.246330
1.246330
1.268544
1.268544
1.292667
1.292667
1.101990
1.101990
1.293618
1.293618
1.379945
1.379945
1.231335
1.231335
1.094527
1.094527
1.396379
1.396379
1.188850
1.188850
1.179112
1.179112
