1.242568
1.242568
1.269334
1.269334
1.374410
1.374410
1.346613
1.346613
1.321494
1.321494
1.279167
1.279167
1.073226
1.073226
1.180067
1.180067
1.285566
1.285566
1.373201
1.373201
1.243040
1.243040
1.211317
1.211317
1.397205
1.397205
1.356310
1.356310
1.331972
1.331972
1.291645
1.291645
1.330087
1.330087
1.387131
1.387131
1.312784
1.312784
1.386387
1.386387
1.033982
1.033982
1.305175
1.305175
1.362282
1.362282
1.254988
1.254988
1.257589
1.257589
1.235496
1.235496
1.367610
1.367610
1.392156
1.392156
1.375440
1.375440
1.383029
1.383029
1.304605
1.304605
1.271273
1.271273
1.168317
1.168317
1.291093
1.291093
1.379623
1.379623
1.381826
1.381826
1.269263
1.269263
1.156646
1.156646
1.172944
1.172944
1.280546
1.280546
1.126734
1.126734
1.394180
1.394180
1.054077
1.054077
1.338660
1.338660
1.306125
1.306125
1.233685
1.233685
1.176617
1.176617
1.380911
1.380911
1.321435
1.321435
1.395727
1.395727
1.320823
1.320823
1.346077
1.346077
1.330742
1.330742
1.274158
1.274158
