1.151384
1.151384
1.335744
1.335744
1.265283
1.265283
1.275901
1.275901
1.281492
1.281492
1.196640
1.196640
1.328879
1.328879
1.305479
1.305479
1.232911
1.232911
1.389479
1.389479
1.327173
1.327173
1.334076
1.334076
1.236991
1.236991
1.267097
1.267097
1.353043
1.353043
1.387248
1.387248
1.271542
1.271542
1.353296
1.353296
1.214423
1.214423
1.391057
1.391057
1.264228
1.264228
1.176986
1.176986
1.100084
1.100084
1.365428
1.365428
1.330437
1.330437
1.181931
1.181931
1.094653
1.094653
1.314761
1.314761
1.383712
1.383712
1.398991
1.398991
1.397478
1.397478
1.322317
1.322317
1.250038
1.250038
1.187927
1.187927
1.329609
1.329609
1.252332
1.252332
1.082479
1.082479
1.333982
1.333982
1.180079
1.180079
1.309608
1.309608
1.330480
1.330480
1.119005
1.119005
1.319951
1.319951
1.146867
1.146867
1.381482
1.381482
1.304053
1.304053
1.243779
1.243779
1.173503
1.108703
1.173503
1.108703
1.214692
1.214692
1.231117
1.231117
1.221977
1.221977
1.140587
1.140587
1.399315
1.399315
1.365425
1.365425
1.398432
1.398432
1.153119
1.153119
1.384580
1.384580
1.309050
1.309050
1.263349
1.263349
1.230834
1.230834
1.172147
1.172147
1.322739
1.322739
1.333754
1.333754
1.337939
1.337939
1.363798
1.363798
1.237432
1.237432
1.215067
1.215067
1.362764
1.362764
1.258324
1.258324
1.222505
1.222505
1.182124
1.182124
1.397949
1.397949
1.359295
1.359295
1.358568
1.358568
1.277427
1.277427
1.283431
1.283431
1.392753
1.392753
1.311461
1.311461
1.287447
1.287447
1.282886
1.282886
1.382175
1.382175
1.180285
1.180285
1.078256
1.078256
1.287207
1.287207
1.290670
1.290670
1.325598
1.325598
1.346042
1.346042
1.294375
1.294375
1.109149
1.109149
1.351493
1.351493
1.294010
1.294010
1.322356
1.322356
1.318237
1.318237
1.340783
1.340783
1.312302
1.312302
1.358896
1.358896
1.296664
1.296664
1.232202
1.232202
1.322432
1.322432
1.252366
1.252366
1.341512
1.341512
1.347087
1.347087
1.306072
1.306072
1.335239
1.335239
1.163573
1.163573
1.266768
1.266768
1.224050
1.224050
1.272369
1.272369
1.138907
1.138907
1.337311
1.337311
