1.324762
1.324762
1.270248
1.270248
1.247697
1.247697
1.357190
1.357190
1.034588
1.034588
1.309398
1.203194
1.203194
1.309398
1.237757
1.237757
1.378946
1.378946
1.220765
1.220765
1.271253
1.271253
1.371417
1.371417
1.274855
1.274855
1.378367
1.378367
1.092318
1.092318
1.369945
1.369945
1.384311
1.384311
1.385001
1.385001
1.368114
1.368114
1.337577
1.337577
1.200881
1.200881
1.284643
1.284643
1.271831
1.271831
1.387189
1.387189
1.154235
1.154235
1.149955
1.149955
1.326649
1.326649
1.134984
1.134984
1.194183
1.194183
1.367780
1.367780
1.144034
1.144034
1.252077
1.252077
1.136150
1.136150
1.336232
1.336232
1.198473
1.198473
1.117216
1.117216
1.296428
1.296428
1.319935
1.319935
1.386437
1.386437
1.177925
1.177925
1.081402
1.081402
1.334132
1.334132
1.360643
1.360643
1.136770
1.136770
1.382182
1.382182
1.256894
1.256894
1.222481
1.222481
1.362326
1.362326
1.090123
1.090123
