1.113344
1.113344
1.312670
1.312670
1.373464
1.373464
1.354851
1.354851
1.388404
1.388404
1.247115
1.247115
1.302301
1.302301
1.296144
1.296144
1.165933
1.165933
1.373869
1.373869
1.157035
1.157035
1.330981
1.330981
1.352271
1.352271
1.294961
1.294961
1.324938
1.324938
1.199644
1.199644
1.134990
1.134990
1.229396
1.229396
1.333180
1.333180
1.119310
1.119310
1.273606
1.273606
1.339314
1.339314
1.309292
1.309292
1.394693
1.394693
1.237863
1.237863
1.273568
1.273568
1.378298
1.378298
1.394171
1.394171
1.271117
1.271117
1.220156
1.220156
1.247497
1.247497
1.063849
1.063849
1.212574
1.212574
1.123698
1.123698
1.271985
1.271985
1.287750
1.287750
1.186517
1.186517
1.316672
1.316672
1.317890
1.317890
1.348265
1.348265
1.374433
1.374433
1.168821
1.168821
