1.356091
1.356091
1.306646
1.306646
1.297163
1.297163
1.272395
1.272395
1.292031
1.292031
1.315872
1.315872
1.052496
1.052496
1.156303
1.156303
1.350021
1.350021
1.371077
1.371077
1.257833
1.257833
1.066160
1.066160
1.278311
1.278311
1.223182
1.223182
1.247512
1.247512
1.297639
1.297639
1.386962
1.386962
1.013228
1.013228
1.301588
1.301588
1.357535
1.357535
1.350304
1.350304
1.160433
1.160433
1.397358
1.397358
1.346563
1.346563
1.183247
1.183247
1.396944
1.396944
1.399379
1.399379
1.374719
1.374719
1.115990
1.115990
1.216907
1.216907
1.256153
1.256153
1.362949
1.362949
1.216941
1.216941
1.240449
1.240449
1.163007
1.163007
1.209086
1.209086
1.237873
1.237873
1.257752
1.257752
1.377857
1.377857
1.233314
1.233314
1.221015
1.221015
1.360036
1.360036
1.387827
1.387827
1.125443
1.125443
