1.336050
1.336050
1.369021
1.369021
1.077100
1.077100
1.011609
1.011609
1.324175
1.135633
1.135633
1.324175
1.392336
1.392336
1.389415
1.389415
1.343266
1.343266
1.267887
1.267887
1.077854
1.077854
1.279768
1.279768
1.359752
1.359752
1.355159
1.355159
1.375872
1.375872
1.373718
1.373718
1.367268
1.367268
1.385953
1.385953
1.325760
1.325760
1.121060
1.121060
1.327377
1.327377
1.380452
1.380452
1.131618
1.131618
1.341294
1.341294
1.245522
1.245522
1.366438
1.366438
1.245299
1.245299
1.120019
1.120019
1.354676
1.354676
1.223185
1.223185
1.284393
1.284393
1.262706
1.262706
1.291215
1.291215
1.202045
1.202045
1.243951
1.243951
1.350834
1.350834
1.260916
1.260916
1.247356
1.247356
1.291935
1.291935
1.241807
1.241807
1.392360
1.392360
1.341799
1.341799
1.241330
1.241330
1.306199
1.306199
1.344079
1.344079
1.377660
1.377660
1.385446
1.385446
1.221838
1.221838
1.285179
1.285179
1.344008
1.344008
1.353743
1.353743
1.274947
1.274947
1.250825
1.250825
1.366399
1.366399
1.359826
1.359826
1.283446
1.283446
1.323406
1.323406
1.137084
1.137084
1.254482
1.254482
1.342295
1.342295
1.391909
1.391909
1.367120
1.367120
1.187020
1.187020
1.213098
1.213098
1.367084
1.367084
1.384665
1.384665
