1.290523
1.290523
1.313988
1.313988
1.390554
1.390554
1.259495
1.259495
1.237106
1.237106
1.371998
1.371998
1.345887
1.345887
1.393222
1.393222
1.285859
1.285859
1.275747
1.275747
1.375148
1.375148
1.136450
1.136450
1.281969
1.281969
1.383397
1.383397
1.302724
1.302724
1.393018
1.393018
1.364320
1.364320
1.350505
1.350505
1.302872
1.302872
1.258939
1.258939
1.225446
1.225446
1.311030
1.311030
1.365315
1.365315
1.157768
1.157768
1.231474
1.231474
1.389559
1.389559
1.100958
1.100958
1.383070
1.383070
1.330688
1.330688
