1.388336
1.388336
1.247422
1.247422
1.209425
1.209425
1.381749
1.381749
1.374789
1.374789
1.338946
1.338946
1.171606
1.171606
1.080484
1.080484
1.342916
1.342916
1.118758
1.118758
1.313175
1.313175
1.368714
1.368714
1.156300
1.156300
1.399794
1.399794
1.354801
1.354801
1.279857
1.279857
1.360853
1.360853
1.288752
1.288752
1.362423
1.362423
1.362311
1.362311
1.276949
1.276949
1.175454
1.175454
1.345864
1.345864
1.207280
1.207280
1.330485
1.330485
1.299020
1.299020
1.241975
1.241975
1.272606
1.272606
1.367933
1.367933
1.215077
1.215077
1.377751
1.377751
1.356509
1.356509
1.398081
1.398081
1.378355
1.378355
1.387267
1.387267
1.222399
1.222399
1.118328
1.118328
1.181570
1.181570
1.156753
1.156753
1.193990
1.193990
1.311551
1.311551
1.282431
1.282431
1.283097
1.283097
1.334265
1.334265
1.396787
1.396787
1.308082
1.308082
1.394912
1.394912
1.204048
1.204048
1.176916
1.176916
1.329412
1.329412
1.206957
1.206957
1.350524
1.350524
1.170802
1.170802
1.286105
1.286105
1.340610
1.340610
1.288998
1.288998
1.307411
1.307411
1.396770
1.396770
1.387052
1.387052
1.316515
1.316515
1.346129
1.346129
1.279887
1.279887
1.212820
1.212820
1.311820
1.311820
1.279616
1.279616
1.359679
1.359679
1.281130
1.281130
1.374231
1.374231
1.389924
1.389924
1.306431
1.306431
1.331642
1.331642
