1.379281
1.379281
1.089804
1.089804
1.187126
1.187126
1.160688
1.160688
1.288445
1.288445
1.205725
1.205725
1.219827
1.219827
1.206128
1.206128
1.391060
1.391060
1.111223
1.111223
1.261586
1.261586
1.021688
1.021688
1.274316
1.274316
1.323336
1.323336
1.260303
1.260303
1.262997
1.262997
1.242430
1.242430
1.199961
1.199961
1.320179
1.320179
1.208167
1.208167
1.157466
1.157466
1.215791
1.215791
1.354460
1.354460
1.184019
1.184019
1.125119
1.125119
1.209984
1.209984
1.194729
1.194729
1.386982
1.386982
1.342539
1.342539
1.344399
1.344399
1.309391
1.309391
1.357448
1.357448
1.350510
1.350510
1.207105
1.207105
1.311562
1.311562
1.377408
1.377408
1.376453
1.376453
