1.194732
1.194732
1.135187
1.135187
1.292834
1.292834
1.170601
1.170601
1.290813
1.290813
1.255017
1.255017
1.388477
1.388477
1.284736
1.284736
1.251257
1.272816
1.272816
1.251257
1.262846
1.262846
1.269412
1.269412
1.327216
1.327216
1.283800
1.283800
1.213871
1.213871
1.189736
1.189736
1.093389
1.093389
1.332677
1.332677
1.379403
1.379403
1.305902
1.305902
1.387555
1.387555
1.372650
1.372650
1.203233
1.203233
1.382386
1.382386
1.238909
1.238909
1.370747
1.370747
1.304663
1.304663
1.301274
1.301274
1.340075
1.340075
1.380560
1.357135
1.357135
1.380560
1.255282
1.255282
1.229472
1.229472
1.314395
1.314395
1.349220
1.341312
1.341312
1.349220
1.228581
1.228581
1.330724
1.330724
1.349191
1.349191
1.385128
1.385128
1.085965
1.085965
1.234474
1.234474
1.137063
1.137063
1.348280
1.348280
1.073452
1.073452
1.374705
1.374705
1.233192
1.233192
1.250908
1.250908
1.246904
1.246904
1.340552
1.340552
1.166565
1.166565
1.287239
1.287239
1.132083
1.132083
1.378100
1.378100
1.162103
1.162103
1.302079
1.302079
1.223171
1.223171
1.344125
1.344125
1.157442
1.157442
1.388495
1.388495
1.152003
1.152003
1.347093
1.347093
1.327035
1.327035
1.354285
1.253817
1.253817
1.354285
1.111436
1.111436
1.381598
1.381598
1.308511
1.378814
1.378814
1.308511
1.390569
1.390569
1.291045
1.291045
1.388884
1.388884
1.314296
1.314296
1.172672
1.172672
1.122095
1.122095
1.355127
1.355127
1.399588
1.399588
1.367913
1.367913
1.324085
1.324085
1.353172
1.353172
1.206384
1.206384
1.244515
1.244515
1.303949
1.303949
1.350768
1.350768
1.320606
1.320606
1.318860
1.318860
1.271303
1.271303
1.125562
1.125562
1.327720
1.327720
1.268808
1.268808
1.304050
1.304050
1.288242
1.288242
1.392443
1.392443
1.390646
1.390646
1.214370
1.214370
1.274474
1.274474
1.287886
1.287886
1.237716
1.237716
1.399009
1.399009
1.333728
1.333728
1.207038
1.207038
1.399012
1.399012
1.184069
1.184069
1.160970
1.160970
1.394968
1.308827
1.308827
1.394968
1.205482
1.205482
1.388243
1.388243
1.370301
1.370301
1.143747
1.143747
1.319840
1.319840
1.391627
1.391627
1.295329
1.295329
1.210714
1.210714
1.282949
1.282949
1.384998
1.384998
1.248808
1.248808
1.327300
1.327300
1.210443
1.210443
1.175771
1.175771
1.240960
1.240960
1.319813
1.319813
1.347214
1.347214
1.112939
1.112939
1.266852
1.266852
1.216626
1.216626
1.179176
1.179176
1.386137
1.386137
1.196682
1.196682
1.311152
1.311152
1.088812
1.088812
1.283975
1.244836
1.244836
1.283975
1.393689
1.393689
1.375543
1.375543
1.373084
1.373084
1.115984
1.115984
1.380107
1.380107
1.384307
1.384307
1.356570
1.356570
1.264421
1.264421
1.313191
1.313191
1.334015
1.334015
1.201496
1.201496
1.394560
1.394560
1.233571
1.233571
1.387581
1.387581
1.143995
1.143995
1.356285
1.356285
1.378541
1.378541
1.357545
1.357545
1.254442
1.254442
1.222130
1.222130
1.170479
1.170479
1.204074
1.204074
1.331868
1.331868
1.332371
1.332371
1.073272
1.073272
1.111836
1.111836
1.306289
1.306289
1.360915
1.360915
1.397824
1.397824
1.267851
1.267851
1.136752
1.136752
1.338573
1.338573
1.286105
1.286105
1.295983
1.295983
1.249593
1.249593
1.332379
1.332379
1.358776
1.358776
1.378274
1.378274
1.332756
1.332756
1.388425
1.388425
1.315113
1.315113
1.324270
1.324270
1.169872
1.169872
1.251402
1.251402
1.370372
1.370372
1.339521
1.339521
1.271334
1.271334
1.266289
1.266289
1.288247
1.288247
1.287505
1.287505
1.306976
1.139010
1.139010
1.306976
1.395929
1.395929
1.353695
1.353695
1.250114
1.250114
1.309439
1.309439
1.166519
1.166519
1.212184
1.212184
1.359504
1.359504
1.255116
1.255116
1.336807
1.336807
1.182053
1.182053
1.318767
1.318767
1.245376
1.245376
1.350464
1.350464
1.392703
1.392703
1.259368
1.259368
1.226863
1.226863
1.251604
1.251604
1.342350
1.342350
1.351320
1.351320
1.241038
1.241038
1.222233
1.222233
1.341354
1.341354
1.240585
1.240585
1.325466
1.325466
1.281837
1.281837
1.295547
1.295547
1.280867
1.280867
1.046534
1.046534
1.393186
1.393186
1.334437
1.334437
1.373085
1.373085
1.242828
1.242828
1.140270
1.140270
1.360231
1.360231
1.160616
1.160616
1.254464
1.254464
1.399673
1.399673
1.267984
1.267984
1.290745
1.290745
1.195927
1.195927
1.191058
1.191058
1.294764
1.294764
1.377010
1.377010
1.127466
1.127466
1.198736
1.198736
1.399627
1.399627
1.059185
1.059185
1.335988
1.335988
1.389806
1.389806
1.392087
1.392087
1.351633
1.351633
1.286773
1.398278
1.398278
1.286773
1.198925
1.198925
1.280159
1.280159
1.230292
1.230292
1.266174
1.266174
1.374007
1.374007
1.220465
1.220465
1.228857
1.228857
1.335564
1.335564
1.344675
1.344675
1.268392
1.268392
1.311457
1.311457
1.357171
1.357171
1.128652
1.128652
1.159528
1.159528
1.207213
1.207213
1.259197
1.259197
1.396086
1.396086
1.257038
1.257038
1.327572
1.327572
1.171767
1.171767
1.394724
1.394724
1.349021
1.349021
1.206772
1.206772
1.394199
1.394199
1.338608
1.338608
1.341974
1.341974
1.045104
1.045104
1.152793
1.152793
1.329473
1.329473
1.346399
1.346399
1.382864
1.382864
1.367969
1.367969
1.305103
1.305103
1.242370
1.242370
1.196938
1.196938
1.364877
1.364877
1.346874
1.346874
1.397275
1.397275
1.223104
1.223104
1.299836
1.299836
1.378089
1.378089
1.386682
1.386682
1.131548
1.131548
1.258861
1.258861
1.383280
1.383280
1.346076
1.346076
1.395669
1.395669
1.358707
1.358707
1.344225
1.344225
1.398110
1.398110
1.322749
1.322749
1.296479
1.296479
1.326659
1.326659
1.220506
1.220506
1.334315
1.334315
1.378289
1.378289
1.106799
1.106799
1.257850
1.257850
1.289804
1.289804
1.232195
1.232195
1.268633
1.268633
1.372928
1.372928
1.292407
1.292407
1.348891
1.348891
1.344736
1.344736
1.392520
1.392520
