1.277814
1.277814
1.367806
1.367806
1.155655
1.155655
1.312943
1.312943
1.378119
1.378119
1.027410
1.027410
1.299302
1.299302
1.274667
1.274667
1.375514
1.375514
1.137373
1.137373
1.389527
1.389527
1.320507
1.320507
1.399761
1.399761
1.118021
1.118021
1.354271
1.354271
1.293560
1.293560
1.214024
1.214024
1.323416
1.352509
1.352509
1.323416
1.262761
1.262761
1.279606
1.279606
1.250391
1.250391
1.220778
1.220778
1.106197
1.106197
1.294575
1.294575
1.302477
1.302477
1.295729
1.295729
1.341574
1.341574
1.072079
1.072079
1.330304
1.330304
1.347340
1.221000
1.347340
1.221000
1.370908
1.370908
1.285191
1.285191
1.381818
1.381818
1.337855
1.337855
1.255088
1.089671
1.089671
1.255088
1.346333
1.346333
1.247490
1.247490
1.391638
1.391638
1.389320
1.389320
1.372067
1.372067
1.310135
1.310135
1.305990
1.305990
1.237035
1.237035
1.351498
1.351498
1.394775
1.394775
1.327704
1.327704
1.304525
1.304525
1.240517
1.389502
1.240517
1.389502
1.272458
1.272458
1.237262
1.292074
1.237262
1.292074
1.344078
1.310364
1.344078
1.310364
1.282795
1.282795
1.231024
1.231024
1.336185
1.336185
1.210069
1.255753
1.255753
1.210069
1.381536
1.381536
1.107235
1.107235
1.054533
1.054533
1.265435
1.265435
1.195395
1.195395
1.272875
1.272875
1.325208
1.325208
1.157942
1.157942
1.352759
1.352759
1.334877
1.334877
1.327291
1.327291
1.385889
1.385889
1.110536
1.110536
1.272372
1.272372
1.399009
1.399009
1.396363
1.396363
1.167492
1.167492
1.212071
1.212071
1.358562
1.358562
1.395566
1.395566
1.355532
1.355532
1.182320
1.182320
1.395094
1.395094
1.277755
1.277755
1.069724
1.069724
1.167516
1.167516
1.386061
1.256420
1.386061
1.256420
1.381940
1.381940
1.373324
1.373324
1.102873
1.102873
1.320890
1.320890
1.377601
1.377601
1.318285
1.318285
1.145095
1.145095
1.345351
1.327809
1.327809
1.345351
1.391932
1.391932
1.355141
1.355141
1.143539
1.143539
1.205463
1.362046
1.362046
1.205463
1.314673
1.314673
1.397816
1.377057
1.377057
1.397816
1.237020
1.230899
1.237020
1.230899
1.393923
1.393923
1.395561
1.395561
1.308490
1.308490
1.376915
1.376915
1.397645
1.397645
1.264856
1.264856
1.298664
1.298664
1.292449
1.210319
1.292449
1.210319
1.377253
1.377253
1.374538
1.374538
1.345760
1.345760
1.278978
1.278978
1.347298
1.347298
1.167713
1.166903
1.166903
1.167713
1.344665
1.344665
1.242803
1.242803
1.292629
1.292629
1.225865
1.225865
1.166336
1.166336
1.390738
1.390738
1.219759
1.219759
1.173777
1.173777
1.391198
1.391198
1.241853
1.241853
1.103483
1.103483
1.291501
1.291501
1.246746
1.246746
1.303226
1.303226
1.241844
1.241844
1.215214
1.215214
1.363954
1.363954
1.197341
1.197341
1.294145
1.294145
1.152168
1.152168
1.333441
1.333441
1.319953
1.319953
1.395733
1.395733
1.392626
1.392626
1.360559
1.371981
1.360559
1.371981
1.248944
1.248944
1.385779
1.385779
1.346019
1.346019
1.182246
1.182246
1.262922
1.137206
1.262922
1.137206
1.177963
1.177963
1.331290
1.331290
1.201536
1.201536
1.191366
1.191366
1.320476
1.320476
1.369864
1.369864
1.055858
1.055858
1.126967
1.126967
1.361121
1.361121
1.305401
1.305401
1.050146
1.050146
1.276714
1.246853
1.246853
1.276714
1.154248
1.154248
1.213304
1.213304
1.398175
1.398175
1.362869
1.362869
1.261664
1.261664
1.380601
1.380601
1.370420
1.370420
1.390878
1.390878
1.386636
1.386636
1.076367
1.076367
1.271610
1.372565
1.372565
1.271610
1.372884
1.372884
1.343903
1.343903
1.142816
1.142816
1.252756
1.252756
1.279017
1.279017
1.303510
1.303510
1.351675
1.351675
1.116754
1.116754
1.352171
1.352171
1.208833
1.208833
1.145564
1.145564
1.188768
1.188768
1.367985
1.367985
1.338203
1.338203
1.368590
1.368590
1.191159
1.191159
1.297015
1.297015
1.307289
1.307289
1.339534
1.339534
1.392517
1.392517
1.120614
1.120614
1.311240
1.311240
1.353891
1.353891
1.354038
1.354038
1.163593
1.163593
1.195509
1.195509
1.373465
1.373465
1.399707
1.399707
1.311363
1.311363
1.236768
1.236768
1.194097
1.194097
1.322149
1.322149
1.292766
1.292766
1.336855
1.336855
1.285900
1.285900
1.064700
1.064700
1.365206
1.365206
1.298392
1.298392
1.381617
1.381617
1.288883
1.288883
1.357512
1.357512
1.228486
1.228486
1.356986
1.356986
1.110607
1.110607
1.207531
1.207531
1.266602
1.266602
1.367385
1.292418
1.292418
1.367385
1.263144
1.263144
1.367158
1.367158
1.335481
1.335481
1.223758
1.223758
1.379081
1.379081
1.337044
1.337044
1.345075
1.345075
1.187418
1.187418
1.366408
1.366408
1.127715
1.127715
1.062524
1.062524
1.303501
1.303501
1.302578
1.302578
1.182549
1.182549
1.329599
1.329599
1.235999
1.235999
1.125299
1.125299
1.398812
1.398812
1.379689
1.379689
1.389887
1.389887
1.323417
1.323417
1.195561
1.195561
1.377132
1.377132
1.392404
1.392404
1.385200
1.385200
1.035180
1.035180
1.315646
1.315646
1.395533
1.395533
1.189241
1.189241
1.278806
1.278806
1.360644
1.360644
1.333588
1.333588
1.338303
1.338303
1.266882
1.266882
1.113642
1.113642
1.384510
1.384510
1.373251
1.373251
1.214668
1.214668
1.272767
1.272767
1.339920
1.339920
1.282240
1.282240
1.371960
1.371960
1.207408
1.207408
1.113074
1.113074
1.238244
1.238244
1.235534
1.235534
1.231396
1.231396
1.365149
1.365149
1.397099
1.397099
1.230042
1.230042
1.265400
1.265400
1.374596
1.374596
1.346437
1.346437
1.386935
1.386935
1.185024
1.185024
1.119250
1.119250
1.381268
1.381268
1.314411
1.314411
1.309423
1.309423
1.257132
1.257132
1.204201
1.204201
1.387697
1.387697
1.105021
1.105021
1.367538
1.367538
1.165398
1.165398
1.111253
1.111253
1.179432
1.179432
1.333308
1.333308
1.384403
1.384403
1.115553
1.115553
1.210458
1.210458
1.269604
1.269604
1.145325
1.145325
1.390936
1.390936
1.249917
1.249917
1.320504
1.320504
1.284724
1.284724
1.284333
1.284333
1.043098
1.043098
1.353096
1.353096
1.191973
1.191973
1.210558
1.210558
1.388408
1.388408
1.346232
1.346232
1.375842
1.375842
1.393282
1.393282
1.320060
1.320060
1.362802
1.362802
1.287471
1.287471
1.355506
1.355506
1.322261
1.322261
1.191106
1.191106
1.310531
1.310531
1.273432
1.273432
1.381080
1.381080
1.253538
1.253538
1.310954
1.310954
1.213465
1.213465
1.297294
1.297294
1.196962
1.196962
1.343924
1.343924
1.261335
1.261335
1.138506
1.138506
1.325243
1.325243
1.079731
1.079731
1.145315
1.145315
1.305715
1.305715
1.049012
1.339143
1.339143
1.049012
1.356208
1.356208
1.224305
1.224305
1.347753
1.347753
1.302941
1.302941
1.336585
1.336585
1.118052
1.118052
1.379753
1.379753
1.176336
1.176336
1.227100
1.227100
1.121767
1.121767
1.331694
1.331694
1.371644
1.371644
1.321913
1.321913
1.327665
1.327665
1.312764
1.312764
1.324795
1.324795
1.289041
1.289041
1.383592
1.383592
1.393014
1.393014
1.339749
1.339749
1.336570
1.336570
1.214213
1.214213
1.274364
1.274364
1.112523
1.112523
1.364747
1.364747
1.112529
1.112529
1.259751
1.259751
1.150475
1.150475
1.398261
1.398261
1.256225
1.256225
1.359435
1.359435
1.312060
1.312060
1.283162
1.283162
1.302950
1.302950
1.320096
1.320096
1.119942
1.119942
