1.302837
1.302837
1.245157
1.245157
1.081990
1.081990
1.387464
1.387464
1.357951
1.357951
1.238336
1.238336
1.266810
1.266810
1.352363
1.343316
1.343316
1.352363
1.285392
1.285392
1.223114
1.223114
1.348639
1.348639
1.349875
1.349875
1.327369
1.327369
1.148723
1.148723
1.162146
1.162146
1.306710
1.306710
1.285240
1.285240
1.304716
1.304716
1.212631
1.212631
1.295581
1.295581
1.342282
1.342282
1.339462
1.339462
1.352392
1.352392
1.330389
1.330389
1.321851
1.321851
1.183693
1.183693
1.123180
1.123180
1.219906
1.219906
1.310521
1.310521
1.373108
1.373108
1.298926
1.298926
1.327141
1.327141
1.384995
1.384995
1.224415
1.224415
1.397340
1.397340
1.175355
1.175355
1.221991
1.221991
1.399406
1.150294
1.399406
1.150294
1.327239
1.327239
1.100598
1.100598
1.247326
1.247326
1.259477
1.259477
1.339671
1.350701
1.339671
1.350701
1.346142
1.346142
1.353247
1.353247
1.384756
1.384756
1.287797
1.287797
1.261658
1.261658
1.331168
1.331168
1.278260
1.278260
1.081675
1.081675
1.319741
1.319741
1.152997
1.346705
1.346705
1.152997
1.271829
1.271829
1.256276
1.256276
1.090644
1.090644
1.273110
1.273110
1.162615
1.162615
1.116322
1.116322
1.350224
1.350224
1.184189
1.374813
1.184189
1.374813
1.347358
1.347358
1.257247
1.257247
1.317355
1.317355
1.390618
1.390618
1.334653
1.334653
1.256305
1.256305
1.370999
1.370999
1.164386
1.164386
1.190233
1.190233
1.361061
1.361061
1.155886
1.155886
1.200462
1.200462
1.252388
1.252388
1.335035
1.335035
1.238573
1.238573
1.351349
1.351349
1.324386
1.324386
1.322937
1.322937
1.196935
1.196935
1.348204
1.348204
1.166229
1.166229
1.373857
1.373857
1.204346
1.204346
1.223850
1.223850
1.288023
1.288023
1.360711
1.360711
1.281835
1.332284
1.281835
1.332284
1.291297
1.291297
1.234106
1.234106
1.324605
1.324605
1.268279
1.268279
1.152148
1.152148
1.323691
1.323691
1.360767
1.360767
1.343021
1.343021
1.288934
1.288934
1.137188
1.137188
1.269958
1.269958
1.313071
1.313071
1.394002
1.394002
1.342764
1.342764
1.197621
1.197621
1.295966
1.295966
1.072451
1.072451
1.215920
1.215920
1.201717
1.201717
1.363707
1.363707
1.310166
1.310166
1.330328
1.330328
1.319675
1.319675
1.287365
1.287365
1.342565
1.342565
1.295089
1.295089
1.208824
1.208824
1.122810
1.122810
1.361924
1.361924
1.050965
1.050965
1.289835
1.289835
1.375132
1.375132
1.248250
1.248250
1.298152
1.298152
1.312989
1.312989
1.377315
1.377315
1.335095
1.335095
1.318650
1.318650
1.356060
1.356060
1.077970
1.077970
1.293654
1.293654
1.198022
1.198022
1.297650
1.297650
1.211296
1.211296
1.356360
1.356360
1.229581
1.229581
1.349173
1.349173
1.255477
1.255477
1.163144
1.163144
1.281081
1.281081
1.395253
1.395253
1.131065
1.131065
1.301404
1.301404
1.376212
1.376212
1.255478
1.160989
1.114464
1.255478
1.114464
1.160989
1.394114
1.394114
1.390427
1.390427
1.166534
1.166534
1.378242
1.378242
1.233275
1.233275
1.260719
1.260719
1.235354
1.235354
1.241958
1.241958
1.277325
1.277325
1.395613
1.395613
1.224681
1.224681
1.293975
1.293975
1.368823
1.368823
1.394613
1.394613
1.321679
1.321679
1.386331
1.157883
1.386331
1.157883
1.298293
1.298293
1.166710
1.166710
1.320238
1.248944
1.248944
1.320238
1.323655
1.323655
1.251120
1.251120
1.371985
1.371985
1.092653
1.092653
1.152534
1.152534
1.352901
1.352901
1.382695
1.382695
1.190694
1.190694
1.204022
1.204022
1.223173
1.223173
1.295177
1.295177
1.380788
1.380788
1.375007
1.375007
1.204655
1.204655
1.306401
1.306401
1.272762
1.272762
1.332437
1.332437
1.298142
1.298142
1.290977
1.290977
1.349392
1.349392
1.118974
1.118974
1.346237
1.346237
1.134556
1.134556
1.320625
1.320625
1.340470
1.340470
1.174146
1.174146
1.266979
1.266979
1.313405
1.313405
1.381050
1.381050
1.376657
1.376657
1.382401
1.382401
1.277917
1.277917
1.075274
1.075274
1.179851
1.179851
1.267305
1.267305
1.382330
1.382330
1.388914
1.388914
1.257150
1.257150
1.277196
1.277196
1.252328
1.252328
1.316653
1.316653
1.351759
1.351759
1.231294
1.231294
1.371048
1.371048
1.370380
1.370380
1.325789
1.325789
1.326515
1.326515
1.315817
1.315817
1.315321
1.315321
1.066709
1.066709
1.221001
1.221001
1.276254
1.276254
1.061633
1.061633
1.253615
1.253615
1.292997
1.292997
1.231179
1.231179
1.339894
1.339894
1.235320
1.235320
1.395316
1.395316
1.273680
1.273680
1.284582
1.284582
1.303979
1.303979
1.219675
1.219675
1.377454
1.377454
1.146543
1.146543
1.380425
1.380425
1.163168
1.163168
1.383111
1.383111
1.351679
1.351679
1.350102
1.350102
1.275676
1.275676
1.334117
1.334117
1.191195
1.191195
1.361929
1.361929
1.323168
1.323168
1.353141
1.353141
1.336080
1.336080
1.131667
1.131667
1.351853
1.351853
1.269496
1.269496
1.355721
1.355721
1.255460
1.255460
1.348130
1.348130
1.287547
1.287547
1.320729
1.320729
1.335341
1.335341
1.146317
1.146317
1.312846
1.312846
1.300928
1.300928
1.319007
1.319007
1.260915
1.260915
1.302827
1.302827
1.391842
1.391842
1.185258
1.185258
1.311385
1.311385
1.273174
1.273174
1.318198
1.318198
1.384058
1.384058
1.138286
1.138286
1.192199
1.192199
1.316881
1.316881
1.372144
1.372144
1.369974
1.369974
1.304387
1.304387
1.280645
1.280645
1.301236
1.301236
1.318368
1.318368
1.327372
1.327372
1.349465
1.349465
1.361436
1.361436
1.201386
1.201386
1.354843
1.354843
1.320530
1.320530
1.332363
1.332363
1.149223
1.149223
1.278196
1.278196
1.319401
1.319401
1.124209
1.124209
1.278147
1.278147
1.286466
1.286466
1.229739
1.229739
1.130562
1.130562
1.384453
1.384453
1.334363
1.334363
1.364011
1.364011
1.217624
1.217624
1.130825
1.130825
1.166235
1.166235
1.355471
1.355471
1.250891
1.250891
1.227067
1.227067
1.308901
1.308901
1.294109
1.294109
1.263277
1.263277
1.321806
1.321806
1.378399
1.378399
1.348621
1.348621
1.175448
1.175448
1.188878
1.188878
1.374943
1.374943
1.187409
1.187409
1.326530
1.326530
1.396397
1.396397
1.280621
1.280621
1.396394
1.396394
1.305854
1.305854
1.235969
1.235969
