1.365624
1.365624
1.319882
1.319882
1.285615
1.285615
1.240057
1.240057
1.386886
1.386886
1.384811
1.384811
1.319854
1.307870
1.319854
1.307870
1.249227
1.277117
1.249227
1.277117
1.276736
1.276736
1.091490
1.091490
1.350295
1.350295
1.382440
1.382440
1.265973
1.265973
1.334234
1.334234
1.396110
1.393810
1.237919
1.396110
1.393810
1.237919
1.399147
1.399147
1.218964
1.218964
1.386693
1.386693
1.255426
1.255426
1.332701
1.332701
1.218199
1.218199
1.138335
1.138335
1.397956
1.397956
1.344448
1.344448
1.385464
1.385464
1.334048
1.334048
1.287457
1.287457
1.376986
1.376986
1.199557
1.199557
1.356294
1.341971
1.341971
1.356294
1.381134
1.381134
1.192869
1.192869
1.337277
1.337277
1.276440
1.276440
1.116022
1.116022
1.387518
1.387518
1.357188
1.357188
1.361621
1.285831
1.285831
1.361621
1.097433
1.097433
1.277419
1.277419
1.270056
1.270056
1.331194
1.331194
1.319376
1.319376
1.241285
1.237979
1.241285
1.237979
1.392517
1.392517
1.365414
1.358590
1.358590
1.365414
1.397220
1.397220
1.247189
1.247189
1.127801
1.127801
1.281199
1.281199
1.353971
1.353971
1.213889
1.213889
1.393782
1.146547
1.146547
1.393782
1.343837
1.343837
1.322577
1.322577
1.370170
1.370170
1.347948
1.347948
1.165907
1.165907
1.128302
1.128302
1.359759
1.359759
1.281029
1.281029
1.342659
1.342659
1.196340
1.196340
1.378577
1.378577
1.315998
1.315998
1.377228
1.377228
1.143846
1.143846
1.162695
1.162695
1.383480
1.383480
1.365786
1.365786
1.353703
1.353703
1.196301
1.196301
1.382405
1.382405
1.321986
1.321986
1.310959
1.310959
1.389106
1.389106
1.338816
1.338816
1.371872
1.371872
1.260248
1.260248
1.298507
1.298507
1.264531
1.264531
1.333873
1.333873
1.291689
1.291689
1.301356
1.301356
1.046179
1.046179
1.285159
1.285159
1.384688
1.384688
1.094812
1.282991
1.094812
1.282991
1.189233
1.189233
1.361686
1.361686
1.241999
1.241999
1.282550
1.282550
1.397550
1.397550
1.304523
1.304523
1.266694
1.266694
1.371682
1.371682
1.308045
1.289266
1.289266
1.308045
1.164424
1.077796
1.164424
1.077796
1.162971
1.162971
1.358547
1.358547
1.242787
1.242787
1.117097
1.117097
1.131247
1.131247
1.376124
1.376124
1.380297
1.380297
1.217526
1.217526
1.301240
1.301240
1.383626
1.383626
1.396298
1.396298
1.379019
1.379019
1.304980
1.304980
1.352389
1.352389
1.013786
1.013786
1.291902
1.291902
1.293355
1.293355
1.125457
1.125457
1.293465
1.293465
1.206932
1.206932
1.274474
1.274474
1.288249
1.288249
1.388952
1.388952
1.353735
1.353735
1.315445
1.315445
1.310634
1.310634
1.232557
1.232557
1.301715
1.301715
1.176748
1.176748
1.204948
1.204948
1.306320
1.306320
1.372638
1.372638
1.261128
1.261128
1.233321
1.233321
1.376106
1.376106
1.197459
1.197459
1.214999
1.214999
1.308673
1.308673
1.324203
1.324203
1.260482
1.260482
1.308491
1.308491
1.201608
1.201608
1.362859
1.362859
1.276715
1.276715
1.332987
1.332987
1.350631
1.350631
1.236868
1.236868
1.384358
1.384358
1.371519
1.371519
1.379525
1.379525
1.268182
1.268182
1.353939
1.353939
1.159883
1.159883
1.382946
1.382946
1.124372
1.124372
1.267981
1.267981
1.288115
1.288115
1.301304
1.301304
1.138396
1.138396
1.395454
1.395454
1.256322
1.256322
1.397545
1.397545
1.394177
1.394177
1.370925
1.370925
1.264481
1.264481
1.390016
1.390016
1.165405
1.165405
1.293930
1.293930
1.251315
1.251315
1.359660
1.349314
1.349314
1.359660
1.337890
1.337890
1.314351
1.314351
1.283383
1.283383
1.388035
1.388035
1.291509
1.291509
1.310035
1.310035
1.342745
1.342745
1.238603
1.238603
1.276779
1.276779
1.375271
1.375271
1.287072
1.287072
1.155383
1.155383
1.344686
1.344686
1.157403
1.157403
1.168545
1.168545
1.297011
1.297011
1.331536
1.331536
1.180548
1.180548
1.382978
1.382978
1.323445
1.323445
1.352380
1.352380
1.230592
1.230592
1.396224
1.396224
1.306146
1.306146
1.276646
1.276646
1.393064
1.305718
1.305718
1.393064
1.280447
1.280447
1.253780
1.253780
1.282144
1.282144
1.365153
1.365153
1.324928
1.324928
1.331475
1.331475
1.318423
1.318423
1.383822
1.383822
1.382084
1.382084
1.165899
1.165899
1.381922
1.381922
1.163465
1.163465
1.364925
1.364925
1.365924
1.365924
1.372447
1.372447
1.163217
1.163217
1.279723
1.279723
1.398882
1.398882
1.307900
1.307900
1.375482
1.375482
1.302156
1.302156
1.304269
1.304269
1.349256
1.349256
1.235940
1.235940
1.371253
1.371253
1.231982
1.231982
1.330493
1.330493
1.380923
1.380923
1.125405
1.125405
1.277958
1.277958
1.386100
1.386100
1.212419
1.212419
1.037911
1.037911
1.268604
1.268604
1.392942
1.392942
1.172547
1.172547
1.221041
1.221041
1.291861
1.291861
1.369794
1.369794
1.337562
1.337562
1.314569
1.314569
1.242140
1.242140
1.049477
1.049477
1.310443
1.310443
1.211773
1.211773
1.382485
1.382485
1.204679
1.204679
1.321682
1.321682
1.183977
1.183977
1.126703
1.126703
1.220766
1.220766
1.333663
1.333663
1.148746
1.336338
1.336338
1.148746
1.393342
1.393342
1.298212
1.298212
1.381144
1.381144
1.302310
1.302310
1.394740
1.394740
1.135460
1.135460
1.180927
1.180927
1.308271
1.308271
1.101329
1.101329
1.350354
1.350354
1.391478
1.391478
1.262991
1.262991
1.284122
1.284122
1.256802
1.256802
1.368263
1.368263
1.306015
1.306015
1.370732
1.370732
1.345590
1.345590
1.212516
1.212516
1.232431
1.232431
1.299922
1.299922
1.379028
1.379028
1.261401
1.261401
1.239265
1.239265
1.301262
1.301262
1.231725
1.231725
1.243600
1.243600
1.367541
1.367541
1.317285
1.317285
1.267007
1.267007
1.336430
1.336430
1.353553
1.353553
1.303825
1.303825
1.285116
1.285116
1.363157
1.363157
1.300008
1.300008
1.383998
1.383998
1.297072
1.297072
1.248627
1.248627
1.193209
1.193209
1.225363
1.225363
1.295249
1.295249
1.270520
1.270520
1.335241
1.335241
1.276383
1.276383
1.295993
1.295993
1.226692
1.226692
1.367363
1.367363
1.239640
1.239640
1.328663
1.328663
1.371498
1.371498
1.281067
1.281067
1.377448
1.377448
1.067197
1.067197
1.034687
1.034687
1.289694
1.289694
1.202698
1.202698
1.223738
1.223738
1.174045
1.174045
1.275500
1.275500
1.361814
1.361814
1.271960
1.271960
1.369836
1.369836
1.052315
1.052315
1.156418
1.156418
1.206414
1.206414
1.256490
1.256490
1.312349
1.312349
1.252876
1.252876
1.163937
1.163937
1.216999
1.216999
1.324680
1.324680
1.298019
1.298019
1.227861
1.227861
1.356911
1.356911
1.343011
1.343011
1.275366
1.371567
1.275366
1.371567
1.353917
1.353917
1.336608
1.336608
1.244926
1.244926
1.273653
1.273653
1.379374
1.379374
1.331896
1.331896
1.305187
1.305187
1.324294
1.324294
1.348907
1.348907
1.227168
1.227168
1.136069
1.136069
1.381357
1.381357
1.385644
1.385644
1.268023
1.268023
1.383160
1.383160
1.302441
1.302441
1.261621
1.261621
1.326615
1.326615
1.287163
1.287163
1.064698
1.064698
1.238176
1.238176
1.309282
1.309282
1.390040
1.390040
1.302669
1.302669
1.361039
1.361039
1.189640
1.189640
1.325368
1.325368
1.346056
1.346056
1.395026
1.395026
