1.372812
1.372812
1.229611
1.229611
1.263148
1.263148
1.378455
1.378455
1.374412
1.374412
1.364003
1.364003
1.182166
1.260204
1.260204
1.182166
1.394131
1.394131
1.350625
1.350625
1.259140
1.259140
1.362406
1.362406
1.054181
1.054181
1.320497
1.320497
1.318692
1.318692
1.174999
1.174999
1.386852
1.386852
1.393252
1.393252
1.184459
1.184459
1.213620
1.213620
1.285745
1.285745
1.139185
1.139185
1.385985
1.385985
1.340669
1.340669
1.338821
1.161288
1.396839
1.396839
1.338821
1.161288
1.275106
1.275106
1.310933
1.310933
1.340054
1.340054
1.232461
1.232461
1.396331
1.396331
1.331400
1.331400
1.089093
1.089093
1.389941
1.389941
1.273164
1.273164
1.198562
1.198562
1.228767
1.228767
1.291320
1.291320
1.082319
1.082319
1.374571
1.374571
1.359913
1.359913
1.264832
1.264832
1.230846
1.230846
1.090282
1.090282
1.282861
1.282861
1.200086
1.200086
1.343960
1.343960
1.361909
1.361909
1.365778
1.365778
1.256631
1.256631
1.370877
1.370877
1.332413
1.332413
1.297075
1.297075
1.183862
1.183862
1.292499
1.204073
1.292499
1.204073
1.278390
1.278390
1.260348
1.260348
1.246831
1.246831
1.358842
1.358842
1.355318
1.355318
1.375937
1.375937
1.306994
1.306994
1.244343
1.244343
1.237174
1.237174
1.333422
1.333422
1.172300
1.172300
1.369716
1.369716
1.229894
1.229894
1.281731
1.281731
1.295439
1.302831
1.302831
1.295439
1.254082
1.254082
1.264805
1.264805
1.302165
1.302165
1.352223
1.352223
1.214018
1.214018
1.260002
1.260002
1.392243
1.392243
1.392127
1.392127
1.278962
1.278962
1.174885
1.174885
1.086170
1.086170
1.031348
1.031348
1.380072
1.380072
1.352046
1.352046
1.363353
1.363353
1.253274
1.253274
1.336168
1.336168
1.046988
1.046988
1.390705
1.390705
1.188622
1.188622
1.291769
1.291769
1.246802
1.246802
1.349614
1.349614
1.337679
1.337679
1.298828
1.298828
1.279682
1.279682
1.291300
1.291300
1.311123
1.311123
1.360387
1.360387
1.042098
1.042098
1.377866
1.377866
1.276038
1.276038
1.310662
1.310662
1.347467
1.347467
1.390828
1.390828
1.382219
1.382219
1.382745
1.382745
1.321745
1.321745
1.383060
1.383060
1.148616
1.148616
1.271892
1.271892
1.358733
1.358733
1.386181
1.386181
1.371140
1.371140
1.347185
1.347185
1.348442
1.348442
1.152659
1.152659
1.160580
1.160580
1.337444
1.337444
1.290404
1.290404
1.360846
1.360846
1.341926
1.341926
1.172624
1.172624
1.159480
1.159480
1.286522
1.286522
1.268132
1.268132
1.247285
1.247285
1.367919
1.367919
1.079648
1.079648
1.291084
1.291084
1.365454
1.365454
1.311594
1.311594
1.182920
1.342443
1.182920
1.342443
1.358282
1.358282
1.223202
1.223202
1.243000
1.243000
1.034427
1.034427
1.121564
1.121564
1.259186
1.259186
1.048769
1.048769
1.185701
1.185701
1.158786
1.158786
1.245005
1.245005
1.136182
1.136182
1.046187
1.341012
1.046187
1.341012
1.345971
1.345971
1.318776
1.318776
1.268724
1.268724
1.395167
1.395167
1.351993
1.351993
1.358288
1.358288
1.294063
1.294063
1.359286
1.359286
1.269569
1.269569
1.320417
1.320417
1.105391
1.105391
1.363535
1.363535
1.311895
1.311895
1.326849
1.326849
1.291937
1.291937
1.197224
1.197224
1.127024
1.127024
1.198764
1.198764
1.096943
1.096943
1.181560
1.181560
1.314768
1.314768
1.262317
1.262317
1.194796
1.194796
1.345470
1.345470
1.325092
1.325092
1.268245
1.268245
1.303974
1.303974
1.263209
1.263209
1.309742
1.309742
1.168975
1.168975
1.214970
1.214970
1.170911
1.170911
1.146427
1.146427
1.275108
1.275108
1.307407
1.307407
1.211588
1.211588
1.330786
1.330786
1.111797
1.111797
1.302770
1.302770
1.364341
1.364341
1.255024
1.255024
1.196759
1.196759
1.185012
1.185012
1.129442
1.129442
1.258920
1.258920
1.326891
1.326891
1.315771
1.315771
1.159746
1.159746
1.327705
1.327705
1.353943
1.353943
1.100452
1.100452
1.159426
1.159426
1.289914
1.289914
1.123989
1.332900
1.123989
1.332900
1.219756
1.219756
1.090569
1.090569
1.175402
1.175402
1.396666
1.396666
1.393763
1.393763
1.208991
1.208991
1.294868
1.294868
1.349569
1.349569
1.296259
1.296259
1.280991
1.280991
1.302465
1.302465
1.102362
1.102362
1.384321
1.384321
1.265732
1.265732
1.290512
1.290512
1.188600
1.188600
1.280453
1.280453
1.293258
1.293258
1.335500
1.335500
1.299721
1.299721
1.333011
1.333011
1.369482
1.369482
1.241209
1.241209
1.367985
1.367985
1.301250
1.301250
1.362796
1.362796
1.225606
1.225606
1.161858
1.161858
1.129338
1.129338
1.316048
1.316048
1.210905
1.210905
1.059609
1.059609
1.147624
1.147624
1.205060
1.205060
1.165271
1.070292
1.165271
1.070292
1.206173
1.206173
1.332199
1.332199
1.384730
1.384730
1.243198
1.243198
1.373598
1.373598
1.140104
1.140104
1.360331
1.360331
1.335227
1.335227
1.259799
1.259799
1.305529
1.305529
1.177153
1.177153
1.170908
1.170908
1.313124
1.313124
1.264121
1.264121
1.308921
1.308921
1.399308
1.399308
1.251064
1.251064
1.391930
1.391930
1.377085
1.377085
1.347165
1.347165
1.281187
1.281187
1.266538
1.266538
1.348314
1.348314
1.365980
1.365980
1.195463
1.195463
1.237143
1.237143
1.368351
1.368351
1.338516
1.338516
1.397482
1.397482
1.229422
1.229422
1.262486
1.262486
1.365130
1.365130
1.036879
1.036879
1.276735
1.276735
1.190948
1.190948
1.203269
1.203269
1.105190
1.105190
1.225077
1.225077
1.109286
1.109286
1.190538
1.190538
1.342803
1.342803
1.381143
1.375259
1.375259
1.381143
