1.297694
1.297694
1.158407
1.158407
1.366211
1.278499
1.278499
1.366211
1.117842
1.117842
1.374470
1.374470
1.246296
1.246296
1.145874
1.145874
1.025219
1.025219
1.282551
1.220454
1.282551
1.220454
1.176192
1.176192
1.061744
1.061744
1.238511
1.238511
1.314364
1.314364
1.384020
1.384020
1.052078
1.274555
1.052078
1.158194
1.274555
1.158194
1.330114
1.330114
1.294425
1.294425
1.240174
1.294852
1.294852
1.240174
1.377335
1.377335
1.180128
1.180128
1.286331
1.286331
1.371283
1.371283
1.331741
1.331741
1.386601
1.386601
1.387864
1.387864
1.316171
1.316171
1.153570
1.153570
1.387618
1.387618
1.372024
1.372024
1.054204
1.054204
1.238296
1.238296
1.125586
1.125586
1.303230
1.303230
1.079563
1.079563
1.325886
1.325886
1.398159
1.398159
1.304883
1.304883
1.318809
1.318809
1.357908
1.357908
1.348059
1.348059
1.273155
1.273155
1.283481
1.283481
1.223432
1.223432
1.220530
1.220530
1.321254
1.321254
1.383508
1.383508
1.359847
1.359847
1.346720
1.346720
1.051279
1.051279
1.294429
1.294429
1.288402
1.267513
1.267513
1.288402
1.220077
1.220077
1.081796
1.081796
1.174946
1.384215
1.384215
1.174946
1.321028
1.321028
1.130087
1.130087
1.379583
1.379583
1.280794
1.280794
1.391832
1.391832
1.339892
1.339892
1.377444
1.377444
1.327748
1.327748
1.377549
1.377549
1.228573
1.228573
1.322571
1.322571
1.223661
1.223661
1.358226
1.358226
1.354551
1.354551
1.237413
1.237413
1.319723
1.319723
1.301956
1.223058
1.301956
1.223058
1.245761
1.245761
1.250160
1.250160
1.238916
1.238916
1.246497
1.246497
1.342741
1.342741
1.334310
1.334310
1.196266
1.196266
1.301703
1.301703
1.137770
1.137770
1.374502
1.374502
1.331326
1.331326
1.274916
1.274916
1.245358
1.245358
1.288466
1.288466
1.232481
1.232481
1.328616
1.328616
1.243254
1.243254
1.246390
1.246390
1.252513
1.252513
1.297188
1.297188
1.207007
1.207007
1.353566
1.353566
1.315749
1.315749
1.391452
1.391452
1.056666
1.056666
1.305011
1.305011
1.346710
1.346710
1.389124
1.389124
1.387234
1.387234
1.393360
1.393360
1.382577
1.382577
1.327156
1.327156
1.322861
1.322861
1.369495
1.369495
1.375202
1.375202
1.386254
1.386254
1.388369
1.388369
1.215280
1.215280
1.383280
1.383280
1.348057
1.348057
1.339125
1.339125
1.292082
1.292082
1.248037
1.248037
1.325182
1.325182
1.148828
1.148828
1.090400
1.090400
1.070515
1.070515
1.292142
1.292142
1.371597
1.371597
1.157239
1.157239
1.219627
1.219627
1.372364
1.372364
1.335283
1.335283
1.252329
1.252329
1.332742
1.332742
1.399123
1.399123
1.337900
1.337900
1.178191
1.178191
1.310903
1.310903
1.346079
1.346079
1.101114
1.101114
1.235342
1.235342
1.335222
1.335222
1.339860
1.339860
1.305874
1.031314
1.305874
1.031314
1.266301
1.266301
1.319418
1.319418
1.380027
1.380027
1.324511
1.324511
1.340824
1.340824
1.363638
1.363638
1.057078
1.057078
1.243147
1.243147
1.197039
1.197039
1.283842
1.283842
1.048119
1.048119
1.037285
1.037285
1.337281
1.337281
1.361160
1.361160
1.347968
1.347968
1.262151
1.262151
1.224531
1.224531
1.111557
1.111557
1.373992
1.373992
1.264315
1.264315
1.158818
1.158818
1.326294
1.326294
1.349648
1.349648
1.317268
1.244395
1.317268
1.244395
1.208219
1.208219
1.373344
1.373344
1.379723
1.379723
1.246277
1.246277
1.366514
1.366514
1.378456
1.378456
1.076855
1.076855
1.372243
1.372243
1.121722
1.121722
1.347145
1.347145
1.132276
1.132276
1.072065
1.072065
1.132426
1.132426
1.399230
1.399230
1.329893
1.329893
1.287875
1.287875
1.097091
1.097091
1.170075
1.170075
1.044959
1.274290
1.274290
1.044959
1.379698
1.379698
1.080421
1.080421
1.354576
1.354576
1.307219
1.307219
1.298476
1.298476
1.294936
1.294936
1.203441
1.203441
1.160159
1.160159
1.347043
1.347043
1.172464
1.172464
1.360123
1.360123
1.051376
1.051376
1.335088
1.335088
1.349229
1.349229
1.330985
1.330985
1.371106
1.371106
1.352673
1.352673
1.395511
1.395511
1.320598
1.320598
1.263066
1.263066
1.126439
1.126439
1.105289
1.105289
1.149944
1.149944
1.090139
1.090139
1.388591
1.388591
1.068042
1.068042
1.361741
1.361741
1.311558
1.311558
1.335486
1.398006
1.398006
1.335486
1.128722
1.128722
1.300566
1.300566
1.308781
1.308781
1.142746
1.142746
1.376403
1.376403
1.267421
1.267421
1.162956
1.162956
1.200138
1.200138
1.392413
1.392413
1.207792
1.207792
1.064956
1.064956
1.333120
1.333120
1.382770
1.382770
1.301806
1.301806
1.315271
1.315271
1.297232
1.297232
1.107433
1.107433
1.379118
1.379118
1.192185
1.192185
1.388244
1.388244
1.165425
1.165425
1.384968
1.384968
1.289844
1.289844
1.243246
1.243246
1.307535
1.307535
1.267985
1.267985
1.226817
1.226817
1.175097
1.175097
1.308926
1.308926
1.108407
1.108407
1.267418
1.267418
1.378831
1.378831
1.164370
1.164370
1.381439
1.381439
1.373842
1.373842
1.396540
1.396540
1.338260
1.338260
1.291699
1.291699
1.242584
1.242584
1.293768
1.293768
1.308295
1.308295
1.382094
1.382094
1.319273
1.319273
1.126473
1.126473
1.358184
1.358184
1.362141
1.362141
1.065271
1.065271
1.271764
1.271764
1.332152
1.332152
1.392523
1.392523
1.380729
1.380729
1.203216
1.203216
1.129234
1.129234
1.317867
1.317867
1.117821
1.117821
1.169635
1.169635
1.349053
1.349053
1.164254
1.164254
1.212972
1.212972
1.324813
1.324813
1.293342
1.293342
1.244134
1.244134
1.364513
1.364513
1.388277
1.388277
1.312597
1.312597
1.152628
1.152628
1.388539
1.388539
1.389438
1.389438
1.286266
1.286266
1.345380
1.345380
1.373863
1.373863
1.353604
1.353604
1.351815
1.351815
1.338496
1.338496
1.333712
1.333712
1.308188
1.308188
1.336128
1.336128
1.371530
1.371530
1.387752
1.387752
1.310349
1.310349
1.373366
1.373366
1.357216
1.357216
1.097724
1.097724
1.319300
1.319300
1.319024
1.319024
1.182264
1.182264
1.383096
1.383096
1.245737
1.245737
1.357657
1.357657
1.158171
1.158171
1.355243
1.355243
1.341277
1.341277
1.259481
1.259481
1.301156
1.301156
1.202004
1.202004
1.363099
1.363099
1.190248
1.190248
1.366767
1.366767
1.059135
1.059135
1.196675
1.196675
1.242885
1.242885
1.348113
1.348113
1.232480
1.232480
1.314736
1.314736
1.391351
1.391351
1.394230
1.394230
1.288184
1.288184
1.273327
1.273327
1.346806
1.346806
1.205103
1.205103
1.201934
1.201934
1.323422
1.323422
1.306529
1.306529
1.396569
1.396569
1.389291
1.389291
1.353367
1.353367
1.234105
1.234105
1.242876
1.242876
1.374071
1.374071
1.231118
1.231118
1.296528
1.296528
1.270429
1.270429
1.087447
1.087447
1.182967
1.182967
1.313006
1.313006
1.270487
1.270487
1.363807
1.363807
1.320268
1.320268
1.236066
1.236066
1.208808
1.208808
