1.295565
1.295565
1.170985
1.170985
1.091636
1.091636
1.362779
1.352590
1.352590
1.362779
1.393699
1.393699
1.304767
1.304767
1.317123
1.317123
1.280885
1.280885
1.394194
1.394194
1.177567
1.177567
1.315579
1.315579
1.256482
1.352091
1.256482
1.352091
1.337380
1.243549
1.243549
1.337380
1.167093
1.167093
1.351013
1.351013
1.339342
1.339342
1.266335
1.266335
1.258370
1.321096
1.258370
1.226107
1.226107
1.209226
1.209226
1.321096
1.395768
1.395768
1.284798
1.284798
1.302024
1.302024
1.167981
1.167981
1.246023
1.246023
1.205481
1.205481
1.243186
1.243186
1.382383
1.382383
1.204526
1.204526
1.255474
1.255474
1.355968
1.355968
1.325073
1.058133
1.325073
1.058133
1.244985
1.244985
1.354326
1.354326
1.275708
1.275708
1.226430
1.226430
1.300011
1.300011
1.308828
1.308828
1.358216
1.358216
1.157021
1.345052
1.157021
1.345052
1.313041
1.313041
1.222912
1.222912
1.320187
1.297317
1.297317
1.320187
1.211906
1.211906
1.383191
1.383191
1.377553
1.377553
1.319756
1.319756
1.325619
1.325619
1.220056
1.220056
1.154361
1.154361
1.319784
1.319784
1.320593
1.320593
1.262801
1.262801
1.397176
1.397176
1.115776
1.115776
1.255428
1.255428
1.303689
1.303689
1.186101
1.186101
1.346287
1.346287
1.370425
1.370425
1.357555
1.357555
1.336711
1.336711
1.289658
1.289658
1.398435
1.398435
1.385271
1.182988
1.385271
1.182988
1.096349
1.096349
1.153130
1.153130
1.394959
1.394959
1.288048
1.288048
1.294091
1.294091
1.361263
1.361263
1.374252
1.337098
1.374252
1.337098
1.349598
1.349598
1.378587
1.378587
1.277953
1.277953
1.339142
1.339142
1.394446
1.394446
1.194738
1.194738
1.341601
1.341601
1.172733
1.172733
1.343650
1.343650
1.130009
1.130009
1.358583
1.358583
1.359799
1.359799
1.278869
1.278869
1.392901
1.392901
1.181524
1.181524
1.105562
1.105562
1.198861
1.198861
1.294622
1.294622
1.378481
1.378481
1.220054
1.220054
1.372863
1.372863
1.300675
1.300675
1.196902
1.196902
1.330313
1.330313
1.309264
1.309264
1.220492
1.220492
1.057166
1.057166
1.387691
1.387691
1.185033
1.185033
1.043521
1.043521
1.364273
1.364273
1.350229
1.350229
1.251080
1.251080
1.336194
1.336194
1.075156
1.075156
1.330219
1.330219
1.350701
1.350701
1.230749
1.230749
1.346104
1.346104
1.205521
1.205521
1.143545
1.143545
1.326129
1.326129
1.324580
1.324580
1.353678
1.353678
1.394582
1.394582
1.217062
1.217062
1.208520
1.208520
1.195564
1.195564
1.175183
1.175183
1.341484
1.316471
1.316471
1.341484
1.392684
1.392684
1.217832
1.217832
1.304900
1.304900
1.057230
1.057230
1.066666
1.066666
1.310471
1.310471
1.306839
1.306839
1.367958
1.367958
1.231350
1.231350
1.376681
1.376681
1.274898
1.274898
1.274130
1.274130
1.313683
1.313683
1.251657
1.251657
1.144527
1.144527
1.269237
1.269237
1.156785
1.156785
1.214971
1.214971
1.377158
1.377158
1.381447
1.381447
1.366589
1.366589
1.174710
1.174710
1.314284
1.314284
1.275703
1.275703
1.149405
1.149405
1.275128
1.275128
1.395661
1.395661
1.166878
1.166878
1.319381
1.319381
1.188976
1.188976
1.350349
1.350349
1.278360
1.278360
1.182760
1.182760
1.286398
1.286398
1.116006
1.116006
1.137678
1.137678
1.353554
1.353554
1.187198
1.187198
1.352990
1.352990
1.240950
1.240950
1.321186
1.321186
1.162526
1.162526
1.385400
1.385400
1.367802
1.367802
1.368292
1.368292
1.160309
1.160309
1.244349
1.244349
1.110440
1.110440
1.381009
1.381009
1.206177
1.206177
1.385923
1.385923
1.277142
1.277142
1.385904
1.385904
1.341544
1.341544
1.382880
1.382880
1.240754
1.240754
1.312318
1.312318
1.325969
1.325969
1.303997
1.303997
1.119202
1.350549
1.119202
1.350549
1.391141
1.391141
1.398922
1.398922
1.312713
1.312713
1.325076
1.325076
1.159472
1.159472
1.300653
1.300653
1.204242
1.204242
1.387172
1.387172
1.270901
1.270901
1.309448
1.309448
1.287656
1.287656
1.329821
1.329821
1.309057
1.309057
1.292985
1.292985
1.376077
1.376077
1.359331
1.359331
1.344050
1.344050
1.352391
1.352391
1.120514
1.120514
1.398609
1.398609
1.218470
1.218470
1.202826
1.202826
1.397986
1.397986
1.384054
1.384054
1.348307
1.348307
1.141815
1.141815
1.386356
1.386356
1.276488
1.276488
1.292945
1.292945
1.390137
1.390137
1.318440
1.318440
1.152598
1.152598
1.079078
1.079078
1.307239
1.307239
1.333143
1.333143
1.218939
1.218939
1.344982
1.344982
1.304540
1.304540
1.214168
1.214168
1.287399
1.287399
1.322233
1.322233
1.199614
1.199614
1.336416
1.336416
1.370139
1.370139
1.076898
1.076898
1.200889
1.200889
1.352625
1.352625
1.168578
1.168578
1.152964
1.152964
1.356184
1.356184
1.376422
1.376422
1.394428
1.394428
1.282391
1.282391
1.117769
1.117769
1.261388
1.261388
1.363281
1.363281
1.274392
1.274392
1.242894
1.242894
1.293279
1.293279
1.219646
1.219646
1.356780
1.356780
1.262225
1.262225
1.361916
1.361916
1.368577
1.368577
1.224967
1.224967
1.382390
1.382390
1.181621
1.181621
1.375162
1.375162
1.374252
1.374252
1.342837
1.342837
1.355344
1.355344
1.065913
1.065913
1.313204
1.313204
1.398249
1.398249
1.371830
1.371830
1.219399
1.219399
1.328337
1.328337
1.243438
1.243438
1.392542
1.392542
1.327975
1.327975
1.329772
1.329772
1.321076
1.321076
1.322125
1.322125
1.387328
1.387328
1.377266
1.377266
1.376868
1.376868
1.244130
1.244130
1.334921
1.334921
1.094327
1.094327
1.274769
1.274769
1.276570
1.276570
1.393687
1.393687
1.361865
1.361865
1.389303
1.389303
1.295488
1.295488
1.246743
1.246743
1.167840
1.167840
1.285370
1.285370
1.330460
1.330460
1.383448
1.383448
1.251226
1.251226
1.390257
1.390257
1.328901
1.328901
1.390487
1.390487
1.274235
1.274235
1.298325
1.298325
1.345850
1.345850
1.377506
1.377506
1.123244
1.123244
1.377811
1.377811
1.371133
1.371133
1.270419
1.270419
1.348956
1.348956
1.354746
1.354746
1.370540
1.370540
1.395180
1.395180
1.380074
1.380074
1.262908
1.262908
1.287454
1.287454
1.107014
1.107014
1.272745
1.272745
1.342261
1.342261
1.106013
1.384781
1.106013
1.384781
1.396807
1.396807
1.353816
1.353816
1.394836
1.394836
1.309505
1.309505
1.240984
1.240984
1.147447
1.147447
1.118512
1.118512
1.340899
1.340899
1.322775
1.322775
1.396763
1.396763
1.388316
1.388316
1.104938
1.104938
1.259892
1.259892
1.227384
1.227384
1.381681
1.381681
1.334773
1.334773
1.294545
1.294545
1.301006
1.301006
1.326151
1.326151
1.396175
1.396175
1.393984
1.393984
1.224346
1.224346
1.388245
1.388245
1.163317
1.163317
1.354503
1.349449
1.354503
1.349449
1.366901
1.282429
1.282429
1.366901
1.162526
1.162526
1.316869
1.316869
1.375833
1.375833
1.387894
1.387894
1.328072
1.328072
1.372639
1.372639
1.325075
1.325075
1.282879
1.282879
1.357419
1.357419
1.344474
1.344474
1.359525
1.359525
1.224261
1.224261
1.272195
1.272195
1.336171
1.336171
1.315130
1.315130
1.346596
1.346596
1.279038
1.279038
1.380593
1.380593
1.342134
1.342134
1.289818
1.289818
1.354632
1.354632
1.250626
1.250626
1.383390
1.383390
1.328066
1.328066
1.156796
1.156796
1.382145
1.382145
1.319547
1.319547
1.296320
1.296320
1.262780
1.262780
1.340614
1.340614
1.383439
1.383439
1.066627
1.066627
1.204462
1.204462
1.368668
1.368668
1.197137
1.197137
1.231906
1.231906
1.390575
1.390575
1.237310
1.237310
1.076597
1.076597
1.399708
1.399708
1.381974
1.381974
1.189028
1.189028
1.289782
1.289782
1.273503
1.273503
1.383438
1.383438
1.199134
1.199134
1.048301
1.048301
1.207618
1.207618
1.363281
1.363281
1.205840
1.205840
1.375235
1.375235
1.386889
1.386889
1.210750
1.210750
1.257453
1.257453
1.303321
1.303321
1.378749
1.378749
1.038895
1.038895
1.234985
1.234985
1.293902
1.293902
1.305004
1.305004
1.352255
1.352255
1.289671
1.289671
