1.378291
1.378291
1.370623
1.370623
1.380499
1.380499
1.369664
1.266273
1.266273
1.369664
1.381280
1.381280
1.339830
1.339830
1.365260
1.365260
1.194373
1.194373
1.300481
1.300481
1.121176
1.121176
1.308711
1.044465
1.044465
1.308711
1.374931
1.374931
1.393041
1.393041
1.382121
1.382121
1.349538
1.133421
1.133421
1.349538
1.395306
1.395306
1.386157
1.386157
1.323314
1.323314
1.277786
1.277786
1.247878
1.247878
1.368082
1.368082
1.061720
1.061720
1.261757
1.261757
1.375745
1.375745
1.399831
1.399831
1.359082
1.359082
1.385173
1.385173
1.329283
1.329283
1.253321
1.253321
1.355050
1.355050
1.062002
1.062002
1.208744
1.208744
1.280121
1.280121
1.323462
1.323462
1.259429
1.259429
1.374197
1.374197
1.339924
1.339924
1.098136
1.098136
1.073154
1.073154
1.360738
1.360738
1.388445
1.388445
1.211714
1.211714
1.250781
1.250781
1.325172
1.092638
1.325172
1.092638
1.313414
1.313414
1.078865
1.078865
1.218803
1.218803
1.392090
1.392090
1.198067
1.198067
1.399427
1.399427
1.087474
1.087474
1.337581
1.337581
1.175573
1.175573
1.176533
1.176533
1.336319
1.336319
1.362139
1.362139
1.365455
1.365455
1.385722
1.385722
1.235300
1.235300
1.393581
1.393581
1.119331
1.119331
1.255673
1.255673
1.361737
1.361737
1.376674
1.376674
1.200338
1.200338
1.399156
1.399156
1.364054
1.364054
1.096063
1.096063
1.295215
1.295215
1.185274
1.185274
1.377081
1.377081
1.344137
1.344137
1.398925
1.398925
1.286251
1.286251
1.224643
1.224643
1.260893
1.260893
1.394635
1.394635
1.231685
1.231685
1.352902
1.352902
1.181815
1.181815
1.279771
1.279771
1.392838
1.308964
1.392838
1.308964
1.210382
1.210382
1.368373
1.368373
1.252847
1.367657
1.367657
1.252847
1.139798
1.139798
1.287326
1.287326
1.379084
1.379084
1.340044
1.340044
1.391397
1.391397
1.382244
1.382244
1.092176
1.092176
1.293295
1.293295
1.374832
1.374832
1.326935
1.326935
1.246311
1.246311
1.246131
1.246131
1.324174
1.324174
1.359035
1.359035
1.115734
1.115734
1.120820
1.120820
1.252848
1.252848
1.297910
1.355346
1.230270
1.230270
1.297910
1.355346
1.229659
1.229659
1.372659
1.372659
1.394687
1.301177
1.394687
1.301177
1.375945
1.375945
1.336579
1.336579
1.360529
1.360529
1.302934
1.302934
1.183819
1.183819
1.178219
1.178219
1.378222
1.378222
1.378616
1.378616
1.187070
1.238690
1.187070
1.238690
1.228432
1.228432
1.161450
1.161450
1.387568
1.387568
1.249155
1.249155
1.325959
1.325959
1.231497
1.231497
1.321564
1.321564
1.287140
1.287140
1.340149
1.340149
1.381752
1.381752
1.248161
1.248161
1.279321
1.279321
1.275112
1.275112
1.322698
1.322698
1.365922
1.365922
1.171108
1.171108
1.342317
1.342317
1.377472
1.377472
1.266481
1.266481
1.305180
1.305180
1.143371
1.143371
1.310335
1.310335
1.325500
1.325500
1.194086
1.194086
1.127306
1.127306
1.367554
1.367554
1.359581
1.359581
1.187316
1.187316
1.255562
1.255562
1.291983
1.291983
1.358721
1.358721
1.325792
1.325792
1.242258
1.268335
1.242258
1.268335
1.370271
1.370271
1.394503
1.394503
1.263250
1.263250
1.188212
1.188212
1.271935
1.271935
1.276161
1.276161
1.253543
1.253543
1.190336
1.190336
1.283738
1.283738
1.231583
1.231583
1.041841
1.041841
1.303856
1.303856
1.218172
1.218172
1.365681
1.365681
1.330815
1.330815
1.172080
1.172080
1.376513
1.376513
1.399043
1.399043
1.343980
1.343980
1.397929
1.397929
1.211972
1.211972
1.253787
1.253787
1.263933
1.263933
1.294810
1.294810
1.075075
1.075075
1.343939
1.343939
1.278927
1.278927
1.286107
1.286107
1.241727
1.241727
1.176887
1.176887
1.290435
1.290435
1.282652
1.282652
1.398516
1.398516
1.296122
1.296122
1.357619
1.357619
1.140739
1.140739
1.356404
1.356404
1.396832
1.396832
1.354388
1.354388
1.331675
1.331675
1.396147
1.396147
1.282516
1.282516
1.101439
1.101439
1.065822
1.065822
1.102764
1.102764
1.192800
1.192800
1.188006
1.188006
1.381586
1.381586
1.353047
1.353047
1.322968
1.322968
1.326356
1.326356
1.320327
1.320327
1.370171
1.370171
1.337377
1.337377
1.136926
1.136926
1.358640
1.358640
1.339823
1.339823
1.210380
1.210380
1.381091
1.381091
1.375434
1.375434
1.277482
1.277482
1.214493
1.214493
1.374245
1.374245
1.389435
1.389435
1.333469
1.333469
1.339971
1.339971
1.387645
1.387645
1.230014
1.230014
1.104899
1.104899
1.215338
1.215338
1.239938
1.239938
1.254922
1.254922
1.360621
1.360621
1.283907
1.283907
1.395543
1.395543
1.220327
1.220327
1.276409
1.276409
1.229546
1.229546
1.154780
1.154780
1.234440
1.234440
1.351620
1.351620
1.247468
1.247468
1.170116
1.170116
1.367700
1.367700
1.323725
1.323725
1.370232
1.370232
1.233868
1.233868
1.211360
1.211360
1.311215
1.311215
1.377853
1.377853
1.354308
1.354308
1.360246
1.360246
1.323780
1.323780
1.317582
1.317582
1.332848
1.332848
1.365585
1.365585
1.328133
1.328133
1.339654
1.339654
1.299718
1.299718
1.374083
1.374083
1.122669
1.122669
1.087471
1.087471
1.216336
1.216336
1.395277
1.395277
1.250364
1.250364
1.394440
1.394440
1.289639
1.289639
1.366742
1.366742
1.234678
1.234678
1.167654
1.167654
1.201248
1.201248
1.337618
1.337618
1.363721
1.363721
1.375963
1.375963
1.359017
1.359017
1.105102
1.105102
1.305448
1.305448
1.135880
1.135880
1.239453
1.239453
1.335431
1.335431
1.318698
1.318698
1.363591
1.363591
1.387798
1.387798
1.242463
1.242463
1.282230
1.282230
1.397620
1.397620
1.393919
1.393919
1.207268
1.207268
1.396967
1.396967
1.382484
1.382484
1.111765
1.111765
1.286179
1.286179
1.247945
1.247945
1.318007
1.318007
1.281010
1.281010
