1.326286
1.326286
1.362964
1.251976
1.362964
1.251976
1.301035
1.301035
1.385188
1.385188
1.329723
1.329723
1.345996
1.345996
1.361074
1.276823
1.361074
1.276823
1.220107
1.220107
1.302654
1.246652
1.302654
1.246652
1.356404
1.356404
1.355276
1.102619
1.355276
1.102619
1.130864
1.130864
1.379816
1.379816
1.239561
1.239561
1.248443
1.248443
1.303447
1.303447
1.332425
1.332425
1.256004
1.256004
1.372542
1.372542
1.393937
1.393937
1.392322
1.392322
1.386290
1.386290
1.393502
1.393502
1.378072
1.378072
1.349129
1.349129
1.262124
1.262124
1.220348
1.220348
1.392619
1.392619
1.309626
1.309626
1.352995
1.352995
1.215629
1.215629
1.290689
1.290689
1.136305
1.136305
1.168680
1.168680
1.262639
1.262639
1.184096
1.184096
1.344875
1.355946
1.355946
1.344875
1.114931
1.114931
1.299765
1.299765
1.193833
1.193833
1.178136
1.178136
1.156640
1.156640
1.365088
1.365088
1.263023
1.263023
1.233745
1.233745
1.219319
1.219319
1.264000
1.264000
1.131494
1.131494
1.310342
1.310342
1.111538
1.111538
1.170197
1.170197
1.399084
1.399084
1.191454
1.191454
1.021606
1.021606
1.210340
1.210340
1.352728
1.352728
1.200102
1.200102
1.363446
1.363446
1.380784
1.380784
1.381664
1.381664
1.393879
1.393879
1.340367
1.340367
1.398855
1.398855
1.261681
1.261681
1.113687
1.113687
1.300178
1.183368
1.183368
1.300178
1.085022
1.085022
1.321959
1.321959
1.336737
1.336737
1.323674
1.323674
1.293784
1.293784
1.263067
1.263067
1.074750
1.074750
1.262526
1.262526
1.348880
1.348880
1.256869
1.256869
1.216617
1.216617
1.348886
1.348886
1.383211
1.383211
1.376450
1.376450
1.343315
1.038290
1.038290
1.343315
1.341564
1.314997
1.213613
1.213613
1.314997
1.341564
1.284976
1.284976
1.231858
1.231858
1.356645
1.356645
1.080058
1.080058
1.299325
1.299325
1.372774
1.372774
1.203470
1.203470
1.155294
1.155294
1.323765
1.237231
1.237231
1.323765
1.307960
1.307960
1.037503
1.037503
1.229476
1.229476
1.346569
1.346569
1.174758
1.174758
1.352746
1.352746
1.197674
1.197674
1.385426
1.385426
1.313626
1.313626
1.358181
1.358181
1.384291
1.384291
1.169949
1.169949
1.140036
1.140036
1.269244
1.269244
1.345503
1.345503
1.356378
1.356378
1.117738
1.117738
1.318221
1.318221
1.376797
1.376797
1.258590
1.258590
1.299459
1.299459
1.092616
1.092616
1.129238
1.129238
1.294250
1.193704
1.193704
1.294250
1.258030
1.258030
1.259276
1.259276
1.372655
1.372655
1.328291
1.328291
1.216733
1.216733
1.267659
1.267659
1.326668
1.326668
1.320636
1.320636
1.257011
1.257011
1.252674
1.252674
1.138459
1.138459
1.025482
1.025482
1.228166
1.367434
1.228166
1.367434
1.308760
1.308760
1.288737
1.288737
1.146142
1.146142
1.146038
1.146038
1.374960
1.374960
1.312666
1.312666
1.321874
1.230289
1.230289
1.321874
1.342890
1.342890
1.364381
1.364381
1.173813
1.173813
1.385214
1.385214
1.321224
1.321224
1.345344
1.345344
1.397465
1.397465
1.374947
1.374947
1.390122
1.390122
1.131285
1.131285
1.218671
1.218671
1.315705
1.315705
1.269571
1.269571
1.220762
1.220762
1.338178
1.338178
1.315410
1.315410
1.172109
1.172109
1.380393
1.380393
1.249677
1.395712
1.249677
1.395712
1.383411
1.383411
1.221260
1.221260
1.289056
1.289056
1.342031
1.342031
1.170976
1.170976
1.315408
1.315408
1.361466
1.361466
1.353222
1.353222
1.331724
1.331724
1.300070
1.300070
1.181753
1.181753
1.394104
1.394104
1.278200
1.278200
1.258724
1.258724
1.332342
1.332342
1.346582
1.346582
1.324191
1.324191
1.295582
1.295582
1.159053
1.159053
1.393916
1.393916
1.377093
1.377093
1.082609
1.082609
1.378929
1.378929
1.379370
1.379370
1.217486
1.217486
1.286333
1.286333
1.289082
1.289082
1.338392
1.338392
1.207242
1.207242
1.191510
1.191510
1.041838
1.041838
1.268188
1.268188
1.382820
1.346334
1.382820
1.346334
1.323078
1.323078
1.330406
1.330406
1.232660
1.232660
1.352256
1.352256
1.257837
1.257837
1.377503
1.377503
1.336585
1.336585
1.253650
1.253650
1.265439
1.265439
1.267231
1.267231
1.197743
1.197743
1.296456
1.296456
1.188107
1.188107
1.293790
1.293790
1.187107
1.187107
1.391462
1.391462
1.337113
1.337113
1.307924
1.307924
1.329222
1.329222
1.355545
1.355545
1.240986
1.240986
1.294264
1.294264
1.240569
1.240569
1.356460
1.356460
1.205742
1.205742
1.377968
1.377968
1.324108
1.324108
1.399087
1.399087
1.175628
1.175628
1.376858
1.376858
1.279525
1.279525
1.347612
1.347612
1.361466
1.361466
1.272707
1.272707
1.376894
1.376894
1.329633
1.329633
1.352631
1.352631
1.376039
1.376039
1.373799
1.373799
1.360343
1.360343
1.338014
1.338014
1.383927
1.383927
1.273304
1.273304
1.384446
1.384446
1.355473
1.355473
1.328856
1.328856
1.228783
1.228783
1.395538
1.395538
1.392261
1.392261
1.244781
1.244781
1.204607
1.204607
1.374747
1.374747
1.362448
1.362448
1.391210
1.391210
1.251519
1.251519
1.248306
1.248306
1.385185
1.385185
1.293334
1.293334
1.268376
1.268376
1.352787
1.352787
1.299138
1.299138
1.389925
1.389925
1.337886
1.337886
1.246101
1.246101
1.095509
1.095509
1.386660
1.386660
1.328159
1.328159
1.390661
1.390661
1.372587
1.372587
1.209619
1.209619
1.188141
1.188141
1.343227
1.343227
1.280974
1.280974
1.332376
1.332376
1.350060
1.350060
1.359915
1.359915
1.250020
1.250020
1.373541
1.373541
1.228441
1.228441
1.274990
1.274990
1.245795
1.245795
1.390111
1.390111
1.386732
1.386732
1.298178
1.298178
1.348838
1.348838
1.360568
1.360568
1.154867
1.154867
1.316835
1.316835
1.368773
1.368773
1.329240
1.329240
1.316493
1.316493
1.387333
1.387333
1.248503
1.248503
1.242885
1.242885
1.256487
1.256487
1.303669
1.303669
1.331090
1.331090
1.192825
1.192825
1.206206
1.206206
1.176094
1.176094
1.296407
1.296407
1.387676
1.387676
1.289771
1.289771
1.394952
1.394952
1.391975
1.391975
1.228044
1.228044
1.036748
1.036748
1.389127
1.389127
1.285649
1.285649
1.116864
1.116864
1.283851
1.283851
1.356138
1.356138
1.241007
1.241007
1.191400
1.191400
1.393919
1.393919
1.107680
1.107680
