1.294175
1.294175
1.395583
1.395583
1.362849
1.362849
1.259610
1.259610
1.224012
1.224012
1.292811
1.292811
1.316651
1.316651
1.190202
1.369675
1.190202
1.369675
1.261052
1.261052
1.165533
1.165533
1.383728
1.287169
1.383728
1.287169
1.254611
1.254611
1.262920
1.262920
1.296343
1.296343
1.360341
1.360341
1.327156
1.327156
1.148180
1.148180
1.270789
1.270789
1.183826
1.183826
1.355246
1.355246
1.375385
1.375385
1.373168
1.373168
1.358349
1.358349
1.271661
1.271661
1.383984
1.383984
1.320946
1.320946
1.311862
1.311862
1.330437
1.330437
1.337024
1.337024
1.297886
1.297886
1.333285
1.333285
1.377456
1.377456
1.276048
1.276048
1.398987
1.398987
1.230018
1.230018
1.282760
1.282760
1.359892
1.359892
1.363827
1.363827
1.051557
1.117809
1.117809
1.051557
1.271947
1.271947
1.335043
1.335043
1.305976
1.305976
1.373640
1.373640
1.266714
1.266714
1.274814
1.274814
1.248325
1.248325
1.115206
1.058602
1.058602
1.115206
1.312825
1.312825
1.361171
1.361171
1.341671
1.341671
1.229911
1.229911
1.281932
1.281932
1.296538
1.296538
1.076524
1.076524
1.287906
1.287906
1.376553
1.376553
1.358706
1.358706
1.172889
1.172889
1.372617
1.372617
1.262250
1.262250
1.381412
1.381412
1.370821
1.370821
1.377481
1.377481
1.394869
1.394869
1.078983
1.078983
1.118304
1.118304
1.315148
1.315148
1.228175
1.228175
1.399603
1.399603
1.359214
1.348198
1.348198
1.359214
1.386415
1.386415
1.062952
1.062952
1.326209
1.326209
1.281994
1.281994
1.220223
1.220223
1.389187
1.389187
1.228962
1.228962
1.337855
1.308728
1.308728
1.337855
1.377789
1.377789
1.182207
1.182207
1.194012
1.194012
1.308623
1.308623
1.122694
1.122694
1.259912
1.259912
1.058841
1.058841
1.394223
1.394223
1.204370
1.204370
1.024233
1.024233
1.245907
1.245907
1.399312
1.399312
1.303209
1.303209
1.060378
1.060378
1.390912
1.390912
1.137789
1.137789
1.190705
1.190705
1.204159
1.204159
1.348007
1.348007
1.364570
1.364570
1.195424
1.195424
1.219667
1.219667
1.259461
1.259461
1.330186
1.330186
1.173126
1.173126
1.088007
1.088007
1.151625
1.151625
1.282042
1.282042
1.224869
1.224869
1.392856
1.392856
1.271762
1.271762
1.383876
1.383876
1.308409
1.308409
1.274926
1.274926
1.360721
1.360721
1.330981
1.330981
1.209145
1.209145
1.281269
1.281269
1.373963
1.373963
1.382238
1.382238
1.149655
1.149655
1.178620
1.178620
1.277264
1.277264
1.379667
1.379667
1.210049
1.210049
1.224171
1.224171
1.135918
1.135918
1.385200
1.385200
1.391681
1.391681
1.265939
1.265939
1.271679
1.271679
1.302167
1.302167
1.343405
1.343405
1.162982
1.162982
1.258900
1.258900
1.353266
1.353266
1.125137
1.125137
1.243253
1.243253
1.376246
1.376246
1.279729
1.279729
1.374610
1.374610
1.248154
1.248154
1.355836
1.355836
1.344934
1.344934
1.124582
1.124582
1.293579
1.293579
1.388659
1.388659
1.229851
1.229851
1.165761
1.165761
1.286850
1.286850
1.381600
1.381600
1.363092
1.363092
1.256622
1.256622
1.329614
1.329614
1.341857
1.341857
1.319314
1.319314
1.385022
1.385022
1.396648
1.396648
1.306215
1.306215
1.371079
1.241601
1.241601
1.371079
1.094250
1.094250
1.271297
1.271297
1.331942
1.331942
1.339992
1.339992
1.359827
1.359827
1.006894
1.006894
1.324901
1.324901
1.298575
1.298575
1.235992
1.235992
1.223308
1.223308
1.393433
1.393433
1.297657
1.297657
1.248980
1.248980
1.341653
1.341653
1.194555
1.194555
1.166950
1.166950
1.331734
1.331734
1.266288
1.266288
1.218697
1.218697
1.168197
1.168197
1.350718
1.350718
1.283559
1.283559
1.316489
1.316489
1.081934
1.081934
1.242354
1.242354
1.341801
1.341801
1.224574
1.224574
1.386572
1.386572
1.148251
1.148251
1.382836
1.382836
1.215606
1.215606
1.283230
1.283230
1.241414
1.332710
1.241414
1.332710
1.343196
1.343196
1.244328
1.244328
1.300827
1.300827
1.180533
1.180533
1.380095
1.380095
1.276100
1.276100
1.339152
1.339152
1.363084
1.363084
1.326750
1.326750
1.331449
1.331449
1.373475
1.373475
1.358430
1.358430
1.314918
1.314918
1.260037
1.260037
1.075783
1.075783
1.289786
1.289786
1.268768
1.268768
1.118540
1.118540
1.341448
1.341448
1.316190
1.316190
1.271254
1.271254
1.270085
1.270085
1.261150
1.261150
1.296125
1.296125
1.063732
1.063732
1.392687
1.392687
1.244023
1.244023
1.284884
1.284884
1.313945
1.313945
1.360118
1.360118
1.377616
1.377616
1.387290
1.387290
1.276350
1.276350
1.390205
1.390205
1.184770
1.184770
1.229729
1.229729
1.286064
1.286064
1.338284
1.338284
1.350547
1.350547
1.323752
1.323752
1.309450
1.309450
1.394351
1.394351
1.224773
1.224773
1.227923
1.227923
1.173932
1.173932
1.336410
1.336410
1.345968
1.345968
1.175039
1.175039
1.394816
1.394816
1.245236
1.245236
1.238095
1.238095
1.328073
1.328073
1.221871
1.221871
1.376822
1.376822
1.289974
1.289974
1.129379
1.129379
1.286893
1.286893
1.329213
1.329213
1.390478
1.390478
1.358262
1.358262
1.389702
1.389702
1.344488
1.344488
1.150292
1.150292
1.321283
1.321283
1.380963
1.380963
1.196465
1.196465
1.338922
1.338922
1.295379
1.295379
1.216587
1.216587
1.288813
1.288813
1.397662
1.397662
1.373182
1.373182
1.382033
1.382033
1.371225
1.371225
1.372986
1.372986
1.122568
1.122568
1.354290
1.354290
1.310262
1.310262
1.242162
1.242162
1.192195
1.192195
1.242242
1.242242
1.339250
1.339250
1.371083
1.371083
1.321359
1.321359
1.303588
1.303588
1.349916
1.349916
1.383970
1.383970
1.294024
1.294024
1.183759
1.183759
1.198333
1.198333
1.304777
1.304777
1.297156
1.297156
1.181168
1.181168
1.167958
1.167958
1.359909
1.359909
1.192585
1.192585
1.166811
1.166811
1.359398
1.359398
1.145164
1.145164
1.108989
1.108989
1.217294
1.217294
1.390473
1.390473
1.294377
1.294377
1.345522
1.345522
1.398820
1.398820
1.077949
1.077949
1.250977
1.250977
1.220962
1.379345
1.220962
1.379345
1.280467
1.280467
1.322823
1.322823
1.226512
1.226512
1.300953
1.300953
1.365759
1.365759
1.289094
1.289094
1.210235
1.210235
1.365927
1.365927
1.300678
1.300678
1.184173
1.184173
1.369552
1.369552
1.327353
1.327353
1.359121
1.359121
1.301419
1.301419
1.224055
1.224055
1.265484
1.265484
1.226170
1.226170
1.268924
1.268924
1.142405
1.142405
1.385514
1.385514
1.344487
1.344487
1.316288
1.316288
1.391620
1.391620
1.335541
1.335541
1.340050
1.340050
1.321375
1.321375
1.218128
1.218128
1.267505
1.267505
1.378741
1.378741
1.313481
1.313481
1.376538
1.376538
1.146918
1.146918
1.361144
1.361144
1.284177
1.284177
1.255596
1.255596
1.256789
1.256789
1.082551
1.082551
1.352251
1.352251
1.286202
1.286202
1.040328
1.040328
1.209481
1.209481
1.215579
1.215579
1.387125
1.387125
1.310602
1.310602
1.381355
1.381355
1.386229
1.386229
1.122980
1.122980
1.291535
1.291535
1.390249
1.390249
1.071277
1.071277
