1.374073
1.374073
1.325348
1.325348
1.399200
1.399200
1.255400
1.255400
1.161172
1.161172
1.200535
1.200535
1.198350
1.216148
1.198350
1.216148
1.388351
1.321741
1.321741
1.388351
1.309782
1.309782
1.325355
1.325355
1.255462
1.255462
1.356228
1.356228
1.334314
1.334314
1.364013
1.364013
1.288569
1.288569
1.305974
1.305974
1.172988
1.172988
1.100348
1.100348
1.395977
1.395977
1.252304
1.252304
1.370296
1.370296
1.349137
1.349137
1.304299
1.304299
1.039272
1.039272
1.132512
1.132512
1.396865
1.396865
1.178324
1.178324
1.385902
1.385902
1.200525
1.200525
1.225891
1.225891
1.324641
1.324641
1.373234
1.373234
1.285401
1.285401
1.383433
1.383433
1.275530
1.275530
1.293854
1.293854
1.237389
1.237389
1.353734
1.353734
1.355628
1.355628
1.111572
1.111572
1.276696
1.276696
1.331333
1.331333
1.339212
1.339212
1.223236
1.223236
1.274827
1.274827
1.101600
1.101600
1.215368
1.215368
1.261427
1.261427
1.261542
1.261542
1.247063
1.247063
1.223426
1.223426
1.328913
1.328913
1.107918
1.107918
1.262039
1.262039
1.123023
1.123023
1.292433
1.292433
1.162975
1.162975
1.131864
1.131864
1.351336
1.250550
1.311021
1.351336
1.311021
1.250550
1.203009
1.203009
1.361306
1.357413
1.357413
1.361306
1.399121
1.399121
1.375596
1.375596
1.316845
1.316845
1.226914
1.226914
1.150467
1.150467
1.202326
1.202326
1.348324
1.348324
1.283333
1.283333
1.318139
1.318139
1.192152
1.192152
1.300213
1.300213
1.270267
1.270267
1.304058
1.304058
1.242682
1.242682
1.346687
1.346687
1.196085
1.196085
1.340743
1.340743
1.306844
1.306844
1.294306
1.294306
1.315037
1.315037
1.394717
1.394717
1.394077
1.394077
1.182191
1.182191
1.380170
1.380170
1.358804
1.358804
1.279041
1.279041
1.282782
1.282782
1.152000
1.152000
1.085031
1.085031
1.329793
1.329793
1.375083
1.375083
1.303317
1.303317
1.317961
1.317961
1.207455
1.207455
1.274185
1.274185
1.168841
1.168841
1.302216
1.302216
1.059323
1.059323
1.390065
1.390065
1.148239
1.148239
1.344411
1.344411
1.320391
1.320391
1.382551
1.382551
1.330873
1.330873
1.116661
1.116661
1.329701
1.329701
1.394795
1.394795
1.242216
1.242216
1.150370
1.150370
1.248082
1.248082
1.098729
1.098729
1.119996
1.119996
1.289970
1.289970
1.109798
1.109798
1.388443
1.388443
1.334056
1.334056
1.232337
1.232337
1.238022
1.238022
1.239688
1.239688
1.074537
1.074537
1.198276
1.198276
1.167507
1.167507
1.139708
1.139708
1.398436
1.398436
1.233827
1.233827
1.300042
1.300042
1.399419
1.399419
1.389854
1.389854
1.252714
1.252714
1.270635
1.270635
1.151787
1.399255
1.399255
1.151787
1.330117
1.330117
1.207931
1.207931
1.173840
1.173840
1.396964
1.381848
1.381848
1.396964
1.323591
1.323591
1.274038
1.274038
1.126399
1.126399
1.235378
1.235378
1.283849
1.283849
1.289411
1.289411
1.268438
1.268438
1.317244
1.317244
1.310653
1.310653
1.126536
1.126536
1.160631
1.160631
1.269492
1.269492
1.328386
1.328386
1.171362
1.171362
1.225542
1.225542
1.143777
1.143777
1.341131
1.341131
1.377282
1.377282
1.397210
1.397210
1.382637
1.382637
1.334368
1.334368
1.294658
1.294658
1.242593
1.242593
1.281762
1.281762
1.338026
1.338026
1.384140
1.384140
1.366031
1.366031
1.301069
1.301069
1.347955
1.347955
1.359446
1.359446
1.393410
1.393410
1.306504
1.306504
1.281001
1.281001
1.153605
1.153605
1.319149
1.319149
1.047192
1.047192
1.176951
1.176951
1.196221
1.196221
1.383480
1.383480
1.181952
1.181952
1.369890
1.369890
1.391676
1.391676
1.164729
1.164729
1.327924
1.327924
1.385311
1.385311
1.182471
1.182471
1.346947
1.346947
1.347373
1.347373
1.282833
1.282833
1.184392
1.282219
1.184392
1.282219
1.378288
1.378288
1.247672
1.247672
1.322947
1.322947
1.378174
1.378174
1.393081
1.393081
1.221792
1.221792
1.263272
1.263272
1.293662
1.293662
1.227823
1.227823
1.249853
1.249853
1.142704
1.142704
1.381402
1.381402
1.293013
1.293013
1.397960
1.397960
1.314948
1.314948
1.222828
1.222828
1.217055
1.217055
1.354380
1.354380
1.122247
1.122247
1.394334
1.394334
1.374978
1.374978
1.332379
1.332379
1.050456
1.050456
1.366989
1.366989
1.225178
1.225178
1.382329
1.382329
1.380625
1.380625
1.370017
1.370017
1.262620
1.262620
1.206064
1.397988
1.397988
1.206064
1.335150
1.335150
1.369749
1.369749
1.366747
1.366747
1.115219
1.115219
1.038863
1.038863
1.205095
1.205095
1.346256
1.346256
1.344521
1.344521
1.311538
1.311538
1.300032
1.300032
1.336965
1.336965
1.345718
1.345718
1.352852
1.352852
1.301231
1.301231
1.255856
1.255856
1.390861
1.390861
1.358032
1.358032
1.353227
1.353227
1.378811
1.378811
1.302159
1.302159
1.350677
1.350677
1.254050
1.254050
1.250251
1.250251
1.321848
1.321848
1.376221
1.376221
1.278032
1.278032
1.343064
1.343064
1.335832
1.335832
1.394864
1.394864
1.313355
1.313355
1.159268
1.159268
1.385633
1.385633
1.115376
1.115376
1.330856
1.330856
1.278976
1.278976
1.390989
1.390989
1.115777
1.115777
1.259704
1.259704
1.271934
1.373709
1.373709
1.271934
1.343376
1.343376
1.260624
1.260624
1.385797
1.385797
1.184673
1.184673
1.332659
1.332659
1.266235
1.266235
1.271327
1.271327
1.312032
1.312032
1.180650
1.180650
1.251011
1.251011
1.312587
1.312587
1.276813
1.276813
1.174008
1.174008
1.357925
1.357925
1.383267
1.383267
1.334864
1.334864
1.155851
1.155851
1.384905
1.384905
1.256826
1.256826
1.228071
1.271949
1.271949
1.228071
1.324108
1.324108
1.309109
1.309109
1.394437
1.394437
1.184746
1.184746
1.150608
1.150608
1.384069
1.384069
1.352544
1.352544
1.332435
1.332435
1.302643
1.302643
1.058698
1.058698
1.235602
1.235602
1.339475
1.339475
1.151492
1.151492
1.344231
1.344231
1.290099
1.290099
1.371265
1.371265
1.364078
1.364078
1.278944
1.342892
1.342892
1.278944
1.387010
1.387010
1.355792
1.355792
1.174771
1.174771
1.399261
1.399261
1.362571
1.362571
1.277825
1.277825
1.088485
1.088485
1.389917
1.389917
1.299917
1.299917
1.213130
1.213130
1.321886
1.321886
1.398427
1.398427
1.384889
1.384889
1.285683
1.285683
1.377983
1.377983
1.334906
1.334906
1.390052
1.390052
1.173544
1.173544
1.345493
1.345493
1.355695
1.355695
1.282850
1.282850
1.306952
1.306952
1.228162
1.228162
1.199474
1.199474
1.230501
1.230501
1.327885
1.327885
1.227899
1.227899
1.269763
1.269763
1.275143
1.275143
1.316395
1.316395
1.331665
1.331665
1.354638
1.354638
1.250808
1.250808
1.329453
1.329453
1.087391
1.087391
1.320199
1.320199
1.316690
1.316690
1.351396
1.351396
1.375776
1.375776
1.239372
1.239372
1.372800
1.372800
1.372703
1.372703
1.368818
1.368818
1.349932
1.349932
1.342878
1.342878
1.375293
1.375293
1.301260
1.301260
1.114467
1.114467
1.372140
1.372140
1.225627
1.225627
1.330751
1.330751
1.173737
1.173737
1.298189
1.298189
1.120905
1.120905
1.298981
1.298981
1.122509
1.122509
1.391546
1.391546
1.082433
1.082433
1.334703
1.334703
1.183155
1.183155
1.328807
1.328807
1.172390
1.172390
1.363425
1.363425
1.301219
1.301219
1.399509
1.399509
1.389086
1.389086
1.280479
1.280479
1.295016
1.295016
1.389834
1.389834
1.240995
1.240995
1.202679
1.202679
1.260034
1.260034
1.391344
1.391344
1.245063
1.245063
1.326126
1.326126
1.248758
1.248758
1.329964
1.329964
1.368398
1.368398
1.067171
1.067171
1.371605
1.371605
1.334123
1.334123
1.361680
1.361680
1.274768
1.274768
1.362485
1.362485
1.308939
1.308939
1.353447
1.353447
1.227857
1.227857
1.273653
1.273653
1.337078
1.337078
1.389900
1.389900
1.279692
1.279692
1.395171
1.395171
1.356806
1.356806
1.316778
1.316778
1.352965
1.352965
1.203863
1.203863
1.275383
1.275383
1.215159
1.215159
1.342470
1.342470
1.352850
1.352850
1.288210
1.288210
1.265624
1.265624
1.304247
1.304247
1.330715
1.330715
1.251351
1.251351
1.274584
1.274584
1.328106
1.328106
1.159908
1.159908
1.111682
1.111682
1.264306
1.264306
1.301315
1.301315
1.382546
1.382546
1.252009
1.252009
1.140319
1.140319
1.394313
1.394313
1.357414
1.357414
1.045015
1.045015
1.130262
1.130262
1.334806
1.334806
1.310780
1.310780
1.331964
1.331964
1.323645
1.323645
1.399087
1.399087
1.338986
1.338986
1.149840
1.149840
1.302525
1.302525
1.180465
1.180465
1.338601
1.338601
1.283054
1.283054
