1.340555
1.340555
1.319552
1.319552
1.392979
1.392979
1.218906
1.218906
1.218029
1.218029
1.190934
1.190934
1.332257
1.332257
1.112065
1.112065
1.338002
1.338002
1.258290
1.258290
1.306404
1.306404
1.352316
1.352316
1.320202
1.320202
1.258592
1.258592
1.322963
1.322963
1.388832
1.388832
1.247259
1.247259
1.272057
1.272057
1.381237
1.381237
1.296708
1.296708
1.303250
1.303250
1.289721
1.289721
1.326991
1.326991
1.364389
1.364389
1.184772
1.184772
1.342434
1.342434
1.228182
1.228182
1.290744
1.290744
1.130185
1.130185
