1.222110
1.222110
1.055703
1.055703
1.398025
1.398025
1.213076
1.213076
1.272893
1.272893
1.117109
1.117109
1.337016
1.337016
1.377955
1.377955
1.398880
1.398880
1.252496
1.252496
1.149826
1.149826
1.326644
1.326644
1.249557
1.249557
1.216880
1.216880
1.381652
1.381652
1.340092
1.340092
1.121107
1.121107
1.341094
1.341094
1.077596
1.077596
1.367409
1.367409
1.382901
1.382901
1.146892
1.146892
1.216071
1.216071
1.231494
1.231494
1.338990
1.338990
1.282368
1.282368
1.256239
1.256239
1.176081
1.176081
1.135416
1.135416
1.282820
1.282820
1.373618
1.373618
1.238267
1.238267
1.266586
1.266586
1.125235
1.125235
1.137992
1.137992
1.330430
1.330430
1.156679
1.156679
1.056986
1.056986
