1.274791
1.274791
1.319504
1.319504
1.348186
1.348186
1.108362
1.108362
1.391802
1.391802
1.081438
1.081438
1.243386
1.243386
1.072438
1.072438
1.299135
1.299135
1.340070
1.340070
1.289836
1.289836
1.331861
1.331861
1.378842
1.378842
1.374464
1.374464
1.292024
1.292024
1.340913
1.340913
1.284171
1.284171
1.238214
1.238214
1.284794
1.284794
1.263602
1.263602
1.297329
1.297329
1.215783
1.215783
1.391918
1.391918
1.379565
1.379565
1.176146
1.176146
1.219338
1.219338
1.380422
1.380422
1.368493
1.368493
1.228836
1.228836
1.306924
1.306924
1.281628
1.281628
1.046768
1.046768
1.361017
1.361017
1.371755
1.371755
1.136518
1.136518
1.239448
1.239448
1.308615
1.308615
1.280980
1.280980
1.393117
1.393117
1.361284
1.361284
1.169447
1.169447
1.242358
1.242358
1.379196
1.379196
1.314238
1.314238
1.236713
1.199028
1.199028
1.236713
1.118160
1.118160
1.246329
1.246329
1.335123
1.335123
1.209090
1.209090
1.320546
1.320546
1.375036
1.375036
1.367538
1.367538
1.296389
1.296389
1.302372
1.302372
1.213571
1.213571
1.285156
1.285156
1.367642
1.367642
1.260486
1.260486
1.258450
1.258450
1.151954
1.151954
1.382982
1.382982
1.050930
1.050930
1.366049
1.366049
1.305190
1.305190
1.398473
1.398473
1.208400
1.208400
1.201540
1.201540
1.378831
1.378831
1.354499
1.354499
1.240997
1.240997
1.345169
1.345169
1.223062
1.223062
1.331280
1.331280
1.075728
1.075728
1.183968
1.183968
1.326194
1.326194
1.173671
1.173671
1.362737
1.362737
1.375917
1.375917
1.349788
1.349788
1.294178
1.294178
1.383689
1.383689
1.260542
1.260542
1.189074
1.189074
1.054062
1.054062
1.167508
1.167508
1.273134
1.273134
1.373172
1.373172
1.182454
1.182454
1.218674
1.218674
1.391919
1.391919
1.398728
1.398728
1.279858
1.279858
1.389107
1.389107
1.172707
1.172707
1.325467
1.325467
1.252380
1.252380
1.374978
1.374978
1.374944
1.374944
1.348653
1.348653
1.173995
1.173995
1.045291
1.045291
1.174087
1.174087
1.289899
1.289899
1.138797
1.138797
1.132838
1.132838
1.306294
1.306294
1.226442
1.226442
1.262960
1.262960
1.348720
1.348720
1.189589
1.189589
1.165713
1.165713
1.242900
1.242900
1.122767
1.122767
1.388151
1.388151
1.358194
1.358194
1.342797
1.342797
1.338731
1.338731
1.105610
1.105610
1.264845
1.264845
1.312003
1.312003
1.308027
1.308027
1.086730
1.086730
1.399991
1.399991
1.333755
1.333755
1.118499
1.118499
1.342380
1.342380
1.090187
1.090187
1.398796
1.398796
1.208146
1.208146
1.331925
1.331925
1.230869
1.230869
1.314465
1.314465
