1.070356
1.070356
1.385204
1.385204
1.202252
1.202252
1.243136
1.243136
1.373950
1.373950
1.256160
1.256160
1.074733
1.074733
1.290856
1.290856
1.356843
1.356843
1.293765
1.353171
1.293765
1.353171
1.374576
1.374576
1.126299
1.126299
1.381146
1.381146
1.326094
1.326094
1.206089
1.206089
1.267337
1.267337
1.205510
1.205510
1.379724
1.379724
1.381926
1.381926
1.271174
1.271174
1.286967
1.286967
1.132479
1.132479
1.221030
1.221030
1.211678
1.211678
1.144518
1.144518
1.265027
1.265027
1.113269
1.113269
1.386769
1.386769
1.327605
1.327605
1.262159
1.262159
1.359943
1.359943
1.394739
1.394739
1.225324
1.225324
1.288850
1.288850
1.377724
1.377724
1.166106
1.166106
1.177655
1.177655
1.226164
1.226164
1.203503
1.203503
1.372353
1.372353
1.291397
1.291397
1.332237
1.332237
1.381037
1.381037
1.279007
1.279007
1.383589
1.383589
1.311697
1.311697
1.371846
1.371846
1.295639
1.295639
1.190165
1.190165
1.131940
1.131940
1.132552
1.132552
1.376214
1.376214
1.345558
1.345558
1.274353
1.274353
1.375773
1.375773
1.299536
1.299536
1.047462
1.047462
1.234754
1.234754
1.281374
1.281374
1.345632
1.345632
1.314279
1.314279
1.328049
1.328049
1.257241
1.257241
1.379788
1.379788
1.303620
1.303620
1.050667
1.050667
1.394414
1.394414
1.360440
1.360440
1.353277
1.353277
1.121650
1.121650
1.187671
1.187671
1.196370
1.196370
1.373976
1.373976
1.348116
1.348116
1.138069
1.138069
1.367086
1.367086
1.395240
1.395240
1.349300
1.349300
1.290482
1.290482
1.068813
1.068813
1.364828
1.364828
1.154086
1.154086
1.317694
1.317694
1.284633
1.284633
1.355374
1.355374
1.107584
1.107584
1.390574
1.390574
1.397503
1.397503
1.263555
1.263555
1.267416
1.267416
1.181480
1.181480
1.351240
1.351240
1.397713
1.397713
1.238702
1.238702
1.163840
1.163840
1.120448
1.120448
1.067364
1.067364
1.171598
1.171598
1.350330
1.350330
1.371104
1.371104
1.283103
1.283103
1.311957
1.311957
1.292521
1.292521
1.131595
1.131595
1.342121
1.342121
1.204547
1.204547
1.369266
1.369266
1.325943
1.325943
1.094133
1.094133
1.298025
1.298025
1.349163
1.349163
1.299503
1.299503
1.358125
1.358125
1.355562
1.355562
1.278209
1.278209
1.390566
1.390566
1.327736
1.327736
1.279750
1.279750
1.115345
1.115345
1.252979
1.252979
1.333466
1.333466
1.171924
1.171924
1.351748
1.351748
1.321267
1.321267
1.335645
1.335645
1.246815
1.246815
1.213917
1.213917
1.294704
1.294704
1.387898
1.387898
1.270819
1.270819
1.165266
1.165266
1.389342
1.389342
1.250491
1.250491
1.196418
1.196418
1.305621
1.305621
1.036929
1.036929
1.224877
1.224877
1.281907
1.281907
1.361251
1.361251
1.167788
1.167788
1.305298
1.305298
1.120172
1.120172
1.279568
1.279568
1.239184
1.239184
1.233353
1.233353
1.395975
1.395975
1.134888
1.134888
1.295465
1.295465
1.340896
1.340896
1.215346
1.215346
1.359474
1.359474
1.167303
1.167303
1.295748
1.295748
1.307175
1.307175
1.206854
1.206854
1.085085
1.085085
1.155668
1.155668
1.254244
1.254244
1.393998
1.393998
1.050451
1.050451
1.224371
1.224371
1.286880
1.286880
1.182746
1.182746
1.349737
1.349737
1.069009
1.069009
1.378269
1.378269
1.321579
1.321579
1.333622
1.333622
1.205529
1.205529
1.374605
1.374605
