1.344345
1.344345
1.141059
1.141059
1.275149
1.275149
1.219127
1.219127
1.309107
1.309107
1.382637
1.382637
1.117169
1.117169
1.222389
1.222389
1.351880
1.351880
1.320576
1.320576
1.381286
1.345561
1.345561
1.381286
1.198693
1.138162
1.198693
1.138162
1.398170
1.398170
1.394836
1.394836
1.269682
1.285486
1.285486
1.269682
1.240490
1.240490
1.376175
1.376175
1.336401
1.336401
1.300933
1.300933
1.263292
1.181345
1.263292
1.181345
1.185003
1.185003
1.164504
1.164504
1.168699
1.168699
1.241483
1.241483
1.207532
1.207532
1.234728
1.234728
1.395125
1.395125
1.106602
1.375785
1.375785
1.106602
1.211005
1.211005
1.276153
1.276153
1.320596
1.320596
1.314455
1.314455
1.378686
1.378686
1.299779
1.299779
1.128196
1.128196
1.397554
1.397554
1.330668
1.330668
1.368946
1.368946
1.260730
1.260730
1.368710
1.368710
1.384373
1.384373
1.333339
1.330779
1.330779
1.333339
1.198376
1.198376
1.228116
1.228116
1.255473
1.255473
1.383232
1.383232
1.353894
1.353894
1.343643
1.343643
1.329177
1.329177
1.182410
1.182410
1.231986
1.231986
1.175362
1.175362
1.204945
1.204945
1.255731
1.255731
1.340678
1.340678
1.199723
1.199723
1.158532
1.158532
1.362611
1.362611
1.367355
1.367355
1.114734
1.114734
1.199978
1.199978
1.339293
1.339293
1.203599
1.203599
1.281653
1.281653
1.308016
1.308016
1.382028
1.382028
1.289261
1.289261
1.373826
1.373826
1.325879
1.325879
1.317732
1.317732
1.202854
1.202854
1.200366
1.200366
1.142214
1.142214
1.307052
1.307052
1.211365
1.211365
1.357936
1.357936
1.398699
1.398699
1.207407
1.207407
1.319467
1.319467
1.375022
1.375022
1.270159
1.270159
1.364347
1.364347
1.125763
1.125763
1.324646
1.324646
1.288283
1.288283
1.128267
1.128267
1.354900
1.354900
1.269576
1.269576
1.226438
1.226438
1.203752
1.203752
1.218738
1.218738
1.313680
1.313680
1.091294
1.091294
1.327286
1.327286
1.158101
1.158101
1.365478
1.365478
1.316305
1.316305
1.299199
1.299199
1.379189
1.379189
1.399073
1.399073
1.211252
1.211252
1.314969
1.314969
1.352054
1.352054
1.359229
1.359229
1.313504
1.313504
1.384918
1.384918
1.250387
1.250387
1.107566
1.107566
1.305215
1.305215
1.352311
1.352311
1.358485
1.358485
1.290057
1.290057
1.399207
1.399207
1.223054
1.223054
1.196094
1.196094
1.030893
1.030893
1.380084
1.380084
1.250765
1.250765
1.204418
1.204418
1.244381
1.244381
1.329390
1.329390
1.257911
1.257911
1.385261
1.385261
1.092138
1.092138
1.324673
1.324673
1.319211
1.319211
1.319317
1.319317
1.310101
1.310101
1.396302
1.396302
1.220588
1.220588
1.166374
1.166374
1.371429
1.371429
1.207668
1.207668
1.359660
1.359660
1.155584
1.155584
1.158606
1.158606
1.214977
1.214977
1.306072
1.306072
1.170060
1.170060
1.386217
1.386217
1.381649
1.381649
1.294558
1.294558
1.244321
1.244321
1.279649
1.279649
1.233842
1.233842
1.364956
1.364956
1.379420
1.379420
1.120905
1.120905
1.389852
1.389852
1.264042
1.264042
1.284602
1.284602
1.264502
1.264502
1.365196
1.365196
1.331612
1.331612
1.152522
1.152522
1.390782
1.390782
1.258931
1.258931
1.388913
1.388913
1.091255
1.091255
1.270250
1.270250
1.246701
1.246701
1.042283
1.042283
1.391292
1.391292
1.314521
1.314521
1.190482
1.190482
1.217101
1.217101
1.267154
1.267154
1.361524
1.361524
1.284078
1.284078
1.257380
1.257380
1.224611
1.224611
1.377692
1.377692
1.298798
1.298798
1.312082
1.312082
1.381270
1.381270
1.338413
1.338413
1.078767
1.078767
1.385091
1.385091
