1.378228
1.378228
1.296204
1.296204
1.093697
1.093697
1.297350
1.297350
1.271912
1.271912
1.255589
1.255589
1.306086
1.306086
1.371745
1.371745
1.396649
1.396649
1.156511
1.156511
1.216105
1.216105
1.313272
1.313272
1.278228
1.278228
1.331109
1.331109
1.233469
1.233469
1.297932
1.297932
1.168957
1.168957
1.244728
1.244728
1.187817
1.187817
1.324645
1.324645
1.392086
1.392086
1.166899
1.166899
1.260226
1.260226
1.368897
1.368897
1.356978
1.356978
1.363333
1.363333
1.222858
1.222858
1.175772
1.175772
1.361600
1.361600
1.343732
1.343732
1.302578
1.302578
1.386265
1.386265
1.347617
1.347617
1.324465
1.324465
1.354823
1.354823
1.314109
1.314109
1.246001
1.246001
1.172829
1.172829
1.075793
1.075793
1.298458
1.298458
1.289234
1.289234
1.112960
1.112960
1.255745
1.255745
1.157190
1.157190
1.334827
1.334827
1.089567
1.089567
1.341277
1.341277
1.384530
1.328576
1.328576
1.384530
1.028868
1.028868
1.274677
1.274677
1.268555
1.268555
1.324353
1.324353
1.230210
1.230210
1.233780
1.233780
1.288894
1.288894
1.272211
1.272211
1.352028
1.352028
1.344732
1.344732
1.175902
1.175902
1.377713
1.377713
1.380023
1.380023
1.106900
1.106900
1.355417
1.355417
1.192865
1.192865
1.357464
1.357464
1.176210
1.176210
1.206009
1.206009
1.389667
1.389667
1.389353
1.389353
1.370182
1.370182
1.342676
1.342676
1.133790
1.133790
1.101720
1.101720
1.372451
1.372451
1.223832
1.223832
1.124787
1.124787
1.101227
1.101227
1.313724
1.313724
1.367017
1.367017
1.395542
1.395542
1.316184
1.316184
1.308480
1.308480
1.270529
1.270529
1.246850
1.246850
1.183577
1.183577
1.387120
1.387120
1.301401
1.301401
1.195031
1.195031
1.397311
1.397311
1.264077
1.264077
1.398747
1.398747
1.323025
1.323025
1.333389
1.333389
1.208970
1.208970
1.150073
1.150073
1.317661
1.317661
1.332989
1.332989
1.253662
1.253662
1.383442
1.383442
1.293611
1.293611
1.309067
1.309067
1.041024
1.041024
1.398955
1.398955
1.089667
1.089667
1.352688
1.352688
1.239629
1.239629
1.253470
1.253470
1.199292
1.199292
1.313088
1.313088
1.294387
1.294387
1.283401
1.283401
1.344601
1.344601
1.322768
1.322768
1.349751
1.349751
1.396429
1.396429
1.287123
1.287123
1.269847
1.269847
1.352037
1.352037
1.370147
1.370147
1.342752
1.342752
1.370231
1.370231
1.279396
1.279396
1.393496
1.393496
1.256463
1.256463
1.399854
1.399854
1.081555
1.081555
1.228907
1.228907
1.384426
1.384426
1.393743
1.393743
1.347132
1.347132
1.232788
1.232788
