1.381294
1.381294
1.375211
1.375211
1.328736
1.391922
1.328736
1.391922
1.109362
1.109362
1.270801
1.270801
1.353153
1.353153
1.165329
1.165329
1.387486
1.387486
1.367906
1.367906
1.371618
1.371618
1.286955
1.286955
1.384385
1.384385
1.144955
1.144955
1.246088
1.246088
1.319505
1.319505
1.206911
1.206911
1.081368
1.081368
1.379085
1.394705
1.394705
1.379085
1.332723
1.332723
1.340705
1.340705
1.251920
1.251920
1.175361
1.175361
1.348109
1.348109
1.221907
1.372029
1.372029
1.221907
1.266569
1.266569
1.218670
1.218670
1.223233
1.223233
1.269353
1.269353
1.268043
1.268043
1.335217
1.335217
1.345648
1.345648
1.254862
1.254862
1.380979
1.380979
1.271580
1.271580
1.314624
1.314624
1.316568
1.316568
1.142132
1.142132
1.328711
1.328711
1.198101
1.198101
1.182022
1.182022
1.362344
1.362344
1.224516
1.224516
1.179975
1.179975
1.318600
1.318600
1.329986
1.329986
1.305160
1.305160
1.290965
1.290965
1.212380
1.212380
1.088074
1.088074
1.026891
1.026891
1.137450
1.137450
1.367827
1.367827
1.388295
1.388295
1.363917
1.363917
1.207388
1.207388
1.301237
1.301237
1.382629
1.382629
1.352303
1.352303
1.314191
1.314191
1.356711
1.356711
1.241737
1.241737
1.329927
1.329927
1.031437
1.031437
1.236984
1.236984
1.322113
1.322113
1.361106
1.361106
1.263710
1.263710
1.368815
1.368815
1.267848
1.267848
1.388049
1.388049
1.210317
1.210317
1.205293
1.205293
1.187977
1.187977
1.375324
1.375324
1.397773
1.397773
1.210409
1.210409
1.389528
1.389528
1.364726
1.364726
1.099896
1.099896
1.357418
1.357418
1.147095
1.147095
1.357687
1.357687
1.393061
1.393061
1.328642
1.328642
1.392913
1.392913
1.396159
1.396159
1.083946
1.083946
1.237675
1.237675
1.316423
1.316423
1.320082
1.320082
1.260942
1.260942
1.382927
1.382927
1.202454
1.202454
1.167339
1.167339
1.046286
1.046286
1.385423
1.385423
1.271113
1.271113
1.377902
1.377902
1.147259
1.147259
1.216719
1.216719
1.329316
1.329316
1.249851
1.249851
1.248824
1.248824
1.371583
1.371583
1.210213
1.210213
1.233657
1.233657
1.335950
1.335950
1.335734
1.335734
1.216678
1.216678
1.210449
1.210449
1.380147
1.380147
1.303074
1.303074
1.355981
1.355981
1.199062
1.199062
1.353943
1.353943
1.130961
1.130961
1.364040
1.364040
1.216630
1.216630
1.391810
1.391810
1.378781
1.378781
1.396586
1.396586
1.284152
1.284152
1.280887
1.280887
1.382951
1.382951
1.310269
1.310269
1.120637
1.120637
1.347643
1.347643
1.245835
1.245835
1.398487
1.398487
1.277806
1.277806
1.155981
1.155981
1.163100
1.163100
1.322874
1.322874
1.273165
1.273165
1.355871
1.355871
1.144925
1.144925
1.319644
1.319644
1.340169
1.340169
1.395112
1.395112
1.320962
1.320962
1.321629
1.321629
1.304832
1.304832
1.356218
1.356218
1.368279
1.368279
1.334375
1.334375
1.351787
1.351787
1.369980
1.369980
1.395110
1.395110
1.332542
1.332542
1.263972
1.263972
1.349349
1.349349
1.384852
1.384852
1.326685
1.326685
1.252449
1.252449
1.201305
1.201305
1.346970
1.346970
1.122784
1.122784
1.234354
1.234354
1.112124
1.112124
1.347935
1.347935
1.178562
1.178562
1.210280
1.210280
1.341310
1.341310
1.315336
1.315336
1.383097
1.383097
1.318290
1.318290
1.391327
1.391327
1.282736
1.282736
1.353543
1.353543
1.399746
1.399746
1.357205
1.357205
1.222483
1.222483
1.355705
1.355705
1.298222
1.298222
1.113755
1.113755
1.356878
1.356878
1.189971
1.189971
1.336309
1.336309
1.260362
1.260362
1.372548
1.372548
1.166980
1.166980
