1.370339
1.370339
1.042166
1.042166
1.116363
1.116363
1.234039
1.234039
1.365805
1.365805
1.281615
1.281615
1.329560
1.329560
1.381861
1.381861
1.341893
1.341893
1.231711
1.231711
1.399824
1.399824
1.175008
1.175008
1.258202
1.258202
1.342373
1.342373
1.325527
1.325527
1.362331
1.362331
1.334745
1.334745
1.197938
1.197938
1.295642
1.295642
1.330351
1.330351
1.310909
1.310909
1.301863
1.301863
1.318533
1.318533
1.274418
1.274418
1.335916
1.335916
1.304425
1.304425
1.175886
1.175886
1.383006
1.383006
1.230940
1.230940
1.352142
1.352142
1.381055
1.381055
1.387287
1.387287
1.286341
1.286341
1.385096
1.385096
1.378135
1.378135
1.082256
1.082256
1.272537
1.272537
1.284163
1.284163
1.314546
1.314546
1.301300
1.301300
1.171996
1.171996
1.150901
1.150901
1.076443
1.076443
1.344845
1.344845
1.393491
1.393491
1.328186
1.328186
1.368887
1.294131
1.368887
1.294131
1.278973
1.278973
1.395711
1.395711
1.242621
1.242621
1.210980
1.210980
1.387598
1.387598
1.383308
1.383308
1.329741
1.329741
1.322390
1.322390
1.257948
1.257948
1.333353
1.333353
1.387014
1.387014
1.315778
1.315778
1.314985
1.314985
1.266310
1.266310
1.223052
1.223052
1.370300
1.370300
1.287124
1.287124
1.213717
1.213717
1.357434
1.357434
1.323515
1.323515
1.334130
1.334130
1.305279
1.305279
1.364862
1.364862
1.267036
1.267036
1.288335
1.288335
1.390667
1.390667
1.314500
1.314500
1.252372
1.252372
1.357226
1.357226
1.327040
1.327040
1.273484
1.273484
1.385398
1.385398
1.332379
1.332379
1.362476
1.362476
1.381209
1.381209
1.287980
1.287980
1.393323
1.393323
1.294173
1.294173
1.391479
1.391479
1.379243
1.379243
1.276697
1.276697
1.386009
1.386009
1.350227
1.350227
1.259885
1.259885
1.386130
1.386130
1.229940
1.229940
1.379154
1.379154
1.195618
1.195618
1.272729
1.272729
1.147592
1.147592
1.249952
1.249952
1.158782
1.158782
1.339236
1.339236
1.324895
1.324895
1.399354
1.399354
1.220032
1.220032
1.088428
1.088428
1.209343
1.209343
1.171231
1.171231
1.363058
1.363058
1.307248
1.307248
1.358849
1.358849
1.297509
1.297509
1.240683
1.240683
1.176951
1.176951
1.313418
1.313418
1.377512
1.377512
1.220690
1.220690
1.145436
1.145436
1.344210
1.344210
1.244612
1.244612
1.219309
1.219309
1.243040
1.243040
1.158340
1.158340
1.289886
1.289886
1.312959
1.312959
1.396086
1.396086
1.233743
1.233743
1.147832
1.147832
1.300728
1.300728
1.262156
1.262156
1.083890
1.083890
1.140905
1.140905
1.260086
1.260086
1.399373
1.399373
1.249766
1.249766
1.222226
1.222226
1.364034
1.364034
1.355556
1.355556
1.392098
1.392098
1.376770
1.376770
1.349719
1.349719
1.343118
1.343118
1.347842
1.347842
1.319613
1.319613
1.319818
1.319818
1.149336
1.149336
1.393806
1.393806
1.145587
1.145587
1.378053
1.378053
1.370474
1.370474
1.229091
1.229091
1.393894
1.393894
1.322625
1.322625
1.290952
1.290952
1.312303
1.312303
1.262739
1.262739
1.372775
1.372775
1.193508
1.193508
1.169996
1.169996
1.326674
1.326674
1.263939
1.263939
