1.260323
1.260323
1.308635
1.308635
1.368247
1.368247
1.334778
1.334778
1.159554
1.159554
1.270687
1.270687
1.383994
1.383994
1.358073
1.358073
1.332824
1.392460
1.368237
1.392460
1.332824
1.368237
1.267806
1.267806
1.198816
1.198816
1.376414
1.376414
1.270307
1.270307
1.206418
1.206418
1.390882
1.390882
1.163863
1.163863
1.387756
1.387756
1.273218
1.273218
1.375204
1.375204
1.258212
1.258212
1.267199
1.235503
1.267199
1.235503
1.162690
1.162690
1.283549
1.283549
1.374629
1.374629
1.288557
1.288557
1.299251
1.299251
1.165664
1.165664
1.283524
1.283524
1.379880
1.379880
1.394152
1.394152
1.274628
1.274628
1.208949
1.208949
1.392134
1.392134
1.330126
1.330126
1.290479
1.290479
1.328471
1.328471
1.324113
1.324113
1.350382
1.350382
1.248007
1.229870
1.229870
1.248007
1.309667
1.309667
1.206880
1.206880
1.304361
1.304361
1.212529
1.212529
1.270873
1.270873
1.220356
1.220356
1.115835
1.115835
1.248156
1.248156
1.357048
1.357048
1.389348
1.389348
1.284830
1.284830
1.235157
1.235157
1.254466
1.254466
1.361436
1.361436
1.091496
1.091496
1.370994
1.370994
1.271132
1.271132
1.331893
1.331893
1.114862
1.114862
1.139762
1.139762
1.140737
1.140737
1.214559
1.214559
1.355904
1.355904
1.329206
1.329206
1.245866
1.245866
1.290340
1.290340
1.319272
1.319272
1.303332
1.303332
1.246904
1.246904
1.396772
1.396772
1.251974
1.251974
1.399231
1.399231
1.155437
1.155437
1.198191
1.198191
1.245767
1.245767
1.260494
1.260494
1.166840
1.166840
1.334013
1.334013
1.360573
1.360573
1.106008
1.106008
1.393275
1.393275
1.329024
1.329024
1.380128
1.380128
1.283533
1.283533
1.393599
1.393599
1.263318
1.263318
1.255693
1.255693
1.302278
1.302278
1.343403
1.343403
1.211451
1.211451
1.325003
1.325003
1.386134
1.386134
1.267672
1.267672
1.370405
1.370405
1.323570
1.323570
1.368389
1.368389
1.162414
1.162414
1.363370
1.363370
1.345239
1.345239
1.292620
1.292620
1.361775
1.361775
1.398935
1.398935
1.222224
1.222224
1.292315
1.292315
1.336566
1.336566
1.348469
1.348469
1.105402
1.105402
1.393624
1.393624
1.325811
1.325811
1.318506
1.318506
1.398872
1.398872
1.281589
1.281589
1.382170
1.382170
1.255572
1.255572
1.345111
1.345111
1.276468
1.276468
1.195598
1.195598
1.177903
1.177903
1.069951
1.069951
1.371728
1.371728
1.261275
1.261275
1.316965
1.316965
1.399488
1.399488
1.384788
1.384788
1.377624
1.377624
1.378895
1.378895
1.278061
1.278061
1.324884
1.324884
1.382258
1.382258
1.151875
1.151875
1.309984
1.309984
1.270009
1.270009
1.106090
1.106090
1.362386
1.082788
1.362386
1.082788
1.137408
1.137408
1.343185
1.343185
1.398288
1.398288
1.318043
1.318043
1.383049
1.383049
1.194877
1.194877
1.300602
1.300602
1.368023
1.368023
1.279546
1.279546
1.367415
1.367415
1.265500
1.265500
1.169902
1.169902
1.257814
1.257814
1.289067
1.289067
1.256524
1.256524
1.250852
1.250852
1.252457
1.252457
1.059439
1.059439
1.355962
1.355962
1.180712
1.180712
1.296084
1.296084
1.286447
1.286447
1.323218
1.323218
1.374808
1.374808
1.352135
1.352135
1.201751
1.201751
1.176787
1.176787
1.235930
1.235930
1.150373
1.150373
