1.306090
1.306090
1.328212
1.328212
1.382754
1.382754
1.129076
1.129076
1.203383
1.199287
1.203383
1.199287
1.309882
1.309882
1.386172
1.386172
1.370277
1.370277
1.250649
1.250649
1.103615
1.103615
1.242281
1.242281
1.210307
1.210307
1.374113
1.374113
1.330936
1.330936
1.247250
1.247250
1.398720
1.398720
1.344575
1.344575
1.255480
1.255480
1.357526
1.357526
1.203821
1.203821
1.373158
1.373158
1.291487
1.291487
1.051504
1.051504
1.029691
1.029691
1.326222
1.326222
1.279407
1.279407
1.289534
1.289534
1.363879
1.363879
1.357304
1.357304
1.235468
1.235468
1.180564
1.180564
1.354910
1.354910
1.387919
1.387919
1.267456
1.267456
1.134087
1.134087
1.354591
1.354591
1.392594
1.392594
1.358714
1.358714
1.370127
1.370127
1.370216
1.019323
1.019323
1.370216
1.205323
1.205323
1.179369
1.179369
1.386731
1.386731
1.280050
1.280050
1.059530
1.059530
1.081454
1.081454
1.137475
1.137475
1.111198
1.111198
1.116871
1.116871
1.143465
1.143465
1.357278
1.357278
1.359402
1.359402
1.201316
1.201316
1.394652
1.394652
1.269700
1.269700
1.386903
1.386903
1.174631
1.174631
1.348814
1.348814
1.351876
1.351876
1.359896
1.359896
1.307542
1.377859
1.377859
1.307542
1.370658
1.370658
1.214728
1.214728
1.398669
1.398669
1.233328
1.233328
1.097354
1.097354
1.264481
1.264481
1.339564
1.339564
1.359699
1.359699
1.104158
1.104158
1.324807
1.324807
1.247597
1.247597
1.397489
1.397489
1.071457
1.071457
1.325433
1.325433
1.311320
1.311320
1.381864
1.381864
1.075811
1.075811
1.367629
1.367629
1.285453
1.285453
1.375967
1.375967
1.395836
1.395836
1.222449
1.222449
1.244173
1.244173
1.329237
1.329237
1.334839
1.334839
1.386619
1.386619
1.061244
1.061244
1.314733
1.314733
1.308223
1.308223
1.307761
1.307761
1.333279
1.333279
1.389083
1.389083
1.367078
1.367078
1.112413
1.112413
1.306954
1.306954
1.350537
1.350537
1.342048
1.342048
1.211651
1.211651
1.314854
1.314854
1.211708
1.211708
1.116869
1.116869
1.222968
1.222968
1.286540
1.286540
1.334789
1.334789
1.057857
1.057857
1.253416
1.253416
1.361759
1.361759
1.230352
1.230352
1.354304
1.354304
1.220543
1.220543
1.254188
1.254188
1.381868
1.381868
1.386011
1.386011
1.133209
1.133209
1.380279
1.380279
1.203708
1.203708
1.380201
1.380201
1.153440
1.153440
1.177281
1.177281
1.356212
1.356212
1.353938
1.353938
1.192715
1.192715
1.323756
1.323756
1.345587
1.345587
1.307399
1.307399
1.374928
1.374928
1.199432
1.199432
1.358912
1.358912
1.308370
1.308370
1.171949
1.171949
1.241205
1.241205
1.230794
1.230794
1.198787
1.198787
1.377595
1.377595
1.305179
1.305179
1.304238
1.304238
1.108755
1.108755
1.384022
1.384022
1.131278
1.131278
1.162508
1.162508
1.241621
1.241621
1.310711
1.310711
1.246224
1.246224
1.233092
1.233092
1.338385
1.338385
1.336413
1.336413
1.350019
1.350019
1.206375
1.206375
1.350692
1.350692
1.373623
1.373623
1.228026
1.228026
1.169065
1.169065
1.306534
1.306534
1.078022
1.078022
1.360405
1.360405
1.278877
1.278877
1.301321
1.301321
1.265678
1.265678
1.266891
1.266891
1.324463
1.324463
1.322534
1.322534
1.307913
1.307913
1.395971
1.395971
1.336410
1.336410
1.291638
1.291638
1.103333
1.103333
1.227815
1.227815
1.346906
1.346906
1.335064
1.335064
1.293540
1.293540
1.115011
1.115011
1.223636
1.223636
1.327123
1.327123
1.266597
1.266597
1.243672
1.243672
1.370368
1.370368
1.133655
1.133655
1.138288
1.138288
1.390282
1.390282
1.327089
1.327089
1.338058
1.338058
1.258425
1.258425
1.255465
1.255465
1.391698
1.391698
1.267268
1.267268
1.292768
1.292768
1.125765
1.125765
1.182343
1.182343
1.387203
1.387203
1.260777
1.260777
1.360753
1.360753
1.184421
1.184421
1.148911
1.148911
1.328037
1.328037
1.230897
1.230897
1.180591
1.180591
1.175459
1.175459
1.339438
1.339438
1.289274
1.289274
1.171914
1.171914
1.228209
1.228209
1.304598
1.304598
1.107850
1.107850
1.238720
1.238720
1.152431
1.152431
1.333062
1.333062
1.364626
1.364626
1.375581
1.375581
1.246054
1.246054
1.231488
1.231488
1.395124
1.395124
1.129558
1.129558
1.292990
1.292990
1.361090
1.361090
1.343854
1.343854
1.136732
1.136732
1.278722
1.278722
1.298139
1.298139
1.154877
1.154877
1.263952
1.263952
1.286210
1.286210
1.398701
1.398701
1.375445
1.375445
1.399917
1.399917
1.207380
1.207380
1.344173
1.344173
1.141636
1.141636
1.379498
1.379498
1.206538
1.206538
1.215319
1.215319
1.338648
1.338648
1.315447
1.315447
1.093097
1.093097
1.345612
1.345612
1.327937
1.327937
1.397775
1.397775
1.258862
1.258862
1.131464
1.131464
1.267922
1.267922
1.354685
1.354685
1.380127
1.380127
1.370432
1.370432
1.218923
1.218923
1.229384
1.229384
1.383145
1.383145
1.258848
1.258848
