1.331299
1.331299
1.052956
1.052956
1.150406
1.150406
1.228439
1.228439
1.293356
1.293356
1.112437
1.112437
1.374361
1.374361
1.189576
1.189576
1.056602
1.056602
1.096646
1.096646
1.364864
1.364864
1.383499
1.383499
1.337260
1.337260
1.042863
1.042863
1.094401
1.094401
1.378429
1.378429
1.294809
1.294809
1.263576
1.263576
1.055614
1.055614
1.350064
1.350064
1.222338
1.222338
1.174798
1.174798
1.298898
1.298898
1.139109
1.139109
1.369906
1.369906
1.355706
1.355706
1.272169
1.267276
1.267276
1.272169
1.312088
1.312088
1.330441
1.330441
1.368080
1.368080
1.327849
1.327849
1.294615
1.294615
1.220616
1.220616
1.312412
1.312412
1.332498
1.332498
1.048137
1.048137
1.295632
1.295632
1.259657
1.259657
1.321508
1.321508
1.148325
1.148325
1.203421
1.203421
1.358400
1.358400
1.187795
1.187795
1.189846
1.189846
1.356504
1.187480
1.187480
1.356504
1.221273
1.221273
1.187940
1.187940
1.335725
1.335725
1.349398
1.349398
1.394552
1.394552
1.262966
1.262966
1.298040
1.298040
1.345986
1.345986
1.389452
1.389452
1.189236
1.189236
1.227230
1.227230
1.398789
1.398789
1.276999
1.276999
1.362451
1.362451
1.167162
1.167162
1.362836
1.362836
1.317031
1.317031
1.021849
1.021849
1.333811
1.333811
1.083471
1.083471
1.367586
1.367586
1.345741
1.345741
1.342131
1.342131
1.295128
1.295128
1.291967
1.291967
1.305511
1.305511
1.370167
1.370167
1.311878
1.311878
1.378314
1.378314
1.294542
1.294542
1.367410
1.367410
1.369045
1.369045
1.198482
1.198482
1.055529
1.055529
1.360239
1.360239
1.084127
1.084127
1.177945
1.177945
1.272723
1.272723
1.390116
1.390116
1.132573
1.132573
1.343664
1.343664
1.314494
1.314494
1.316622
1.316622
1.338477
1.338477
1.278956
1.278956
1.200625
1.200625
1.277578
1.277578
1.389281
1.389281
1.259224
1.259224
1.305563
1.305563
1.211971
1.211971
1.382058
1.382058
1.242238
1.242238
1.184584
1.184584
1.194378
1.194378
1.337227
1.337227
1.161595
1.161595
1.394082
1.394082
1.240508
1.240508
1.379272
1.379272
1.200613
1.200613
1.325784
1.325784
1.352510
1.352510
1.107388
1.107388
1.229532
1.229532
1.331596
1.331596
1.315242
1.315242
1.203984
1.203984
1.314883
1.314883
1.303589
1.303589
1.174093
1.174093
1.288451
1.288451
1.362046
1.362046
1.231969
1.231969
1.205312
1.205312
1.193675
1.193675
1.181060
1.181060
1.150967
1.150967
1.398375
1.398375
1.246061
1.246061
1.323067
1.323067
1.356117
1.356117
1.094778
1.094778
1.297669
1.297669
1.205619
1.205619
1.392755
1.392755
1.307615
1.307615
1.127722
1.127722
1.221600
1.221600
1.324763
1.324763
1.262110
1.262110
1.289871
1.289871
1.339117
1.339117
1.302329
1.302329
1.395298
1.395298
1.361068
1.361068
1.379936
1.379936
1.023785
1.023785
