1.388340
1.388340
1.383764
1.383764
1.380646
1.380646
1.388485
1.388485
1.271625
1.271625
1.361539
1.361539
1.208256
1.208256
1.376914
1.376914
1.220386
1.220386
1.335899
1.335899
1.373035
1.373035
1.273341
1.273341
1.303201
1.303201
1.162438
1.162438
1.339717
1.339717
1.279090
1.279090
1.185928
1.260033
1.260033
1.185928
1.158036
1.158036
1.365297
1.365297
1.086961
1.086961
1.311207
1.311207
1.362301
1.362301
1.382121
1.382121
1.340837
1.340837
1.377362
1.377362
1.339210
1.339210
1.392393
1.175127
1.175127
1.392393
1.333872
1.333872
1.308198
1.308198
1.338170
1.338170
1.066046
1.066046
1.240000
1.240000
1.367818
1.367818
1.182294
1.182294
1.377185
1.377185
1.313113
1.313113
1.346261
1.346261
1.286719
1.286719
1.279432
1.279432
1.345796
1.345796
1.308669
1.308669
1.226638
1.226638
1.192227
1.192227
1.174150
1.174150
1.101291
1.101291
1.233248
1.233248
1.144513
1.144513
1.337889
1.337889
1.344477
1.344477
1.376799
1.376799
1.281981
1.367153
1.281981
1.367153
1.164911
1.164911
1.104535
1.104535
1.318855
1.318855
1.351807
1.351807
1.213785
1.213785
1.203987
1.203987
1.197794
1.197794
1.359475
1.359475
1.380639
1.380639
1.367354
1.367354
1.308031
1.308031
1.133474
1.133474
1.259262
1.259262
1.318801
1.318801
1.378817
1.378817
1.139309
1.139309
1.283276
1.283276
1.260686
1.260686
1.308525
1.308525
1.369857
1.369857
1.294194
1.294194
1.115108
1.115108
1.321741
1.321741
1.366084
1.366084
1.199245
1.199245
1.337284
1.337284
1.373991
1.373991
1.155870
1.155870
1.282637
1.282637
1.308057
1.308057
1.117244
1.117244
1.181202
1.181202
1.335743
1.335743
1.232291
1.232291
1.150958
1.150958
1.216997
1.216997
1.240838
1.240838
1.127306
1.127306
1.297738
1.297738
1.324610
1.324610
1.312533
1.312533
1.271937
1.271937
1.260325
1.260325
1.201228
1.201228
1.099640
1.099640
1.210843
1.210843
1.279762
1.279762
1.376253
1.376253
1.399771
1.399771
1.180876
1.180876
1.133902
1.133902
1.369526
1.369526
1.254345
1.254345
1.272742
1.272742
1.268876
1.268876
1.300758
1.300758
1.254500
1.254500
1.305008
1.305008
1.188019
1.188019
1.300986
1.300986
1.391228
1.391228
1.095625
1.095625
1.266471
1.266471
1.294306
1.294306
1.244866
1.244866
1.350252
1.350252
1.296230
1.296230
1.397789
1.397789
1.345049
1.345049
1.164935
1.164935
1.322958
1.322958
1.102489
1.102489
1.241516
1.241516
1.363370
1.363370
1.131439
1.131439
1.118272
1.118272
1.253425
1.253425
1.188749
1.188749
1.251430
1.251430
