1.300179
1.300179
1.309715
1.309715
1.251995
1.251995
1.371454
1.371454
1.186097
1.186097
1.198017
1.198017
1.303675
1.303675
1.339702
1.339702
1.084989
1.084989
1.270693
1.270693
1.214870
1.214870
1.153079
1.153079
1.167531
1.167531
1.314795
1.314795
1.352283
1.352283
1.372451
1.372451
1.015234
1.015234
1.205450
1.205450
1.272576
1.272576
1.221247
1.221247
1.110452
1.110452
1.393454
1.393454
1.178939
1.178939
1.143387
1.143387
1.293086
1.293086
1.242338
1.242338
1.362141
1.362141
1.129593
1.129593
1.396147
1.396147
1.362153
1.362153
1.372490
1.372490
1.338760
1.338760
1.305418
1.305418
1.374208
1.374208
1.360442
1.360442
1.323761
1.323761
1.280053
1.280053
1.311776
1.311776
1.248572
1.248572
1.322347
1.322347
1.379947
1.379947
1.220442
1.220442
1.225561
1.225561
1.393155
1.393155
1.251335
1.251335
1.313814
1.313814
1.171171
1.171171
1.081271
1.081271
1.377228
1.306319
1.377228
1.306319
1.300071
1.300071
1.331965
1.331965
1.196544
1.196544
1.242749
1.242749
1.234794
1.234794
1.045704
1.045704
1.110780
1.110780
1.071013
1.071013
1.114247
1.114247
1.381519
1.381519
1.211665
1.211665
1.193032
1.193032
1.399541
1.399541
1.384159
1.384159
1.352809
1.352809
1.371595
1.371595
1.146248
1.146248
1.227440
1.227440
1.395274
1.395274
1.295859
1.295859
1.258519
1.258519
1.340132
1.340132
1.337617
1.337617
1.284405
1.284405
1.237983
1.237983
1.378734
1.378734
1.225012
1.225012
1.327788
1.327788
1.225324
1.225324
1.251249
1.251249
1.373449
1.373449
1.277896
1.277896
1.322386
1.322386
1.165440
1.165440
1.381351
1.381351
1.235033
1.235033
1.251084
1.251084
1.128271
1.128271
1.212006
1.212006
1.155783
1.155783
1.269695
1.269695
1.394286
1.394286
1.381950
1.381950
1.168516
1.168516
1.318446
1.318446
1.361477
1.361477
1.236926
1.236926
1.151380
1.151380
1.213096
1.213096
1.237583
1.237583
1.105937
1.105937
1.288514
1.288514
1.280877
1.280877
1.135491
1.135491
1.193854
1.193854
1.094291
1.094291
1.376952
1.376952
1.236612
1.236612
1.059327
1.059327
1.210785
1.210785
1.353659
1.353659
1.350065
1.350065
1.226532
1.226532
1.220599
1.220599
1.382327
1.382327
1.205175
1.205175
1.372006
1.372006
1.251960
1.251960
1.363998
1.363998
1.399189
1.399189
1.367075
1.367075
