1.336853
1.336853
1.347836
1.347836
1.344039
1.344039
1.302642
1.232014
1.302642
1.232014
1.163324
1.163324
1.246139
1.246139
1.371425
1.371425
1.351680
1.365714
1.365714
1.351680
1.314550
1.314550
1.373276
1.373276
1.333050
1.333050
1.197978
1.197978
1.301119
1.301119
1.165833
1.165833
1.238258
1.238258
1.206552
1.206552
1.374796
1.374796
1.376413
1.158697
1.158697
1.376413
1.205361
1.205361
1.318728
1.318728
1.165444
1.165444
1.358018
1.358018
1.375992
1.375992
1.361745
1.390812
1.361745
1.390812
1.170822
1.170822
1.303362
1.303362
1.105024
1.105024
1.280383
1.280383
1.322653
1.322653
1.215835
1.215835
1.372839
1.372839
1.310740
1.310740
1.184901
1.184901
1.175985
1.175985
1.392337
1.392337
1.194799
1.194799
1.337453
1.337453
1.395144
1.395144
1.318729
1.318729
1.368897
1.368897
1.247137
1.247137
1.274789
1.274789
1.240044
1.240044
1.201229
1.348794
1.201229
1.348794
1.359938
1.359938
1.267818
1.267818
1.339595
1.339595
1.098865
1.098865
1.330586
1.330586
1.188547
1.188547
1.320955
1.320955
1.202130
1.202130
1.355019
1.355019
1.139119
1.139119
1.256250
1.256250
1.376093
1.376093
1.320638
1.320638
1.310039
1.310039
1.318157
1.318157
1.399234
1.399234
1.274128
1.274128
1.348827
1.348827
1.156469
1.156469
1.281979
1.281979
1.166414
1.166414
1.240950
1.240950
1.141141
1.141141
1.295137
1.295137
1.011793
1.011793
1.325140
1.325140
1.206308
1.206308
1.380276
1.116121
1.116121
1.380276
1.261043
1.261043
1.378048
1.378048
1.313904
1.313904
1.348030
1.348030
1.251516
1.251516
1.191547
1.191547
1.256321
1.256321
1.332011
1.332011
1.396945
1.396945
1.102736
1.102736
1.380917
1.380917
1.370660
1.370660
1.375481
1.375481
1.296661
1.296661
1.396709
1.396709
1.399618
1.399618
1.031353
1.031353
1.396081
1.396081
1.155069
1.155069
1.329643
1.329643
1.372410
1.372410
1.255210
1.255210
1.390313
1.390313
1.270425
1.270425
1.370525
1.370525
1.284393
1.284393
1.280184
1.280184
1.298689
1.298689
1.344234
1.344234
1.362007
1.362007
1.340578
1.340578
1.331949
1.331949
1.321584
1.321584
1.379241
1.379241
1.141029
1.141029
1.213520
1.213520
1.315951
1.315951
1.333407
1.333407
1.227595
1.227595
1.368683
1.368683
1.350880
1.350880
1.127033
1.127033
1.219018
1.219018
1.327967
1.327967
1.328564
1.328564
1.275435
1.275435
1.363755
1.328537
1.363755
1.328537
1.277148
1.277148
1.262885
1.262885
1.332178
1.332178
1.072976
1.072976
1.375472
1.375472
1.273252
1.273252
1.221916
1.221916
1.302434
1.302434
1.375398
1.375398
1.344492
1.344492
1.237521
1.237521
1.394989
1.394989
1.350177
1.350177
1.053273
1.053273
1.341869
1.341869
1.395267
1.395267
1.352501
1.352501
1.334649
1.334649
1.098973
1.098973
1.375171
1.375171
1.214218
1.214218
1.392852
1.392852
1.341628
1.341628
1.365623
1.365623
1.365084
1.365084
1.219066
1.219066
1.183548
1.183548
1.176304
1.176304
1.389463
1.389463
1.343961
1.343961
1.273475
1.273475
1.331840
1.331840
1.369405
1.369405
1.143791
1.143791
1.349843
1.349843
1.340858
1.340858
1.391345
1.391345
1.267969
1.267969
1.395863
1.395863
1.227346
1.227346
1.146318
1.146318
1.312648
1.312648
1.264835
1.264835
1.203490
1.203490
1.211834
1.211834
1.277605
1.277605
1.355498
1.355498
1.313338
1.313338
1.345255
1.345255
1.284195
1.284195
1.312173
1.312173
1.103541
1.103541
1.393833
1.393833
1.134986
1.134986
1.132125
1.132125
1.100774
1.100774
1.381951
1.381951
1.332291
1.332291
1.234630
1.234630
1.106621
1.106621
1.242593
1.242593
1.284242
1.284242
1.342788
1.342788
1.272190
1.272190
1.360823
1.360823
1.249331
1.249331
1.102705
1.102705
1.307493
1.307493
1.182259
1.182259
1.329853
1.329853
1.345826
1.345826
1.106742
1.106742
1.285941
1.285941
1.285033
1.285033
1.087530
1.087530
1.361503
1.361503
1.201530
1.201530
1.299039
1.299039
1.321062
1.321062
1.256590
1.256590
1.328148
1.328148
1.321479
1.321479
1.368551
1.368551
1.390527
1.390527
1.176112
1.176112
