1.392393
1.392393
1.081309
1.081309
1.235084
1.235084
1.360405
1.360405
1.223849
1.396291
1.223849
1.304197
1.396291
1.304197
1.377749
1.377749
1.355312
1.355312
1.143946
1.143946
1.164673
1.164673
1.357448
1.357448
1.262043
1.262043
1.272724
1.272724
1.193433
1.193433
1.280868
1.280868
1.099019
1.099019
1.206936
1.206936
1.293608
1.293608
1.224075
1.224075
1.389933
1.389933
1.089469
1.089469
1.181223
1.181223
1.129634
1.129634
1.222285
1.222285
1.276815
1.276815
1.219864
1.219864
1.159622
1.159622
1.372249
1.372249
1.363125
1.392345
1.363125
1.392345
1.362965
1.362965
1.258664
1.258664
1.381407
1.381407
1.384549
1.384549
1.359185
1.359185
1.356256
1.356256
1.323425
1.323425
1.167665
1.167665
1.318749
1.318749
1.349497
1.349497
1.382116
1.382116
1.230538
1.230538
1.363505
1.363505
1.297632
1.297632
1.226065
1.226065
1.363834
1.363834
1.284732
1.284732
1.344392
1.344392
1.381303
1.381303
1.332911
1.332911
1.382725
1.382725
1.318720
1.318720
1.206279
1.232214
1.206279
1.232214
1.308547
1.308547
1.365214
1.200745
1.200745
1.365214
1.292002
1.292002
1.376711
1.376711
1.260092
1.260092
1.345296
1.345296
1.240069
1.240069
1.377708
1.377708
1.236643
1.236643
1.365711
1.365711
1.228830
1.228830
1.362014
1.362014
1.394873
1.394873
1.200938
1.200938
1.382386
1.382386
1.321574
1.321574
1.343653
1.343653
1.349481
1.349481
1.350606
1.350606
1.348579
1.348579
1.242292
1.242292
1.134725
1.134725
1.148970
1.148970
1.394747
1.394747
1.041429
1.041429
1.288160
1.288160
1.072368
1.072368
1.239190
1.239190
1.272311
1.272311
1.337364
1.337364
1.165519
1.165519
1.278951
1.278951
1.321756
1.321756
1.104591
1.104591
1.262027
1.262027
1.348360
1.381883
1.348360
1.381883
1.323221
1.323221
1.245000
1.245000
1.266655
1.266655
1.287453
1.287453
1.364325
1.364325
1.339810
1.339810
1.348412
1.348412
1.386329
1.386329
1.023106
1.023106
1.240952
1.240952
1.198192
1.198192
1.310944
1.310944
1.264084
1.264084
1.278472
1.278472
1.194115
1.194115
1.374417
1.374417
1.376763
1.376763
1.328346
1.328346
1.189563
1.189563
1.332498
1.259299
1.259299
1.332498
1.398035
1.398035
1.275933
1.275933
1.085615
1.085615
1.188757
1.188757
1.333020
1.333020
1.356748
1.356748
1.353665
1.353665
1.289856
1.289856
1.244907
1.244907
1.313001
1.313001
1.242514
1.242514
1.358859
1.358859
1.144488
1.144488
1.351807
1.351807
1.192794
1.192794
1.372198
1.372198
1.393156
1.393156
1.293277
1.293277
1.351348
1.351348
1.235945
1.235945
1.364777
1.364777
1.342015
1.342015
1.313956
1.313956
1.368142
1.368142
1.249708
1.249708
1.216203
1.216203
1.183014
1.183014
1.345290
1.345290
1.297489
1.297489
1.365024
1.365024
1.206658
1.206658
1.377041
1.377041
1.285783
1.285783
1.234508
1.234508
1.398213
1.398213
1.380785
1.380785
1.323406
1.323406
1.283827
1.283827
1.211571
1.211571
1.394214
1.394214
1.381265
1.381265
1.251647
1.251647
1.349121
1.349121
1.276163
1.276163
1.385711
1.385711
1.340336
1.340336
1.331276
1.331276
1.310610
1.310610
1.348939
1.348939
1.130052
1.130052
1.244168
1.244168
1.396811
1.396811
1.185827
1.185827
1.289685
1.289685
1.047579
1.047579
1.275781
1.275781
1.283753
1.283753
1.193918
1.193918
1.036997
1.036997
1.308509
1.308509
1.306298
1.306298
1.186701
1.186701
1.259538
1.259538
1.337629
1.337629
1.184595
1.184595
1.263276
1.263276
1.353765
1.353765
1.308527
1.308527
1.202678
1.202678
1.349344
1.349344
1.248205
1.248205
1.263325
1.263325
1.179928
1.179928
1.391575
1.391575
1.265228
1.265228
1.204363
1.204363
1.338117
1.338117
1.107403
1.107403
1.174656
1.174656
1.317574
1.317574
1.243024
1.243024
1.102273
1.102273
1.295345
1.295345
1.316323
1.316323
1.389897
1.389897
1.276185
1.276185
1.390836
1.390836
1.351237
1.351237
1.305910
1.305910
1.265501
1.265501
1.345056
1.345056
1.377477
1.377477
1.135383
1.135383
1.387509
1.387509
1.378676
1.378676
1.121753
1.121753
1.198133
1.198133
1.364212
1.364212
1.201215
1.201215
1.297715
1.297715
1.354092
1.354092
1.345607
1.345607
1.393080
1.393080
1.383415
1.383415
1.318387
1.318387
1.043989
1.043989
1.256161
1.256161
1.159397
1.159397
1.342143
1.342143
1.377727
1.377727
1.332543
1.332543
1.164097
1.164097
1.381336
1.381336
1.360528
1.360528
1.344203
1.344203
1.348294
1.348294
1.285626
1.285626
1.395886
1.395886
1.369218
1.369218
1.392968
1.392968
1.158180
1.158180
1.341399
1.341399
1.385098
1.385098
1.191309
1.191309
1.316890
1.316890
1.393035
1.393035
1.143365
1.143365
1.131820
1.131820
1.392483
1.392483
1.373512
1.373512
1.083046
1.083046
1.396607
1.396607
1.217724
1.217724
1.349922
1.349922
1.155667
1.155667
1.364762
1.364762
1.090977
1.090977
1.309522
1.309522
1.318422
1.318422
1.321097
1.321097
1.205229
1.205229
1.340292
1.340292
1.258970
1.258970
1.376854
1.376854
1.321661
1.321661
1.291725
1.291725
1.392579
1.392579
1.161682
1.161682
1.370253
1.370253
1.286688
1.286688
1.245005
1.245005
1.183074
1.183074
1.390850
1.390850
1.152668
1.152668
1.111962
1.111962
1.395905
1.395905
1.139177
1.139177
1.163621
1.163621
1.397411
1.397411
1.299397
1.299397
1.302346
1.302346
1.398529
1.398529
