1.069444
1.069444
1.354891
1.354891
1.284470
1.284470
1.164619
1.164619
1.108916
1.108916
1.371090
1.371090
1.386063
1.386063
1.303330
1.303330
1.369582
1.289840
1.289840
1.369582
1.146675
1.146675
1.355233
1.355233
1.362783
1.362783
1.293820
1.293820
1.378274
1.378274
1.140856
1.140856
1.209461
1.209461
1.224452
1.224452
1.391689
1.391689
1.372030
1.372030
1.279699
1.279699
1.302603
1.302603
1.258209
1.258209
1.389488
1.389488
1.355502
1.355502
1.333294
1.333294
1.261457
1.261457
1.162579
1.162579
1.323534
1.323534
1.119355
1.119355
1.205090
1.205090
1.117715
1.117715
1.232473
1.232473
1.276048
1.276048
1.252557
1.252557
1.341340
1.398420
1.341340
1.398420
1.076495
1.076495
1.396750
1.396750
1.325535
1.325535
1.375173
1.375173
1.228396
1.228396
1.320404
1.320404
1.380819
1.380819
1.242088
1.242088
1.221942
1.221942
1.390337
1.390337
1.338028
1.338028
1.208854
1.208854
1.227044
1.227044
1.296198
1.296198
1.160586
1.160586
1.205072
1.205072
1.213433
1.213433
1.283576
1.283576
1.302185
1.302185
1.329599
1.194019
1.194019
1.329599
1.395828
1.395828
1.390330
1.390330
1.384110
1.384110
1.250405
1.250405
1.369652
1.369652
1.354127
1.354127
1.269221
1.269221
1.345459
1.345459
1.228909
1.228909
1.347173
1.347173
1.260072
1.260072
1.169910
1.169910
1.320967
1.320967
1.339977
1.339977
1.368013
1.368013
1.370684
1.370684
1.312297
1.312297
1.283970
1.283970
1.360220
1.360220
1.251782
1.251782
1.222504
1.222504
1.181065
1.181065
1.312255
1.312255
1.300310
1.300310
1.366195
1.366195
1.307264
1.307264
1.280259
1.280259
1.350202
1.350202
1.314609
1.317152
1.317152
1.314609
1.346725
1.346725
1.332418
1.074347
1.332418
1.074347
1.235170
1.235170
1.187225
1.187225
1.278824
1.278824
1.148623
1.148623
1.399972
1.399972
1.117570
1.117570
1.353794
1.353794
1.339674
1.339674
1.339615
1.339615
1.364053
1.364053
1.337497
1.337497
1.075209
1.075209
1.376854
1.376854
1.154341
1.154341
1.280093
1.280093
1.298919
1.298919
1.376428
1.376428
1.234167
1.234167
1.363183
1.363183
1.374433
1.382508
1.382508
1.374433
1.310173
1.310173
1.373946
1.373946
1.325053
1.325053
1.325962
1.325962
1.357028
1.357028
1.356550
1.356550
1.372861
1.372861
1.361097
1.361097
1.357515
1.357515
1.255559
1.255559
1.247971
1.247971
1.381910
1.381910
1.329093
1.329093
1.356120
1.356120
1.301528
1.301528
1.332880
1.332880
1.111005
1.111005
1.383533
1.383533
1.129823
1.129823
1.375478
1.375478
1.047310
1.047310
1.396886
1.396886
1.315102
1.315102
1.107384
1.107384
1.240516
1.240516
1.396187
1.396187
1.373071
1.373071
1.256550
1.256550
1.370273
1.370273
1.274520
1.274520
1.316142
1.316142
1.210691
1.210691
1.280891
1.280891
1.263081
1.263081
1.218127
1.218127
1.381202
1.381202
1.313984
1.313984
1.151878
1.151878
1.354900
1.354900
1.258771
1.258771
1.390568
1.390568
1.378138
1.378138
1.168594
1.168594
1.337185
1.337185
1.392921
1.392921
1.170416
1.170416
1.300435
1.300435
1.363150
1.363150
1.283634
1.283634
1.391054
1.391054
1.218156
1.218156
1.345510
1.345510
1.298108
1.298108
1.128136
1.128136
1.352038
1.352038
1.125325
1.125325
1.364656
1.364656
1.250658
1.250658
1.290967
1.290967
1.186981
1.186981
1.312371
1.312371
1.328035
1.328035
1.347778
1.347778
1.331473
1.331473
1.280477
1.280477
1.247113
1.247113
1.274140
1.274140
1.366503
1.366503
1.284342
1.284342
1.398933
1.398933
1.336096
1.336096
1.357519
1.357519
1.311914
1.311914
1.339828
1.339828
1.192073
1.192073
1.187774
1.187774
1.109846
1.109846
1.082622
1.082622
1.365964
1.365964
1.226937
1.226937
1.297725
1.297725
1.366093
1.366093
1.256068
1.256068
1.332858
1.332858
1.153310
1.153310
1.343778
1.343778
1.331836
1.101626
1.331836
1.101626
1.335786
1.335786
1.256667
1.256667
1.373895
1.373895
1.259869
1.259869
1.361580
1.361580
1.363605
1.363605
1.246610
1.246610
1.264253
1.264253
1.296024
1.296024
1.093606
1.093606
1.343580
1.343580
1.322662
1.322662
1.344367
1.344367
1.374397
1.374397
1.397813
1.397813
1.090793
1.090793
1.215232
1.215232
1.300583
1.300583
1.336169
1.336169
1.247411
1.247411
1.197593
1.197593
1.310813
1.310813
1.247861
1.247861
1.146843
1.146843
1.310132
1.310132
1.362267
1.362267
1.327650
1.327650
1.395230
1.395230
1.310715
1.310715
1.240048
1.240048
1.320214
1.320214
1.374820
1.374820
1.173628
1.173628
1.310467
1.310467
1.351657
1.351657
1.169345
1.169345
1.310460
1.310460
1.339114
1.339114
1.315225
1.315225
1.232971
1.232971
1.184168
1.184168
1.358763
1.358763
1.187526
1.187526
1.129914
1.129914
1.374586
1.374586
1.356059
1.356059
1.191514
1.191514
1.354941
1.354941
1.247724
1.247724
1.386186
1.386186
1.349551
1.349551
1.212105
1.212105
1.369866
1.369866
1.294267
1.294267
1.293625
1.293625
1.144954
1.144954
1.287892
1.287892
1.181699
1.181699
1.311062
1.311062
1.183188
1.183188
1.260668
1.260668
1.370801
1.370801
1.391083
1.391083
1.366585
1.366585
1.235566
1.235566
1.389186
1.389186
1.202204
1.202204
1.387500
1.387500
1.296983
1.296983
1.277901
1.277901
1.399697
1.399697
1.373044
1.373044
1.327265
1.327265
1.360843
1.360843
1.304280
1.304280
1.131266
1.131266
1.284539
1.284539
1.222845
1.222845
1.372182
1.372182
1.387200
1.387200
1.395488
1.395488
1.245321
1.245321
1.149224
1.149224
1.132496
1.132496
1.300904
1.300904
