1.185696
1.185696
1.119274
1.119274
1.226319
1.249843
1.249843
1.226319
1.140151
1.140151
1.209150
1.209150
1.263179
1.263179
1.348279
1.348279
1.190198
1.190198
1.344803
1.344803
1.309463
1.309463
1.358270
1.358270
1.210692
1.210692
1.376880
1.376880
1.367722
1.367722
1.343201
1.343201
1.275689
1.275689
1.211096
1.211096
1.078584
1.195624
1.078584
1.195624
1.384146
1.384146
1.128541
1.128541
1.343754
1.343754
1.374471
1.374471
1.273282
1.273282
1.036872
1.036872
1.377863
1.377863
1.376963
1.376963
1.349821
1.349821
1.226399
1.226399
1.392284
1.392284
1.278916
1.278916
1.203109
1.203109
1.340763
1.340763
1.353451
1.353451
1.356569
1.356569
1.225068
1.283117
1.283117
1.225068
1.190327
1.190327
1.371023
1.371023
1.355492
1.355492
1.399022
1.399022
1.185695
1.185695
1.390814
1.390814
1.296332
1.296332
1.188981
1.188981
1.270081
1.270081
1.391312
1.391312
1.181815
1.181815
1.380108
1.380108
1.394209
1.394209
1.270641
1.270641
1.376515
1.376515
1.341125
1.341125
1.158916
1.158916
1.293498
1.293498
1.270567
1.270567
1.322195
1.322195
1.370476
1.370476
1.252842
1.252842
1.340009
1.340009
1.201770
1.201770
1.185248
1.185248
1.255872
1.255872
1.288631
1.288631
1.394106
1.394106
1.231210
1.231210
1.209510
1.209510
1.221141
1.221141
1.338196
1.338196
1.388636
1.388636
1.277729
1.277729
1.030615
1.030615
1.368579
1.368579
1.325930
1.325930
1.200150
1.200150
1.243894
1.243894
1.244712
1.244712
1.366823
1.366823
1.394205
1.394205
1.338863
1.338863
1.253714
1.253714
1.299811
1.299811
1.358370
1.358370
1.375215
1.375215
1.395934
1.395934
1.391919
1.391919
1.274155
1.274155
1.356475
1.356475
1.399689
1.399689
1.257770
1.325349
1.325349
1.257770
1.345041
1.345041
1.291469
1.372204
1.372204
1.291469
1.199624
1.199624
1.173388
1.173388
1.100831
1.100831
1.368946
1.368946
1.393233
1.393233
1.262572
1.262572
1.168750
1.168750
1.361179
1.361179
1.288168
1.288168
1.378393
1.239144
1.239144
1.378393
1.243381
1.243381
1.135940
1.135940
1.303873
1.303873
1.378993
1.378993
1.271583
1.271583
1.155508
1.155508
1.166143
1.166143
1.320755
1.320755
1.250734
1.250734
1.289515
1.289515
1.323184
1.323184
1.308481
1.308481
1.356610
1.356610
1.327185
1.327185
1.385006
1.385006
1.312688
1.312688
1.242015
1.242015
1.283300
1.283300
1.044113
1.044113
1.265238
1.265238
1.301310
1.301310
1.345580
1.345580
1.244761
1.244761
1.158888
1.158888
1.320771
1.320771
1.386392
1.386392
1.387164
1.387164
1.241832
1.241832
1.396665
1.396665
1.242486
1.242486
1.367012
1.367012
1.268654
1.268654
1.359715
1.359715
1.340275
1.340275
1.236881
1.236881
1.181228
1.181228
1.399511
1.399511
1.392800
1.392800
1.218918
1.218918
1.366405
1.366405
1.207380
1.207380
1.073778
1.073778
1.201886
1.201886
1.324810
1.324810
1.330233
1.330233
1.200480
1.200480
1.398660
1.398660
1.277364
1.277364
1.365591
1.365591
1.164494
1.164494
1.367826
1.367826
1.364272
1.364272
1.219860
1.219860
1.281628
1.281628
1.165363
1.165363
1.028994
1.028994
1.316126
1.316126
1.036365
1.036365
1.371423
1.371423
1.084982
1.084982
1.315002
1.315002
1.349430
1.349430
1.368568
1.368568
1.376639
1.376639
1.263344
1.263344
1.307453
1.307453
1.264131
1.264131
1.207420
1.207420
1.321587
1.321587
1.222902
1.222902
1.015720
1.015720
1.111666
1.111666
1.236200
1.236200
1.295430
1.295430
1.397832
1.321685
1.321685
1.397832
1.263257
1.263257
1.304274
1.304274
1.253606
1.253606
1.349730
1.349730
1.240041
1.240041
1.366792
1.366792
1.303321
1.303321
1.398814
1.398814
1.161603
1.161603
1.147362
1.147362
1.334037
1.334037
1.390170
1.390170
1.172259
1.172259
1.155323
1.155323
1.305282
1.305282
1.358963
1.358963
1.378882
1.378882
1.154482
1.154482
1.375188
1.375188
1.145851
1.145851
1.349764
1.349764
1.366926
1.366926
1.238021
1.238021
1.372108
1.372108
1.375263
1.375263
1.264593
1.264593
1.094474
1.094474
1.046477
1.046477
