1.333298
1.333298
1.256752
1.256752
1.253022
1.253022
1.240329
1.240329
1.337127
1.337127
1.218942
1.218942
1.208150
1.208150
1.269610
1.269610
1.393408
1.393408
1.379341
1.327232
1.327232
1.379341
1.326840
1.326840
1.374042
1.374042
1.201783
1.201783
1.393076
1.393076
1.349697
1.349697
1.399635
1.399635
1.304885
1.185725
1.185725
1.304885
1.349555
1.349555
1.041199
1.041199
1.209480
1.209480
1.374535
1.374535
1.355276
1.355276
1.252674
1.252674
1.320025
1.320025
1.345926
1.345926
1.214146
1.214146
1.124621
1.124621
1.374057
1.396052
1.374057
1.396052
1.084576
1.084576
1.310719
1.310719
1.175445
1.175445
1.287067
1.287067
1.260551
1.260551
1.276147
1.276147
1.163590
1.163590
1.399255
1.192947
1.399255
1.192947
1.372471
1.372471
1.313649
1.313649
1.395850
1.395850
1.271041
1.271041
1.395008
1.395008
1.197757
1.197757
1.285611
1.285611
1.393177
1.393177
1.280870
1.295033
1.280870
1.295033
1.317933
1.317933
1.110490
1.110490
1.358211
1.358211
1.177595
1.177595
1.336583
1.336583
1.268156
1.268156
1.369188
1.369188
1.354473
1.354473
1.361465
1.361465
1.296846
1.296846
1.362837
1.362837
1.395642
1.395642
1.376983
1.376983
1.114154
1.114154
1.339580
1.339580
1.388041
1.388041
1.372985
1.372985
1.380049
1.380049
1.337283
1.337283
1.256556
1.256556
1.249227
1.249227
1.217964
1.217964
1.288364
1.288364
1.360841
1.360841
1.321011
1.321011
1.328229
1.328229
1.384088
1.384088
1.332010
1.332010
1.396771
1.396771
1.132278
1.132278
1.066344
1.066344
1.337590
1.337590
1.170664
1.170664
1.233541
1.233541
1.378882
1.378882
1.378371
1.378371
1.257157
1.257157
1.277218
1.277218
1.252886
1.252886
1.384617
1.384617
1.269142
1.269142
1.246918
1.246918
1.397383
1.397383
1.205149
1.205149
1.386462
1.386462
1.186218
1.186218
1.383260
1.383260
1.054300
1.054300
1.389407
1.389407
1.226423
1.226423
1.214009
1.214009
1.215165
1.215165
1.209541
1.209541
1.112802
1.112802
1.360805
1.360805
1.337989
1.337989
1.383306
1.383306
1.104355
1.104355
1.333274
1.333274
1.067215
1.067215
1.383458
1.383458
1.361206
1.361206
1.088210
1.088210
1.053767
1.053767
1.345583
1.345583
1.379580
1.088048
1.088048
1.379580
1.188147
1.188147
1.327951
1.327951
1.237000
1.237000
1.349660
1.349660
1.382583
1.382583
1.316597
1.316597
1.359902
1.359902
1.292786
1.292786
1.347840
1.347840
1.366640
1.366640
1.273614
1.273614
1.371712
1.371712
1.221761
1.221761
1.399812
1.399812
1.324390
1.324390
1.208944
1.208944
1.363233
1.363233
1.249602
1.249602
1.125452
1.125452
1.270999
1.270999
1.232441
1.232441
1.336902
1.336902
1.362077
1.362077
1.331467
1.331467
1.263932
1.263932
1.017894
1.017894
1.256151
1.256151
1.344438
1.344438
1.394394
1.394394
1.083688
1.083688
1.230311
1.230311
1.394798
1.394798
1.227410
1.227410
1.290762
1.290762
1.269406
1.269406
1.357759
1.357759
1.386168
1.386168
1.364574
1.364574
1.130391
1.130391
1.390409
1.390409
1.077384
1.077384
1.308861
1.308861
1.349923
1.349923
1.291478
1.291478
1.242696
1.242696
1.242623
1.242623
1.248447
1.248447
1.320198
1.320198
1.376417
1.376417
1.355239
1.355239
1.286755
1.286755
1.310568
1.310568
1.227789
1.227789
1.197126
1.197126
1.196085
1.196085
1.106824
1.106824
1.321922
1.321922
1.138968
1.138968
1.124409
1.124409
1.306734
1.306734
1.340781
1.340781
1.363665
1.363665
1.202579
1.202579
1.097583
1.097583
1.229884
1.229884
1.396515
1.396515
1.334937
1.334937
1.193811
1.193811
1.397878
1.397878
1.397712
1.397712
1.378660
1.378660
1.208645
1.208645
1.353738
1.353738
1.254692
1.254692
1.330104
1.330104
1.284629
1.284629
1.133022
1.133022
1.319398
1.319398
1.237982
1.237982
1.396484
1.396484
1.276052
1.276052
1.096320
1.096320
1.190056
1.190056
1.189427
1.189427
1.084211
1.084211
1.180335
1.180335
1.251988
1.251988
