1.381845
1.381845
1.093997
1.093997
1.123894
1.123894
1.255226
1.255226
1.196298
1.196298
1.163233
1.163233
1.301296
1.301296
1.294090
1.294090
1.368767
1.368767
1.332455
1.332455
1.167620
1.167620
1.289781
1.289781
1.196635
1.196635
1.367471
1.367471
1.282055
1.282055
1.108652
1.108652
1.247899
1.247899
1.188842
1.188842
1.248342
1.248342
1.218559
1.218559
1.275507
1.275507
1.278184
1.278184
1.237109
1.237109
1.323172
1.323172
1.317861
1.317861
1.361235
1.361235
1.357285
1.357285
1.223631
1.223631
1.214192
1.214192
1.397858
1.397858
1.379366
1.379366
1.239411
1.239411
1.165126
1.165126
1.082308
1.082308
1.371923
1.371923
1.386185
1.386185
1.371121
1.371121
1.366374
1.366374
1.250801
1.250801
1.154811
1.154811
1.285168
1.285168
1.227507
1.227507
1.302198
1.302198
1.367732
1.229200
1.367732
1.229200
1.379003
1.379003
1.363342
1.363342
1.367225
1.367225
1.289182
1.289182
1.330777
1.330777
1.215063
1.215063
1.104697
1.104697
1.307480
1.307480
1.369533
1.369533
1.295108
1.295108
1.263318
1.263318
1.285930
1.285930
1.322532
1.322532
1.225253
1.225253
1.164331
1.164331
1.260468
1.260468
1.342025
1.342025
1.351785
1.351785
1.355617
1.355617
1.275774
1.275774
1.388419
1.388419
1.285738
1.285738
1.369952
1.369952
1.264831
1.264831
1.023567
1.023567
1.388465
1.388465
1.372762
1.372762
1.164951
1.164951
1.338278
1.338278
1.315073
1.315073
1.102557
1.102557
1.399494
1.399494
1.303769
1.309712
1.303769
1.309712
1.383543
1.383543
1.208795
1.208795
1.336764
1.336764
1.373269
1.373269
1.395857
1.395857
1.336251
1.336251
1.285785
1.285785
1.158465
1.158465
1.191496
1.191496
1.395433
1.395433
1.159493
1.159493
1.186998
1.186998
1.375212
1.375212
1.368381
1.368381
1.115487
1.115487
1.159238
1.159238
1.280702
1.280702
1.398378
1.398378
1.080287
1.080287
1.389582
1.389582
1.301182
1.301182
1.220404
1.220404
1.277015
1.277015
1.132453
1.132453
1.390260
1.390260
1.336277
1.336277
1.387359
1.387359
1.336607
1.336607
1.399541
1.399541
1.321968
1.321968
1.338882
1.338882
1.275633
1.275633
1.308236
1.308236
1.370889
1.370889
1.276188
1.276188
1.316810
1.316810
1.359810
1.359810
1.259009
1.259009
1.284343
1.284343
1.380553
1.380553
1.390121
1.390121
1.349305
1.349305
1.357858
1.357858
1.351475
1.351475
1.244595
1.244595
1.150815
1.150815
1.196326
1.196326
1.199233
1.199233
1.386626
1.386626
1.221826
1.221826
1.270240
1.270240
1.134772
1.134772
1.259442
1.259442
1.371912
1.371912
1.289382
1.289382
1.314159
1.314159
1.390254
1.390254
1.290418
1.290418
1.309385
1.309385
1.364381
1.364381
1.317558
1.317558
1.263974
1.263974
1.026451
1.026451
1.137061
1.137061
1.375559
1.375559
1.337637
1.337637
1.351028
1.351028
1.203530
1.203530
1.119736
1.119736
1.270772
1.270772
1.345732
1.345732
1.232098
1.232098
1.302783
1.302783
1.231003
1.231003
1.378133
1.378133
1.359638
1.359638
1.095442
1.095442
1.377574
1.377574
1.380155
1.380155
1.350517
1.350517
1.303993
1.303993
1.378536
1.378536
1.358876
1.358876
1.244175
1.244175
1.398291
1.398291
1.379054
1.379054
1.232515
1.232515
1.092011
1.092011
1.223295
1.223295
1.158278
1.158278
1.249695
1.249695
1.196362
1.196362
1.214459
1.214459
1.283217
1.283217
1.386893
1.386893
1.214733
1.214733
1.369501
1.369501
1.187102
1.187102
1.369188
1.369188
1.193211
1.193211
1.362512
1.362512
1.216143
1.216143
1.285967
1.285967
