1.265894
1.265894
1.247261
1.247261
1.216863
1.216863
1.095141
1.095141
1.392136
1.392136
1.332711
1.332711
1.361734
1.263228
1.263228
1.361734
1.332711
1.332711
1.371158
1.371158
1.370019
1.370019
1.352501
1.352501
1.248164
1.248164
1.254665
1.254665
1.302212
1.302212
1.082845
1.082845
1.308155
1.308155
1.224730
1.224730
1.380153
1.380153
1.097403
1.097403
1.164230
1.164230
1.347069
1.347069
1.317251
1.317251
1.358166
1.358166
1.360065
1.360065
1.258792
1.258792
1.161242
1.161242
1.387243
1.387243
1.260130
1.260130
1.288671
1.288671
1.268576
1.268576
1.306081
1.306081
1.093888
1.210410
1.210410
1.093888
1.390094
1.390094
1.085118
1.085118
1.357848
1.357848
1.319856
1.319856
1.317259
1.317259
1.268482
1.134520
1.134520
1.268482
1.365752
1.365752
1.378131
1.308952
1.308952
1.378131
1.289358
1.289358
1.209331
1.209331
1.138711
1.138711
1.338515
1.338515
1.287927
1.287927
1.383554
1.383554
1.236774
1.219939
1.219939
1.236774
1.337073
1.337073
1.152826
1.152826
1.350571
1.350571
1.305319
1.305319
1.378143
1.378143
1.256547
1.256547
1.344409
1.344409
1.359825
1.359825
1.317353
1.317353
1.331120
1.331120
1.328710
1.328710
1.169271
1.169271
1.365189
1.365189
1.270437
1.270437
1.268265
1.268265
1.087575
1.087575
1.180789
1.180789
1.354673
1.354673
1.309488
1.309488
1.198483
1.198483
1.292024
1.292024
1.122169
1.122169
1.347908
1.347908
1.281429
1.281429
1.354112
1.354112
1.323510
1.323510
1.334767
1.334767
1.380347
1.380347
1.216408
1.216408
1.393287
1.393287
1.191041
1.191041
1.278980
1.278980
1.266209
1.266209
1.276011
1.276011
1.219749
1.219749
1.296494
1.296494
1.326865
1.326865
1.185628
1.185628
1.344942
1.344942
1.275821
1.275821
1.325988
1.325988
1.290448
1.290448
1.242368
1.242368
1.073279
1.073279
1.238627
1.238627
1.297527
1.297527
1.362337
1.362337
1.239874
1.239874
1.168502
1.168502
1.330742
1.330742
1.322381
1.322381
1.225453
1.225453
1.255661
1.255661
1.338133
1.338133
1.349430
1.349430
1.302203
1.302203
1.341114
1.341114
1.337211
1.337211
1.185242
1.185242
1.301644
1.301644
1.390298
1.390298
1.298041
1.298041
1.361787
1.361787
1.288160
1.288160
1.181677
1.181677
1.391523
1.391523
1.378263
1.378263
1.360439
1.360439
1.276949
1.276949
1.350288
1.350288
1.112442
1.112442
1.349695
1.349695
1.178323
1.178323
1.302435
1.302435
1.268958
1.268958
1.207869
1.207869
1.299345
1.299345
1.394406
1.394406
1.394694
1.394694
1.388479
1.388479
1.290318
1.290318
1.354922
1.354922
1.380572
1.380572
1.324993
1.324993
1.263232
1.263232
1.253953
1.253953
1.321899
1.321899
1.298986
1.298986
1.342417
1.342417
1.271396
1.271396
1.347207
1.347207
1.188188
1.188188
1.214793
1.214793
1.231568
1.231568
1.298360
1.298360
1.045939
1.045939
1.211440
1.211440
1.381739
1.381739
1.314569
1.314569
1.295795
1.295795
1.280404
1.280404
1.274367
1.274367
1.217882
1.217882
1.243403
1.243403
1.332690
1.332690
1.189823
1.189823
1.173035
1.173035
1.307416
1.307416
1.314556
1.314556
1.341353
1.341353
1.332990
1.332990
1.223750
1.223750
1.299099
1.299099
1.240224
1.240224
1.383213
1.383213
1.338899
1.338899
1.339207
1.339207
1.204155
1.204155
1.326574
1.326574
1.351310
1.351310
1.145266
1.145266
1.389369
1.389369
1.206997
1.206997
1.353358
1.353358
1.281822
1.281822
1.131361
1.131361
1.362891
1.362891
1.387361
1.387361
1.388474
1.388474
1.131000
1.131000
1.152922
1.152922
1.393342
1.393342
1.323056
1.323056
1.346083
1.346083
1.294224
1.294224
1.318043
1.318043
1.306186
1.293457
1.293457
1.306186
1.071677
1.071677
1.192872
1.192872
1.387029
1.387029
1.164519
1.164519
1.160539
1.160539
1.329013
1.329013
1.376301
1.376301
1.372051
1.372051
1.396422
1.396422
1.395653
1.395653
1.345289
1.345289
1.111656
1.111656
1.292286
1.292286
1.185131
1.185131
1.332203
1.332203
1.331952
1.331952
1.326426
1.326426
1.327556
1.327556
1.379375
1.379375
1.237748
1.237748
1.366182
1.366182
