1.309633
1.309633
1.346704
1.346704
1.169727
1.169727
1.061877
1.061877
1.330971
1.330971
1.235746
1.235746
1.233784
1.233784
1.264694
1.070149
1.070149
1.264694
1.376731
1.388813
1.388813
1.376731
1.363910
1.363910
1.339992
1.339992
1.313371
1.313371
1.127149
1.127149
1.298268
1.298268
1.209740
1.209740
1.306471
1.306471
1.343572
1.343572
1.386051
1.386051
1.241782
1.347189
1.241782
1.347189
1.391731
1.391731
1.235802
1.235802
1.372690
1.372690
1.366153
1.366153
1.191271
1.191271
1.159195
1.393431
1.393431
1.159195
1.163099
1.163099
1.373700
1.373700
1.381664
1.381664
1.265985
1.265985
1.088153
1.088153
1.024586
1.024586
1.297412
1.297412
1.254388
1.254388
1.207922
1.207922
1.225719
1.300044
1.300044
1.225719
1.342235
1.342235
1.331832
1.331832
1.386160
1.386160
1.168772
1.168772
1.361935
1.361935
1.167419
1.167419
1.337067
1.337067
1.360367
1.360367
1.180817
1.180817
1.257503
1.257503
1.308488
1.308488
1.392855
1.392855
1.386713
1.386713
1.107191
1.107191
1.148188
1.148188
1.214474
1.378042
1.378042
1.214474
1.145786
1.145786
1.343562
1.343562
1.359985
1.359985
1.278591
1.278591
1.395000
1.395000
1.111668
1.111668
1.282863
1.282863
1.315828
1.315828
1.198757
1.198757
1.307621
1.307621
1.238055
1.238055
1.330082
1.330082
1.228397
1.228397
1.029737
1.029737
1.198340
1.198340
1.260150
1.260150
1.345170
1.345170
1.382175
1.382175
1.285370
1.285370
1.346084
1.346084
1.207178
1.207178
1.241472
1.241472
1.104735
1.104735
1.372417
1.372417
1.325049
1.325049
1.051763
1.051763
1.347995
1.347995
1.396994
1.396994
1.160130
1.160130
1.324909
1.324909
1.270268
1.270268
1.300079
1.300079
1.257150
1.257150
1.119679
1.119679
1.247328
1.247328
1.333975
1.333975
1.327014
1.327014
1.385843
1.385843
1.174800
1.174800
1.372872
1.372872
1.376284
1.376284
1.093980
1.093980
1.328482
1.328482
1.359554
1.359554
1.284645
1.284645
1.202942
1.202942
1.256985
1.256985
1.309892
1.309892
1.390583
1.390583
1.353668
1.353668
1.302225
1.302225
1.262285
1.262285
1.059231
1.059231
1.285297
1.285297
1.107690
1.107690
1.188273
1.188273
1.250141
1.250141
1.264785
1.264785
1.065247
1.065247
1.353335
1.353335
1.202781
1.202781
1.251022
1.251022
1.064170
1.064170
1.263866
1.263866
1.064670
1.064670
1.330359
1.330359
1.318314
1.318314
1.371815
1.371815
1.252406
1.252406
1.282056
1.282056
1.108169
1.108169
1.394649
1.394649
1.142059
1.142059
1.349336
1.349336
1.082675
1.082675
1.150757
1.150757
1.281099
1.281099
1.167114
1.167114
1.165952
1.165952
1.338632
1.338632
1.225307
1.225307
1.170601
1.170601
1.267357
1.267357
1.367190
1.367190
1.305807
1.305807
1.222397
1.222397
1.392334
1.392334
1.389167
1.389167
1.211239
1.211239
1.210866
1.210866
1.194438
1.194438
1.285993
1.285993
1.399348
1.399348
1.246095
1.246095
1.284171
1.284171
1.290003
1.290003
1.056391
1.056391
1.151368
1.151368
1.118273
1.118273
1.279980
1.279980
1.396492
1.396492
1.139217
1.139217
1.312646
1.312646
1.255714
1.255714
1.268696
1.268696
1.390671
1.390671
1.301886
1.301886
1.290924
1.290924
1.369019
1.369019
1.262435
1.262435
1.376856
1.376856
1.383051
1.383051
1.275384
1.275384
1.261464
1.261464
1.254705
1.254705
1.286351
1.286351
1.327345
1.327345
1.393953
1.393953
1.285740
1.285740
1.296432
1.296432
1.313463
1.313463
1.288626
1.288626
1.311476
1.311476
1.148754
1.148754
1.375154
1.375154
1.294525
1.294525
1.345295
1.345295
1.147704
1.147704
1.385500
1.385500
1.099658
1.099658
1.195181
1.195181
1.292086
1.292086
1.360939
1.360939
1.352259
1.352259
1.090545
1.090545
1.303196
1.303196
1.389851
1.389851
1.355091
1.355091
1.145894
1.145894
1.212601
1.212601
1.286775
1.286775
1.387502
1.387502
1.184788
1.184788
1.348989
1.348989
1.362034
1.362034
1.387049
1.387049
1.323623
1.323623
1.189445
1.189445
1.262474
1.262474
1.341573
1.341573
1.303517
1.303517
1.334294
1.334294
1.366242
1.366242
1.165972
1.165972
1.222074
1.222074
1.162649
1.162649
1.341141
1.341141
1.176071
1.176071
1.123451
1.123451
1.236060
1.236060
1.313861
1.313861
1.352323
1.352323
1.266544
1.266544
1.199827
1.199827
1.348204
1.348204
1.326478
1.326478
1.379234
1.379234
1.260122
1.260122
1.260457
1.260457
1.284955
1.284955
1.304307
1.304307
1.390737
1.390737
1.362867
1.362867
1.364791
1.364791
1.334907
1.334907
1.383036
1.383036
1.352484
1.352484
