1.166526
1.166526
1.239725
1.239725
1.257643
1.039823
1.039823
1.257643
1.249614
1.249614
1.396427
1.396427
1.379654
1.379654
1.139550
1.139550
1.297426
1.297426
1.022013
1.022013
1.394291
1.394291
1.309470
1.309470
1.361524
1.361524
1.231944
1.231944
1.207882
1.207882
1.186160
1.186160
1.386583
1.386583
1.293448
1.293448
1.190905
1.190905
1.399583
1.399583
1.389119
1.389119
1.304987
1.304987
1.088538
1.088538
1.339895
1.339895
1.235077
1.235077
1.386922
1.386922
1.079711
1.079711
1.259326
1.259326
1.223436
1.223436
1.387148
1.387148
1.258820
1.258820
1.341495
1.341495
1.241894
1.241894
1.372465
1.372465
1.332140
1.332140
1.282036
1.282036
1.267220
1.267220
1.395250
1.395250
1.191872
1.191872
1.185742
1.185742
1.342624
1.342624
1.383738
1.383738
1.323003
1.323003
1.314639
1.314639
1.063166
1.063166
1.141438
1.141438
1.359258
1.359258
1.195807
1.195807
1.382932
1.382932
1.357368
1.357368
1.304870
1.304870
1.397076
1.397076
1.353230
1.353230
1.208567
1.208567
1.057828
1.057828
1.199887
1.199887
1.282940
1.282940
1.102975
1.102975
1.332974
1.332974
1.242737
1.242737
1.385215
1.385215
1.368456
1.376298
1.376298
1.364077
1.364077
1.368456
1.304393
1.304393
1.287613
1.287613
1.369047
1.369047
1.235249
1.235249
1.295885
1.295885
1.341186
1.341186
1.397937
1.397937
1.364611
1.364611
1.363921
1.363921
1.397305
1.397305
1.344575
1.344575
1.395946
1.395946
1.313294
1.313294
1.355542
1.355542
1.389797
1.389797
1.306494
1.306494
1.363422
1.363422
1.107049
1.107049
1.351625
1.351625
1.350945
1.350945
1.314996
1.314996
1.361188
1.361188
1.344002
1.344002
1.192587
1.222641
1.222641
1.192587
1.351185
1.351185
1.310701
1.310701
1.228422
1.228422
1.288877
1.288877
1.391486
1.391486
1.205506
1.205506
1.305133
1.305133
1.352900
1.352900
1.320845
1.320845
1.213217
1.213217
1.189370
1.189370
1.138157
1.138157
1.336707
1.336707
1.101175
1.101175
1.322485
1.322485
1.366479
1.366479
1.393727
1.393727
1.372287
1.372287
1.340942
1.340942
1.177278
1.177278
1.325543
1.325543
1.011965
1.011965
1.392695
1.392695
1.302024
1.302024
1.289654
1.289654
1.377846
1.377846
1.241332
1.241332
1.309025
1.309025
1.222732
1.222732
1.329570
1.329570
1.238121
1.238121
1.365072
1.365072
1.357916
1.357916
1.301297
1.301297
1.303363
1.303363
1.340275
1.340275
1.295406
1.295406
1.218338
1.218338
1.311651
1.311651
1.347895
1.347895
1.207266
1.207266
1.352758
1.352758
1.300137
1.300137
1.385426
1.385426
1.266048
1.266048
1.274171
1.274171
1.341728
1.341728
1.383236
1.383236
1.297480
1.297480
1.360851
1.360851
1.384244
1.384244
1.286186
1.286186
1.341101
1.341101
1.339608
1.339608
1.315910
1.315910
1.180759
1.180759
1.268110
1.268110
1.253666
1.253666
1.182932
1.182932
1.326588
1.326588
1.209105
1.209105
1.164970
1.164970
1.293254
1.293254
1.229101
1.229101
1.364420
1.364420
1.389087
1.389087
1.225337
1.225337
1.260338
1.260338
1.168386
1.168386
1.301964
1.301964
1.371497
1.371497
1.382301
1.382301
1.145085
1.145085
1.395198
1.395198
1.222689
1.222689
1.353853
1.353853
1.117898
1.117898
1.390575
1.390575
1.301612
1.301612
1.348452
1.348452
1.312664
1.312664
1.158147
1.158147
1.343570
1.343570
1.298403
1.298403
1.394198
1.394198
1.391770
1.391770
1.193644
1.193644
1.173732
1.173732
