1.228738
1.228738
1.298585
1.298585
1.079315
1.079315
1.390445
1.390445
1.278560
1.278560
1.375541
1.375541
1.275332
1.275332
1.390893
1.390893
1.193816
1.193816
1.126019
1.126019
1.324969
1.324969
1.383436
1.383436
1.283830
1.283830
1.166872
1.166872
1.257988
1.257988
1.292870
1.292870
1.380211
1.380211
1.355883
1.355883
1.350351
1.326641
1.326641
1.393138
1.350351
1.393138
1.377152
1.377152
1.340569
1.340569
1.193551
1.193551
1.353161
1.353161
1.340648
1.340648
1.397388
1.397388
1.197377
1.197377
1.337175
1.337175
1.340680
1.340680
1.396148
1.396148
1.259133
1.259133
1.236602
1.236602
1.233115
1.233115
1.259478
1.259478
1.380005
1.380005
1.091756
1.091756
1.226010
1.226010
1.309985
1.309985
1.217420
1.217420
1.203617
1.203617
1.207213
1.207213
1.186824
1.186824
1.393751
1.393751
1.330122
1.330122
1.312387
1.312387
1.249045
1.249045
1.112979
1.112979
1.377601
1.377601
1.290369
1.290369
1.391300
1.391300
1.188024
1.188024
1.093965
1.093965
1.364741
1.364741
1.158805
1.158805
1.350445
1.350445
1.202624
1.202624
1.128855
1.128855
1.388078
1.388078
1.319743
1.319743
1.168788
1.168788
1.194444
1.194444
1.362679
1.362679
1.006951
1.006951
1.356657
1.356657
1.324639
1.324639
1.351632
1.351632
1.334324
1.334324
1.296576
1.296576
1.289691
1.289691
1.242101
1.242101
1.147602
1.147602
1.345076
1.345076
1.363532
1.363532
1.140172
1.140172
1.338955
1.338955
1.311458
1.311458
1.375098
1.375098
1.018005
1.018005
1.384094
1.384094
1.172383
1.172383
1.187045
1.187045
1.200090
1.200090
1.341789
1.341789
1.234906
1.234906
1.339888
1.339888
1.211459
1.211459
1.330885
1.330885
1.191294
1.191294
1.227247
1.227247
1.379063
1.379063
1.242281
1.242281
1.285444
1.285444
1.366415
1.366415
1.270988
1.270988
1.352628
1.352628
1.394703
1.394703
1.318600
1.318600
1.238758
1.238758
1.336982
1.336982
1.158448
1.158448
1.223449
1.223449
1.143970
1.143970
1.285940
1.285940
1.299184
1.299184
1.093749
1.093749
1.305400
1.305400
1.269303
1.269303
1.252545
1.252545
1.201298
1.201298
1.243039
1.243039
1.349124
1.349124
1.306802
1.306802
1.233235
1.233235
1.377448
1.377448
1.172648
1.172648
1.208324
1.208324
1.375756
1.375756
1.375645
1.375645
1.189720
1.189720
1.345063
1.345063
1.357622
1.357622
1.312208
1.312208
1.305535
1.305535
1.393501
1.393501
1.360894
1.360894
1.396495
1.396495
1.351667
1.351667
1.356686
1.356686
1.306022
1.306022
1.355977
1.355977
1.319231
1.319231
1.398404
1.398404
1.259816
1.259816
1.321917
1.321917
1.379904
1.379904
1.163401
1.163401
1.300570
1.300570
1.262510
1.262510
1.334989
1.334989
1.307704
1.307704
1.363020
1.363020
1.284286
1.284286
1.177091
1.177091
1.325272
1.325272
1.253831
1.253831
1.339933
1.339933
1.317610
1.317610
1.350399
1.350399
1.382121
1.382121
1.212845
1.212845
1.315937
1.315937
1.342104
1.342104
1.180122
1.180122
1.302882
1.302882
1.379668
1.379668
1.246292
1.246292
1.398771
1.398771
1.250792
1.250792
1.245111
1.245111
1.139885
1.139885
1.281955
1.281955
1.308815
1.308815
1.399422
1.399422
1.349940
1.349940
1.303327
1.303327
1.247379
1.247379
1.393287
1.393287
1.027079
1.027079
1.316882
1.316882
1.398120
1.398120
1.261986
1.261986
1.230502
1.230502
1.344540
1.344540
1.313020
1.313020
1.244908
1.244908
1.391191
1.391191
1.305593
1.305593
1.165239
1.165239
1.390714
1.390714
1.391696
1.391696
1.231590
1.231590
1.177669
1.177669
1.197648
1.197648
1.396415
1.396415
1.223783
1.223783
1.282217
1.282217
1.396633
1.396633
1.238830
1.238830
1.207622
1.207622
1.125894
1.125894
1.393045
1.393045
1.346162
1.346162
1.281754
1.281754
1.383592
1.383592
1.385386
1.385386
1.354712
1.354712
