1.073596
1.073596
1.378066
1.378066
1.330500
1.298905
1.298905
1.330500
1.177033
1.177033
1.341660
1.341660
1.286245
1.286245
1.134261
1.134261
1.306134
1.386867
1.306134
1.386867
1.336412
1.336412
1.236282
1.236282
1.367552
1.367552
1.340597
1.340597
1.332011
1.332011
1.206233
1.206233
1.365486
1.365486
1.309168
1.309168
1.360277
1.360277
1.308900
1.308900
1.151069
1.151069
1.273828
1.273828
1.386187
1.386187
1.289932
1.289932
1.279509
1.279509
1.304641
1.304641
1.258641
1.258641
1.325540
1.325540
1.299282
1.299282
1.327314
1.327314
1.071234
1.071234
1.264249
1.264249
1.340132
1.340132
1.044683
1.044683
1.385082
1.385082
1.352061
1.352061
1.288349
1.288349
1.177298
1.177298
1.132959
1.132959
1.258867
1.258867
1.093631
1.093631
1.186305
1.186305
1.254583
1.254583
1.178660
1.178660
1.188537
1.188537
1.334729
1.334729
1.378807
1.378807
1.306676
1.306676
1.265217
1.265217
1.211800
1.211800
1.352691
1.352691
1.373896
1.373896
1.135728
1.135728
1.180198
1.180198
1.291560
1.291560
1.364133
1.364133
1.248693
1.248693
1.331227
1.331227
1.301801
1.301801
1.335790
1.335790
1.352029
1.352029
1.390857
1.390857
1.391753
1.391753
1.117489
1.117489
1.193023
1.193023
1.265566
1.265566
1.150766
1.150766
1.347083
1.347083
1.369714
1.369714
1.291424
1.291424
1.362081
1.362081
1.352252
1.352252
1.364317
1.364317
1.389151
1.389151
1.359268
1.359268
1.240561
1.240561
1.383213
1.383213
1.343968
1.343968
1.189399
1.189399
1.314870
1.314870
1.265602
1.265602
1.300982
1.300982
1.049490
1.049490
1.181166
1.181166
1.354456
1.354456
1.309220
1.309220
1.219484
1.146987
1.219484
1.146987
1.172470
1.172470
1.393742
1.393742
1.293423
1.293423
1.220241
1.220241
1.320255
1.320255
1.223564
1.223564
1.224498
1.224498
1.352313
1.352313
1.348292
1.348292
1.328122
1.328122
1.325272
1.325272
1.338424
1.338424
1.281528
1.281528
1.371991
1.371991
1.113819
1.113819
1.300132
1.300132
1.321243
1.321243
1.198169
1.198169
1.304532
1.304532
1.363891
1.363891
1.247501
1.247501
1.360315
1.360315
1.331272
1.331272
1.282772
1.282772
1.236695
1.236695
1.278130
1.278130
1.314001
1.314001
1.141597
1.141597
1.380139
1.380139
1.083130
1.083130
1.342641
1.342641
1.262074
1.262074
1.169587
1.169587
1.344122
1.344122
1.397522
1.397522
1.384634
1.384634
1.370005
1.370005
1.348526
1.348526
1.366116
1.366116
1.102915
1.102915
1.132717
1.132717
1.078624
1.078624
1.300334
1.300334
1.299467
1.299467
1.188140
1.188140
1.262149
1.262149
1.370302
1.370302
1.306197
1.306197
1.270480
1.270480
1.188239
1.188239
1.369830
1.369830
1.389871
1.389871
1.348739
1.348739
1.301464
1.301464
1.335777
1.335777
1.328750
1.328750
1.244292
1.244292
1.164099
1.164099
1.204468
1.204468
1.370215
1.370215
1.281767
1.281767
1.345205
1.345205
1.306532
1.306532
1.356623
1.356623
1.216572
1.216572
1.343583
1.343583
1.177800
1.177800
1.141809
1.141809
1.371681
1.371681
1.349455
1.349455
1.334723
1.334723
1.292040
1.292040
1.230733
1.230733
1.308878
1.308878
1.229597
1.229597
1.378719
1.378719
1.256319
1.256319
1.274363
1.274363
1.093687
1.093687
1.112769
1.112769
1.357572
1.357572
1.286141
1.286141
1.328021
1.328021
1.307127
1.307127
1.184782
1.184782
1.343821
1.343821
1.359462
1.359462
1.106311
1.106311
