1.350141
1.350141
1.377262
1.377262
1.226648
1.226648
1.123008
1.123008
1.159194
1.159194
1.376996
1.376996
1.232647
1.232647
1.288141
1.288141
1.107818
1.107818
1.211185
1.211185
1.382172
1.382172
1.398784
1.398784
1.389488
1.389488
1.050889
1.050889
1.320725
1.320725
1.206687
1.206687
1.342582
1.342582
1.280449
1.280449
1.316687
1.316687
1.343757
1.343757
1.392765
1.392765
1.355926
1.355926
1.393094
1.393094
1.318687
1.318687
1.218810
1.218810
1.352226
1.352226
1.116436
1.116436
1.350370
1.350370
1.307577
1.307577
1.278793
1.278793
1.049617
1.049617
1.264696
1.264696
1.341361
1.341361
1.361907
1.361907
1.339400
1.339400
1.028818
1.028818
1.372434
1.372434
1.365703
1.365703
1.285840
1.285840
1.181949
1.181949
1.211837
1.211837
1.333301
1.333301
1.312775
1.312775
1.396026
1.396026
1.169457
1.169457
1.206264
1.206264
1.359346
1.359346
1.396377
1.396377
1.393979
1.393979
1.231551
1.231551
1.398615
1.398615
1.171791
1.171791
1.190185
1.190185
1.327567
1.327567
1.145513
1.145513
1.293847
1.293847
1.215284
1.215284
1.279592
1.279592
1.311947
1.311947
1.394553
1.394553
1.304587
1.304587
1.338849
1.338849
1.381717
1.381717
1.374378
1.374378
1.332799
1.332799
1.385488
1.385488
1.373731
1.373731
1.252147
1.252147
1.390909
1.390909
1.077789
1.077789
1.308490
1.308490
1.238553
1.238553
1.376963
1.376963
1.381992
1.381992
1.041967
1.041967
1.368596
1.368596
1.206040
1.206040
1.394880
1.394880
1.292904
1.292904
1.233506
1.233506
1.386886
1.386886
1.208012
1.208012
1.177791
1.177791
1.257417
1.257417
1.340484
1.340484
1.371155
1.371155
1.375117
1.375117
1.278573
1.278573
1.352285
1.352285
1.342460
1.342460
1.305067
1.305067
1.286137
1.286137
1.382112
1.382112
1.387239
1.387239
1.056669
1.056669
1.284845
1.284845
1.358642
1.358642
1.363610
1.363610
1.132433
1.132433
1.260036
1.260036
1.253141
1.253141
1.366658
1.357564
1.366658
1.357564
1.325656
1.325656
1.372870
1.372870
1.172761
1.172761
1.320523
1.320523
1.349632
1.349632
1.375572
1.375572
1.165815
1.165815
1.379734
1.379734
1.306094
1.306094
1.182614
1.182614
1.243738
1.243738
1.388024
1.388024
1.349695
1.349695
1.386580
1.386580
1.354810
1.354810
1.335308
1.335308
1.394541
1.394541
1.392932
1.392932
1.356260
1.356260
1.362910
1.362910
1.372394
1.372394
1.230544
1.230544
1.152676
1.152676
1.312318
1.312318
1.380077
1.380077
1.390552
1.390552
1.291946
1.291946
1.398800
1.398800
1.260001
1.260001
1.384773
1.384773
1.191023
1.191023
1.394908
1.394908
1.316776
1.316776
1.243279
1.243279
1.320501
1.320501
1.181466
1.181466
1.214446
1.214446
1.303922
1.303922
1.132773
1.132773
1.331530
1.331530
1.393962
1.393962
1.320426
1.320426
1.255270
1.255270
1.186191
1.186191
1.337257
1.337257
1.136451
1.136451
1.330834
1.330834
1.393049
1.393049
1.258678
1.258678
1.397756
1.397756
1.396373
1.396373
1.061345
1.061345
1.382677
1.382677
1.267898
1.267898
1.190313
1.190313
1.360794
1.360794
1.352676
1.352676
1.395503
1.395503
1.370295
1.370295
1.210641
1.210641
1.393630
1.393630
1.237044
1.237044
1.250961
1.250961
1.380242
1.380242
1.284847
1.284847
1.302269
1.302269
1.219983
1.219983
1.156826
1.156826
1.144248
1.144248
1.160517
1.160517
1.355565
1.355565
1.122809
1.122809
1.308687
1.308687
1.146840
1.146840
1.254496
1.254496
1.257647
1.257647
1.338178
1.338178
1.385831
1.385831
1.351022
1.351022
1.324557
1.324557
1.088757
1.088757
1.155747
1.155747
1.118896
1.118896
1.314638
1.314638
1.186979
1.186979
1.302938
1.302938
1.028633
1.028633
1.358322
1.358322
1.128368
1.128368
1.208705
1.208705
1.363393
1.363393
1.395037
1.395037
1.211873
1.211873
1.226517
1.226517
1.380824
1.380824
1.356595
1.356595
1.245442
1.245442
1.251710
1.251710
1.358622
1.358622
1.356711
1.356711
1.317736
1.317736
1.395544
1.395544
1.259938
1.259938
1.311255
1.311255
1.389860
1.389860
1.187378
1.187378
1.323322
1.323322
1.383580
1.383580
1.316143
1.316143
