1.342554
1.342554
1.253821
1.253821
1.367334
1.367334
1.314023
1.314023
1.300728
1.300728
1.368510
1.368510
1.122427
1.122427
1.362528
1.362528
1.326228
1.326228
1.339624
1.339624
1.342369
1.342369
1.317134
1.317134
1.287748
1.287748
1.243342
1.243342
1.399544
1.399544
1.260364
1.260364
1.360184
1.360184
1.308580
1.308580
1.266961
1.266961
1.152951
1.152951
1.387436
1.387436
1.306192
1.306192
1.390401
1.393650
1.390401
1.393650
1.397939
1.397939
1.387724
1.387724
1.355407
1.355407
1.284750
1.284750
1.240427
1.240427
1.310853
1.310853
1.350798
1.350798
1.377833
1.377833
1.144223
1.144223
1.385349
1.385349
1.353355
1.353355
1.258557
1.258557
1.239967
1.239967
1.367711
1.367711
1.365817
1.365817
1.344632
1.344632
1.248585
1.248585
1.190942
1.190942
1.183504
1.183504
1.342300
1.342300
1.299153
1.299153
1.327985
1.327985
1.331278
1.331278
1.024021
1.024021
1.384807
1.384807
1.340099
1.340099
1.378569
1.378569
1.315310
1.315310
1.394397
1.394397
1.186792
1.186792
1.321727
1.321727
1.141581
1.141581
1.240080
1.240080
1.398464
1.398464
1.374763
1.374763
1.248658
1.248658
1.353360
1.353360
1.307810
1.307810
1.201117
1.201117
1.287613
1.287613
1.349309
1.349309
1.107352
1.107352
1.382379
1.382379
1.288876
1.288876
1.377079
1.107407
1.107407
1.377079
1.397918
1.397918
1.390970
1.390970
1.257257
1.257257
1.221392
1.221392
1.371717
1.371717
1.304331
1.304331
1.383603
1.383603
1.369709
1.369709
1.375531
1.375531
1.151908
1.151908
1.394028
1.394028
1.324194
1.324194
1.302494
1.302494
1.141900
1.141900
1.205453
1.205453
1.276147
1.276147
1.257517
1.257517
1.348653
1.348653
1.262058
1.262058
1.040135
1.040135
1.377099
1.377099
1.100110
1.100110
1.383749
1.383749
1.351035
1.351035
1.322235
1.322235
1.277893
1.277893
1.276628
1.276628
1.351766
1.351766
1.190348
1.190348
1.365011
1.365011
1.340953
1.340953
1.336923
1.336923
1.220065
1.220065
1.333746
1.333746
1.385627
1.385627
1.294197
1.294197
1.252927
1.252927
1.243692
1.243692
1.291118
1.291118
1.326749
1.326749
1.188941
1.188941
1.396703
1.396703
1.121842
1.121842
1.399208
1.399208
1.235890
1.235890
1.336441
1.336441
1.346400
1.346400
1.284568
1.284568
1.358617
1.354898
1.354898
1.358617
1.308077
1.308077
1.203778
1.203778
1.371863
1.371863
1.354074
1.354074
1.185581
1.185581
1.118094
1.118094
1.182257
1.182257
1.355404
1.355404
1.070750
1.070750
1.277321
1.277321
1.357216
1.357216
1.396603
1.371865
1.371865
1.396603
1.075427
1.075427
1.172817
1.172817
1.398360
1.398360
1.269974
1.269974
1.350781
1.350781
1.310639
1.310639
1.289516
1.289516
1.317812
1.317812
1.330295
1.330295
1.383513
1.383513
1.200333
1.200333
1.363571
1.363571
1.372762
1.372762
1.023364
1.023364
1.384274
1.384274
1.377674
1.377674
1.370399
1.370399
1.257680
1.257680
1.317894
1.317894
1.374030
1.374030
1.254087
1.254087
1.303832
1.303832
1.281951
1.281951
1.339542
1.339542
1.240029
1.240029
1.372280
1.372280
1.165843
1.165843
1.245285
1.245285
1.296211
1.296211
1.126655
1.126655
1.293676
1.293676
1.295747
1.295747
1.376987
1.376987
1.259716
1.259716
1.359996
1.359996
1.367533
1.367533
1.385601
1.385601
1.303598
1.303598
1.317413
1.317413
1.373753
1.373753
1.136581
1.136581
1.347792
1.347792
1.070007
1.070007
1.248503
1.248503
1.114104
1.114104
1.286125
1.286125
1.396955
1.396955
1.257602
1.257602
1.324488
1.324488
1.301977
1.301977
1.315791
1.315791
1.313775
1.313775
1.333708
1.333708
1.286749
1.286749
1.149146
1.149146
1.338069
1.338069
1.371369
1.371369
1.316794
1.316794
1.238928
1.274693
1.238928
1.274693
1.299061
1.299061
1.382600
1.382600
1.322655
1.322655
1.116528
1.116528
1.176448
1.176448
1.276149
1.276149
1.293509
1.293509
1.343004
1.343004
1.218652
1.218652
1.385275
1.385275
1.277365
1.277365
1.280199
1.280199
1.343745
1.343745
1.251776
1.251776
1.043577
1.043577
1.129187
1.129187
1.151078
1.151078
1.344667
1.344667
1.376717
1.376717
1.287969
1.287969
1.228446
1.228446
1.313772
1.313772
1.266852
1.266852
1.287567
1.287567
1.259796
1.259796
1.338677
1.338677
1.388133
1.388133
1.353789
1.353789
1.312605
1.312605
1.299125
1.299125
1.337846
1.337846
1.278506
1.278506
1.040239
1.040239
1.057190
1.057190
1.287976
1.287976
1.287684
1.287684
1.245943
1.245943
1.363597
1.363597
1.340113
1.340113
1.397835
1.397835
1.274166
1.274166
1.229662
1.229662
1.088654
1.088654
1.225409
1.225409
1.395056
1.395056
1.353489
1.353489
1.328313
1.364183
1.328313
1.364183
1.131947
1.131947
1.328312
1.328312
1.245399
1.245399
1.374056
1.374056
1.284915
1.284915
1.396176
1.396176
1.291670
1.291670
1.364391
1.364391
1.193858
1.193858
1.203574
1.203574
1.236675
1.236675
1.257443
1.257443
1.397231
1.397231
1.284276
1.284276
1.164517
1.164517
1.260571
1.260571
1.238830
1.238830
1.303016
1.303016
1.132126
1.132126
1.237718
1.237718
1.283318
1.283318
1.248153
1.248153
1.327890
1.327890
1.304158
1.304158
1.117663
1.117663
1.398105
1.398105
1.175988
1.175988
1.393118
1.393118
1.359276
1.359276
1.254347
1.254347
1.255936
1.255936
1.399962
1.399962
1.336495
1.336495
1.356256
1.356256
1.383876
1.260911
1.260911
1.383876
1.193164
1.193164
1.337538
1.337538
1.262202
1.262202
1.118619
1.118619
1.375649
1.375649
1.120280
1.120280
1.324175
1.324175
1.242453
1.242453
1.109671
1.109671
1.205037
1.205037
