1.354023
1.354023
1.339768
1.339768
1.255299
1.255299
1.362486
1.362486
1.389163
1.389163
1.293220
1.293220
1.321575
1.321575
1.232357
1.232357
1.308191
1.308191
1.290792
1.290792
1.325602
1.325602
1.214063
1.214063
1.241178
1.241178
1.325566
1.325566
1.301606
1.301606
1.151502
1.151502
1.187598
1.187598
1.377837
1.377837
1.364118
1.364118
1.195076
1.195076
1.375478
1.375478
1.373491
1.373491
1.264945
1.264945
1.267371
1.267371
1.240359
1.240359
1.218296
1.218296
1.381243
1.381243
1.226557
1.226557
1.342683
1.342683
1.290947
1.290947
1.302717
1.302717
1.357834
1.357834
1.399992
1.399992
1.270354
1.270354
1.386523
1.386523
1.228818
1.228818
1.222403
1.222403
1.248738
1.248738
1.258257
1.258257
1.252859
1.252859
1.232874
1.232874
1.148001
1.367886
1.367886
1.148001
1.292988
1.292988
1.091014
1.091014
1.272699
1.272699
1.349171
1.349171
1.258105
1.258105
1.300509
1.300509
1.379071
1.379071
1.365508
1.051144
1.365508
1.051144
1.354613
1.354613
1.331669
1.331669
1.279572
1.279572
1.362238
1.362238
1.303714
1.303714
1.277081
1.277081
1.295238
1.295238
1.084730
1.084730
1.343671
1.343671
1.315609
1.315609
1.354970
1.120726
1.354970
1.120726
1.259651
1.259651
1.267070
1.267070
1.290529
1.290529
1.221759
1.221759
1.371649
1.371649
1.157939
1.157939
1.285778
1.285778
1.218014
1.218014
1.303018
1.303018
1.366076
1.258142
1.258142
1.366076
1.395778
1.395778
1.323173
1.323173
1.357268
1.357268
1.343930
1.343930
1.317101
1.317101
1.205416
1.205416
1.399253
1.399253
1.315228
1.315228
1.281159
1.281159
1.274645
1.274645
1.220732
1.220732
1.270525
1.270525
1.243025
1.243025
1.126900
1.126900
1.225814
1.225814
1.272069
1.272069
1.297916
1.297916
1.363935
1.363935
1.382977
1.382977
1.132486
1.132486
1.278127
1.278127
1.296738
1.296738
1.346397
1.346397
1.111764
1.111764
1.338734
1.338734
1.318370
1.318370
1.268061
1.268061
1.371602
1.371602
1.151634
1.151634
1.171351
1.171351
1.350874
1.350874
1.125400
1.125400
1.347873
1.347873
1.388650
1.388650
1.277780
1.277780
1.245431
1.245431
1.151125
1.151125
1.365410
1.365410
1.247260
1.247260
1.344703
1.344703
1.220895
1.220895
1.309452
1.309452
1.218420
1.218420
1.296184
1.296184
1.361787
1.361787
1.345898
1.345898
1.288509
1.288509
1.348768
1.348768
1.368779
1.368779
1.332578
1.332578
1.054167
1.054167
1.384576
1.384576
1.151445
1.151445
1.176190
1.176190
1.252529
1.252529
1.370622
1.370622
1.184988
1.184988
1.359904
1.359904
1.078436
1.078436
1.383504
1.383504
1.071431
1.071431
1.266085
1.266085
