1.335946
1.383301
1.335946
1.383301
1.324040
1.324040
1.309929
1.309929
1.323870
1.323870
1.285414
1.285414
1.084745
1.084745
1.212286
1.212286
1.136537
1.136537
1.347206
1.347206
1.184696
1.184696
1.381305
1.381305
1.317643
1.317643
1.268722
1.268722
1.324778
1.324778
1.345326
1.345326
1.391876
1.391876
1.345052
1.345052
1.312482
1.312482
1.204799
1.204799
1.235612
1.235612
1.240751
1.240751
1.278755
1.278755
1.110919
1.110919
1.347643
1.347643
1.310641
1.310641
1.381881
1.381881
1.335669
1.335669
1.248952
1.248952
1.076634
1.076634
1.384486
1.384486
1.395673
1.395673
1.290540
1.290540
1.393327
1.393327
1.275084
1.275084
1.235645
1.204610
1.204610
1.235645
1.397628
1.397628
1.380464
1.380464
1.385756
1.385756
1.334153
1.334153
1.095523
1.282018
1.282018
1.095523
1.344893
1.344893
1.361619
1.361619
1.393090
1.393090
1.278361
1.278361
1.373656
1.373656
1.222142
1.222142
1.249174
1.249174
1.107453
1.107453
1.339663
1.339663
1.132509
1.132509
1.111210
1.111210
1.352418
1.352418
1.056937
1.056937
1.356557
1.356557
1.399903
1.399903
1.303052
1.303052
1.291659
1.291659
1.353495
1.353495
1.385435
1.385435
1.397431
1.397431
1.359317
1.359317
1.217407
1.217407
1.393715
1.393715
1.386987
1.386987
1.124384
1.124384
1.260946
1.260946
1.396143
1.396143
1.279292
1.279292
1.275939
1.275939
1.318670
1.318670
1.285327
1.285327
1.143065
1.143065
1.218274
1.218274
1.347351
1.347351
1.262329
1.262329
1.225597
1.225597
1.383760
1.383760
1.370544
1.370544
1.331500
1.331500
1.399305
1.399305
1.338011
1.338011
1.016500
1.016500
1.180159
1.180159
1.352414
1.352414
1.313111
1.313111
1.287365
1.287365
1.366768
1.366768
1.059714
1.059714
1.320458
1.320458
1.133202
1.133202
1.230349
1.230349
1.356398
1.356398
1.176486
1.176486
1.141590
1.141590
1.160479
1.160479
1.364837
1.364837
1.322707
1.322707
1.285549
1.285549
1.337346
1.337346
1.243018
1.243018
1.200319
1.200319
1.378718
1.378718
1.173149
1.318274
1.173149
1.318274
1.288947
1.288947
1.100891
1.144625
1.100891
1.144625
1.353195
1.353195
1.187405
1.187405
1.233001
1.233001
1.317095
1.317095
1.374992
1.374992
1.325863
1.325863
1.393837
1.393837
1.126667
1.126667
1.373683
1.373683
1.374065
1.374065
1.348051
1.348051
1.317978
1.317978
1.203040
1.203040
1.326015
1.326015
1.339425
1.339425
1.316332
1.316332
1.326516
1.326516
1.384132
1.384132
1.194397
1.194397
1.267970
1.267970
1.237265
1.237265
1.240070
1.240070
1.394335
1.394335
1.379812
1.379812
1.378763
1.378763
1.281451
1.281451
1.279817
1.279817
1.270139
1.270139
1.364045
1.364045
1.388937
1.388937
1.366597
1.366597
1.122484
1.122484
1.217779
1.217779
1.391676
1.391676
1.278923
1.278923
1.130958
1.130958
1.245645
1.245645
1.244934
1.244934
1.324239
1.324239
1.166055
1.166055
1.287261
1.287261
1.327158
1.327158
1.253851
1.253851
1.248617
1.248617
1.342248
1.342248
1.366256
1.366256
1.328797
1.328797
1.344586
1.344586
1.390243
1.390243
1.275576
1.275576
1.182740
1.182740
1.106702
1.106702
1.315607
1.315607
1.160115
1.160115
1.191949
1.191949
1.349721
1.349721
1.369701
1.369701
1.275689
1.275689
1.228769
1.228769
1.152582
1.152582
1.082888
1.082888
1.350264
1.350264
1.062574
1.062574
1.375377
1.375377
1.236073
1.236073
1.280135
1.280135
1.102839
1.102839
1.331480
1.331480
1.370021
1.370021
1.378005
1.378005
1.395799
1.395799
1.378348
1.378348
1.167008
1.167008
1.051338
1.051338
1.398256
1.398256
1.361434
1.361434
1.359947
1.359947
1.158699
1.158699
1.045373
1.045373
1.356294
1.356294
1.370584
1.370584
1.084003
1.084003
1.384192
1.384192
1.312557
1.312557
1.362205
1.362205
1.202297
1.202297
1.264453
1.264453
1.226811
1.226811
1.166738
1.166738
1.148858
1.148858
1.242709
1.242709
1.238616
1.238616
1.361708
1.361708
1.373180
1.373180
1.310117
1.310117
1.329381
1.329381
1.320711
1.320711
1.237244
1.237244
1.376075
1.376075
1.136952
1.136952
1.368011
1.368011
1.296105
1.296105
1.389218
1.389218
1.350751
1.350751
1.382084
1.382084
1.348657
1.348657
1.224947
1.224947
1.075261
1.075261
1.300137
1.300137
1.313613
1.313613
1.254291
1.254291
1.255428
1.255428
1.290734
1.290734
1.269214
1.269214
1.346128
1.346128
1.297510
1.297510
1.319380
1.319380
1.298878
1.298878
1.316037
1.316037
1.261324
1.261324
1.329916
1.329916
1.354634
1.354634
1.230482
1.230482
1.262618
1.262618
1.289892
1.289892
1.365910
1.365910
1.257959
1.257959
1.347200
1.347200
1.247248
1.247248
1.298887
1.250671
1.298887
1.250671
1.394600
1.394600
1.368098
1.368098
1.266722
1.266722
1.370826
1.370826
1.340133
1.340133
1.317548
1.317548
1.242812
1.242812
1.299214
1.299214
1.288990
1.288990
