1.128904
1.128904
1.312745
1.312745
1.257689
1.257689
1.152920
1.252113
1.252113
1.152920
1.396286
1.396286
1.361352
1.361352
1.347029
1.347029
1.342037
1.342037
1.295642
1.295642
1.371358
1.371358
1.355457
1.355457
1.258627
1.258627
1.268617
1.268617
1.284493
1.284493
1.354694
1.354694
1.155668
1.155668
1.315537
1.315537
1.346948
1.346948
1.364687
1.364687
1.306697
1.306697
1.341302
1.341302
1.200858
1.200858
1.361864
1.361864
1.351739
1.351739
1.043580
1.043580
1.211560
1.211560
1.365680
1.365680
1.136728
1.136728
1.077566
1.077566
1.311259
1.311259
1.240680
1.240680
1.273099
1.273099
1.261051
1.261051
1.355971
1.355971
1.302658
1.302658
1.122637
1.122637
1.201994
1.201994
1.394503
1.394503
1.331028
1.331028
1.330519
1.330519
1.081855
1.081855
1.345757
1.345757
1.324089
1.324089
1.249250
1.249250
1.315233
1.315233
1.318454
1.318454
1.386151
1.386151
1.249482
1.249482
1.373575
1.373575
1.294231
1.294231
1.371389
1.371389
1.215699
1.215699
1.351248
1.351248
1.246764
1.246764
1.168731
1.168731
1.280391
1.280391
1.285474
1.285474
1.210398
1.210398
1.366736
1.366736
1.298543
1.298543
1.279893
1.279893
1.295171
1.295171
1.128299
1.128299
1.116942
1.116942
1.129639
1.129639
1.396162
1.396162
1.322206
1.322206
1.205283
1.205283
1.361885
1.361885
1.352781
1.352781
