1.339019
1.339019
1.326990
1.326990
1.331718
1.331718
1.264851
1.264851
1.384591
1.384591
1.342980
1.342980
1.190745
1.190745
1.220756
1.220756
1.277045
1.277045
1.365423
1.365423
1.346645
1.346645
1.181016
1.181016
1.223315
1.223315
1.237137
1.237137
1.258856
1.258856
1.287961
1.287961
1.137228
1.137228
1.250176
1.250176
1.384033
1.384033
1.225324
1.225324
1.172720
1.172720
1.267736
1.267736
1.331184
1.331184
1.218154
1.218154
1.312130
1.312130
1.389198
1.389198
1.255052
1.255052
1.366613
1.366613
1.361841
1.361841
1.370658
1.370658
1.218145
1.218145
1.292490
1.292490
1.136997
1.136997
1.365272
1.365272
1.256366
1.256366
1.394512
1.394512
1.234364
1.234364
1.311942
1.311942
1.280091
1.280091
1.260431
1.260431
1.335765
1.335765
1.362260
1.362260
1.282189
1.282189
1.174335
1.174335
1.167213
1.167213
1.344935
1.344935
1.364735
1.364735
1.217038
1.217038
1.287253
1.287253
1.338581
1.338581
1.275695
1.275695
1.334422
1.334422
1.198183
1.198183
1.227008
1.227008
1.088338
1.088338
1.136764
1.136764
1.281679
1.281679
1.333636
1.333636
1.381126
1.381126
1.368656
1.368656
1.336205
1.336205
1.371279
1.371279
1.368096
1.368096
1.372957
1.372957
1.305389
1.305389
1.320150
1.320150
1.303127
1.303127
1.029938
1.029938
