1.337158
1.337158
1.393707
1.393707
1.320358
1.320358
1.180997
1.180997
1.097907
1.097907
1.299114
1.299114
1.260238
1.260238
1.306843
1.306843
1.373020
1.373020
1.322806
1.322806
1.365512
1.365512
1.096998
1.096998
1.347379
1.347379
1.271610
1.271610
1.090416
1.090416
1.259601
1.259601
1.317240
1.317240
1.327252
1.327252
1.319539
1.319539
1.364574
1.364574
1.195031
1.195031
1.157446
1.157446
1.151991
1.151991
1.383187
1.383187
1.294530
1.294530
1.330580
1.330580
1.290863
1.290863
1.302168
1.302168
1.211448
1.211448
1.209263
1.209263
1.321309
1.321309
1.342916
1.342916
1.334727
1.334727
1.248203
1.248203
1.277390
1.277390
1.071359
1.071359
1.399032
1.399032
1.206221
1.206221
1.388339
1.388339
1.057698
1.057698
1.232302
1.232302
1.211827
1.211827
1.258278
1.258278
1.347452
1.347452
1.394475
1.394475
1.355496
1.355496
1.206266
1.206266
1.356468
1.356468
1.140390
1.140390
1.218641
1.218641
1.342954
1.342954
1.273445
1.273445
