1.348768
1.348768
1.213308
1.213308
1.315861
1.315861
1.273886
1.273886
1.380432
1.380432
1.202579
1.202579
1.365066
1.365066
1.345565
1.345565
1.246671
1.246671
1.315179
1.315179
1.323914
1.323914
1.104940
1.104940
1.311551
1.311551
1.268510
1.268510
1.367237
1.367237
1.297858
1.297858
1.331947
1.331947
1.288299
1.288299
1.285697
1.285697
1.262649
1.262649
1.294096
1.294096
1.300762
1.300762
1.399753
1.399753
1.378251
1.378251
1.334842
1.334842
1.297060
1.297060
1.340504
1.340504
1.276787
1.276787
1.356946
1.356946
1.391707
1.391707
1.215034
1.215034
1.351629
1.351629
1.326652
1.326652
1.354250
1.354250
1.310201
1.310201
1.309400
1.309400
1.246334
1.246334
1.302499
1.302499
1.241184
1.241184
1.380603
1.380603
1.282219
1.282219
1.264962
1.264962
1.264383
1.264383
1.189716
1.189716
1.385882
1.385882
1.263095
1.263095
1.366273
1.366273
1.130219
1.130219
1.318873
1.318873
