1.378699
1.378699
1.396584
1.396584
1.335317
1.335317
1.228900
1.228900
1.377279
1.377279
1.315646
1.315646
1.174533
1.174533
1.322223
1.322223
1.370291
1.370291
1.279220
1.279220
1.392532
1.392532
1.206803
1.206803
1.321658
1.321658
1.366896
1.366896
1.342200
1.342200
1.374546
1.374546
1.362198
1.362198
1.276610
1.276610
1.390714
1.390714
1.313757
1.313757
1.377987
1.377987
1.330867
1.330867
1.390830
1.390830
1.287336
1.287336
1.255284
1.255284
1.295421
1.295421
1.269524
1.269524
1.062518
1.062518
1.350715
1.350715
1.329374
1.329374
1.294049
1.294049
1.333742
1.333742
1.252513
1.252513
1.131443
1.131443
1.352605
1.352605
1.328648
1.328648
1.266681
1.266681
1.210259
1.210259
1.191419
1.191419
1.146008
1.146008
1.134121
1.134121
1.187868
1.187868
1.223009
1.223009
1.254471
1.254471
1.337783
1.337783
1.261729
1.261729
1.334163
1.334163
1.305145
1.305145
1.175109
1.175109
1.120785
1.120785
1.288616
1.288616
1.214931
1.214931
1.242576
1.242576
1.216026
1.216026
1.315681
1.315681
1.166561
1.166561
1.196943
1.196943
1.295449
1.295449
1.260729
1.260729
1.327670
1.327670
1.394249
1.394249
1.393282
1.393282
1.394372
1.394372
1.199322
1.199322
1.363593
1.363593
1.377503
1.377503
1.353775
1.353775
1.336481
1.336481
1.190353
1.190353
1.348900
1.348900
1.399910
1.399910
1.225672
1.225672
1.238218
1.238218
1.234275
1.234275
1.393201
1.393201
1.281805
1.281805
1.395673
1.395673
1.201081
1.201081
1.384343
1.384343
1.378548
1.378548
1.204129
1.204129
1.343732
1.343732
1.394387
1.394387
1.323360
1.323360
1.367524
1.367524
1.391923
1.391923
