1.354886
1.354886
1.361339
1.361339
1.286458
1.286458
1.199555
1.199555
1.324418
1.324418
1.370116
1.370116
1.280877
1.280877
1.314632
1.314632
1.383332
1.383332
1.363576
1.363576
1.232857
1.232857
1.361992
1.361992
1.372238
1.372238
1.227158
1.227158
1.109685
1.109685
1.223039
1.223039
1.377751
1.377751
1.289051
1.289051
1.184768
1.184768
1.365729
1.365729
1.387422
1.387422
1.126657
1.126657
1.097133
1.097133
1.319891
1.319891
1.388638
1.388638
1.294826
1.294826
1.232460
1.232460
1.291601
1.291601
1.348351
1.348351
1.300731
1.300731
1.193231
1.193231
1.143498
1.143498
1.155721
1.155721
1.326729
1.326729
1.207494
1.207494
1.371082
1.371082
1.375697
1.375697
1.367855
1.367855
1.241459
1.241459
1.356148
1.356148
1.381089
1.381089
1.353331
1.353331
