1.246648
1.246648
1.346506
1.346506
1.396094
1.396094
1.370431
1.370431
1.120761
1.120761
1.380542
1.380542
1.349925
1.349925
1.355921
1.355921
1.229880
1.229880
1.362237
1.362237
1.324982
1.324982
1.186508
1.186508
1.210610
1.210610
1.279942
1.279942
1.322342
1.322342
1.397179
1.397179
1.386530
1.386530
1.325209
1.325209
1.151590
1.151590
1.257911
1.257911
1.094390
1.094390
1.258330
1.258330
1.300037
1.300037
1.212398
1.212398
1.243805
1.243805
1.351568
1.351568
1.213584
1.213584
1.149019
1.149019
1.133759
1.133759
1.343371
1.343371
1.314387
1.314387
1.316422
1.316422
1.381037
1.381037
1.285281
1.285281
1.235929
1.235929
1.110668
1.110668
1.351732
1.351732
1.183086
1.183086
1.188842
1.188842
1.388016
1.388016
1.212523
1.212523
1.231481
1.231481
1.310508
1.310508
1.399263
1.399263
1.263140
1.263140
1.273468
1.273468
1.271270
1.271270
1.334352
1.334352
1.279243
1.279243
1.156115
1.156115
1.170081
1.170081
1.357457
1.357457
1.240801
1.240801
1.159588
1.159588
1.317039
1.317039
1.366477
1.366477
1.389667
1.389667
1.281465
1.281465
1.395958
1.395958
1.365135
1.365135
1.390729
1.390729
1.395426
1.395426
1.353756
1.353756
1.358953
1.358953
1.364168
1.364168
1.231077
1.231077
1.344629
1.344629
1.276412
1.276412
