1.396972
1.396972
1.380389
1.380389
1.237080
1.237080
1.114074
1.114074
1.086767
1.086767
1.329395
1.329395
1.175152
1.175152
1.351768
1.351768
1.261525
1.261525
1.330863
1.330863
1.215033
1.215033
1.305625
1.305625
1.091203
1.091203
1.363655
1.363655
1.309848
1.309848
1.314037
1.314037
1.237980
1.237980
1.393203
1.393203
1.255344
1.255344
1.147628
1.147628
1.210110
1.210110
1.307252
1.307252
1.319056
1.319056
1.395831
1.395831
1.233306
1.233306
1.177974
1.177974
1.110660
1.110660
1.264527
1.264527
1.393305
1.393305
1.339420
1.339420
1.194070
1.194070
1.314373
1.314373
1.376613
1.376613
1.385645
1.385645
1.085300
1.085300
1.182422
1.182422
1.269294
1.269294
1.239880
1.239880
1.362862
1.362862
1.392055
1.392055
1.272722
1.272722
1.370132
1.370132
1.138940
1.138940
1.317555
1.317555
1.331370
1.331370
1.395595
1.395595
1.394502
1.394502
1.399739
1.399739
1.376190
1.376190
1.390722
1.390722
1.126314
1.126314
1.213175
1.213175
1.095715
1.095715
1.346534
1.346534
1.399698
1.399698
1.258320
1.258320
1.370385
1.370385
1.304984
1.304984
1.099116
1.099116
1.135022
1.135022
1.226327
1.226327
1.200882
1.200882
1.341862
1.341862
1.388756
1.388756
1.273654
1.273654
1.351689
1.351689
1.323571
1.323571
1.175891
1.175891
