1.163594
1.163594
1.345154
1.345154
1.145977
1.145977
1.252915
1.252915
1.305861
1.305861
1.091682
1.091682
1.329853
1.329853
1.385715
1.385715
1.276873
1.276873
1.293411
1.293411
1.316330
1.316330
1.184017
1.184017
1.330976
1.330976
1.087245
1.087245
1.182141
1.182141
1.324630
1.324630
1.341046
1.341046
1.179583
1.179583
1.374834
1.374834
1.175158
1.175158
1.341431
1.341431
1.234987
1.234987
1.312587
1.312587
1.242211
1.242211
1.394004
1.394004
1.380696
1.380696
1.183810
1.183810
1.295393
1.295393
1.388298
1.388298
1.343579
1.343579
1.142182
1.142182
1.339094
1.339094
1.321652
1.321652
1.106264
1.106264
1.331713
1.331713
1.267300
1.267300
1.363744
1.363744
1.369095
1.369095
1.330585
1.330585
1.391755
1.391755
1.334009
1.334009
1.279777
1.279777
1.259885
1.259885
1.338768
1.338768
1.207567
1.207567
1.367820
1.367820
1.373998
1.373998
1.337660
1.337660
1.321274
1.321274
1.227390
1.227390
1.316160
1.316160
1.299715
1.299715
