1.387812
1.387812
1.363126
1.363126
1.395909
1.395909
1.119978
1.119978
1.281474
1.281474
1.329973
1.329973
1.363329
1.363329
1.386637
1.386637
1.269289
1.269289
1.315357
1.315357
1.362497
1.362497
1.077277
1.077277
1.351012
1.351012
1.344028
1.344028
1.270239
1.270239
1.234037
1.234037
1.297410
1.297410
1.330159
1.330159
1.314819
1.314819
1.241856
1.241856
1.226881
1.226881
1.308672
1.308672
1.102307
1.102307
1.289529
1.289529
1.363988
1.363988
1.140176
1.140176
1.367400
1.373561
1.373561
1.367400
1.338974
1.338974
1.364866
1.364866
1.262100
1.262100
1.326370
1.326370
1.068246
1.068246
1.270875
1.270875
1.254417
1.254417
1.320418
1.320418
1.386963
1.386963
1.238614
1.238614
1.188679
1.188679
1.124095
1.124095
1.391432
1.391432
1.072787
1.072787
1.185150
1.185150
1.309100
1.309100
1.354740
1.354740
1.166170
1.166170
1.135321
1.135321
1.355222
1.355222
1.399551
1.399551
1.256988
1.256988
1.135918
1.135918
1.273440
1.273440
1.370919
1.370919
1.359203
1.359203
1.283052
1.283052
1.293089
1.293089
1.390093
1.390093
1.135061
1.135061
1.219586
1.219586
1.262696
1.262696
1.353791
1.353791
1.353455
1.353455
1.364022
1.364022
1.237133
1.237133
1.045582
1.045582
1.382303
1.382303
1.181911
1.181911
1.271162
1.271162
1.331353
1.331353
1.198136
1.198136
1.284848
1.284848
1.266113
1.266113
1.353166
1.353166
1.145496
1.145496
1.352634
1.352634
1.084211
1.084211
1.361778
1.361778
1.230554
1.230554
1.254316
1.254316
1.262150
1.262150
