1.102652
1.313126
1.102652
1.274028
1.313126
1.274028
1.375937
1.375937
1.348594
1.348594
1.375036
1.375036
1.222713
1.222713
1.183140
1.183140
1.299517
1.299517
1.191521
1.191521
1.375834
1.375834
1.284375
1.284375
1.390448
1.390448
1.257784
1.257784
1.263094
1.263094
1.298746
1.298746
1.312040
1.312040
1.326209
1.326209
1.234022
1.234022
1.126377
1.126377
1.346316
1.346316
1.371763
1.371763
1.361918
1.361918
1.275268
1.275268
1.349520
1.349520
1.299790
1.299790
1.245694
1.245694
1.391170
1.391170
1.384637
1.384637
1.389593
1.389593
1.384034
1.384034
1.263783
1.263783
1.273845
1.273845
1.348890
1.348890
1.364278
1.364278
1.319252
1.319252
1.268448
1.268448
1.278804
1.278804
1.299425
1.299425
1.308797
1.308797
1.358257
1.358257
1.284531
1.284531
1.317401
1.317401
1.292236
1.292236
1.341837
1.341837
1.380861
1.380861
1.390399
1.390399
1.200725
1.200725
1.163869
1.163869
