1.339409
1.339409
1.366825
1.366825
1.373224
1.373224
1.207763
1.207763
1.389967
1.389967
1.164864
1.164864
1.323024
1.323024
1.318647
1.318647
1.240387
1.240387
1.360394
1.360394
1.376899
1.376899
1.340189
1.340189
1.225975
1.225975
1.393488
1.393488
1.322887
1.322887
1.340111
1.340111
1.387993
1.387993
1.246411
1.246411
1.388250
1.388250
1.286807
1.286807
1.337220
1.337220
1.294466
1.294466
1.183108
1.183108
1.333343
1.333343
1.319006
1.319006
1.346237
1.346237
1.342358
1.342358
1.353126
1.353126
1.018398
1.018398
1.330893
1.330893
1.389711
1.389711
1.235050
1.235050
1.189989
1.189989
1.089849
1.089849
1.278022
1.278022
1.193749
1.193749
1.197229
1.197229
1.389846
1.389846
1.394554
1.394554
1.342169
1.342169
1.304046
1.304046
1.332799
1.332799
1.243231
1.243231
1.369321
1.369321
1.315633
1.315633
1.323538
1.323538
1.289227
1.289227
1.218102
1.218102
1.327182
1.327182
1.225799
1.225799
1.376691
1.376691
