1.398661
1.327177
1.327177
1.398661
1.357652
1.357652
1.250043
1.250043
1.333254
1.333254
1.294079
1.294079
1.254881
1.254881
1.382157
1.382157
1.119096
1.119096
1.339080
1.339080
1.219142
1.219142
1.274798
1.274798
1.032121
1.032121
1.373346
1.373346
1.188635
1.188635
1.324702
1.324702
1.366392
1.366392
1.338406
1.338406
1.281317
1.281317
1.371233
1.371233
1.397690
1.397690
1.232616
1.232616
1.197116
1.197116
1.061809
1.061809
1.397627
1.397627
1.114479
1.114479
1.337603
1.337603
1.281769
1.281769
1.173320
1.173320
1.332614
1.332614
1.371444
1.371444
1.338631
1.338631
1.263016
1.263016
1.374410
1.374410
1.363603
1.363603
1.174989
1.174989
1.268222
1.268222
1.285775
1.285775
1.240656
1.240656
1.379956
1.379956
1.395279
1.395279
1.162025
1.162025
1.289881
1.289881
1.272345
1.272345
1.186271
1.186271
1.081455
1.081455
1.292403
1.292403
1.362260
1.362260
1.360224
1.360224
1.235167
1.235167
1.244458
1.244458
1.167718
1.167718
1.338186
1.338186
1.290899
1.290899
1.276528
1.276528
1.283703
1.283703
1.094944
1.094944
1.193756
1.193756
1.331731
1.331731
1.262568
1.262568
1.232328
1.232328
1.326469
1.326469
1.234983
1.234983
1.269823
1.269823
1.111020
1.111020
1.223209
1.223209
1.191751
1.191751
