1.397261
1.397261
1.256326
1.256326
1.354593
1.354593
1.242704
1.242704
1.295354
1.295354
1.384426
1.384426
1.361477
1.361477
1.196254
1.196254
1.202089
1.202089
1.258775
1.258775
1.378312
1.378312
1.381787
1.381787
1.222116
1.222116
1.294792
1.294792
1.204165
1.204165
1.188211
1.188211
1.151434
1.151434
1.356514
1.356514
1.280150
1.280150
1.398316
1.398316
1.386642
1.386642
1.258714
1.258714
1.170879
1.170879
1.304261
1.304261
1.371632
1.371632
1.282833
1.282833
1.362636
1.362636
1.210751
1.210751
1.291504
1.291504
1.305000
1.305000
1.155080
1.155080
1.082430
1.082430
1.197945
1.197945
1.254785
1.254785
1.258276
1.258276
1.341311
1.341311
1.259690
1.259690
1.377728
1.377728
1.329818
1.329818
1.397099
1.397099
1.265166
1.265166
1.387043
1.387043
1.314231
1.314231
1.397134
1.397134
1.209692
1.209692
