1.366648
1.366648
1.253046
1.253046
1.378745
1.378745
1.374648
1.374648
1.355133
1.355133
1.170323
1.363746
1.363746
1.170323
1.184147
1.184147
1.330735
1.330735
1.331679
1.348472
1.331679
1.348472
1.288561
1.288561
1.350369
1.350369
1.322124
1.322124
1.143079
1.143079
1.230226
1.230226
1.183358
1.183358
1.346312
1.346312
1.323705
1.323705
1.212587
1.212587
1.315411
1.315411
1.321460
1.321460
1.367012
1.367012
1.384812
1.384812
1.331329
1.331329
1.249058
1.249058
1.383605
1.383605
1.121410
1.121410
1.239685
1.239685
1.203830
1.203830
1.134477
1.134477
1.387598
1.387598
1.274552
1.274552
1.387214
1.387214
1.250087
1.250087
1.249322
1.249322
1.352590
1.352590
1.229990
1.229990
1.314846
1.314846
1.290382
1.290382
1.349197
1.349197
1.365666
1.365666
1.179841
1.179841
1.383592
1.383592
1.127875
1.127875
1.335638
1.335638
1.316001
1.316001
1.314970
1.314970
1.222812
1.222812
1.354713
1.354713
1.266839
1.266839
1.098945
1.098945
1.374193
1.374193
1.247718
1.247718
1.118129
1.118129
1.321429
1.321429
1.183077
1.183077
1.346764
1.346764
1.231601
1.231601
1.235974
1.235974
1.229088
1.229088
1.214798
1.214798
1.386225
1.386225
1.354875
1.354875
1.358313
1.358313
1.279030
1.279030
1.354333
1.354333
1.201224
1.201224
1.304684
1.304684
1.374006
1.374006
1.289152
1.289152
1.305880
1.305880
1.158104
1.158104
1.199523
1.199523
1.382531
1.382531
1.286316
1.286316
1.180714
1.180714
1.329300
1.329300
1.345093
1.345093
1.272338
1.272338
1.365465
1.365465
1.254649
1.254649
1.200507
1.200507
1.365770
1.365770
1.297907
1.297907
1.388085
1.388085
1.213040
1.213040
1.310999
1.310999
1.375287
1.375287
1.232610
1.232610
1.344762
1.344762
1.347941
1.347941
1.281456
1.281456
1.172713
1.172713
1.229755
1.229755
1.228628
1.228628
1.374274
1.374274
1.270082
1.270082
1.364822
1.364822
1.363472
1.363472
1.283412
1.283412
1.276021
1.276021
1.365229
1.365229
1.310452
1.310452
1.358159
1.358159
1.149374
1.149374
1.141587
1.141587
1.241592
1.241592
1.254891
1.254891
1.267505
1.267505
1.304205
1.304205
1.348346
1.348346
1.297120
1.297120
1.157202
1.157202
1.305277
1.305277
1.298067
1.298067
1.327427
1.327427
1.347789
1.347789
1.263082
1.263082
1.399592
1.399592
1.226113
1.226113
1.106607
1.106607
1.104113
1.104113
1.217886
1.217886
1.257942
1.257942
1.336581
1.336581
1.372346
1.372346
1.197055
1.197055
1.196982
1.196982
1.387127
1.387127
1.150844
1.150844
1.364911
1.364911
1.353043
1.353043
1.375987
1.375987
1.377026
1.377026
1.239686
1.239686
1.214718
1.214718
1.273272
1.273272
1.299257
1.299257
1.272786
1.272786
1.366565
1.366565
1.025571
1.025571
1.317318
1.317318
1.277427
1.277427
1.388545
1.388545
1.393600
1.393600
1.323328
1.323328
1.349305
1.349305
1.233161
1.233161
1.367996
1.367996
1.290625
1.290625
1.323877
1.323877
1.309776
1.309776
1.159420
1.159420
1.363082
1.363082
1.179396
1.179396
1.222655
1.222655
1.255691
1.385370
1.385370
1.255691
1.099883
1.099883
1.248144
1.248144
1.396481
1.396481
1.279141
1.279141
1.301824
1.301824
1.252293
1.252293
1.362187
1.362187
1.303146
1.303146
1.333679
1.333679
1.148117
1.148117
1.142420
1.142420
1.104318
1.104318
1.047139
1.047139
1.345909
1.345909
1.222132
1.222132
1.328276
1.328276
1.326437
1.326437
1.344089
1.344089
1.386708
1.386708
1.378728
1.378728
