1.303602
1.303602
1.174977
1.174977
1.352307
1.352307
1.287944
1.287944
1.180221
1.180221
1.313229
1.313229
1.271059
1.271059
1.292566
1.292566
1.224000
1.224000
1.325507
1.325507
1.285808
1.285808
1.372473
1.372473
1.366965
1.366965
1.370876
1.384031
1.384031
1.370876
1.350919
1.350919
1.341153
1.246602
1.341153
1.246602
1.367125
1.367125
1.394768
1.394768
1.174541
1.174541
1.319877
1.319877
1.243445
1.243445
1.283211
1.283211
1.179296
1.179296
1.198387
1.198387
1.271946
1.271946
1.375877
1.375877
1.371923
1.371923
1.126279
1.126279
1.265607
1.265607
1.311876
1.311876
1.300719
1.300719
1.399184
1.399184
1.374822
1.374822
1.399581
1.399581
1.364212
1.364212
1.396694
1.396694
1.365392
1.365392
1.288957
1.288957
1.389911
1.389911
1.004722
1.004722
1.351814
1.351814
1.296776
1.296776
1.322332
1.322332
1.348679
1.348679
1.165227
1.165227
1.208557
1.208557
1.266764
1.266764
1.144602
1.144602
1.269815
1.269815
1.303971
1.303971
1.367749
1.367749
1.303209
1.303209
1.387253
1.387253
1.310897
1.310897
1.110741
1.110741
1.196178
1.196178
1.329002
1.329002
1.329321
1.329321
1.381714
1.381714
1.213253
1.213253
1.094087
1.094087
1.333705
1.333705
1.259153
1.259153
1.394450
1.394450
1.372835
1.372835
1.232625
1.232625
1.368660
1.368660
1.398060
1.398060
1.356632
1.356632
1.384168
1.384168
1.187785
1.187785
1.206071
1.206071
1.388106
1.388106
1.268527
1.268527
1.350825
1.350825
1.264405
1.264405
1.081347
1.081347
1.232698
1.232698
1.380352
1.380352
1.359989
1.359989
1.121409
1.121409
1.242863
1.242863
1.252771
1.252771
1.360153
1.360153
1.152404
1.152404
1.181881
1.181881
1.294465
1.294465
1.375428
1.375428
1.168230
1.168230
1.378335
1.378335
1.396225
1.396225
1.202050
1.264756
1.264756
1.202050
1.285082
1.285082
1.200892
1.200892
1.332490
1.332490
1.332903
1.332903
1.244154
1.244154
1.274224
1.274224
1.323301
1.323301
1.338681
1.338681
1.382338
1.382338
1.291456
1.291456
1.378796
1.378796
1.326415
1.326415
1.348440
1.348440
1.365760
1.365760
1.266936
1.266936
1.345798
1.345798
1.323514
1.323514
1.193286
1.193286
1.359882
1.359882
1.339582
1.339582
1.275510
1.275510
1.312825
1.312825
1.386231
1.386231
1.207233
1.207233
1.394834
1.394834
1.372255
1.372255
1.126879
1.126879
1.268337
1.268337
1.266824
1.266824
1.333797
1.333797
1.383342
1.383342
1.354691
1.354691
1.269563
1.269563
1.109272
1.109272
1.364389
1.364389
1.234567
1.234567
1.238456
1.238456
1.337973
1.337973
1.257069
1.257069
1.150444
1.150444
1.257695
1.257695
1.361003
1.361003
1.295501
1.295501
1.240766
1.240766
1.195364
1.195364
1.281375
1.281375
1.311307
1.311307
1.300530
1.300530
1.245573
1.245573
1.182791
1.182791
1.250130
1.250130
1.393442
1.393442
1.280535
1.280535
1.236420
1.236420
1.291900
1.291900
1.383171
1.383171
1.344166
1.344166
1.182985
1.182985
1.281419
1.281419
1.281843
1.281843
1.328711
1.328711
1.294090
1.294090
1.381021
1.381021
1.330622
1.330622
1.327955
1.327955
1.122068
1.122068
1.248774
1.248774
1.263684
1.263684
1.395230
1.395230
1.344992
1.344992
1.222765
1.222765
1.284317
1.284317
1.281942
1.281942
1.397656
1.397656
1.281592
1.281592
1.213592
1.213592
1.049422
1.049422
1.205408
1.205408
1.358157
1.358157
1.340331
1.340331
1.377886
1.377886
1.175027
1.175027
1.256102
1.256102
1.399033
1.399033
1.393961
1.393961
1.335551
1.335551
1.214804
1.214804
1.119184
1.119184
1.199251
1.199251
1.156683
1.156683
1.046512
1.046512
1.117054
1.117054
1.288705
1.288705
1.252554
1.252554
1.123129
1.123129
1.336721
1.336721
1.295146
1.295146
1.297172
1.297172
1.275571
1.275571
1.386361
1.386361
1.146903
1.146903
1.263313
1.263313
1.384346
1.384346
1.354752
1.354752
1.249830
1.249830
1.359984
1.359984
1.264525
1.264525
1.390547
1.390547
1.331852
1.331852
