1.294536
1.294536
1.320669
1.320669
1.362154
1.362154
1.321076
1.321076
1.150036
1.150036
1.321673
1.321673
1.267111
1.379547
1.267111
1.379547
1.388494
1.388494
1.378192
1.378192
1.316863
1.316863
1.170381
1.170381
1.333205
1.333205
1.287288
1.287288
1.257357
1.257357
1.234401
1.234401
1.287426
1.287426
1.389529
1.389529
1.303128
1.303128
1.353060
1.353060
1.196983
1.196983
1.397534
1.397534
1.104280
1.104280
1.294284
1.294284
1.390112
1.390112
1.157142
1.157142
1.395559
1.395559
1.338029
1.338029
1.164073
1.164073
1.233277
1.233277
1.277499
1.277499
1.315731
1.315731
1.368385
1.368385
1.133981
1.133981
1.324826
1.324826
1.258125
1.258125
1.287732
1.287732
1.324140
1.324140
1.323030
1.323030
1.287501
1.287501
1.287398
1.287398
1.222641
1.222641
1.352905
1.352905
1.359099
1.359099
1.184758
1.184758
1.277834
1.277834
1.324324
1.324324
1.305026
1.305026
1.162810
1.162810
1.104235
1.104235
1.380130
1.380130
1.202430
1.202430
1.366624
1.366624
1.375396
1.375396
1.154541
1.154541
1.133542
1.133542
1.064913
1.064913
1.134691
1.134691
1.377595
1.377595
1.341025
1.341025
1.288336
1.288336
1.345015
1.345015
1.324141
1.324141
1.303864
1.303864
1.365630
1.365630
1.354309
1.354309
1.367380
1.367380
1.387363
1.387363
1.284045
1.284045
1.248026
1.248026
1.109161
1.109161
1.378780
1.378780
1.273085
1.273085
1.199629
1.199629
1.344939
1.344939
1.365419
1.365419
1.232835
1.232835
1.167909
1.167909
1.130056
1.130056
1.209372
1.209372
1.281638
1.186766
1.281638
1.186766
1.305944
1.305944
1.343148
1.343148
1.305101
1.305101
1.252294
1.252294
1.262078
1.262078
1.278189
1.278189
1.314995
1.314995
1.302503
1.302503
1.293241
1.293241
1.306372
1.306372
1.370869
1.370869
1.395061
1.395061
1.301182
1.301182
1.373446
1.373446
1.252986
1.252986
1.251550
1.251550
1.162975
1.162975
1.352982
1.352982
1.273504
1.273504
1.299296
1.299296
1.271296
1.271296
1.349194
1.349194
1.090313
1.090313
1.373390
1.373390
1.150649
1.150649
1.389415
1.389415
1.355090
1.355090
1.342905
1.342905
1.222919
1.222919
1.169914
1.169914
1.282093
1.282093
1.315030
1.315030
1.323846
1.323846
1.363535
1.363535
1.136375
1.136375
1.110344
1.110344
1.308499
1.308499
1.349513
1.349513
1.235276
1.235276
1.380234
1.380234
1.238749
1.238749
1.271159
1.271159
1.355833
1.355833
1.373941
1.373941
1.370542
1.370542
1.344316
1.344316
1.346300
1.346300
1.292413
1.292413
1.306033
1.306033
1.151082
1.151082
1.262412
1.262412
1.354139
1.354139
1.364788
1.364788
1.369337
1.369337
1.344649
1.344649
1.277527
1.277527
1.237830
1.237830
1.370470
1.370470
1.246056
1.246056
1.353393
1.353393
1.381443
1.381443
1.363695
1.363695
1.364557
1.364557
1.119034
1.119034
1.362133
1.362133
1.293965
1.293965
1.273066
1.273066
1.183072
1.183072
1.340117
1.340117
1.382651
1.382651
1.396713
1.396713
1.360754
1.360754
1.295394
1.295394
1.333390
1.333390
1.347031
1.347031
1.242097
1.242097
1.140884
1.140884
1.293656
1.293656
1.305934
1.305934
1.197154
1.197154
1.248958
1.248958
1.377242
1.377242
1.379467
1.379467
1.172489
1.172489
1.085911
1.085911
1.337739
1.337739
1.219889
1.219889
1.352147
1.352147
1.349984
1.349984
1.379800
1.379800
1.237759
1.237759
1.094470
1.094470
1.397308
1.397308
1.274397
1.274397
1.209437
1.209437
1.253613
1.253613
1.388889
1.388889
1.391733
1.391733
1.313995
1.313995
1.382544
1.382544
1.285400
1.285400
1.391337
1.391337
1.180327
1.180327
1.348016
1.348016
1.283658
1.283658
1.201738
1.201738
1.144759
1.144759
1.160064
1.160064
1.348347
1.348347
1.382139
1.382139
1.309206
1.309206
1.086870
1.086870
1.225707
1.225707
1.149593
1.149593
1.329302
1.329302
1.347954
1.347954
1.337668
1.337668
