1.356211
1.356211
1.101657
1.101657
1.381859
1.381859
1.294662
1.294662
1.268231
1.268231
1.203538
1.203538
1.354475
1.354475
1.335443
1.271911
1.271911
1.335443
1.286206
1.286206
1.352983
1.352983
1.328438
1.328438
1.306556
1.306556
1.370200
1.370200
1.134653
1.134653
1.367632
1.367632
1.323289
1.323289
1.397904
1.397904
1.206169
1.206169
1.399072
1.399072
1.171213
1.171213
1.318740
1.318740
1.324032
1.324032
1.155618
1.155618
1.295915
1.295915
1.345915
1.345915
1.310680
1.310680
1.379052
1.379052
1.285039
1.285039
1.305333
1.305333
1.094587
1.094587
1.315600
1.315600
1.393959
1.393959
1.273206
1.273206
1.184097
1.184097
1.298031
1.378611
1.298031
1.378611
1.252615
1.184143
1.184143
1.252615
1.266654
1.266654
1.315127
1.315127
1.295286
1.295286
1.061471
1.061471
1.396579
1.396579
1.261375
1.261375
1.172408
1.172408
1.223054
1.223054
1.323282
1.323282
1.261341
1.261341
1.275497
1.275497
1.316825
1.316825
1.375376
1.375376
1.313582
1.313582
1.347055
1.347055
1.300655
1.300655
1.361847
1.361847
1.125301
1.125301
1.361864
1.361864
1.306683
1.306683
1.386201
1.386201
1.277989
1.277989
1.361924
1.361924
1.205064
1.205064
1.388935
1.388935
1.234143
1.234143
1.265199
1.265199
1.223478
1.223478
1.399988
1.399988
1.182958
1.182958
1.130915
1.130915
1.393508
1.393508
1.154961
1.154961
1.249397
1.249397
1.386101
1.386101
1.260309
1.260309
1.398358
1.398358
1.386165
1.386165
1.352854
1.352854
1.247178
1.247178
1.149507
1.149507
1.331657
1.331657
1.320326
1.320326
1.378355
1.378355
1.111337
1.111337
1.384702
1.384702
1.060554
1.060554
1.307022
1.307022
1.319327
1.319327
1.241483
1.241483
1.284624
1.284624
1.054692
1.054692
1.244422
1.244422
1.192129
1.192129
1.328159
1.328159
1.386106
1.386106
1.389043
1.389043
1.271120
1.271120
1.271221
1.271221
1.365688
1.365688
1.276423
1.276423
1.344931
1.344931
1.236555
1.236555
1.329228
1.329228
1.162672
1.162672
1.355604
1.355604
1.262766
1.262766
1.325951
1.325951
1.209093
1.209093
1.159345
1.159345
1.282170
1.282170
1.395837
1.395837
1.302808
1.302808
1.385538
1.385538
1.259096
1.341205
1.341205
1.259096
1.394290
1.394290
1.311537
1.311537
1.083129
1.083129
1.202068
1.202068
1.348107
1.348107
1.079873
1.079873
1.126644
1.126644
1.328633
1.328633
1.377558
1.377558
1.397899
1.397899
1.390832
1.390832
1.221117
1.221117
1.214697
1.214697
1.125166
1.125166
1.393808
1.393808
1.130856
1.130856
1.189772
1.189772
1.397302
1.397302
1.197599
1.197599
1.142857
1.142857
1.128804
1.128804
1.368215
1.368215
1.135829
1.135829
1.387919
1.387919
1.374375
1.374375
1.179234
1.179234
1.324538
1.324538
1.291029
1.291029
1.390723
1.390723
1.329552
1.329552
1.336758
1.336758
1.330770
1.330770
1.381890
1.381890
1.213042
1.213042
1.236286
1.236286
1.364984
1.364984
1.374415
1.374415
1.324433
1.324433
1.099299
1.099299
1.334222
1.334222
1.362031
1.362031
1.359167
1.359167
1.370280
1.370280
1.332661
1.332661
1.361053
1.361053
1.222764
1.222764
1.083869
1.083869
1.318087
1.318087
1.235550
1.235550
1.363254
1.363254
1.351871
1.351871
1.373521
1.373521
1.368278
1.368278
1.299273
1.299273
1.126693
1.126693
1.098544
1.098544
1.317242
1.317242
1.308491
1.308491
1.311702
1.311702
1.143840
1.143840
1.283624
1.283624
1.297966
1.297966
1.362734
1.362734
1.393128
1.393128
1.215437
1.215437
1.181627
1.181627
1.248270
1.248270
1.101158
1.101158
1.259834
1.259834
1.357470
1.357470
1.364410
1.364410
1.326003
1.326003
1.180755
1.180755
1.393689
1.393689
1.350081
1.350081
1.255466
1.255466
1.382032
1.382032
1.335201
1.335201
1.309511
1.309511
1.192612
1.192612
1.333423
1.333423
1.333082
1.333082
1.068308
1.082443
1.082443
1.068308
1.230160
1.230160
1.284030
1.284030
1.308580
1.308580
1.385650
1.385650
1.219517
1.219517
1.111621
1.111621
1.212612
1.212612
1.281473
1.281473
1.096235
1.096235
1.023627
1.023627
1.232576
1.232576
1.380376
1.380376
1.363844
1.363844
1.093785
1.093785
1.379127
1.379127
1.117521
1.117521
1.347425
1.347425
1.213111
1.213111
1.155358
1.155358
