1.217563
1.109718
1.109718
1.217563
1.308697
1.308697
1.255809
1.255809
1.398391
1.398391
1.389007
1.389007
1.029898
1.029898
1.305129
1.305129
1.347488
1.347488
1.283430
1.283430
1.069849
1.069849
1.355462
1.355462
1.385838
1.385838
1.368061
1.368061
1.160491
1.160491
1.205131
1.205131
1.186138
1.186138
1.362668
1.362668
1.187292
1.187292
1.104309
1.104309
1.208903
1.208903
1.369406
1.369406
1.278890
1.278890
1.257280
1.257280
1.275554
1.275554
1.392175
1.358837
1.358837
1.392175
1.279766
1.279766
1.360359
1.150763
1.150763
1.360359
1.208971
1.208971
1.130562
1.130562
1.282158
1.282158
1.399684
1.399684
1.316543
1.316543
1.393671
1.393671
1.218612
1.218612
1.357483
1.357483
1.191591
1.191591
1.264241
1.264241
1.318618
1.318618
1.053924
1.053924
1.233281
1.233281
1.227167
1.227167
1.342822
1.342822
1.275879
1.275879
1.334657
1.334657
1.121342
1.121342
1.356169
1.356169
1.366490
1.366490
1.378858
1.378858
1.382542
1.382542
1.209420
1.209420
1.293668
1.293668
1.275759
1.275759
1.353053
1.353053
1.323860
1.323860
1.296536
1.296536
1.394066
1.394066
1.365639
1.365639
1.227272
1.227272
1.251865
1.251865
1.138940
1.138940
1.387438
1.387438
1.301366
1.301366
1.163059
1.163059
1.314588
1.314588
1.279978
1.279978
1.323982
1.323982
1.106667
1.106667
1.247377
1.247377
1.252813
1.252813
1.162424
1.162424
1.331719
1.331719
1.211327
1.211327
1.319533
1.319533
1.254129
1.254129
1.137489
1.137489
1.358673
1.386884
1.386884
1.358673
1.253453
1.253453
1.190518
1.190518
1.371732
1.128941
1.371732
1.128941
1.140268
1.140268
1.318500
1.318500
1.260726
1.260726
1.399762
1.399762
1.370581
1.370581
1.320487
1.320487
1.227999
1.227999
1.308973
1.308973
1.208491
1.208491
1.197028
1.197028
1.334325
1.334325
1.079385
1.079385
1.235553
1.235553
1.390157
1.390157
1.337659
1.337659
1.355497
1.355497
1.371945
1.371945
1.181634
1.181634
1.309004
1.309004
1.389869
1.389869
1.227355
1.227355
1.278979
1.278979
1.383462
1.383462
1.250263
1.250263
1.273581
1.273581
1.249638
1.249638
1.342528
1.342528
1.376806
1.376806
1.186744
1.186744
1.290101
1.290101
1.332983
1.332983
1.251029
1.251029
1.287068
1.287068
1.312563
1.312563
1.322592
1.322592
1.367868
1.367868
1.228391
1.228391
1.396756
1.396756
1.387064
1.387064
1.387245
1.387245
1.362862
1.362862
1.192245
1.192245
1.287159
1.287159
1.102462
1.102462
1.379156
1.379156
1.280535
1.280535
1.161684
1.161684
1.290240
1.290240
1.320612
1.320612
1.158475
1.158475
1.204458
1.204458
1.286497
1.286497
1.319186
1.319186
1.123551
1.123551
1.188861
1.188861
1.249370
1.249370
1.339466
1.339466
1.218414
1.218414
1.207209
1.207209
1.269949
1.269949
1.204297
1.204297
1.157342
1.157342
1.313466
1.313466
1.362315
1.362315
1.224347
1.224347
1.273675
1.273675
1.398512
1.398512
1.133602
1.133602
1.264658
1.264658
1.294912
1.294912
1.243655
1.243655
1.233513
1.233513
1.108170
1.108170
1.318230
1.318230
1.184325
1.184325
1.228705
1.228705
1.398568
1.398568
1.368485
1.368485
1.388202
1.388202
1.364988
1.364988
1.120937
1.120937
1.155764
1.155764
1.229405
1.229405
1.320208
1.320208
1.305302
1.305302
1.254197
1.254197
1.271283
1.271283
1.116898
1.116898
1.312767
1.312767
1.287682
1.287682
1.353733
1.353733
1.196432
1.196432
1.338697
1.338697
1.387818
1.387818
1.160899
1.160899
1.234085
1.234085
1.229406
1.229406
1.303568
1.303568
1.353727
1.353727
1.282545
1.282545
1.145242
1.145242
1.178687
1.178687
1.386491
1.386491
1.383617
1.383617
1.154115
1.154115
1.381580
1.381580
1.291566
1.291566
1.244109
1.244109
1.204145
1.204145
1.209621
1.209621
1.346716
1.346716
1.399327
1.399327
1.365415
1.365415
1.214365
1.214365
1.127390
1.127390
1.362351
1.362351
1.214996
1.214996
1.333288
1.333288
1.380791
1.380791
1.235534
1.235534
1.206025
1.206025
1.254335
1.254335
1.363011
1.363011
1.380277
1.380277
1.379706
1.379706
1.071058
1.071058
1.245428
1.245428
1.357101
1.357101
1.362057
1.362057
1.169415
1.169415
1.368880
1.368880
1.323090
1.323090
1.362990
1.362990
1.342076
1.342076
1.280915
1.280915
1.396752
1.396752
1.196353
1.196353
1.371290
1.371290
1.399005
1.399005
1.352109
1.352109
1.394094
1.394094
1.308195
1.308195
1.353065
1.353065
1.120658
1.120658
1.371100
1.371100
1.350871
1.350871
1.344162
1.344162
1.184958
1.184958
1.213824
1.213824
1.160894
1.160894
1.100033
1.100033
1.384709
1.384709
1.283045
1.283045
1.141932
1.141932
1.333691
1.333691
1.367003
1.367003
1.356535
1.356535
1.378754
1.378754
1.199824
1.199824
1.374814
1.374814
1.282007
1.282007
1.325293
1.325293
1.150494
1.150494
1.290159
1.290159
1.264977
1.264977
1.262315
1.262315
1.354643
1.354643
1.257296
1.257296
1.164752
1.164752
1.299703
1.299703
1.252472
1.252472
1.384533
1.384533
1.388229
1.388229
1.344971
1.344971
1.348862
1.348862
