1.200655
1.200655
1.375925
1.082526
1.082526
1.375925
1.285361
1.285361
1.340260
1.340260
1.363999
1.363999
1.231085
1.325005
1.325005
1.231085
1.223133
1.223133
1.215856
1.215856
1.262251
1.206318
1.262251
1.206318
1.261060
1.261060
1.277764
1.277764
1.195705
1.195705
1.294299
1.294299
1.299436
1.299436
1.189219
1.189219
1.376223
1.376223
1.368293
1.368293
1.234639
1.234639
1.392775
1.392775
1.276117
1.276117
1.368361
1.368361
1.213468
1.213468
1.269539
1.269539
1.295562
1.295562
1.335942
1.335942
1.220725
1.220725
1.341414
1.341414
1.329104
1.329104
1.345108
1.345108
1.359472
1.359472
1.385189
1.385189
1.163153
1.163153
1.348537
1.348537
1.176435
1.176435
1.304909
1.304909
1.325382
1.325382
1.180983
1.180983
1.308952
1.308952
1.288667
1.288667
1.293861
1.293861
1.293572
1.293572
1.329453
1.329453
1.306102
1.306102
1.152682
1.152682
1.356552
1.356552
1.213463
1.213463
1.285289
1.285289
1.393634
1.393634
1.308032
1.308032
1.317058
1.317058
1.345306
1.345306
1.225554
1.225554
1.169728
1.169728
1.368010
1.368010
1.291597
1.291597
1.147211
1.147211
1.398116
1.398116
1.315357
1.315357
1.339963
1.339963
1.316287
1.316287
1.393340
1.393340
1.173278
1.173278
1.237587
1.237587
1.330263
1.330263
1.337961
1.337961
1.187622
1.187622
1.311941
1.311941
1.147574
1.147574
1.211093
1.211093
1.143507
1.143507
1.367507
1.367507
1.204936
1.204936
1.247372
1.247372
1.336300
1.336300
1.332927
1.332927
1.132497
1.132497
1.325656
1.325656
1.372290
1.372290
1.218851
1.218851
1.363926
1.363926
1.346974
1.346974
1.256018
1.256018
1.395191
1.395191
1.378686
1.378686
1.268343
1.268343
1.053651
1.053651
1.384781
1.384781
1.097919
1.097919
1.343007
1.343007
1.346639
1.346639
1.309740
1.309740
1.074837
1.074837
1.140093
1.140093
1.219146
1.219146
1.094117
1.094117
1.312457
1.312457
1.246760
1.246760
1.205174
1.205174
1.263155
1.263155
1.212139
1.212139
1.147343
1.147343
1.266216
1.266216
1.292476
1.292476
1.150761
1.150761
1.323512
1.323512
1.207590
1.207590
1.361312
1.361312
1.361905
1.361905
1.312110
1.312110
1.384276
1.384276
1.258089
1.258089
1.135195
1.135195
1.178869
1.178869
1.170780
1.170780
1.391051
1.391051
1.219445
1.219445
1.371523
1.371523
1.203531
1.203531
1.228406
1.228406
1.214267
1.214267
1.120812
1.120812
1.365911
1.365911
1.388212
1.388212
1.281341
1.281341
1.212906
1.212906
1.160500
1.160500
1.370436
1.370436
1.193121
1.193121
1.159003
1.159003
1.128244
1.128244
1.165939
1.165939
1.071062
1.071062
1.364154
1.364154
1.275128
1.275128
1.298963
1.298963
1.362984
1.362984
1.395562
1.395562
1.288924
1.288924
1.210168
1.210168
1.316626
1.316626
1.251530
1.251530
1.207766
1.207766
1.135328
1.135328
1.145297
1.145297
1.355970
1.355970
1.356217
1.356217
1.307738
1.307738
1.211146
1.211146
1.166372
1.166372
1.152861
1.152861
1.360326
1.360326
1.330653
1.330653
1.323026
1.323026
1.355815
1.355815
1.396811
1.396811
1.397041
1.397041
1.197006
1.197006
1.325912
1.325912
1.161579
1.161579
1.346876
1.346876
1.394140
1.394140
1.374998
1.374998
1.271533
1.271533
1.307165
1.307165
1.302719
1.302719
1.287319
1.287319
1.396386
1.396386
1.106114
1.106114
1.300274
1.300274
1.187188
1.187188
1.293657
1.293657
1.350823
1.350823
1.273336
1.273336
1.399613
1.399613
1.389216
1.389216
1.373475
1.373475
1.159597
1.159597
1.371707
1.371707
1.166978
1.166978
1.219662
1.219662
1.277112
1.277112
1.214280
1.214280
1.272751
1.272751
1.349005
1.349005
1.332109
1.332109
1.369949
1.369949
1.359128
1.359128
1.378236
1.378236
1.155815
1.155815
1.361377
1.361377
1.304759
1.304759
1.371145
1.371145
1.336211
1.336211
1.365677
1.365677
1.375800
1.375800
1.269280
1.269280
1.370571
1.370571
1.399475
1.399475
1.349651
1.349651
1.062949
1.062949
1.274331
1.274331
1.177491
1.177491
1.385082
1.385082
1.360573
1.360573
1.340475
1.340475
1.332255
1.332255
1.146103
1.146103
1.247300
1.247300
1.379659
1.379659
1.105267
1.105267
1.383249
1.383249
1.387400
1.387400
1.132667
1.132667
1.393366
1.393366
1.208669
1.208669
1.184114
1.184114
1.380270
1.380270
1.268324
1.268324
1.345120
1.345120
1.078796
1.078796
1.226607
1.226607
1.121195
1.121195
1.072644
1.072644
1.337710
1.337710
1.383909
1.383909
1.331305
1.331305
1.261774
1.261774
1.323066
1.160871
1.160871
1.323066
1.296831
1.296831
1.191969
1.191969
1.346008
1.346008
1.351568
1.351568
1.035740
1.035740
1.381122
1.381122
1.230055
1.230055
1.179363
1.179363
1.259254
1.259254
1.342424
1.342424
1.217258
1.217258
1.379125
1.379125
1.207755
1.194584
1.194584
1.207755
1.394717
1.394717
1.334880
1.334880
1.176796
1.176796
1.346479
1.346479
1.169225
1.169225
1.301458
1.301458
1.185122
1.185122
1.168675
1.168675
1.371715
1.371715
