1.374752
1.374752
1.192952
1.192952
1.234086
1.234086
1.057987
1.057987
1.354071
1.354071
1.278389
1.278389
1.320341
1.320341
1.346330
1.346330
1.375935
1.375935
1.341348
1.341348
1.307181
1.382410
1.307181
1.382410
1.324452
1.324452
1.359727
1.359727
1.385094
1.385094
1.278389
1.278389
1.374752
1.374752
1.146070
1.146070
1.038703
1.038703
1.180202
1.180202
1.228020
1.228020
1.375439
1.375439
1.210096
1.210096
1.264331
1.264331
1.298374
1.298374
1.237571
1.237571
1.299148
1.299148
1.247326
1.247326
1.318817
1.318817
1.262337
1.262337
1.172207
1.202089
1.172207
1.202089
1.158111
1.158111
1.377911
1.377911
1.343775
1.343775
1.076694
1.076694
1.304357
1.304357
1.305434
1.305434
1.381591
1.152035
1.381591
1.152035
1.375934
1.375934
1.242338
1.361203
1.242338
1.361203
1.329496
1.329496
1.342099
1.342099
1.348652
1.348652
1.399458
1.399458
1.292094
1.292094
1.264185
1.264185
1.364154
1.364154
1.288921
1.288921
1.225405
1.225405
1.396020
1.388427
1.396020
1.388427
1.361402
1.361402
1.324207
1.324207
1.055569
1.055569
1.307278
1.307278
1.397429
1.397429
1.335749
1.335749
1.332183
1.332183
1.263461
1.263461
1.380796
1.380796
1.386816
1.386816
1.344033
1.344033
1.174663
1.174663
1.316875
1.316875
1.181806
1.181806
1.306872
1.306872
1.286023
1.286023
1.395464
1.395464
1.145491
1.145491
1.270752
1.270752
1.374774
1.374774
1.365041
1.365041
1.368838
1.368838
1.091229
1.091229
1.383297
1.383297
1.372454
1.372454
1.261359
1.261359
1.365011
1.365011
1.129875
1.129875
1.348984
1.348984
1.372454
1.372454
1.135204
1.135204
1.346387
1.346387
1.281160
1.281160
1.162922
1.162922
1.209758
1.209758
1.321518
1.321518
1.036911
1.036911
1.197758
1.197758
1.296177
1.296177
1.341015
1.341015
1.397651
1.397651
1.325975
1.325975
1.055607
1.055607
1.388932
1.388932
1.367456
1.367456
1.265713
1.265713
1.191406
1.191406
1.253463
1.253463
1.394469
1.394469
1.277014
1.277014
1.349179
1.349179
1.179503
1.179503
1.253702
1.253702
1.261178
1.364115
1.364115
1.261178
1.263834
1.263834
1.347085
1.347085
1.380063
1.380063
1.327295
1.327295
1.374975
1.374975
1.308614
1.308614
1.239679
1.239679
1.027797
1.027797
1.255064
1.255064
1.270006
1.270006
1.257433
1.257433
1.244139
1.244139
1.342419
1.342419
1.164251
1.164251
1.363012
1.363012
1.174659
1.174659
1.293102
1.293102
1.178123
1.178123
1.257146
1.257146
1.234516
1.234516
1.224675
1.224675
1.378322
1.378322
1.335529
1.335529
1.060814
1.060814
1.131002
1.131002
1.118299
1.118299
1.349108
1.349108
1.333867
1.333867
1.347590
1.347590
1.231678
1.231678
1.283890
1.283890
1.260960
1.260960
1.270677
1.270677
1.362481
1.362481
1.150000
1.150000
1.327313
1.327313
1.254375
1.254375
1.303392
1.303392
1.395254
1.395254
1.273830
1.273830
1.270368
1.270368
1.339725
1.339725
1.057004
1.057004
1.323190
1.323190
1.363359
1.363359
1.380271
1.380271
1.301027
1.301027
1.307098
1.307098
1.126827
1.126827
1.243758
1.243758
1.056460
1.056460
1.305116
1.305116
1.346730
1.346730
1.085655
1.085655
1.228642
1.228642
1.277544
1.277544
1.329320
1.329320
1.345944
1.345944
1.339936
1.339936
1.312314
1.312314
1.396012
1.396012
1.187610
1.187610
1.260342
1.260342
1.165334
1.165334
1.356488
1.356488
1.287841
1.287841
1.128897
1.128897
1.397359
1.397359
1.237747
1.237747
1.377135
1.377135
1.221128
1.221128
1.282775
1.282775
1.322483
1.322483
1.174484
1.174484
1.264885
1.264885
1.357635
1.357635
1.157560
1.157560
1.194475
1.194475
1.327594
1.327594
1.100517
1.100517
1.214154
1.214154
1.273950
1.273950
1.332705
1.332705
1.178177
1.178177
1.232384
1.232384
1.357517
1.357517
1.162945
1.162945
1.379040
1.379040
1.353241
1.353241
1.399644
1.399644
1.360384
1.360384
1.329686
1.329686
1.332863
1.332863
1.287791
1.287791
1.314528
1.314528
1.312751
1.312751
1.386378
1.386378
1.305641
1.320914
1.320914
1.305641
1.251357
1.251357
1.362156
1.362156
1.267240
1.267240
1.324846
1.324846
1.365480
1.365480
1.385495
1.385495
1.373952
1.373952
1.360859
1.360859
1.302174
1.302174
1.250209
1.250209
1.337363
1.337363
