1.339969
1.339969
1.289879
1.289879
1.053391
1.286393
1.286393
1.053391
1.179798
1.179798
1.271418
1.271418
1.282666
1.282666
1.153956
1.326560
1.326560
1.311943
1.311943
1.153956
1.311080
1.311080
1.278257
1.374118
1.374118
1.278257
1.358278
1.358278
1.263651
1.263651
1.310748
1.310748
1.280780
1.280780
1.232879
1.232879
1.213826
1.213826
1.332099
1.332099
1.345636
1.345636
1.278146
1.278146
1.366227
1.366227
1.265951
1.265951
1.375853
1.375853
1.365426
1.365426
1.319205
1.319205
1.160289
1.160289
1.185498
1.185498
1.385923
1.385923
1.328187
1.328187
1.226936
1.226936
1.373185
1.373185
1.268386
1.268386
1.326984
1.326984
1.361075
1.361075
1.297060
1.297060
1.346999
1.346999
1.398288
1.398288
1.323218
1.323218
1.333504
1.333504
1.226871
1.226871
1.366663
1.366663
1.229480
1.229480
1.387232
1.387232
1.063625
1.138428
1.063625
1.138428
1.056701
1.056701
1.307165
1.307165
1.069215
1.069215
1.146133
1.146133
1.382704
1.382704
1.395359
1.395359
1.198160
1.198160
1.382597
1.382597
1.293032
1.293032
1.395772
1.395772
1.384887
1.384887
1.189072
1.189072
1.283277
1.283277
1.107121
1.107121
1.329946
1.329946
1.029056
1.029056
1.138039
1.138039
1.350035
1.350035
1.367580
1.367580
1.352029
1.352029
1.358796
1.358796
1.295906
1.295906
1.346041
1.346041
1.296515
1.296515
1.358421
1.358421
1.244101
1.244101
1.377483
1.377483
1.349778
1.349778
1.306288
1.306288
1.349913
1.349913
1.191729
1.191729
1.321277
1.321277
1.331912
1.331912
1.367739
1.367739
1.235367
1.235367
1.302256
1.302256
1.104618
1.104618
1.181230
1.181230
1.216496
1.216496
1.262035
1.262035
1.214563
1.214563
1.316674
1.316674
1.388731
1.388731
1.269179
1.269179
1.032901
1.032901
1.375263
1.348457
1.348457
1.375263
1.252236
1.252236
1.288959
1.288959
1.392993
1.392993
1.372791
1.372791
1.379375
1.379375
1.352641
1.352641
1.343054
1.343054
1.028582
1.028582
1.297008
1.336761
1.297008
1.336761
1.252761
1.252761
1.380418
1.380418
1.294304
1.294304
1.316464
1.316464
1.192333
1.192333
1.228818
1.228818
1.304436
1.304436
1.357339
1.357339
1.257884
1.257884
1.228816
1.228816
1.341086
1.341086
1.183944
1.183944
1.213216
1.213216
1.172387
1.172387
1.381908
1.246305
1.246305
1.381908
1.211226
1.211226
1.307066
1.307066
1.374282
1.374282
1.257488
1.257488
1.362817
1.362817
1.321825
1.321825
1.329041
1.329041
1.353037
1.353037
1.199700
1.199700
1.176890
1.176890
1.242171
1.242171
1.291222
1.291222
1.164905
1.164905
1.251790
1.251790
1.285752
1.285752
1.356317
1.356317
1.332052
1.332052
1.359565
1.359565
1.268314
1.268314
1.383284
1.383284
1.316043
1.316043
1.038371
1.038371
1.370540
1.370540
1.314697
1.314697
1.292801
1.292801
1.269165
1.269165
1.367317
1.367317
1.361774
1.361774
1.334506
1.334506
1.317049
1.317049
1.272567
1.272567
1.250703
1.250703
1.311525
1.311525
1.206360
1.206360
1.278317
1.278317
1.390320
1.390320
1.341679
1.341679
1.246688
1.246688
1.269043
1.269043
1.355421
1.355421
1.300377
1.300377
1.260742
1.260742
1.252413
1.252413
1.314369
1.314369
1.228303
1.228303
1.225826
1.225826
1.287311
1.287311
1.203475
1.203475
1.256251
1.256251
1.268268
1.268268
1.384190
1.384190
1.172002
1.172002
1.300896
1.300896
1.391871
1.391871
1.353850
1.353850
1.383062
1.383062
1.397697
1.397697
1.250201
1.250201
1.183095
1.183095
1.329862
1.329862
1.374044
1.374044
1.237032
1.237032
1.298067
1.298067
1.121406
1.121406
1.302200
1.302200
1.270776
1.270776
1.278104
1.278104
1.360274
1.360274
1.161067
1.161067
1.193476
1.193476
1.371483
1.371483
1.230493
1.230493
1.103050
1.103050
1.225570
1.225570
1.383700
1.383700
1.371391
1.371391
1.293019
1.293019
1.383906
1.383906
1.350279
1.350279
1.305969
1.305969
1.361997
1.361997
1.308008
1.308008
1.317066
1.317066
1.340630
1.340630
1.333764
1.333764
1.382559
1.382559
1.391812
1.391812
1.357601
1.357601
1.374385
1.374385
1.376878
1.376878
1.362133
1.362133
1.284291
1.284291
1.309064
1.309064
1.241076
1.241076
1.245327
1.245327
1.361154
1.361154
1.387877
1.387877
1.294242
1.294242
1.397635
1.397635
1.222245
1.222245
1.271155
1.271155
1.047872
1.047872
1.391576
1.391576
1.392598
1.392598
1.266592
1.266592
1.087266
1.087266
1.087902
1.087902
1.222583
1.222583
1.278397
1.278397
1.131511
1.131511
1.273674
1.273674
1.371759
1.371759
1.340802
1.340802
1.398305
1.398305
1.249606
1.249606
1.102341
1.102341
1.222657
1.222657
