1.385549
1.385549
1.369771
1.369771
1.267262
1.267262
1.194936
1.194936
1.321132
1.321132
1.264334
1.264334
1.222037
1.222037
1.349561
1.349561
1.217189
1.217189
1.264809
1.264809
1.343602
1.343602
1.341625
1.341625
1.369617
1.369617
1.332961
1.332961
1.376109
1.376109
1.399248
1.399248
1.362441
1.362441
1.396231
1.396231
1.294788
1.294788
1.279933
1.279933
1.353972
1.353972
1.125921
1.125921
1.297078
1.297078
1.375384
1.375384
1.195089
1.297402
1.297402
1.195089
1.332377
1.332377
1.397387
1.397387
1.300995
1.300995
1.360402
1.360402
1.336953
1.336953
1.235801
1.285329
1.235801
1.285329
1.115428
1.115428
1.336368
1.336368
1.288686
1.288686
1.242639
1.242639
1.368781
1.368781
1.325003
1.325003
1.390031
1.390031
1.295338
1.295338
1.127088
1.127088
1.316457
1.316457
1.156961
1.156961
1.368472
1.368472
1.304528
1.304528
1.364697
1.364697
1.366109
1.366109
1.192609
1.192609
1.335704
1.335704
1.245974
1.245974
1.385492
1.385492
1.294365
1.294365
1.347936
1.347936
1.116444
1.116444
1.354122
1.354122
1.132723
1.132723
1.252642
1.252642
1.076101
1.076101
1.135233
1.135233
1.268819
1.268819
1.215749
1.215749
1.308613
1.308613
1.070161
1.070161
1.128107
1.128107
1.368277
1.368277
1.334321
1.334321
1.257097
1.257097
1.293549
1.293549
1.207354
1.207354
1.368246
1.368246
1.391695
1.391695
1.302625
1.302625
1.307274
1.307274
1.336008
1.336008
1.148394
1.148394
1.382116
1.382116
1.181104
1.181104
1.209465
1.209465
1.395678
1.395678
1.346723
1.346723
1.280323
1.280323
1.311530
1.311530
1.367700
1.367700
1.351184
1.351184
1.240702
1.240702
1.177787
1.177787
1.399596
1.399596
1.325487
1.325487
1.312960
1.312960
1.321365
1.321365
1.342567
1.342567
1.062101
1.062101
1.244747
1.244747
1.325066
1.325066
1.324117
1.324117
1.382582
1.382582
1.362963
1.362963
1.220825
1.220825
1.339273
1.339273
1.334746
1.334746
1.300528
1.300528
1.254249
1.254249
1.246803
1.246803
1.153245
1.153245
1.364841
1.364841
1.252053
1.252053
1.324033
1.324033
1.392118
1.392118
1.138060
1.138060
1.353977
1.353977
1.395771
1.395771
1.329076
1.329076
1.234691
1.234691
1.388826
1.388826
1.300457
1.300457
1.311114
1.311114
1.256730
1.256730
1.341322
1.341322
1.326983
1.326983
1.313315
1.313315
1.324251
1.324251
1.312861
1.312861
1.135196
1.135196
1.019943
1.019943
1.399142
1.399142
1.266276
1.266276
1.387198
1.387198
1.363676
1.363676
1.358646
1.358646
1.282687
1.282687
1.348576
1.348576
1.085914
1.085914
1.344352
1.344352
1.363100
1.363100
1.386070
1.386070
1.222847
1.222847
1.390722
1.390722
1.339475
1.339475
1.395052
1.395052
1.111914
1.111914
1.278016
1.278016
1.313867
1.313867
1.228382
1.228382
1.257110
1.257110
1.233871
1.233871
1.245420
1.245420
1.263302
1.263302
1.391354
1.391354
1.363487
1.363487
1.272475
1.272475
1.369765
1.369765
1.362681
1.362681
1.102468
1.102468
1.288771
1.288771
1.249447
1.249447
1.314998
1.314998
1.307151
1.307151
1.129682
1.129682
1.339148
1.339148
1.298987
1.298987
1.240745
1.240745
1.263634
1.263634
1.247370
1.247370
1.220007
1.220007
1.329335
1.329335
1.388496
1.388496
1.276791
1.276791
1.340995
1.340995
1.393105
1.393105
1.304672
1.304672
1.265093
1.265093
1.321618
1.321618
1.175349
1.175349
1.211882
1.211882
1.172627
1.172627
1.347805
1.347805
1.255369
1.255369
1.140743
1.140743
1.035435
1.035435
1.382239
1.382239
1.315375
1.315375
1.386258
1.386258
1.187157
1.187157
1.289119
1.289119
1.303778
1.303778
1.046826
1.046826
1.395476
1.395476
1.385800
1.385800
1.253257
1.253257
1.349296
1.349296
1.397145
1.397145
1.270172
1.270172
1.318201
1.318201
1.119959
1.119959
1.364492
1.364492
1.304175
1.304175
1.112663
1.112663
1.105273
1.105273
1.082257
1.082257
1.364079
1.364079
1.373508
1.373508
1.295367
1.295367
1.395936
1.395936
1.275902
1.275902
1.390946
1.390946
1.331922
1.331922
1.372126
1.372126
1.118377
1.118377
