1.343966
1.343966
1.297865
1.297865
1.284492
1.284492
1.395881
1.395881
1.389172
1.389172
1.383926
1.148211
1.383926
1.148211
1.071010
1.071010
1.303936
1.303936
1.378435
1.378435
1.232412
1.232412
1.368637
1.368637
1.339412
1.339412
1.359050
1.359050
1.291743
1.291743
1.149702
1.149702
1.323512
1.323512
1.398151
1.398151
1.171174
1.171174
1.162233
1.162233
1.277299
1.236756
1.236756
1.277299
1.269939
1.160167
1.160167
1.269939
1.317700
1.317700
1.218260
1.218260
1.090147
1.090147
1.335440
1.335440
1.335446
1.335446
1.227007
1.227007
1.220225
1.220225
1.381709
1.381709
1.141332
1.141332
1.361913
1.361913
1.306587
1.306587
1.399293
1.399293
1.259061
1.259061
1.283877
1.283877
1.361157
1.361157
1.199767
1.199767
1.395333
1.395333
1.240251
1.240251
1.240513
1.240513
1.387949
1.387949
1.382456
1.382456
1.149541
1.149541
1.345047
1.345047
1.156865
1.156865
1.368573
1.368573
1.322388
1.322388
1.387782
1.387782
1.394470
1.394470
1.305341
1.305341
1.263575
1.263575
1.290453
1.290453
1.380382
1.380382
1.045280
1.045280
1.206485
1.206485
1.338182
1.338182
1.354294
1.354294
1.158072
1.158072
1.055280
1.055280
1.115604
1.115604
1.244758
1.244758
1.388687
1.388687
1.261643
1.261643
1.297703
1.297703
1.344126
1.344126
1.314506
1.314506
1.281372
1.281372
1.196951
1.196951
1.118638
1.118638
1.360695
1.360695
1.347123
1.347123
1.340612
1.324478
1.340612
1.324478
1.261922
1.261922
1.306962
1.306962
1.141975
1.141975
1.053130
1.053130
1.077751
1.077751
1.373357
1.373357
1.332949
1.303495
1.332949
1.303495
1.282936
1.282936
1.347184
1.347184
1.119829
1.119829
1.285264
1.285264
1.347106
1.347106
1.338899
1.338899
1.229625
1.229625
1.293655
1.353840
1.293655
1.107588
1.353840
1.107588
1.393408
1.393408
1.279687
1.279687
1.389763
1.389763
1.104024
1.104024
1.399096
1.399096
1.096923
1.096923
1.314882
1.314882
1.124558
1.124558
1.373027
1.373027
1.377010
1.377010
1.357535
1.357535
1.137001
1.137001
1.257850
1.257850
1.106713
1.394395
1.106713
1.394395
1.119401
1.119401
1.397654
1.397654
1.270903
1.270903
1.384191
1.384191
1.344007
1.344007
1.175956
1.175956
1.372213
1.372213
1.349645
1.349645
1.323801
1.323801
1.333433
1.333433
1.331504
1.331504
1.351102
1.351102
1.233562
1.233562
1.320923
1.320923
1.083408
1.083408
1.352383
1.352383
1.170670
1.170670
1.213028
1.213028
1.268821
1.268821
1.280846
1.280846
1.243820
1.243820
1.377228
1.377228
1.360331
1.360331
1.358236
1.358236
1.317239
1.317239
1.112773
1.112773
1.345736
1.345736
1.276578
1.276578
1.228747
1.228747
1.261131
1.261131
1.242730
1.242730
1.399897
1.399897
1.394029
1.394029
1.075472
1.075472
1.355551
1.355551
1.373068
1.373068
1.274081
1.274081
1.378300
1.378300
1.266643
1.266643
1.238599
1.238599
1.376333
1.376333
1.310373
1.310373
1.311957
1.311957
1.343126
1.343126
1.206087
1.206087
1.172957
1.172957
1.393979
1.393979
1.339387
1.339387
1.319969
1.319969
1.374347
1.374347
1.341448
1.341448
1.358383
1.358383
1.211293
1.211293
1.253793
1.253793
1.396942
1.396942
1.235186
1.235186
1.378953
1.378953
1.162305
1.162305
1.281069
1.281069
1.314670
1.314670
1.248355
1.248355
1.122981
1.122981
