1.394704
1.394704
1.287451
1.287451
1.156646
1.156646
1.343874
1.343874
1.355111
1.377184
1.355111
1.377184
1.229527
1.229527
1.396349
1.396349
1.338920
1.338920
1.292611
1.292611
1.348380
1.348380
1.363636
1.363636
1.246360
1.246360
1.347532
1.347532
1.383341
1.383341
1.082685
1.096608
1.096608
1.082685
1.186659
1.186659
1.093359
1.093359
1.318334
1.318334
1.364440
1.364440
1.294679
1.294679
1.379543
1.379543
1.280660
1.280660
1.390618
1.390618
1.343928
1.343928
1.265094
1.265094
1.392798
1.392798
1.357235
1.357235
1.378560
1.378560
1.293468
1.293468
1.334652
1.334652
1.344968
1.344968
1.385756
1.385756
1.386502
1.386502
1.286536
1.286536
1.378429
1.378429
1.390706
1.390706
1.363285
1.363285
1.216897
1.216897
1.379967
1.338962
1.379967
1.338962
1.375813
1.375813
1.390321
1.390321
1.161793
1.161793
1.287508
1.287508
1.228392
1.228392
1.220259
1.220259
1.128852
1.128852
1.365538
1.365538
1.276928
1.276928
1.252381
1.252381
1.331498
1.331498
1.378761
1.378761
1.070248
1.310338
1.070248
1.310338
1.371781
1.371781
1.383698
1.383698
1.307074
1.307074
1.349440
1.349440
1.235228
1.235228
1.363714
1.363714
1.349459
1.349459
1.133108
1.273356
1.133108
1.273356
1.166991
1.166991
1.145999
1.145999
1.386193
1.386193
1.320090
1.320090
1.373273
1.373273
1.258705
1.258705
1.384668
1.384668
1.094079
1.094079
1.359957
1.359957
1.159525
1.159525
1.291404
1.291404
1.368838
1.368838
1.137485
1.137485
1.212570
1.212570
1.201074
1.201074
1.385731
1.385731
1.370602
1.370602
1.338460
1.338460
1.166620
1.166620
1.396700
1.396700
1.270507
1.270507
1.286961
1.286961
1.383950
1.383950
1.188645
1.188645
1.364321
1.364321
1.089422
1.089422
1.398438
1.398438
1.386515
1.386515
1.166832
1.166832
1.249477
1.249477
1.248630
1.248630
1.365871
1.365871
1.178857
1.178857
1.229085
1.229085
1.394453
1.394453
1.322759
1.322759
1.287975
1.287975
1.311487
1.311487
1.313807
1.313807
1.199010
1.199010
1.321297
1.321297
1.252255
1.252255
1.369670
1.369670
1.183352
1.183352
1.226162
1.226162
1.239953
1.239953
1.306723
1.306723
1.245375
1.245375
1.295414
1.295414
1.282609
1.282609
1.301098
1.301098
1.279009
1.279009
1.212217
1.212217
1.388004
1.388004
1.200331
1.200331
1.188218
1.188218
1.356087
1.356087
1.286036
1.286036
1.259092
1.259092
1.375443
1.375443
1.351367
1.351367
1.387237
1.387237
1.353684
1.353684
1.306269
1.306269
1.199673
1.199673
1.185176
1.185176
1.253201
1.253201
1.240988
1.240988
1.115240
1.115240
1.315144
1.315144
1.385774
1.385774
1.342907
1.342907
1.396934
1.396934
1.383774
1.383774
1.366071
1.366071
1.196328
1.196328
1.293430
1.293430
1.341604
1.341604
1.286915
1.286915
1.363327
1.363327
1.320684
1.320684
1.269865
1.269865
1.356053
1.356053
1.394450
1.394450
1.195616
1.195616
1.368670
1.368670
1.344981
1.344981
1.166231
1.166231
1.397079
1.397079
1.375590
1.375590
1.359002
1.359002
1.256598
1.256598
1.273703
1.273703
1.296815
1.296815
1.300693
1.300693
1.235557
1.235557
1.174173
1.174173
1.243010
1.243010
1.181946
1.181946
1.344159
1.344159
1.125960
1.125960
1.332752
1.332752
1.088254
1.088254
1.398373
1.398373
1.145502
1.145502
1.333183
1.333183
1.114227
1.361195
1.361195
1.114227
1.190378
1.190378
1.184091
1.184091
1.249996
1.249996
1.327047
1.327047
1.396024
1.396024
1.383321
1.383321
1.360732
1.360732
1.298363
1.298363
1.395629
1.395629
1.283717
1.283717
