1.227015
1.227015
1.243120
1.243120
1.225239
1.225239
1.201455
1.201455
1.320411
1.320411
1.364314
1.364314
1.273817
1.273817
1.398722
1.398722
1.248715
1.248715
1.369046
1.369046
1.339664
1.339664
1.251555
1.251555
1.397409
1.397409
1.285181
1.285181
1.340154
1.340154
1.205897
1.205897
1.109764
1.109764
1.373722
1.373722
1.326592
1.326592
1.308012
1.308012
1.169028
1.169028
1.383601
1.383601
1.306806
1.306806
1.396021
1.396021
1.399251
1.399251
1.265386
1.265386
1.377842
1.377842
1.142041
1.142041
1.209656
1.209656
1.187302
1.187302
1.322766
1.322766
1.224670
1.224670
1.238951
1.238951
1.093513
1.093513
1.205352
1.205352
1.279385
1.279385
1.181545
1.181545
1.353711
1.353711
1.294136
1.294136
1.259339
1.259339
1.176640
1.176640
1.203109
1.203109
1.238003
1.238003
1.132930
1.132930
1.119784
1.119784
1.255659
1.255659
1.231734
1.231734
1.233838
1.233838
1.121092
1.121092
1.294462
1.294462
1.334129
1.334129
1.388470
1.350979
1.350979
1.388470
1.378220
1.378220
1.218649
1.218649
1.375634
1.375634
1.201860
1.201860
1.286086
1.286086
1.211819
1.211819
1.357784
1.357784
1.307167
1.307167
1.323681
1.319847
1.319847
1.323681
1.222032
1.222032
1.398527
1.398527
1.199521
1.199521
1.240561
1.240561
1.088605
1.088605
1.295538
1.295538
1.207921
1.207921
1.229835
1.229835
1.380857
1.380857
1.398514
1.398514
1.193383
1.193383
1.343245
1.343245
1.201603
1.201603
1.217359
1.322988
1.322988
1.217359
1.330193
1.330193
1.153196
1.153196
1.252790
1.252790
1.115375
1.115375
1.286331
1.286331
1.270904
1.270904
1.359600
1.359600
1.329404
1.329404
1.373175
1.373175
1.099933
1.099933
1.249437
1.249437
1.373733
1.373733
1.277116
1.277116
1.365608
1.365608
1.395346
1.395346
1.171796
1.171796
1.209279
1.209279
1.377433
1.377433
1.380988
1.380988
1.264007
1.264007
1.394962
1.394962
1.315108
1.315108
1.262729
1.262729
1.399513
1.399513
1.281869
1.281869
1.382122
1.382122
1.155831
1.155831
1.261265
1.261265
1.154103
1.154103
1.357506
1.357506
1.323098
1.323098
1.198495
1.198495
1.371131
1.371131
1.382351
1.382351
1.177824
1.177824
1.339093
1.339093
1.297434
1.297434
1.294523
1.294523
1.368359
1.368359
1.289182
1.289182
1.270671
1.270671
1.383472
1.383472
1.197133
1.197133
1.281558
1.281558
1.108112
1.108112
1.253002
1.253002
1.373472
1.373472
1.271266
1.271266
1.332711
1.332711
1.141010
1.141010
1.394009
1.394009
1.292740
1.292740
1.346490
1.346490
1.338383
1.338383
1.233662
1.233662
1.251283
1.251283
1.235410
1.235410
1.380829
1.380829
1.363491
1.363491
1.374930
1.374930
1.350571
1.350571
1.395194
1.395194
1.137892
1.137892
1.385644
1.385644
1.295450
1.295450
1.232472
1.232472
1.308302
1.308302
1.336682
1.336682
1.245226
1.245226
1.114945
1.114945
1.257775
1.257775
1.184157
1.184157
1.150514
1.150514
1.199373
1.199373
1.163715
1.163715
1.345449
1.345449
1.169323
1.169323
1.155020
1.155020
1.302957
1.302957
1.087504
1.087504
1.302143
1.302143
1.387938
1.387938
1.380387
1.380387
1.173507
1.173507
1.351420
1.351420
1.156846
1.156846
1.233952
1.233952
1.372442
1.372442
1.152586
1.152586
1.313992
1.313992
1.186817
1.186817
1.229709
1.229709
1.313042
1.313042
1.362422
1.362422
1.381930
1.381930
1.396809
1.396809
1.303853
1.303853
1.363703
1.363703
1.239307
1.239307
1.363928
1.363928
1.293634
1.293634
1.305698
1.305698
1.344519
1.344519
1.118714
1.118714
1.321213
1.321213
1.228985
1.228985
1.374273
1.374273
1.331811
1.331811
1.372942
1.372942
1.348034
1.348034
1.215969
1.215969
1.206755
1.206755
1.099527
1.099527
1.368400
1.368400
1.381803
1.381803
1.363454
1.363454
1.331395
1.331395
1.386578
1.386578
1.352823
1.352823
1.399718
1.399718
1.245700
1.245700
1.361711
1.361711
1.362611
1.362611
1.299596
1.299596
1.389345
1.389345
1.278750
1.278750
1.330542
1.330542
1.321204
1.321204
1.390479
1.390479
1.155626
1.155626
1.334861
1.334861
1.190074
1.190074
1.355759
1.355759
1.294489
1.294489
1.212357
1.212357
1.353101
1.353101
1.399175
1.399175
1.360187
1.360187
1.260539
1.260539
1.394325
1.394325
1.309915
1.309915
1.203641
1.203641
1.371999
1.371999
1.365211
1.365211
1.368925
1.368925
1.102575
1.102575
1.370337
1.370337
1.248647
1.248647
1.385339
1.385339
1.165244
1.165244
1.248522
1.248522
1.396902
1.396902
