1.392590
1.388775
1.392590
1.388775
1.396609
1.396609
1.072776
1.072776
1.394002
1.394002
1.048638
1.048638
1.340415
1.340415
1.371022
1.371022
1.266951
1.266951
1.286308
1.286308
1.353522
1.353522
1.149345
1.149345
1.210740
1.210740
1.281775
1.281775
1.303862
1.303862
1.213249
1.182006
1.182006
1.213249
1.290644
1.290644
1.361333
1.361333
1.365403
1.365403
1.392056
1.392056
1.308799
1.308799
1.301947
1.301947
1.198467
1.198467
1.190032
1.190032
1.349587
1.349587
1.228198
1.398494
1.228198
1.398494
1.355597
1.355597
1.158237
1.158237
1.317028
1.317028
1.173582
1.173582
1.224459
1.224459
1.322100
1.322100
1.382382
1.382382
1.339242
1.339242
1.148629
1.148629
1.279613
1.279613
1.381129
1.381129
1.182876
1.182876
1.044087
1.044087
1.308598
1.308598
1.341482
1.381750
1.381750
1.341482
1.368295
1.368295
1.220651
1.132591
1.132591
1.220651
1.184019
1.184019
1.247109
1.247109
1.060116
1.060116
1.381407
1.381407
1.323627
1.323627
1.290520
1.290520
1.260937
1.260937
1.308316
1.308316
1.354608
1.354608
1.303350
1.303350
1.353543
1.353543
1.305067
1.305067
1.237859
1.237859
1.251096
1.251096
1.184387
1.184387
1.292086
1.292086
1.168740
1.355438
1.355438
1.168740
1.358601
1.358601
1.397148
1.397148
1.322258
1.322258
1.258181
1.258181
1.225098
1.225098
1.337665
1.337665
1.040014
1.040014
1.337013
1.337013
1.377413
1.377413
1.314723
1.314723
1.302175
1.302175
1.223995
1.223995
1.393312
1.393312
1.333890
1.333890
1.241464
1.241464
1.304575
1.304575
1.283478
1.283478
1.381672
1.381672
1.135330
1.135330
1.196819
1.196819
1.387488
1.387488
1.305562
1.305562
1.344855
1.344855
1.395802
1.395802
1.392697
1.392697
1.336055
1.336055
1.381294
1.381294
1.308447
1.308447
1.324704
1.324704
1.323120
1.323120
1.327670
1.327670
1.158379
1.158379
1.230205
1.230205
1.382710
1.382710
1.226972
1.226972
1.314060
1.314060
1.381325
1.381325
1.346635
1.346635
1.391086
1.391086
1.319738
1.319738
1.297538
1.297538
1.372025
1.372025
1.368153
1.368153
1.349947
1.349947
1.270880
1.270880
1.351345
1.351345
1.374367
1.374367
1.150600
1.150600
1.177573
1.177573
1.314023
1.314023
1.179372
1.179372
1.151500
1.151500
1.262544
1.262544
1.303442
1.303442
1.127484
1.127484
1.319603
1.319603
1.305903
1.305903
1.206142
1.206142
1.377865
1.377865
1.360793
1.360793
1.393827
1.393827
1.296076
1.296076
1.384372
1.384372
1.349450
1.349450
1.338334
1.338334
1.265683
1.265683
1.365001
1.365001
1.387439
1.387439
1.327995
1.327995
1.252207
1.252207
1.199875
1.199875
1.371108
1.324395
1.324395
1.371108
1.293869
1.293869
1.301886
1.301886
1.344760
1.344760
1.277740
1.277740
1.278848
1.278848
1.271833
1.271833
1.223261
1.223261
1.337196
1.337196
1.368288
1.368288
1.324200
1.324200
1.391549
1.391549
1.074683
1.074683
1.282411
1.282411
1.216225
1.216225
1.066470
1.066470
1.288355
1.288355
1.182954
1.182954
1.256066
1.256066
1.280576
1.280576
1.354202
1.354202
1.357140
1.357140
1.360518
1.360518
1.350953
1.350953
1.382756
1.382756
1.273169
1.273169
1.191505
1.191505
1.104617
1.104617
1.306994
1.306994
1.225568
1.225568
1.393556
1.393556
1.286079
1.286079
1.342982
1.342982
1.295312
1.295312
1.320547
1.320547
1.297698
1.297698
1.364805
1.364805
1.364588
1.364588
1.305180
1.305180
1.287340
1.287340
1.300757
1.300757
1.366405
1.366405
1.113212
1.113212
1.387279
1.387279
1.396590
1.396590
1.338570
1.338570
1.170979
1.170979
1.118810
1.118810
1.200667
1.200667
1.396660
1.396660
1.265858
1.265858
1.219301
1.219301
1.201979
1.201979
1.367778
1.367778
1.255847
1.255847
1.176747
1.176747
1.144055
1.144055
1.310556
1.310556
1.324040
1.324040
1.379551
1.379551
1.335296
1.335296
1.090118
1.090118
