1.104188
1.104188
1.235861
1.235861
1.389569
1.389569
1.326849
1.326849
1.253111
1.253111
1.369033
1.369033
1.150537
1.150537
1.382170
1.382170
1.354346
1.354346
1.228499
1.228499
1.388443
1.388443
1.383968
1.137564
1.137564
1.383968
1.102294
1.394113
1.102294
1.394113
1.329976
1.329976
1.390951
1.390951
1.281664
1.281664
1.257600
1.257600
1.390022
1.390022
1.270002
1.270002
1.212242
1.212242
1.352162
1.352162
1.094742
1.094742
1.281986
1.281986
1.309362
1.359471
1.309362
1.359471
1.142144
1.142144
1.317696
1.317696
1.360955
1.360955
1.393755
1.393755
1.183034
1.183034
1.279663
1.279663
1.192444
1.192444
1.304746
1.304746
1.346217
1.346217
1.384940
1.384940
1.346170
1.346170
1.349223
1.349223
1.372253
1.372253
1.274122
1.274122
1.246288
1.388247
1.246288
1.388247
1.315105
1.315105
1.192716
1.192716
1.275615
1.275615
1.226490
1.226490
1.014758
1.014758
1.282664
1.282664
1.152965
1.152965
1.363262
1.363262
1.109838
1.109838
1.335775
1.233888
1.233888
1.335775
1.137243
1.137243
1.262301
1.262301
1.373292
1.373292
1.191246
1.191246
1.345769
1.345769
1.362514
1.362514
1.395570
1.395570
1.276258
1.276258
1.342508
1.342508
1.301811
1.301811
1.342106
1.342106
1.315060
1.315060
1.190752
1.190752
1.028956
1.028956
1.246759
1.246759
1.272881
1.272881
1.324710
1.324710
1.129810
1.129810
1.379510
1.379510
1.295414
1.295414
1.370342
1.329847
1.370342
1.329847
1.075407
1.075407
1.096088
1.096088
1.320483
1.320483
1.379510
1.379510
1.307074
1.307074
1.373150
1.373150
1.058522
1.058522
1.363458
1.363458
1.339934
1.339934
1.195611
1.195611
1.398981
1.398981
1.399953
1.399953
1.282901
1.282901
1.388940
1.388940
1.314014
1.314014
1.367879
1.367879
1.382449
1.382449
1.329494
1.329494
1.242031
1.242031
1.393168
1.393168
1.375016
1.375016
1.293017
1.293017
1.083244
1.083244
1.269731
1.269731
1.226686
1.226686
1.398093
1.398093
1.346290
1.346290
1.160266
1.160266
1.268980
1.268980
1.279216
1.279216
1.173361
1.173361
1.154092
1.154092
1.295018
1.295018
1.385272
1.385272
1.352133
1.352133
1.239863
1.239863
1.392962
1.392962
1.128809
1.128809
1.273811
1.273811
1.226327
1.226327
1.364121
1.364121
1.386031
1.386031
1.234355
1.234355
1.083078
1.083078
1.350799
1.350799
1.388292
1.388292
1.187545
1.187545
1.373130
1.373130
1.351080
1.351080
1.248904
1.248904
1.394394
1.394394
1.263755
1.263755
1.248218
1.248218
1.283518
1.283518
1.374968
1.374968
1.148119
1.148119
1.307360
1.307360
1.396726
1.396726
1.372601
1.372601
1.032666
1.032666
1.392144
1.392144
1.388667
1.388667
1.031473
1.031473
1.329686
1.329686
1.383163
1.383163
1.167856
1.167856
1.370073
1.370073
1.274894
1.274894
1.394946
1.394946
1.365472
1.365472
1.236716
1.236716
1.384307
1.384307
1.170489
1.170489
1.259858
1.259858
1.192129
1.192129
1.378656
1.378656
1.145483
1.145483
1.281473
1.281473
1.328084
1.328084
1.178167
1.178167
1.280194
1.280194
1.313049
1.313049
1.225252
1.225252
1.366116
1.366116
1.328067
1.328067
1.395300
1.395300
1.355224
1.355224
1.266196
1.266196
1.073047
1.073047
1.160332
1.160332
1.375092
1.375092
1.336051
1.336051
1.194275
1.194275
1.265915
1.265915
1.215629
1.215629
1.236964
1.236964
1.368096
1.368096
1.362715
1.362715
1.206714
1.206714
1.247125
1.247125
1.227622
1.227622
1.393897
1.393897
1.392773
1.392773
1.218266
1.218266
1.386912
1.386912
1.350848
1.350848
1.287072
1.287072
1.178472
1.178472
1.276659
1.276659
1.117747
1.117747
1.363882
1.363882
1.238348
1.238348
1.395324
1.395324
1.282907
1.282907
1.369603
1.369603
1.071769
1.071769
1.238318
1.238318
1.319438
1.319438
1.369237
1.369237
1.363852
1.363852
1.308220
1.308220
1.385051
1.385051
1.316502
1.316502
1.396365
1.396365
1.307351
1.307351
1.301001
1.301001
1.290955
1.290955
1.102572
1.102572
1.353931
1.353931
1.278297
1.278297
1.315413
1.315413
1.308396
1.308396
1.379949
1.379949
1.093290
1.093290
1.208097
1.208097
1.124748
1.124748
1.389755
1.389755
1.399850
1.399850
1.379416
1.379416
1.370478
1.370478
1.279082
1.279082
1.383191
1.383191
1.108186
1.108186
1.339491
1.339491
1.334221
1.334221
1.380551
1.380551
1.317703
1.317703
1.364292
1.364292
1.328084
1.328084
1.390676
1.390676
1.204598
1.204598
