1.294345
1.294345
1.289770
1.289770
1.219726
1.219726
1.188535
1.188535
1.350906
1.350906
1.384580
1.384580
1.357166
1.184747
1.357166
1.184747
1.297457
1.297457
1.331020
1.331020
1.377529
1.377529
1.396444
1.396444
1.300993
1.300993
1.372037
1.372037
1.231740
1.231740
1.333148
1.333148
1.260752
1.260752
1.393650
1.174474
1.174474
1.393650
1.365594
1.365594
1.346006
1.346006
1.237576
1.237576
1.354263
1.354263
1.091792
1.091792
1.266354
1.266354
1.137684
1.137684
1.395596
1.395596
1.312965
1.312965
1.255820
1.255820
1.216841
1.216841
1.137095
1.137095
1.153029
1.153029
1.359851
1.359851
1.117271
1.117271
1.379606
1.379606
1.342754
1.342754
1.365441
1.365441
1.384943
1.384943
1.217551
1.217551
1.254892
1.254892
1.272501
1.272501
1.389062
1.389062
1.164189
1.164189
1.394738
1.394738
1.276126
1.276126
1.164325
1.164325
1.385541
1.385541
1.323327
1.323327
1.262991
1.262991
1.383958
1.383958
1.175348
1.175348
1.277011
1.375270
1.277011
1.375270
1.248385
1.248385
1.281854
1.281854
1.314024
1.277535
1.277535
1.314024
1.130273
1.130273
1.340825
1.340825
1.119253
1.119253
1.212853
1.212853
1.374485
1.374485
1.232520
1.232520
1.294122
1.294122
1.247844
1.247844
1.338691
1.338691
1.347707
1.347707
1.184861
1.184861
1.225890
1.225890
1.305666
1.305666
1.292238
1.292238
1.352881
1.352881
1.201020
1.201020
1.364068
1.364068
1.175680
1.303648
1.175680
1.303648
1.250126
1.250126
1.307492
1.307492
1.284575
1.284575
1.354078
1.297303
1.354078
1.297303
1.190647
1.190647
1.315873
1.315873
1.248727
1.248727
1.361011
1.361011
1.200485
1.200485
1.328043
1.328043
1.307869
1.307869
1.241374
1.241374
1.121422
1.121422
1.319570
1.319570
1.357359
1.357359
1.255310
1.255310
1.365158
1.365158
1.342690
1.342690
1.333359
1.333359
1.367526
1.367526
1.148744
1.148744
1.393783
1.393783
1.397871
1.397871
1.376782
1.376782
1.285690
1.285690
1.271750
1.271750
1.380215
1.380215
1.320642
1.320642
1.231115
1.231115
1.207521
1.207521
1.328506
1.328506
1.246724
1.246724
1.141415
1.141415
1.228708
1.228708
1.278683
1.278683
1.361505
1.361505
1.208946
1.208946
1.269864
1.269864
1.274104
1.274104
1.318513
1.318513
1.368967
1.368967
1.216300
1.216300
1.168880
1.168880
1.340960
1.340960
1.387171
1.387171
1.355150
1.355150
1.366136
1.366136
1.229788
1.229788
1.135796
1.135796
1.263625
1.263625
1.225529
1.225529
1.133291
1.133291
1.195267
1.195267
1.244183
1.244183
1.164313
1.164313
1.288832
1.288832
1.209944
1.209944
1.359757
1.359757
1.242022
1.242022
1.336890
1.336890
1.394274
1.394274
1.270175
1.270175
1.350978
1.350978
1.186478
1.186478
1.145716
1.145716
1.310602
1.310602
1.199554
1.199554
1.275182
1.275182
1.165066
1.165066
1.123133
1.123133
1.200870
1.200870
1.288535
1.288535
1.270510
1.270510
1.347675
1.347675
1.300974
1.300974
1.295651
1.295651
1.276189
1.276189
1.339923
1.339923
1.364614
1.364614
1.272212
1.272212
1.368729
1.368729
1.279950
1.279950
1.289770
1.289770
1.331466
1.331466
1.365902
1.365902
1.196634
1.196634
1.245458
1.245458
1.345059
1.345059
1.110862
1.110862
1.319081
1.319081
1.384637
1.384637
1.291655
1.291655
1.066911
1.066911
1.139789
1.139789
1.107401
1.107401
1.167666
1.167666
1.090581
1.090581
1.205989
1.205989
1.330197
1.330197
1.261106
1.261106
1.291316
1.291316
1.277798
1.277798
1.313219
1.313219
1.281136
1.281136
1.121773
1.121773
1.399065
1.399065
1.253968
1.253968
1.346206
1.346206
1.352276
1.352276
1.261815
1.261815
1.392733
1.392733
1.358666
1.358666
1.294840
1.294840
1.251070
1.251070
1.208089
1.208089
1.091598
1.091598
1.287369
1.287369
1.387277
1.387277
1.292197
1.292197
1.307173
1.307173
1.375984
1.375984
1.204475
1.204475
1.343477
1.343477
1.343993
1.343993
1.344980
1.344980
1.237769
1.237769
1.244161
1.244161
1.318151
1.318151
1.269707
1.269707
1.333122
1.333122
1.341111
1.341111
1.012173
1.012173
1.344413
1.344413
1.357954
1.357954
1.398238
1.398238
1.178276
1.178276
1.165753
1.165753
1.396898
1.396898
1.269703
1.269703
1.251859
1.251859
1.353624
1.353624
1.285790
1.285790
1.370070
1.370070
1.233428
1.233428
1.291266
1.291266
1.188853
1.188853
1.055650
1.055650
1.367218
1.367218
1.224063
1.224063
1.379454
1.379454
1.232605
1.232605
1.241027
1.241027
1.392253
1.392253
1.270097
1.270097
1.133644
1.133644
1.270028
1.285048
1.270028
1.285048
1.312731
1.312731
1.337113
1.337113
1.173366
1.173366
1.274555
1.274555
1.378372
1.378372
1.271244
1.271244
1.173896
1.173896
1.283369
1.283369
1.228259
1.228259
1.244514
1.244514
