1.287797
1.287797
1.033666
1.033666
1.220475
1.220475
1.334936
1.334936
1.198232
1.306504
1.306504
1.198232
1.376023
1.376023
1.224983
1.224983
1.288359
1.288359
1.255604
1.255604
1.347029
1.347029
1.191482
1.191482
1.347023
1.347023
1.154909
1.154909
1.397428
1.397428
1.325599
1.325599
1.284869
1.284869
1.189679
1.385116
1.385116
1.189679
1.323914
1.323914
1.380271
1.380271
1.320961
1.320961
1.374859
1.374859
1.369927
1.369927
1.348866
1.348866
1.095510
1.095510
1.368484
1.311473
1.311473
1.368484
1.346508
1.346508
1.317276
1.317276
1.206315
1.206315
1.141314
1.141314
1.361373
1.361373
1.283406
1.283406
1.337100
1.337100
1.097253
1.097253
1.193287
1.193287
1.102655
1.102655
1.108323
1.108323
1.313187
1.313187
1.281733
1.281733
1.393776
1.225787
1.393776
1.225787
1.283565
1.283565
1.288838
1.288838
1.313631
1.313631
1.363293
1.363293
1.169598
1.169598
1.097757
1.097757
1.253423
1.253423
1.263676
1.263676
1.360975
1.360975
1.039386
1.039386
1.249166
1.249166
1.349777
1.349777
1.337354
1.337354
1.148680
1.148680
1.294556
1.294556
1.381372
1.381372
1.377923
1.377923
1.372145
1.372145
1.168470
1.168470
1.249120
1.329816
1.329816
1.249120
1.347658
1.347658
1.340010
1.340010
1.069238
1.069238
1.155761
1.155761
1.301372
1.301372
1.361916
1.361916
1.276876
1.276876
1.238065
1.238065
1.218086
1.218086
1.371593
1.371593
1.361065
1.181996
1.361065
1.181996
1.295492
1.295492
1.386264
1.386264
1.350119
1.350119
1.182282
1.182282
1.030424
1.030424
1.063258
1.063258
1.268200
1.242593
1.268200
1.242593
1.221658
1.221658
1.277049
1.277049
1.318397
1.318397
1.296893
1.296893
1.308536
1.308536
1.364017
1.375120
1.364017
1.375120
1.209347
1.209347
1.309199
1.309199
1.314329
1.314329
1.223066
1.223066
1.174327
1.174327
1.178634
1.178634
1.392201
1.392201
1.192270
1.192270
1.379987
1.379987
1.091322
1.091322
1.315090
1.315090
1.384863
1.384863
1.089183
1.089183
1.346405
1.346405
1.119002
1.119002
1.177396
1.177396
1.354780
1.354780
1.254051
1.254051
1.372066
1.372066
1.303641
1.303641
1.251462
1.251462
1.175463
1.175463
1.351979
1.351979
1.320613
1.320613
1.271412
1.271412
1.150029
1.150029
1.211315
1.211315
1.338431
1.338431
1.297554
1.297554
1.309912
1.309912
1.348558
1.348558
1.365242
1.365242
1.133677
1.133677
1.379071
1.379071
1.297936
1.297936
1.365984
1.365984
1.185586
1.185586
1.330494
1.330494
1.133183
1.133183
1.354430
1.354430
1.250751
1.250751
1.316956
1.316956
1.380930
1.380930
1.394880
1.394880
1.059586
1.059586
1.056191
1.056191
1.374476
1.374476
1.282906
1.282906
1.349911
1.349911
1.379637
1.379637
1.109846
1.109846
1.381073
1.381073
1.164693
1.164693
1.342943
1.342943
1.387937
1.387937
1.212649
1.212649
1.349072
1.349072
1.268662
1.268662
1.191703
1.191703
1.347876
1.347876
1.265383
1.265383
1.081044
1.081044
1.354012
1.354012
1.137870
1.137870
1.397603
1.397603
1.205837
1.205837
1.236177
1.236177
1.320396
1.320396
1.398679
1.398679
1.214909
1.214909
1.139015
1.139015
1.297483
1.297483
1.227439
1.227439
1.278673
1.278673
1.360725
1.360725
1.240648
1.240648
1.383976
1.383976
1.397270
1.397270
1.370565
1.370565
1.227900
1.227900
1.150083
1.150083
1.381767
1.381767
1.337827
1.337827
1.348810
1.348810
1.294471
1.294471
1.100248
1.100248
1.351951
1.351951
1.305460
1.305460
1.289154
1.289154
1.315423
1.315423
1.225246
1.225246
1.365210
1.365210
1.215297
1.215297
1.096717
1.096717
1.296257
1.296257
1.260532
1.260532
1.375827
1.375827
1.362997
1.362997
1.365228
1.365228
1.297994
1.297994
1.381660
1.381660
1.358281
1.358281
1.358891
1.358891
1.383778
1.383778
1.195900
1.195900
1.231169
1.231169
1.027538
1.027538
1.253783
1.253783
1.362920
1.362920
1.182218
1.182218
1.242081
1.242081
1.363861
1.363861
1.382592
1.382592
1.395901
1.395901
1.394397
1.394397
1.367459
1.367459
1.226917
1.226917
1.063186
1.063186
1.328870
1.328870
1.360618
1.360618
1.280920
1.280920
1.141262
1.141262
1.230958
1.230958
1.170150
1.170150
1.168626
1.168626
1.284277
1.284277
1.300267
1.300267
1.059477
1.059477
1.329558
1.329558
1.326156
1.326156
1.103941
1.103941
1.181218
1.181218
1.306119
1.306119
1.362210
1.362210
1.366276
1.366276
1.250012
1.250012
1.391598
1.391598
1.253509
1.253509
1.379848
1.379848
1.277015
1.277015
1.280767
1.280767
1.222295
1.222295
1.343888
1.343888
1.272473
1.272473
1.258326
1.258326
1.173038
1.173038
1.344999
1.344999
1.278342
1.278342
1.359708
1.359708
1.216326
1.216326
1.355891
1.355891
1.340991
1.340991
1.048635
1.048635
1.290309
1.290309
