1.268665
1.268665
1.212638
1.212638
1.366393
1.366393
1.378352
1.378352
1.360432
1.360432
1.279647
1.279647
1.320475
1.320475
1.393796
1.393796
1.373451
1.373451
1.316594
1.316594
1.111291
1.111291
1.330865
1.330865
1.327104
1.327104
1.381235
1.381235
1.398984
1.398984
1.306427
1.306427
1.155248
1.155248
1.368658
1.368658
1.360226
1.360226
1.363355
1.363355
1.302625
1.302625
1.354141
1.354141
1.330485
1.330485
1.286849
1.286849
1.255608
1.255608
1.371248
1.371248
1.396826
1.396826
1.321000
1.321000
1.275615
1.275615
1.161995
1.161995
1.341147
1.341147
1.369911
1.369911
1.225791
1.225791
1.309602
1.309602
1.316346
1.316346
1.200667
1.200667
1.370432
1.370432
1.299999
1.299999
1.307736
1.307736
1.327241
1.327241
1.237481
1.237481
1.351971
1.334946
1.334946
1.351971
1.312776
1.312776
1.056189
1.056189
1.322232
1.322232
1.214380
1.214380
1.239069
1.239069
1.323433
1.323433
1.301655
1.301655
1.043229
1.043229
1.280204
1.280204
1.307526
1.307526
1.375563
1.375563
1.209701
1.209701
1.171367
1.171367
1.302378
1.302378
1.308768
1.308768
1.313143
1.313143
1.377292
1.377292
1.176670
1.176670
1.252942
1.252942
1.395038
1.395038
1.283338
1.283338
1.375308
1.375308
1.355313
1.355313
1.388223
1.388223
1.375244
1.375244
1.144702
1.144702
1.330631
1.330631
1.331556
1.331556
1.394712
1.394712
1.240174
1.240174
1.358494
1.358494
1.315658
1.315658
1.316302
1.316302
1.389984
1.389984
1.247326
1.247326
1.311938
1.311938
1.224548
1.224548
1.399586
1.399586
1.185892
1.185892
1.373197
1.373197
1.260283
1.260283
1.308508
1.308508
1.335031
1.335031
1.389167
1.389167
1.078381
1.348341
1.348341
1.078381
1.361121
1.361121
1.171233
1.113089
1.113089
1.171233
1.327896
1.327896
1.328149
1.328149
1.350763
1.350763
1.213937
1.213937
1.270018
1.270018
1.344620
1.344620
1.290832
1.290832
1.390048
1.390048
1.368045
1.368045
1.210576
1.210576
1.215905
1.215905
1.193086
1.193086
1.178830
1.178830
1.221892
1.221892
1.381631
1.381631
1.325140
1.325140
1.374160
1.374160
1.211077
1.211077
1.264692
1.264692
1.288268
1.288268
1.377425
1.377425
1.367395
1.367395
1.298694
1.298694
1.244199
1.244199
1.242825
1.242825
1.368973
1.368973
1.370765
1.370765
1.330557
1.330557
1.312300
1.312300
1.389580
1.389580
1.337168
1.337168
1.303704
1.303704
1.358547
1.358547
1.165587
1.165587
1.257808
1.257808
1.242620
1.242620
1.285296
1.285296
1.132989
1.132989
1.277142
1.277142
1.267704
1.267704
1.225899
1.225899
1.386220
1.386220
1.335485
1.335485
1.270012
1.270012
1.312805
1.226755
1.312805
1.226755
1.264210
1.264210
1.309994
1.309994
1.358572
1.358572
1.340460
1.340460
1.227674
1.227674
1.213452
1.213452
1.049624
1.049624
1.083438
1.083438
1.089538
1.089538
1.250631
1.250631
1.343553
1.343553
1.326969
1.326969
1.270861
1.270861
1.271735
1.271735
1.301707
1.301707
1.307795
1.307795
1.372643
1.372643
1.233034
1.233034
1.379355
1.379355
1.396901
1.396901
1.379284
1.379284
1.256778
1.256778
1.364441
1.364441
1.306380
1.306380
1.258340
1.258340
1.369883
1.369883
1.389273
1.389273
1.388640
1.388640
1.109336
1.109336
1.161661
1.161661
1.107849
1.107849
1.231783
1.231783
1.281768
1.281768
1.358829
1.358829
1.308031
1.308031
1.260925
1.260925
1.380469
1.380469
1.134493
1.134493
1.183486
1.183486
1.390103
1.390103
1.351750
1.351750
1.391075
1.391075
1.212904
1.212904
1.370082
1.370082
1.206613
1.206613
1.233648
1.233648
1.374447
1.374447
1.067881
1.067881
1.295179
1.295179
1.119422
1.119422
1.076220
1.076220
1.344600
1.344600
1.221980
1.221980
1.368751
1.368751
1.292893
1.292893
1.329932
1.329932
1.285789
1.285789
1.305537
1.305537
1.347031
1.347031
1.296202
1.296202
1.203127
1.203127
1.223057
1.223057
1.389465
1.389465
1.243038
1.243038
1.384330
1.384330
1.118972
1.118972
1.173096
1.173096
1.073023
1.073023
1.353271
1.353271
1.382689
1.382689
1.280911
1.280911
1.350595
1.350595
1.383786
1.383786
1.245173
1.245173
1.231326
1.231326
1.386242
1.386242
1.033057
1.033057
1.149733
1.149733
1.342030
1.342030
1.394825
1.394825
1.205031
1.205031
1.227274
1.227274
1.319188
1.319188
1.378667
1.378667
1.011217
1.011217
1.369399
1.369399
1.026973
1.026973
1.376120
1.376120
1.257242
1.257242
1.220998
1.220998
1.368279
1.368279
1.272229
1.272229
1.339409
1.339409
1.353581
1.353581
1.398599
1.398599
1.353239
1.353239
1.227406
1.227406
1.373501
1.373501
1.319459
1.319459
1.170441
1.170441
1.217025
1.217025
1.382295
1.382295
1.359426
1.359426
1.276942
1.276942
1.151472
1.151472
1.393248
1.393248
1.385058
1.385058
1.396607
1.396607
1.377192
1.377192
1.264407
1.264407
1.378098
1.378098
1.387986
1.387986
1.210447
1.210447
1.143533
1.143533
1.386160
1.386160
1.279115
1.279115
1.360217
1.360217
1.394609
1.394609
1.183572
1.183572
1.153599
1.153599
1.204329
1.204329
1.148469
1.148469
1.284306
1.284306
1.346356
1.346356
1.225285
1.225285
1.354216
1.354216
1.354503
1.354503
1.295134
1.295134
1.210500
1.210500
1.137404
1.137404
1.128115
1.128115
1.303588
1.303588
1.133201
1.133201
