1.275798
1.275798
1.382540
1.326507
1.326507
1.382540
1.259411
1.259411
1.315754
1.315754
1.190260
1.190260
1.311474
1.311474
1.304673
1.304673
1.198847
1.198847
1.151798
1.151798
1.319152
1.319152
1.336087
1.336087
1.313046
1.313046
1.100845
1.100845
1.344381
1.344381
1.303004
1.303004
1.289718
1.289718
1.333291
1.333291
1.274237
1.274237
1.298068
1.298068
1.133831
1.170938
1.170938
1.133831
1.373861
1.299327
1.193776
1.193776
1.373861
1.299327
1.148588
1.148588
1.337116
1.337116
1.393714
1.393714
1.169404
1.169404
1.337109
1.337109
1.296864
1.296864
1.062599
1.062599
1.330729
1.330729
1.172361
1.172361
1.290214
1.290214
1.339499
1.339499
1.156307
1.156307
1.188427
1.188427
1.277380
1.277380
1.248861
1.248861
1.316395
1.316395
1.246050
1.246050
1.193029
1.193029
1.273867
1.273867
1.330213
1.330213
1.097318
1.097318
1.150203
1.150203
1.223986
1.223986
1.338894
1.338894
1.388879
1.388879
1.365754
1.365754
1.302128
1.302128
1.339378
1.265470
1.339378
1.265470
1.223914
1.223914
1.222800
1.222800
1.285738
1.285738
1.240650
1.240650
1.346298
1.346298
1.108333
1.108333
1.329224
1.329224
1.329768
1.329768
1.256052
1.256052
1.264324
1.264324
1.331239
1.331239
1.256707
1.256707
1.234002
1.234002
1.296633
1.296633
1.170161
1.170161
1.328145
1.328145
1.335107
1.335107
1.274621
1.274621
1.377686
1.377686
1.394530
1.394530
1.272980
1.272980
1.288968
1.288968
1.272731
1.272731
1.321939
1.321939
1.290132
1.290132
1.170601
1.170601
1.253907
1.139207
1.139207
1.253907
1.396985
1.396985
1.318760
1.318760
1.396350
1.396350
1.131413
1.131413
1.392447
1.392447
1.283874
1.283874
1.124175
1.124175
1.314552
1.314552
1.327251
1.327251
1.341353
1.341353
1.087008
1.087008
1.263353
1.263353
1.180997
1.180997
1.218948
1.218948
1.368498
1.368498
1.243203
1.243203
1.292190
1.292190
1.305407
1.305407
1.272570
1.272570
1.213968
1.213968
1.251992
1.251992
1.373700
1.373700
1.229732
1.229732
1.356219
1.356219
1.312491
1.312491
1.343292
1.343292
1.215128
1.215128
1.348637
1.348637
1.394267
1.394267
1.391722
1.391722
1.304731
1.304731
1.254145
1.254145
1.397893
1.397893
1.363958
1.363958
1.048815
1.048815
1.172326
1.172326
1.270598
1.270598
1.146038
1.146038
1.264897
1.264897
1.274465
1.274465
1.294281
1.294281
1.165799
1.165799
1.224110
1.224110
1.339636
1.339636
1.094624
1.094624
1.371378
1.371378
1.399246
1.399246
1.231666
1.231666
1.173488
1.173488
1.310823
1.310823
1.237586
1.237586
1.077493
1.077493
1.224714
1.224714
1.091622
1.091622
1.240179
1.240179
1.245583
1.245583
1.369054
1.369054
1.328442
1.328442
1.104633
1.104633
1.392720
1.392720
1.320300
1.320300
1.377910
1.377910
1.397325
1.397325
1.280476
1.280476
1.353926
1.353926
1.206080
1.206080
1.201544
1.201544
1.122914
1.122914
1.347833
1.347833
1.151939
1.151939
1.368068
1.368068
1.045691
1.045691
1.165231
1.165231
1.259810
1.259810
1.378285
1.378285
1.174105
1.174105
1.337584
1.337584
1.148841
1.148841
1.391763
1.391763
1.082973
1.082973
1.064949
1.064949
1.204831
1.204831
1.353776
1.353776
1.367322
1.367322
1.333960
1.333960
1.385897
1.385897
1.100047
1.100047
1.096619
1.096619
1.335203
1.335203
1.300400
1.300400
1.275616
1.275616
1.257631
1.257631
1.266745
1.266745
1.267115
1.267115
1.249895
1.249895
1.388570
1.388570
1.192007
1.192007
1.248608
1.248608
1.302562
1.302562
1.268977
1.268977
1.187758
1.187758
1.303996
1.303996
1.392375
1.392375
1.329989
1.329989
1.245851
1.245851
1.209781
1.209781
1.162507
1.162507
1.282918
1.282918
1.276656
1.276656
1.237347
1.237347
1.381178
1.381178
1.396165
1.396165
1.246103
1.246103
1.258953
1.258953
1.386610
1.386610
1.270653
1.270653
1.308422
1.308422
1.147748
1.147748
1.135770
1.135770
1.369678
1.369678
1.193550
1.193550
1.278586
1.278586
1.399358
1.399358
1.231677
1.231677
1.292026
1.292026
1.250089
1.250089
1.092847
1.092847
1.337944
1.337944
1.374226
1.374226
1.393393
1.393393
1.373155
1.373155
1.204929
1.204929
1.272396
1.272396
1.207663
1.207663
1.338150
1.338150
1.242578
1.242578
1.279577
1.279577
1.160798
1.160798
1.239382
1.239382
1.089340
1.089340
1.094630
1.094630
1.339803
1.339803
1.397552
1.397552
1.074130
1.074130
1.152829
1.152829
1.351788
1.286853
1.351788
1.286853
1.396438
1.396438
1.348022
1.348022
1.171281
1.171281
1.358637
1.358637
1.315250
1.315250
