1.179217
1.179217
1.144513
1.144513
1.224928
1.224928
1.300099
1.300099
1.270725
1.270725
1.374563
1.374563
1.372284
1.372284
1.301255
1.301255
1.315783
1.315783
1.254551
1.254551
1.374661
1.374661
1.351881
1.351881
1.255463
1.255463
1.233718
1.233718
1.253689
1.253689
1.291985
1.291985
1.073344
1.073344
1.090547
1.090547
1.394760
1.394760
1.196585
1.196585
1.372100
1.372100
1.318759
1.318759
1.170511
1.170511
1.273925
1.273925
1.397915
1.397915
1.362141
1.362141
1.395235
1.395235
1.239329
1.239329
1.391691
1.373590
1.391691
1.373590
1.304143
1.304143
1.238687
1.238687
1.149071
1.149071
1.182862
1.182862
1.257034
1.257034
1.022642
1.022642
1.286661
1.286661
1.315442
1.315442
1.112387
1.112387
1.161930
1.161930
1.278160
1.278160
1.230809
1.230809
1.355715
1.355715
1.374452
1.374452
1.264426
1.264426
1.390392
1.390392
1.179712
1.179712
1.331142
1.331142
1.142621
1.142621
1.352594
1.352594
1.374503
1.374503
1.326006
1.326006
1.332338
1.332338
1.320528
1.320528
1.398682
1.398682
1.238234
1.238234
1.353777
1.353777
1.191689
1.191689
1.365334
1.365334
1.390660
1.390660
1.348194
1.348194
1.231884
1.231884
1.394257
1.394257
1.357427
1.357427
1.297735
1.297735
1.395004
1.395004
1.397191
1.397191
1.357720
1.357720
1.215042
1.215042
1.252568
1.252568
1.338657
1.338657
1.086128
1.086128
1.371474
1.371474
1.385944
1.385944
1.285442
1.285442
1.193548
1.193548
1.357273
1.357273
1.254736
1.254736
1.295682
1.295682
1.292180
1.292180
1.325802
1.325802
1.368653
1.368653
1.196527
1.196527
1.373610
1.373610
1.270885
1.270885
1.328489
1.328489
1.286155
1.286155
1.136781
1.136781
1.382985
1.382985
1.350789
1.350789
1.330601
1.330601
1.311171
1.311171
1.272272
1.272272
1.298070
1.298070
1.253333
1.253333
1.128716
1.128716
1.202309
1.202309
1.330735
1.330735
1.357642
1.357642
1.336404
1.336404
1.246299
1.246299
1.298605
1.298605
1.187092
1.187092
1.375576
1.375576
1.056802
1.056802
1.368306
1.368306
1.164828
1.164828
1.340347
1.340347
1.238393
1.238393
1.167172
1.167172
1.208471
1.208471
1.327286
1.327286
1.397492
1.397492
1.345471
1.345471
1.208329
1.208329
1.351493
1.351493
1.277636
1.277636
1.351946
1.326648
1.326648
1.351946
1.329056
1.329056
1.179588
1.179588
1.325187
1.325187
1.398280
1.398280
1.384111
1.384111
1.328794
1.328794
1.206581
1.206581
1.316570
1.316570
1.356645
1.356645
1.052783
1.052783
1.367650
1.367650
1.384960
1.384960
1.347579
1.347579
1.208613
1.208613
1.304591
1.304591
1.371514
1.371514
1.081801
1.081801
1.328776
1.379136
1.379136
1.328776
1.075294
1.075294
1.193658
1.193658
1.362767
1.362767
1.341348
1.341348
1.261451
1.261451
1.323741
1.323741
1.350369
1.350369
1.318893
1.318893
1.069458
1.069458
1.093503
1.093503
1.199007
1.199007
1.251616
1.251616
1.351175
1.351175
1.219251
1.219251
1.216484
1.216484
1.215936
1.215936
1.172233
1.172233
1.375690
1.375690
1.318472
1.318472
1.268534
1.268534
1.124813
1.124813
1.177736
1.177736
1.370731
1.370731
1.375028
1.375028
1.296523
1.296523
1.177979
1.177979
1.226187
1.226187
1.320944
1.320944
1.383806
1.383806
1.314011
1.314011
1.295247
1.295247
1.143576
1.143576
1.353858
1.353858
1.304695
1.304695
1.234504
1.234504
1.354405
1.354405
1.109352
1.109352
1.302476
1.302476
1.252358
1.252358
1.304553
1.304553
1.376876
1.376876
1.298911
1.298911
1.314872
1.314872
1.178264
1.178264
1.262342
1.262342
1.234003
1.234003
1.360459
1.360459
1.384647
1.384647
1.161064
1.161064
1.218803
1.218803
1.354921
1.354921
1.383956
1.383956
1.352125
1.352125
1.115141
1.115141
1.182579
1.182579
