1.295680
1.295680
1.186159
1.186159
1.154397
1.154397
1.393114
1.336531
1.393114
1.336531
1.318548
1.318548
1.085286
1.085286
1.219330
1.219330
1.266081
1.266081
1.243118
1.243118
1.370816
1.370816
1.360950
1.360950
1.316457
1.316457
1.247654
1.247654
1.312977
1.312977
1.264487
1.264487
1.323284
1.323284
1.319236
1.319236
1.316802
1.316802
1.339669
1.339669
1.111969
1.108931
1.108931
1.111969
1.282411
1.282411
1.347426
1.347426
1.387782
1.387782
1.243530
1.243530
1.389563
1.389563
1.342454
1.342454
1.345526
1.345526
1.253531
1.253531
1.372899
1.372899
1.277436
1.277436
1.336024
1.336024
1.129175
1.129175
1.293340
1.293340
1.069241
1.069241
1.388078
1.388078
1.142855
1.142855
1.293950
1.293950
1.198278
1.198278
1.348026
1.348026
1.262683
1.262683
1.177889
1.177889
1.285721
1.285721
1.316675
1.316675
1.237853
1.237853
1.311555
1.311555
1.084918
1.084918
1.172155
1.172155
1.221154
1.221154
1.289632
1.289632
1.266680
1.266680
1.100760
1.100760
1.384880
1.384880
1.393072
1.393072
1.389001
1.389001
1.343139
1.343139
1.356980
1.356980
1.391668
1.391668
1.118168
1.118168
1.386941
1.386941
1.294094
1.294094
1.355612
1.355612
1.334056
1.334056
1.101769
1.101769
1.384876
1.384876
1.268940
1.268940
1.298658
1.298658
1.314281
1.314281
1.281832
1.281832
1.297189
1.297189
1.384808
1.384808
1.194287
1.194287
1.399269
1.399269
1.261795
1.261795
1.324567
1.324567
1.219399
1.219399
1.291681
1.291681
1.397792
1.397792
1.338526
1.338526
1.197919
1.197919
1.200341
1.200341
1.395668
1.395668
1.367720
1.367720
1.094122
1.094122
1.182285
1.182285
1.367792
1.367792
1.234121
1.234121
1.319874
1.319874
1.202027
1.202027
1.396363
1.396363
1.262200
1.262200
1.290732
1.290732
1.172381
1.172381
1.360152
1.360152
1.329850
1.329850
1.234425
1.234425
1.339833
1.339833
1.206940
1.206940
1.338378
1.338378
1.266110
1.266110
1.355802
1.355802
1.275588
1.275588
1.219532
1.219532
1.245505
1.245505
1.273247
1.273247
1.352742
1.352742
1.386032
1.386032
1.370192
1.370192
1.282892
1.282892
1.395563
1.395563
1.201888
1.201888
1.248059
1.248059
1.213526
1.213526
1.167676
1.167676
1.261650
1.261650
1.398066
1.398066
1.205393
1.205393
1.289239
1.289239
1.396937
1.396937
1.137775
1.137775
1.387700
1.387700
1.117711
1.117711
1.085293
1.085293
1.192554
1.192554
1.195527
1.195527
1.294845
1.294845
1.251619
1.251619
1.092897
1.092897
1.348570
1.348570
1.396324
1.396324
1.396289
1.396289
1.300460
1.300460
1.215991
1.215991
1.242592
1.242592
1.351047
1.351047
1.268429
1.268429
1.307617
1.307617
1.316751
1.316751
1.391247
1.391247
1.372279
1.372279
1.394582
1.394582
1.318180
1.318180
1.351251
1.351251
1.352255
1.352255
1.399734
1.399734
1.210362
1.210362
1.232086
1.232086
1.055572
1.055572
1.320708
1.320708
1.056534
1.056534
1.275353
1.275353
1.155950
1.155950
1.264897
1.264897
1.269913
1.269913
1.375948
1.375948
1.344965
1.344965
1.271905
1.271905
1.375146
1.375146
1.249956
1.249956
1.198427
1.198427
1.367270
1.367270
1.275168
1.275168
1.385962
1.385962
1.365955
1.365955
1.326885
1.326885
1.229403
1.229403
1.343857
1.343857
1.191285
1.191285
1.077161
1.077161
1.392486
1.392486
1.250489
1.250489
1.236994
1.236994
1.298319
1.298319
1.367386
1.367386
1.315664
1.315664
1.340188
1.340188
1.368008
1.368008
1.294704
1.294704
1.299574
1.299574
1.132763
1.132763
1.216427
1.216427
1.299767
1.299767
1.356123
1.356123
1.057365
1.057365
1.387088
1.387088
1.360900
1.360900
1.338361
1.338361
1.388957
1.388957
1.288349
1.288349
1.370597
1.370597
1.393937
1.393937
1.370588
1.370588
1.077667
1.077667
1.362709
1.362709
1.226950
1.226950
1.327532
1.327532
1.205939
1.205939
1.231272
1.231272
1.061414
1.061414
1.377915
1.377915
1.296552
1.296552
1.205032
1.205032
1.345823
1.345823
1.398228
1.398228
1.341679
1.341679
1.315171
1.315171
1.294135
1.294135
1.055106
1.055106
1.337187
1.337187
1.194141
1.194141
1.281040
1.281040
1.328346
1.328346
1.326650
1.326650
1.177493
1.177493
1.206910
1.206910
1.157790
1.157790
1.285685
1.285685
1.208698
1.208698
1.132994
1.132994
1.378592
1.378592
1.027016
1.027016
1.274511
1.274511
1.393137
1.393137
1.129196
1.129196
1.369269
1.369269
1.370327
1.370327
1.382890
1.382890
1.370010
1.370010
1.354240
1.354240
1.378257
1.378257
1.219110
1.219110
1.224328
1.224328
1.116740
1.116740
1.188383
1.188383
1.399405
1.399405
1.193797
1.193797
1.206654
1.206654
1.257263
1.257263
1.245299
1.245299
