1.366664
1.366664
1.397566
1.397566
1.279807
1.279807
1.389826
1.389826
1.146781
1.146781
1.283524
1.283524
1.163402
1.163402
1.296257
1.296257
1.335112
1.335112
1.348489
1.348489
1.336285
1.336285
1.244484
1.244484
1.369708
1.369708
1.386551
1.386551
1.272607
1.272607
1.292957
1.292957
1.142425
1.142425
1.319219
1.319219
1.329112
1.329112
1.312228
1.312228
1.388978
1.388978
1.350762
1.350762
1.224601
1.224601
1.331478
1.331478
1.307548
1.307548
1.360896
1.360896
1.357615
1.357615
1.267729
1.267729
1.392287
1.392287
1.216396
1.216396
1.362982
1.362982
1.241214
1.362656
1.362656
1.241214
1.298965
1.298965
1.271869
1.271869
1.285665
1.285665
1.242966
1.242966
1.265876
1.265876
1.338480
1.338480
1.380447
1.380447
1.213724
1.213724
1.367216
1.367216
1.382542
1.382542
1.364725
1.364725
1.363123
1.363123
1.388418
1.388418
1.064750
1.064750
1.398060
1.398060
1.096097
1.096097
1.327650
1.327650
1.189900
1.189900
1.213953
1.213953
1.154646
1.154646
1.371020
1.371020
1.354809
1.354809
1.323554
1.323554
1.227340
1.227340
1.382369
1.382369
1.341867
1.341867
1.221890
1.221890
1.162724
1.162724
1.138992
1.138992
1.364170
1.364170
1.325542
1.325542
1.343680
1.285449
1.343680
1.285449
1.373407
1.229031
1.373407
1.229031
1.397871
1.397871
1.257947
1.257947
1.348319
1.348319
1.120612
1.120612
1.016222
1.016222
1.203463
1.203463
1.352186
1.352186
1.234458
1.234458
1.381919
1.381919
1.396235
1.396235
1.347804
1.347804
1.147928
1.147928
1.280135
1.280135
1.305827
1.305827
1.361092
1.361092
1.328423
1.328423
1.278273
1.278273
1.339852
1.339852
1.352263
1.352263
1.348122
1.348122
1.143310
1.143310
1.393299
1.393299
1.331952
1.331952
1.365097
1.365097
1.344112
1.344112
1.230056
1.230056
1.228916
1.228916
1.152046
1.152046
1.315853
1.315853
1.382590
1.382590
1.367653
1.367653
1.317890
1.317890
1.365456
1.365456
1.385653
1.385653
1.369293
1.369293
1.227628
1.227628
1.187256
1.187256
1.254648
1.254648
1.306935
1.306935
1.309984
1.309984
1.094229
1.094229
1.338630
1.338630
1.265944
1.265944
1.289048
1.289048
1.232517
1.232517
1.255040
1.255040
1.395584
1.395584
1.363773
1.363773
1.272813
1.272813
1.325336
1.264417
1.325336
1.264417
1.365145
1.365145
1.160006
1.160006
1.362751
1.362751
1.373350
1.373350
1.335492
1.335492
1.207813
1.207813
1.333053
1.333053
1.307616
1.307616
1.369935
1.369935
1.359083
1.359083
1.374696
1.374696
1.349770
1.349770
1.284648
1.284648
1.180592
1.180592
1.338417
1.338417
1.284663
1.284663
1.240018
1.240018
1.258912
1.258912
1.375362
1.375362
1.362830
1.362830
1.335014
1.335014
1.159209
1.159209
1.093301
1.093301
1.352653
1.352653
1.203849
1.203849
1.322832
1.322832
1.369579
1.369579
1.197205
1.197205
1.097116
1.097116
1.292230
1.292230
1.293154
1.293154
1.343117
1.343117
1.305174
1.305174
1.366682
1.366682
1.286637
1.286637
1.365773
1.365773
1.257412
1.257412
1.351840
1.351840
1.264493
1.264493
1.096791
1.096791
1.052461
1.052461
1.272524
1.272524
1.344739
1.344739
1.045066
1.045066
1.193478
1.193478
1.220893
1.220893
1.220889
1.220889
1.394333
1.394333
1.368314
1.368314
1.316123
1.316123
1.246552
1.246552
1.290356
1.290356
1.313736
1.313736
1.248414
1.248414
1.153020
1.153020
1.157758
1.157758
1.152849
1.152849
1.345038
1.345038
1.316946
1.316946
1.063977
1.063977
1.102470
1.102470
1.371788
1.371788
1.305425
1.305425
1.342606
1.342606
1.330384
1.330384
1.327383
1.327383
1.077108
1.077108
1.102584
1.102584
1.332692
1.332692
1.227178
1.227178
1.311589
1.311589
1.256518
1.256518
1.297172
1.297172
1.286399
1.286399
1.378910
1.378910
1.370821
1.370821
1.221321
1.221321
1.395365
1.395365
1.205285
1.205285
1.383606
1.383606
1.170761
1.170761
1.256940
1.256940
1.132190
1.132190
1.217731
1.217731
1.380416
1.380416
1.319043
1.319043
1.324488
1.324488
1.334711
1.334711
1.337860
1.337860
1.231005
1.231005
1.270945
1.270945
1.331879
1.331879
