1.236907
1.265229
1.265229
1.236907
1.360831
1.360831
1.118386
1.118386
1.033557
1.033557
1.391994
1.391994
1.270838
1.270838
1.216839
1.216839
1.193881
1.193881
1.326544
1.326544
1.356808
1.356808
1.362322
1.362322
1.381577
1.381577
1.356079
1.356079
1.192553
1.192553
1.254914
1.254914
1.232612
1.232612
1.341027
1.341027
1.239383
1.239383
1.388172
1.388172
1.320759
1.320759
1.290512
1.290512
1.312650
1.312650
1.182922
1.182922
1.283912
1.283912
1.207823
1.207823
1.305839
1.305839
1.063314
1.063314
1.358359
1.358359
1.216027
1.216027
1.352947
1.352947
1.381127
1.381127
1.335491
1.335491
1.316003
1.316003
1.309851
1.309851
1.191430
1.191430
1.374988
1.374988
1.236762
1.236762
1.300577
1.300577
1.300808
1.300808
1.128650
1.128650
1.205164
1.205164
1.189554
1.189554
1.130493
1.130493
1.383847
1.383847
1.377956
1.377956
1.293779
1.293779
1.249748
1.249748
1.051742
1.051742
1.248266
1.248266
1.088567
1.088567
1.262476
1.262476
1.244046
1.244046
1.343811
1.343811
1.207471
1.207471
1.165966
1.165966
1.168907
1.168907
1.068300
1.068300
1.078559
1.078559
1.318314
1.318314
1.165081
1.165081
1.323411
1.323411
1.377559
1.377559
1.258397
1.258397
1.235882
1.235882
1.341487
1.341487
1.317947
1.317947
1.356404
1.356404
1.128539
1.128539
1.304578
1.304578
1.383241
1.383241
1.310528
1.310528
1.310330
1.310330
1.260047
1.260047
1.317168
1.317168
1.127888
1.127888
1.338136
1.338136
1.386445
1.386445
1.345686
1.345686
1.209465
1.209465
1.285086
1.285086
1.224469
1.224469
1.262304
1.262304
1.322857
1.322857
1.388873
1.388873
1.366625
1.366625
1.298884
1.298884
1.320570
1.331952
1.320570
1.331952
1.231373
1.231373
1.397114
1.397114
1.266018
1.266018
1.351690
1.351690
1.349805
1.349805
1.283893
1.283893
1.216320
1.216320
1.290511
1.290511
1.260480
1.260480
1.347388
1.347388
1.363160
1.363160
1.316822
1.316822
1.211701
1.349565
1.349565
1.211701
1.311296
1.311296
1.238966
1.238966
1.382975
1.382975
1.168807
1.168807
1.086801
1.086801
1.161232
1.161232
1.305070
1.305070
1.380311
1.380311
1.338298
1.338298
1.299291
1.299291
1.302934
1.302934
1.098748
1.198299
1.098748
1.198299
1.183191
1.183191
1.093795
1.093795
1.324878
1.324878
1.392844
1.392844
1.384608
1.384608
1.311692
1.311692
1.361802
1.361802
1.232592
1.232592
1.248910
1.248910
1.315090
1.315090
1.250098
1.250098
1.170404
1.170404
1.089611
1.089611
1.326420
1.326420
1.115539
1.115539
1.379269
1.379269
1.351574
1.351574
1.239941
1.239941
1.282453
1.282453
1.128543
1.128543
1.247545
1.247545
1.342244
1.342244
1.246311
1.246311
1.391376
1.391376
1.079257
1.079257
1.215570
1.215570
1.178617
1.178617
1.353654
1.353654
1.372974
1.372974
1.379750
1.379750
1.282220
1.282220
1.026333
1.026333
1.391331
1.391331
1.370926
1.370926
1.336168
1.336168
1.101778
1.101778
1.374041
1.374041
1.222690
1.222690
1.027185
1.027185
1.141248
1.141248
1.251121
1.251121
1.122156
1.122156
1.107851
1.107851
1.345767
1.345767
1.390626
1.390626
1.317492
1.317492
1.308114
1.308114
1.114337
1.114337
1.291685
1.291685
1.270842
1.270842
1.235167
1.235167
1.348211
1.348211
1.306083
1.306083
1.373267
1.373267
1.334690
1.334690
1.223152
1.223152
1.187336
1.187336
1.294729
1.294729
1.199937
1.199937
1.252252
1.252252
1.288416
1.288416
1.348230
1.348230
1.144339
1.144339
1.369861
1.369861
1.113292
1.113292
1.383033
1.383033
1.396345
1.396345
1.183882
1.183882
1.353740
1.353740
1.295445
1.295445
1.081127
1.081127
1.210689
1.210689
1.217553
1.217553
1.352297
1.352297
1.398852
1.398852
1.375473
1.375473
1.397033
1.397033
1.243641
1.243641
1.259244
1.259244
1.274691
1.274691
1.364044
1.364044
1.239593
1.239593
1.073429
1.073429
1.362125
1.362125
1.379605
1.379605
1.375786
1.375786
1.154839
1.154839
1.352723
1.352723
1.350259
1.350259
1.237805
1.237805
1.337499
1.337499
1.390056
1.390056
1.308332
1.308332
1.062990
1.062990
1.340061
1.340061
1.345731
1.345731
1.225955
1.225955
1.305377
1.305377
1.296724
1.296724
1.239229
1.239229
1.345609
1.345609
1.264692
1.264692
1.370674
1.370674
1.351249
1.351249
1.392922
1.392922
1.134307
1.134307
1.389824
1.389824
1.330999
1.330999
1.393813
1.393813
1.313160
1.313160
1.172239
1.172239
1.377080
1.377080
1.372656
1.372656
1.296276
1.296276
1.343371
1.343371
1.376924
1.376924
1.341780
1.341780
1.121663
1.121663
1.224170
1.224170
1.293060
1.293060
1.070748
1.070748
1.043464
1.043464
