1.311988
1.311988
1.230910
1.230910
1.149434
1.149434
1.169207
1.169207
1.398205
1.398205
1.070802
1.070802
1.273802
1.288448
1.273802
1.288448
1.185770
1.185770
1.223189
1.223189
1.390961
1.390961
1.335649
1.335649
1.328851
1.328851
1.388191
1.388191
1.306076
1.306076
1.246457
1.246457
1.391688
1.391688
1.284286
1.284286
1.161082
1.161082
1.297097
1.297097
1.359082
1.359082
1.294902
1.148581
1.294902
1.148581
1.357344
1.357344
1.389641
1.315520
1.315520
1.389641
1.309475
1.309475
1.391594
1.391594
1.262271
1.262271
1.389362
1.389362
1.170632
1.170632
1.142365
1.142365
1.395570
1.395570
1.350133
1.350133
1.292779
1.292779
1.358329
1.358329
1.391103
1.391103
1.275691
1.275691
1.391408
1.391408
1.362394
1.362394
1.241401
1.241401
1.382445
1.382445
1.316237
1.316237
1.359823
1.359823
1.272979
1.272979
1.395393
1.395393
1.297411
1.297411
1.288499
1.288499
1.301976
1.301976
1.386025
1.386025
1.365806
1.365806
1.383096
1.383096
1.280054
1.280054
1.180731
1.180731
1.349340
1.349340
1.256376
1.377404
1.377404
1.256376
1.267875
1.267875
1.202260
1.202260
1.261851
1.261851
1.382245
1.382245
1.357325
1.357325
1.239834
1.239834
1.377335
1.377335
1.358698
1.358698
1.304791
1.304791
1.266021
1.266021
1.178286
1.178286
1.248519
1.248519
1.353745
1.353745
1.285186
1.285186
1.252739
1.252739
1.192193
1.192193
1.322397
1.322397
1.285838
1.042530
1.373816
1.042530
1.373816
1.285838
1.110139
1.110139
1.202963
1.202963
1.285726
1.285726
1.288741
1.288741
1.343911
1.343911
1.388057
1.388057
1.013569
1.013569
1.231714
1.231714
1.392397
1.392397
1.232890
1.232890
1.268927
1.268927
1.315477
1.315477
1.248829
1.248829
1.386742
1.386742
1.380949
1.380949
1.262126
1.262126
1.332036
1.332036
1.372982
1.372982
1.322303
1.322303
1.268968
1.268968
1.376355
1.376355
1.314308
1.314308
1.356903
1.356903
1.356086
1.356086
1.323765
1.399509
1.399509
1.323765
1.290793
1.290793
1.168899
1.168899
1.252943
1.252943
1.394789
1.394789
1.271788
1.271788
1.229119
1.229119
1.197327
1.197327
1.318153
1.318153
1.386808
1.386808
1.304269
1.304269
1.152320
1.152320
1.306692
1.306692
1.241152
1.241152
1.267092
1.267092
1.285249
1.285249
1.369472
1.369472
1.233015
1.233015
1.302665
1.302665
1.381699
1.381699
1.238009
1.238009
1.295744
1.389569
1.389569
1.295744
1.396539
1.396539
1.142209
1.142209
1.089512
1.089512
1.192199
1.192199
1.183361
1.183361
1.307854
1.307854
1.374571
1.374571
1.252579
1.252579
1.157112
1.157112
1.381125
1.381125
1.397674
1.397674
1.054665
1.054665
1.393920
1.393920
1.028027
1.028027
1.326073
1.326073
1.339406
1.339406
1.200560
1.200560
1.371189
1.371189
1.387630
1.387630
1.323389
1.323389
1.204189
1.204189
1.192773
1.192773
1.384510
1.384510
1.217681
1.217681
1.399183
1.399183
1.396257
1.396257
1.327514
1.327514
1.302386
1.302386
1.196080
1.196080
1.388259
1.388259
1.376744
1.376744
1.349831
1.349831
1.367993
1.367993
1.237041
1.237041
1.099705
1.099705
1.367383
1.367383
1.317772
1.317772
1.340907
1.340907
1.095605
1.095605
1.284196
1.284196
1.240332
1.240332
1.187288
1.187288
1.311958
1.311958
1.188921
1.188921
1.375170
1.375170
1.158034
1.158034
1.372959
1.372959
1.378682
1.378682
1.142790
1.142790
1.232534
1.232534
1.321299
1.321299
1.166808
1.166808
1.189808
1.191713
1.191713
1.189808
1.219943
1.219943
1.337526
1.337526
1.382812
1.382812
1.167663
1.167663
1.301237
1.301237
1.154660
1.154660
