1.162622
1.162622
1.394618
1.394618
1.323312
1.323312
1.238977
1.238977
1.339817
1.339817
1.397785
1.397785
1.209782
1.322718
1.209782
1.322718
1.112615
1.112615
1.312268
1.312268
1.211862
1.211862
1.250897
1.250897
1.361506
1.361506
1.366649
1.366649
1.176989
1.176989
1.197449
1.197449
1.278399
1.278399
1.381377
1.381377
1.342788
1.342788
1.362723
1.362723
1.086112
1.086112
1.334730
1.334730
1.241037
1.241037
1.345242
1.345242
1.255388
1.255388
1.220270
1.220270
1.264187
1.264187
1.337012
1.337012
1.200485
1.200485
1.303970
1.093921
1.303970
1.093921
1.155397
1.155397
1.387446
1.387446
1.399611
1.399611
1.061620
1.061620
1.160719
1.160719
1.197656
1.197656
1.373843
1.373843
1.316920
1.316920
1.329110
1.329110
1.366959
1.366959
1.395428
1.395428
1.144624
1.322673
1.144624
1.362446
1.322673
1.362446
1.182497
1.182497
1.275693
1.275693
1.224074
1.224074
1.312479
1.312479
1.192771
1.192771
1.322431
1.322431
1.192568
1.192568
1.292951
1.292951
1.378324
1.378324
1.142897
1.142897
1.099590
1.099590
1.185843
1.185843
1.179107
1.179107
1.381851
1.381851
1.397326
1.397326
1.373253
1.373253
1.338791
1.132588
1.132588
1.338791
1.353283
1.353283
1.333337
1.333337
1.317362
1.317362
1.368311
1.368311
1.338458
1.338458
1.270691
1.270691
1.352631
1.352631
1.282661
1.282661
1.362478
1.362478
1.387410
1.387410
1.268662
1.268662
1.386130
1.386130
1.350212
1.350212
1.387830
1.387830
1.220068
1.220068
1.304084
1.304084
1.328564
1.328564
1.316435
1.316435
1.218687
1.218687
1.158309
1.158309
1.241626
1.241626
1.258919
1.258919
1.318121
1.318121
1.387614
1.387614
1.379217
1.379217
1.355073
1.355073
1.132044
1.132044
1.280441
1.280441
1.320035
1.320035
1.391602
1.391602
1.297794
1.297794
1.364142
1.364142
1.253205
1.253205
1.330132
1.330132
1.399471
1.399471
1.258867
1.258867
1.250387
1.250387
1.338148
1.338148
1.355271
1.355271
1.320504
1.320504
1.350316
1.350316
1.392814
1.392814
1.382253
1.382253
1.367093
1.367093
1.361012
1.361012
1.121912
1.121912
1.328544
1.328544
1.389430
1.389430
1.116935
1.116935
1.341803
1.341803
1.062359
1.062359
1.387198
1.387198
1.350334
1.350334
1.367717
1.367717
1.075956
1.075956
1.078979
1.078979
1.073583
1.073583
1.250175
1.250175
1.382867
1.382867
1.236723
1.236723
1.113959
1.113959
1.232074
1.232074
1.392128
1.392128
1.048240
1.048240
1.242753
1.242753
1.277416
1.277416
1.328127
1.328127
1.193418
1.193418
1.045869
1.045869
1.151656
1.151656
1.195657
1.195657
1.371387
1.371387
1.328443
1.328443
1.273640
1.273640
1.335159
1.335159
1.204361
1.204361
1.253743
1.253743
1.089512
1.089512
1.348710
1.348710
1.300000
1.300000
1.387568
1.387568
1.071103
1.071103
1.273046
1.273046
1.274963
1.274963
1.391965
1.391965
1.387393
1.387393
1.296918
1.296918
1.151560
1.151560
1.338654
1.338654
1.398429
1.398429
1.267078
1.267078
1.337381
1.337381
1.373133
1.373133
1.361820
1.361820
1.297832
1.297832
1.273794
1.273794
1.347520
1.347520
1.121538
1.121538
1.265031
1.265031
1.340153
1.340153
1.289659
1.289659
1.142330
1.142330
1.397830
1.397830
1.381247
1.381247
1.367081
1.367081
1.342002
1.342002
1.217407
1.217407
1.359794
1.359794
1.395318
1.395318
1.342640
1.342640
1.344904
1.344904
1.374780
1.374780
1.241630
1.241630
1.257827
1.257827
1.275471
1.275471
1.222876
1.222876
1.222371
1.222371
1.361520
1.361520
1.385797
1.385797
1.347997
1.347997
1.315203
1.315203
1.102208
1.102208
1.303408
1.303408
1.098093
1.098093
1.384428
1.384428
1.277713
1.277713
1.267217
1.267217
1.202141
1.202141
1.308948
1.308948
1.269872
1.269872
1.094345
1.094345
1.279825
1.279825
1.192148
1.192148
1.245746
1.245746
1.369416
1.369416
1.331457
1.331457
1.335376
1.335376
1.292474
1.292474
1.114529
1.114529
1.132891
1.132891
1.207643
1.207643
1.219850
1.219850
1.333769
1.333769
1.174968
1.174968
1.389848
1.389848
1.307834
1.307834
1.382003
1.382003
1.252918
1.252918
1.064228
1.064228
1.375737
1.375737
1.353680
1.353680
1.323222
1.323222
1.359472
1.359472
1.254817
1.254817
1.240889
1.240889
1.200579
1.200579
1.062083
1.062083
1.240325
1.240325
1.053461
1.053461
1.375064
1.375064
1.189072
1.189072
1.370269
1.370269
1.349045
1.349045
1.290746
1.290746
1.353245
1.353245
1.397989
1.397989
1.377207
1.377207
1.391331
1.391331
1.253305
1.292492
1.292492
1.253305
1.366956
1.366956
1.282940
1.282940
1.388290
1.388290
1.338281
1.338281
1.333826
1.333826
1.371780
1.371780
1.319011
1.319011
1.261212
1.261212
1.300425
1.300425
1.353876
1.353876
1.176846
1.176846
1.201908
1.201908
1.350776
1.350776
1.334900
1.334900
1.354465
1.354465
1.310535
1.310535
1.387514
1.387514
1.223411
1.223411
1.275011
1.275011
1.278806
1.354704
1.278806
1.354704
1.394683
1.394683
1.364719
1.364719
1.060360
1.060360
1.319229
1.319229
1.183406
1.183406
1.307330
1.307330
1.278659
1.278659
1.337457
1.337457
1.397829
1.397829
1.343802
1.343802
1.296123
1.296123
1.372429
1.372429
1.349919
1.349919
1.328327
1.328327
1.369752
1.369752
1.385904
1.385904
1.368288
1.368288
1.304452
1.304452
1.362660
1.362660
1.196170
1.196170
1.074357
1.074357
1.373362
1.373362
1.398120
1.398120
1.298923
1.298923
1.348947
1.348947
1.276089
1.276089
1.386575
1.386575
1.151228
1.151228
1.394980
1.394980
1.288533
1.288533
1.396022
1.396022
1.336034
1.336034
1.308103
1.308103
