1.148906
1.148906
1.312733
1.312733
1.394626
1.380144
1.394626
1.380144
1.231732
1.231732
1.304474
1.304474
1.367633
1.351234
1.351234
1.367633
1.254381
1.223699
1.223699
1.254381
1.386748
1.386748
1.379953
1.379953
1.248652
1.248652
1.144631
1.144631
1.372582
1.372582
1.347531
1.347531
1.134988
1.134988
1.203466
1.203466
1.222764
1.222764
1.362366
1.362366
1.393683
1.393683
1.205722
1.205722
1.307333
1.307333
1.284816
1.284816
1.187215
1.187215
1.185424
1.185424
1.318838
1.318838
1.369248
1.369248
1.361776
1.361776
1.366995
1.366995
1.312473
1.312473
1.182416
1.182416
1.277593
1.277593
1.322062
1.322062
1.221613
1.221613
1.362206
1.362206
1.256624
1.256624
1.333043
1.338461
1.338461
1.333043
1.208453
1.208453
1.191420
1.191420
1.359397
1.359397
1.303577
1.303577
1.187384
1.187384
1.186404
1.186404
1.257309
1.257309
1.392142
1.392142
1.249714
1.249714
1.040340
1.040340
1.245408
1.245408
1.284456
1.284456
1.369413
1.369413
1.330891
1.330891
1.342446
1.342446
1.396014
1.396014
1.009773
1.009773
1.382743
1.382743
1.357717
1.357717
1.271960
1.271960
1.313234
1.313234
1.052639
1.052639
1.309112
1.309112
1.336338
1.336338
1.272238
1.272238
1.205702
1.205702
1.122726
1.122726
1.337873
1.337873
1.149426
1.149426
1.258599
1.258599
1.090546
1.090546
1.040397
1.040397
1.170497
1.170497
1.267740
1.267740
1.121022
1.121022
1.337830
1.337830
1.314539
1.314539
1.292462
1.292462
1.177765
1.177765
1.174441
1.174441
1.302503
1.302503
1.391123
1.391123
1.238633
1.238633
1.374924
1.374924
1.397426
1.397426
1.260007
1.260007
1.155591
1.155591
1.369224
1.369224
1.078821
1.078821
1.304935
1.304935
1.358355
1.358355
1.391505
1.391505
1.277617
1.277617
1.093245
1.093245
1.252576
1.252576
1.333116
1.333116
1.307495
1.307495
1.129278
1.129278
1.356986
1.356986
1.324619
1.324619
1.375323
1.375323
1.081012
1.081012
1.090592
1.090592
1.386016
1.386016
1.160539
1.160539
1.377433
1.377433
1.082158
1.082158
1.304688
1.304688
1.099114
1.099114
1.181772
1.181772
1.333863
1.333863
1.336681
1.336681
1.116413
1.116413
1.079849
1.079849
1.119875
1.119875
1.325989
1.325989
1.331938
1.331938
1.363334
1.363334
1.391843
1.391843
1.217087
1.217087
1.334394
1.334394
1.207207
1.207207
1.277573
1.277573
1.329442
1.329442
1.331476
1.331476
1.264123
1.264123
1.179472
1.179472
1.175013
1.175013
1.352456
1.352456
1.200595
1.200595
1.375245
1.375245
1.305613
1.305613
1.134058
1.134058
1.178656
1.178656
1.366197
1.366197
1.236490
1.236490
1.326561
1.326561
1.262063
1.262063
1.373420
1.373420
1.387509
1.387509
1.288230
1.288230
1.374830
1.374830
1.305184
1.305184
1.022837
1.022837
1.393926
1.393926
1.209505
1.209505
1.293607
1.293607
1.147993
1.314730
1.147993
1.314730
1.358330
1.358330
1.272997
1.272997
1.338136
1.338136
1.389971
1.389971
1.274490
1.274490
1.387891
1.387891
1.367689
1.367689
1.386622
1.386622
1.225439
1.225439
1.127184
1.127184
1.309229
1.309229
1.275943
1.275943
1.281518
1.281518
1.256738
1.256738
1.222269
1.222269
1.377155
1.377155
1.352242
1.352242
1.271232
1.271232
1.167921
1.167921
1.176885
1.176885
1.314097
1.314097
1.263112
1.263112
1.380534
1.380534
1.119533
1.119533
1.267310
1.267310
1.244264
1.244264
1.304084
1.304084
1.344342
1.344342
1.255221
1.255221
1.367777
1.367777
1.361172
1.361172
1.100544
1.100544
1.367333
1.367333
1.320703
1.320703
1.341200
1.341200
1.239892
1.239892
1.310193
1.310193
1.180266
1.180266
1.175148
1.175148
1.388516
1.388516
1.294863
1.294863
1.376336
1.376336
1.346310
1.346310
1.369370
1.369370
1.232431
1.232431
1.193207
1.193207
1.177335
1.177335
1.245519
1.245519
1.373190
1.373190
1.397909
1.397909
1.306411
1.306411
1.261030
1.261030
1.319380
1.319380
1.335063
1.335063
1.093330
1.093330
1.300104
1.300104
1.137972
1.137972
1.120744
1.120744
1.368178
1.368178
1.359328
1.359328
1.349154
1.349154
1.268819
1.268819
1.381736
1.381736
1.283969
1.283969
1.360897
1.360897
1.067786
1.067786
1.386159
1.386159
1.301117
1.301117
1.263606
1.263606
1.386882
1.386882
1.352166
1.352166
1.361069
1.361069
1.196955
1.196955
1.356178
1.356178
1.185942
1.185942
1.316070
1.316070
1.139971
1.139971
1.337273
1.188243
1.188243
1.337273
1.262737
1.262737
1.102553
1.102553
1.336435
1.336435
1.214432
1.214432
1.232541
1.232541
1.116487
1.116487
1.216797
1.216797
1.379882
1.379882
1.256538
1.256538
1.276172
1.276172
1.318641
1.318641
1.254899
1.254899
1.208116
1.208116
1.250778
1.250778
1.366826
1.366826
1.229762
1.229762
1.391484
1.391484
1.280912
1.280912
1.186866
1.186866
1.193817
1.193817
1.160097
1.160097
1.303532
1.303532
1.261980
1.261980
1.153769
1.153769
1.340430
1.340430
1.363827
1.363827
1.295420
1.295420
1.276879
1.276879
1.207538
1.207538
1.359777
1.359777
1.137523
1.137523
1.380294
1.380294
1.356810
1.356810
1.331849
1.331849
1.333475
1.333475
1.373291
1.373291
1.069506
1.069506
1.144810
1.144810
1.184965
1.184965
1.355186
1.355186
1.376367
1.376367
1.143138
1.143138
1.108976
1.108976
1.348546
1.348546
1.398583
1.398583
1.394320
1.333130
1.394320
1.333130
1.186613
1.186613
1.299812
1.299812
1.346299
1.346299
1.172344
1.172344
1.154539
1.154539
1.208559
1.208559
1.334805
1.334805
