1.226196
1.226196
1.252433
1.252433
1.224594
1.224594
1.287001
1.287001
1.294103
1.294103
1.363298
1.363298
1.257921
1.257921
1.310626
1.310626
1.355871
1.355871
1.360450
1.360450
1.390728
1.390728
1.361757
1.361757
1.343282
1.343282
1.399782
1.399782
1.356063
1.356063
1.368982
1.368982
1.153488
1.153488
1.303946
1.303946
1.149345
1.149345
1.187094
1.187094
1.256354
1.256354
1.391981
1.391981
1.113420
1.113420
1.303918
1.303918
1.317896
1.274486
1.317896
1.274486
1.252087
1.252087
1.212486
1.212486
1.328683
1.328683
1.232419
1.232419
1.202089
1.202089
1.056583
1.056583
1.091055
1.091055
1.394284
1.394284
1.239135
1.239135
1.299662
1.381539
1.299662
1.381539
1.288640
1.288640
1.376791
1.376791
1.193013
1.193013
1.257607
1.257607
1.050554
1.050554
1.337386
1.337386
1.383756
1.383756
1.299352
1.299352
1.385141
1.385141
1.318820
1.318820
1.380149
1.380149
1.348501
1.348501
1.281902
1.281902
1.387023
1.387023
1.339620
1.339620
1.178253
1.178253
1.266916
1.266916
1.354482
1.354482
1.321312
1.321312
1.259303
1.259303
1.290182
1.290182
1.245449
1.245449
1.399402
1.399402
1.178731
1.178731
1.399975
1.399975
1.335138
1.335138
1.174834
1.174834
1.329312
1.329312
1.226258
1.226258
1.326471
1.326471
1.388510
1.388510
1.328601
1.328601
1.279539
1.279539
1.286604
1.286604
1.377469
1.377469
1.211361
1.211361
1.311672
1.311672
1.307415
1.307415
1.142544
1.142544
1.122579
1.122579
1.338271
1.338271
1.320077
1.320077
1.357716
1.357716
1.335014
1.335014
1.346834
1.346834
1.388946
1.388946
1.256681
1.256681
1.268198
1.268198
1.359904
1.359904
1.319803
1.319803
1.338366
1.338366
1.326168
1.326168
1.371519
1.371519
1.159645
1.159645
1.200628
1.200628
1.391758
1.391758
1.314257
1.314257
1.062863
1.062863
1.369351
1.369351
1.189890
1.189890
1.390493
1.390493
1.277324
1.277324
1.203739
1.203739
1.291431
1.291431
1.197251
1.197251
1.197398
1.197398
1.216802
1.216802
1.298338
1.298338
1.397986
1.397986
1.305364
1.305364
1.059461
1.059461
1.378050
1.378050
1.335688
1.335688
1.230719
1.230719
1.378337
1.378337
1.357310
1.357310
1.369948
1.369948
1.332927
1.332927
1.101105
1.101105
1.334293
1.334293
1.087140
1.087140
1.353015
1.353015
1.205160
1.205160
1.360499
1.360499
1.343584
1.343584
1.379378
1.379378
1.371911
1.371911
1.170960
1.170960
1.303641
1.303641
1.212779
1.212779
1.229616
1.229616
1.376557
1.376557
1.302663
1.302663
1.228090
1.228090
1.276158
1.276158
1.364473
1.364473
1.248100
1.248100
1.386390
1.386390
1.136278
1.136278
1.218836
1.218836
1.338888
1.338888
1.242293
1.242293
1.318678
1.318678
1.137578
1.137578
1.116401
1.116401
1.394689
1.394689
