1.306011
1.306011
1.359217
1.359217
1.369856
1.369856
1.165909
1.165909
1.121245
1.121245
1.210659
1.210659
1.360033
1.360033
1.398162
1.398162
1.365954
1.365954
1.143798
1.138663
1.138663
1.143798
1.295119
1.295119
1.372999
1.372999
1.146649
1.146649
1.361984
1.361984
1.307502
1.224764
1.307502
1.224764
1.393982
1.393982
1.320702
1.320702
1.338555
1.338555
1.324632
1.324632
1.348569
1.348569
1.242217
1.242217
1.353171
1.353171
1.035789
1.035789
1.370889
1.341208
1.370889
1.341208
1.306103
1.306103
1.264157
1.264157
1.397791
1.397791
1.190305
1.190305
1.387988
1.387988
1.355082
1.333333
1.333333
1.355082
1.152965
1.152965
1.308621
1.308621
1.355902
1.355902
1.361381
1.236285
1.361381
1.236285
1.289418
1.289418
1.373544
1.373544
1.283565
1.283565
1.296330
1.296330
1.184750
1.184750
1.109446
1.109446
1.208240
1.208240
1.227929
1.227929
1.339301
1.339301
1.305155
1.305155
1.226253
1.226253
1.207391
1.207391
1.269207
1.269207
1.081677
1.081677
1.259338
1.259338
1.239584
1.239584
1.345062
1.345062
1.314060
1.314060
1.200268
1.200268
1.291916
1.291916
1.366891
1.399192
1.399192
1.366891
1.325701
1.325701
1.354304
1.354304
1.184507
1.184507
1.234786
1.234786
1.155688
1.155688
1.242434
1.242434
1.095139
1.095139
1.032209
1.032209
1.147311
1.147311
1.308902
1.308902
1.396299
1.396299
1.387750
1.387750
1.292886
1.292886
1.272831
1.272831
1.309243
1.309243
1.395997
1.395997
1.194552
1.194552
1.360861
1.360861
1.271953
1.271953
1.254046
1.254046
1.285764
1.285764
1.389403
1.389403
1.335064
1.335064
1.334472
1.334472
1.312480
1.312480
1.399395
1.399395
1.373946
1.373946
1.246776
1.246776
1.261274
1.261274
1.074984
1.074984
1.361386
1.361386
1.391915
1.391915
1.204646
1.204646
1.236224
1.236224
1.236779
1.236779
1.397913
1.397913
1.395598
1.395598
1.377787
1.377787
1.188963
1.188963
1.330064
1.330064
1.344443
1.344443
1.383481
1.383481
1.303761
1.303761
1.353916
1.353916
1.346599
1.346599
1.356664
1.356664
1.394582
1.394582
1.062047
1.062047
1.183767
1.183767
1.396174
1.396174
1.378093
1.378093
1.180658
1.180658
1.399368
1.399368
1.387678
1.387678
1.327355
1.327355
1.221994
1.221994
1.295714
1.295714
1.325788
1.325788
1.082697
1.082697
1.131718
1.131718
1.287043
1.287043
1.320062
1.320062
1.342503
1.342503
1.294239
1.294239
1.239865
1.239865
1.249541
1.249541
1.303597
1.303597
1.301593
1.301593
1.384970
1.384970
1.337953
1.337953
1.284820
1.284820
1.359832
1.359832
1.381052
1.381052
1.192806
1.192806
1.095107
1.095107
1.192093
1.192093
1.212520
1.212520
1.068758
1.068758
1.349055
1.349055
1.087063
1.087063
1.226323
1.226323
1.306046
1.306046
1.177243
1.177243
1.387800
1.387800
1.357188
1.357188
1.385947
1.385947
1.312195
1.312195
1.320489
1.320489
1.376579
1.376579
1.229468
1.229468
1.231786
1.231786
1.379552
1.379552
1.057501
1.057501
1.279843
1.279843
1.367203
1.367203
1.117222
1.117222
1.331958
1.331958
1.230209
1.230209
1.264598
1.264598
1.376953
1.376953
1.354301
1.354301
1.221301
1.221301
1.270446
1.270446
1.228158
1.228158
1.253674
1.253674
1.246247
1.246247
1.261540
1.261540
1.321131
1.321131
1.240354
1.240354
1.203646
1.203646
1.332313
1.332313
1.082531
1.082531
1.354709
1.354709
1.245655
1.245655
1.371149
1.371149
1.300258
1.300258
1.272359
1.272359
1.217373
1.217373
1.068360
1.068360
1.153210
1.153210
1.357007
1.357007
1.390041
1.390041
1.324050
1.324050
1.381165
1.381165
1.286701
1.286701
1.291746
1.291746
1.375544
1.375544
1.229202
1.229202
1.346383
1.346383
1.356789
1.356789
1.247726
1.247726
1.331536
1.331536
1.246104
1.246104
1.384118
1.384118
1.334471
1.334471
1.246482
1.246482
1.395695
1.395695
1.399259
1.399259
1.219090
1.219090
1.194533
1.194533
