1.064056
1.064056
1.284565
1.284565
1.287389
1.287389
1.385361
1.385361
1.131141
1.131141
1.391600
1.391600
1.296992
1.296992
1.357950
1.357950
1.295289
1.295289
1.398794
1.398794
1.209451
1.209451
1.327971
1.327971
1.118081
1.118081
1.386644
1.386644
1.348840
1.348840
1.264457
1.264457
1.178375
1.178375
1.382580
1.382580
1.322727
1.322727
1.374051
1.374051
1.333617
1.333617
1.386091
1.386091
1.276985
1.276985
1.318835
1.318835
1.398506
1.398506
1.363357
1.363357
1.342766
1.342766
1.288609
1.288609
1.274571
1.274571
1.206523
1.206523
1.395263
1.395263
1.276967
1.276967
1.323599
1.323599
1.362739
1.362739
1.272667
1.272667
1.296379
1.296379
1.321205
1.321205
1.389459
1.389459
1.364601
1.364601
1.378592
1.378592
1.395498
1.395498
1.259954
1.259954
1.175337
1.175337
1.335482
1.335482
1.271558
1.271558
1.336343
1.336343
1.363005
1.363005
1.268961
1.268961
1.361577
1.331667
1.361577
1.331667
1.348687
1.348687
1.380104
1.380104
1.372533
1.372533
1.349678
1.349678
1.324151
1.324151
1.301150
1.301150
1.119172
1.119172
1.345516
1.345516
1.178072
1.178072
1.359467
1.359467
1.371802
1.371802
1.374991
1.374991
1.163222
1.163222
1.265992
1.382984
1.382984
1.265992
1.276788
1.276788
1.087158
1.087158
1.323679
1.323679
1.311730
1.311730
1.391122
1.391122
1.237387
1.274847
1.237387
1.274847
1.348650
1.348650
1.189689
1.189689
1.392543
1.392543
1.372345
1.372345
1.320313
1.320313
1.204362
1.204362
1.373546
1.373546
1.214053
1.214053
1.289454
1.289454
1.216502
1.216502
1.242387
1.242387
1.321058
1.321058
1.308268
1.308268
1.217103
1.217103
1.373137
1.373137
1.235872
1.235872
1.389979
1.389979
1.292421
1.292421
1.381628
1.381628
1.126900
1.126900
1.252996
1.252996
1.399565
1.399565
1.345694
1.345694
1.205266
1.205266
1.169755
1.169755
1.391116
1.391116
1.349070
1.349070
1.264418
1.264418
1.327550
1.327550
1.313175
1.313175
1.347721
1.206674
1.206674
1.347721
1.235622
1.235622
1.272066
1.272066
1.386741
1.386741
1.274729
1.274729
1.313783
1.313783
1.258804
1.258804
1.355716
1.355716
1.289067
1.289067
1.356424
1.356424
1.341886
1.341886
1.150926
1.150926
1.370032
1.370032
1.323214
1.323214
1.242010
1.242010
1.249289
1.249289
1.387328
1.387328
1.379157
1.379157
1.360340
1.360340
1.306499
1.306499
1.313758
1.313758
1.176153
1.176153
1.249207
1.249207
1.078700
1.078700
1.333223
1.333223
1.290123
1.290123
1.253365
1.253365
1.335617
1.335617
1.251282
1.251282
1.222814
1.222814
1.389079
1.389079
1.391676
1.391676
1.332215
1.332215
1.255787
1.255787
1.097143
1.097143
1.191829
1.191829
1.119268
1.119268
1.291870
1.291870
1.385379
1.385379
1.254303
1.254303
1.254352
1.254352
1.392273
1.392273
1.183083
1.183083
1.276317
1.276317
1.140701
1.140701
1.294509
1.294509
1.381278
1.381278
1.262349
1.262349
1.289508
1.289508
1.396226
1.396226
1.055043
1.055043
1.254953
1.254953
1.350217
1.350217
1.353678
1.353678
1.209458
1.209458
1.340379
1.340379
1.207463
1.207463
1.228960
1.228960
1.399006
1.399006
1.278914
1.278914
1.359848
1.359848
1.220875
1.220875
1.162961
1.162961
1.160626
1.160626
1.312223
1.312223
1.367596
1.367596
1.254224
1.254224
1.153365
1.153365
1.324166
1.324166
1.354469
1.354469
1.218049
1.218049
1.307823
1.307823
1.208552
1.208552
1.340601
1.340601
1.107630
1.107630
1.355507
1.355507
1.389268
1.389268
1.375437
1.375437
1.282451
1.282451
1.154071
1.154071
1.294478
1.294478
1.328040
1.328040
1.362219
1.362219
1.273327
1.273327
1.112723
1.112723
1.276828
1.276828
1.328080
1.328080
1.097897
1.097897
1.306855
1.306855
1.367497
1.367497
1.053434
1.053434
1.290693
1.290693
1.135058
1.135058
1.363290
1.363290
1.390578
1.390578
1.365079
1.365079
1.341648
1.341648
1.366079
1.366079
