1.397928
1.397928
1.169769
1.169769
1.361851
1.361851
1.222608
1.222608
1.280766
1.280766
1.127988
1.127988
1.375451
1.375451
1.225031
1.225031
1.082329
1.082329
1.299152
1.299152
1.156653
1.156653
1.311151
1.311151
1.085551
1.085551
1.296762
1.296762
1.332930
1.332930
1.261334
1.261334
1.386333
1.386333
1.320118
1.320118
1.133827
1.133827
1.119999
1.119999
1.306936
1.306936
1.373412
1.373412
1.362086
1.362086
1.371646
1.371646
1.379873
1.379873
1.313893
1.313893
1.216072
1.216072
1.318996
1.318996
1.368584
1.368584
1.260735
1.260735
1.334758
1.334758
1.283521
1.283521
1.228435
1.228435
1.153953
1.153953
1.280734
1.280734
1.318347
1.318347
1.329997
1.329997
1.312006
1.312006
1.274329
1.274329
1.361915
1.361915
1.387686
1.387686
1.255066
1.255066
1.033018
1.033018
1.253390
1.253390
1.187377
1.187377
1.389690
1.389690
1.189912
1.189912
1.338088
1.338088
1.194377
1.194377
1.228383
1.228383
1.199624
1.199624
1.321033
1.321033
1.289014
1.289014
1.391832
1.391832
1.334027
1.334027
1.076568
1.076568
1.199586
1.199586
1.316634
1.316634
1.330221
1.330221
1.276313
1.276313
1.379068
1.379068
1.388341
1.388341
1.392921
1.392921
1.135479
1.135479
1.218099
1.218099
1.399740
1.399740
1.229536
1.229536
1.189908
1.189908
1.216625
1.216625
1.315681
1.315681
