1.068045
1.068045
1.306105
1.306105
1.276401
1.276401
1.333988
1.333988
1.283797
1.283797
1.384993
1.384993
1.141754
1.141754
1.311946
1.311946
1.379913
1.379913
1.357997
1.357997
1.345390
1.345390
1.308006
1.240926
1.240926
1.308006
1.294951
1.294951
1.268043
1.268043
1.390559
1.390559
1.301590
1.301590
1.120251
1.120251
1.240327
1.240327
1.291187
1.291187
1.335442
1.335442
1.200949
1.200949
1.355162
1.355162
1.363323
1.363323
1.388642
1.388642
1.374154
1.374154
1.007194
1.007194
1.394377
1.394377
1.268244
1.268244
1.197961
1.197961
1.184299
1.184299
1.295972
1.295972
1.360363
1.360363
1.198881
1.198881
1.371576
1.371576
1.269724
1.269724
1.306525
1.306525
1.256566
1.256566
1.311899
1.311899
1.372194
1.372194
1.103950
1.103950
1.186722
1.186722
1.396016
1.396016
1.329294
1.329294
1.220102
1.220102
1.339816
1.339816
1.361308
1.361308
1.365781
1.365781
1.351793
1.351793
1.143498
1.143498
1.399669
1.399669
1.251254
1.251254
1.123107
1.123107
1.272521
1.272521
1.249687
1.249687
1.241372
1.241372
1.163679
1.163679
1.368801
1.368801
1.291024
1.291024
1.355336
1.355336
1.133515
1.133515
1.353082
1.353082
1.236435
1.236435
1.301460
1.301460
1.344975
1.344975
1.203091
1.203091
1.397286
1.397286
1.302945
1.302945
1.288738
1.288738
