1.346703
1.346703
1.285989
1.285989
1.266023
1.266023
1.201390
1.201390
1.280580
1.280580
1.370246
1.370246
1.215562
1.215562
1.318246
1.318246
1.336576
1.336576
1.145188
1.145188
1.399085
1.399085
1.274965
1.274965
1.227896
1.227896
1.351228
1.351228
1.327797
1.327797
1.277851
1.277851
1.286574
1.286574
1.249443
1.249443
1.288703
1.288703
1.304328
1.304328
1.257696
1.257696
1.315197
1.315197
1.237206
1.237206
1.334482
1.334482
1.391568
1.391568
1.140183
1.140183
1.392650
1.392650
1.315499
1.315499
1.375171
1.375171
1.342851
1.342851
1.301006
1.301006
1.291003
1.291003
1.263841
1.263841
1.171717
1.171717
1.170173
1.170173
1.332131
1.332131
1.345718
1.345718
1.359784
1.359784
1.299501
1.299501
1.379631
1.379631
1.204703
1.204703
1.088295
1.088295
1.289570
1.289570
1.288991
1.192030
1.288991
1.192030
1.367644
1.367644
1.258425
1.258425
1.238932
1.238932
1.148936
1.148936
1.048317
1.048317
1.298002
1.298002
1.366103
1.366103
1.380891
1.380891
1.082053
1.082053
1.336861
1.336861
1.236272
1.236272
1.270551
1.270551
1.319234
1.319234
1.272685
1.272685
1.379143
1.379143
1.317816
1.317816
1.226098
1.226098
1.332452
1.332452
1.337249
1.337249
1.346842
1.346842
