1.261665
1.261665
1.271130
1.271130
1.113686
1.113686
1.345921
1.345921
1.363180
1.363180
1.309655
1.309655
1.034024
1.034024
1.346561
1.346561
1.388260
1.388260
1.314627
1.314627
1.178909
1.178909
1.217940
1.217940
1.304580
1.304580
1.362515
1.362515
1.143786
1.143786
1.397647
1.397647
1.214579
1.214579
1.391679
1.391679
1.349847
1.349847
1.175286
1.175286
1.223376
1.223376
1.349759
1.349759
1.196632
1.196632
1.348860
1.348860
1.103184
1.103184
1.336569
1.336569
1.243457
1.243457
1.394674
1.394674
1.293332
1.293332
1.386302
1.386302
1.354660
1.354660
1.285758
1.285758
1.127559
1.127559
1.123062
1.123062
1.390873
1.390873
1.310010
1.310010
1.276828
1.276828
1.334971
1.334971
1.243540
1.243540
1.367724
1.367724
1.123751
1.123751
1.210865
1.210865
1.359779
1.359779
1.090888
1.090888
1.223315
1.223315
1.327418
1.327418
1.157533
1.157533
1.369786
1.369786
