1.057173
1.057173
1.357115
1.357115
1.358264
1.358264
1.280315
1.280315
1.300569
1.300569
1.178316
1.178316
1.096096
1.096096
1.336130
1.336130
1.283074
1.283074
1.160302
1.160302
1.307719
1.307719
1.243970
1.243970
1.384084
1.384084
1.219493
1.219493
1.317593
1.317593
1.073372
1.073372
1.334485
1.334485
1.382696
1.382696
1.254248
1.254248
1.245985
1.245985
1.149961
1.149961
1.186536
1.186536
1.326095
1.326095
1.287174
1.287174
1.397088
1.397088
1.361336
1.361336
1.338890
1.338890
1.200313
1.200313
1.173200
1.173200
1.174755
1.174755
1.354375
1.354375
1.286932
1.286932
1.385479
1.385479
1.384234
1.384234
1.347789
1.347789
1.309080
1.309080
1.310060
1.310060
1.390175
1.390175
1.223146
1.223146
1.141922
1.141922
1.264701
1.264701
1.080203
1.080203
1.357835
1.357835
1.262295
1.262295
1.185261
1.185261
1.297014
1.297014
1.197771
1.197771
1.399063
1.399063
1.159939
1.159939
1.381121
1.381121
1.390048
1.373291
1.373291
1.390048
1.035366
1.035366
1.168886
1.168886
1.320846
1.320846
1.100678
1.100678
1.257712
1.257712
1.202938
1.202938
1.252426
1.252426
1.186626
1.186626
1.323879
1.323879
1.382135
1.382135
1.227675
1.227675
1.190899
1.190899
1.242085
1.242085
1.070646
1.070646
1.320708
1.320708
1.367915
1.367915
1.334000
1.334000
1.314162
1.314162
1.150706
1.150706
1.180186
1.180186
1.229694
1.229694
1.293450
1.293450
1.307414
1.307414
1.394222
1.394222
1.310019
1.310019
1.285911
1.285911
1.240782
1.240782
1.309511
1.309511
1.239751
1.239751
1.260677
1.260677
1.369186
1.369186
1.175312
1.175312
1.338105
1.338105
1.126296
1.126296
1.161448
1.161448
1.318153
1.318153
1.370193
1.370193
1.378743
1.378743
1.226292
1.226292
1.374032
1.374032
1.372675
1.372675
1.313047
1.313047
1.172155
1.172155
1.235703
1.235703
1.395332
1.395332
1.320647
1.320647
1.327784
1.327784
