1.258365
1.258365
1.361610
1.361610
1.399453
1.399453
1.280509
1.280509
1.395311
1.395311
1.321986
1.321986
1.321185
1.321185
1.339236
1.339236
1.393841
1.393841
1.332486
1.332486
1.209601
1.209601
1.239486
1.239486
1.283518
1.283518
1.224646
1.224646
1.254169
1.254169
1.324053
1.324053
1.391692
1.391692
1.395581
1.395581
1.389305
1.389305
1.200736
1.200736
1.332054
1.332054
1.357272
1.357272
1.334578
1.334578
1.334499
1.334499
1.385928
1.385928
1.364495
1.364495
1.396762
1.396762
1.116097
1.116097
1.368308
1.368308
1.359230
1.359230
1.228587
1.228587
1.229043
1.229043
1.379926
1.379926
1.398864
1.398864
1.311809
1.311809
1.390734
1.390734
1.233615
1.233615
1.358408
1.358408
1.179021
1.179021
1.369834
1.369834
1.395361
1.395361
1.397106
1.397106
1.127284
1.127284
1.395329
1.395329
1.320793
1.320793
1.231547
1.231547
1.315881
1.315881
1.257468
1.257468
1.303812
1.303812
1.285751
1.285751
1.332839
1.332839
1.051727
1.051727
1.185880
1.185880
1.235521
1.235521
1.229998
1.229998
1.375499
1.375499
1.276500
1.276500
1.379824
1.379824
1.127459
1.127459
1.284190
1.284190
1.123588
1.123588
1.305345
1.305345
1.351629
1.351629
1.180581
1.180581
1.352658
1.352658
1.213970
1.213970
1.386145
1.386145
1.304969
1.304969
1.399343
1.399343
1.396581
1.396581
1.160569
1.160569
1.384366
1.384366
1.358830
1.358830
1.219830
1.219830
1.359767
1.359767
1.318072
1.318072
1.137471
1.137471
1.295848
1.295848
