1.174430
1.174430
1.366925
1.366925
1.357543
1.357543
1.379995
1.379995
1.097188
1.097188
1.373089
1.373089
1.105894
1.105894
1.347324
1.347324
1.329711
1.329711
1.374542
1.374542
1.330740
1.330740
1.338356
1.338356
1.357018
1.357018
1.213450
1.213450
1.361216
1.361216
1.199558
1.199558
1.179535
1.179535
1.361304
1.361304
1.092889
1.092889
1.242340
1.242340
1.127012
1.127012
1.379994
1.379994
1.297332
1.297332
1.189016
1.189016
1.222817
1.222817
1.134696
1.134696
1.057767
1.057767
1.192358
1.192358
1.303897
1.303897
1.319404
1.319404
1.220241
1.220241
1.285376
1.285376
1.042504
1.042504
1.347493
1.347493
1.153082
1.153082
1.082012
1.082012
1.079220
1.079220
1.310187
1.310187
1.386756
1.386756
1.373605
1.373605
1.373170
1.373170
1.374874
1.374874
1.364190
1.364190
1.332617
1.332617
1.379868
1.379868
1.312340
1.312340
1.346249
1.346249
1.388626
1.388626
1.252158
1.252158
1.309818
1.309818
1.346587
1.346587
1.342340
1.342340
1.097998
1.097998
1.370356
1.370356
1.141482
1.141482
1.217299
1.217299
1.303086
1.303086
1.077256
1.077256
1.174657
1.174657
1.374820
1.374820
