1.302546
1.302546
1.364066
1.364066
1.071082
1.071082
1.257376
1.257376
1.334894
1.334894
1.371781
1.371781
1.340349
1.340349
1.378726
1.378726
1.329670
1.329670
1.378715
1.378715
1.389912
1.389912
1.374488
1.374488
1.318830
1.318830
1.356866
1.356866
1.201025
1.201025
1.301765
1.319476
1.319476
1.301765
1.270984
1.270984
1.178707
1.178707
1.313418
1.313418
1.138642
1.138642
1.077470
1.077470
1.324448
1.324448
1.173260
1.173260
1.217240
1.217240
1.389732
1.389732
1.237751
1.237751
1.362553
1.362553
1.342137
1.342137
1.283906
1.283906
1.388254
1.388254
1.382933
1.382933
1.234590
1.234590
1.330474
1.330474
1.253356
1.253356
1.347018
1.347018
1.288531
1.288531
1.257245
1.257245
1.352426
1.352426
1.370911
1.370911
