1.313730
1.313730
1.383527
1.383527
1.193746
1.193746
1.249396
1.249396
1.275211
1.275211
1.243423
1.243423
1.393951
1.393951
1.265938
1.265938
1.366850
1.366850
1.314744
1.314744
1.233960
1.233960
1.203573
1.203573
1.356718
1.356718
1.363613
1.363613
1.360191
1.360191
1.281901
1.281901
1.327072
1.327072
1.150705
1.150705
1.396641
1.396641
1.367519
1.367519
1.364712
1.364712
1.256342
1.256342
1.076237
1.076237
1.387783
1.387783
1.071601
1.071601
1.357730
1.357730
1.231015
1.231015
1.240296
1.240296
1.366005
1.366005
1.287778
1.287778
1.090377
1.090377
1.247806
1.247806
1.317823
1.317823
1.339886
1.339886
1.223355
1.223355
1.334223
1.334223
1.365882
1.365882
1.396865
1.396865
1.272978
1.272978
1.372082
1.372082
1.220263
1.220263
1.184974
1.184974
1.346681
1.346681
1.328169
1.328169
1.328746
1.328746
1.392178
1.392178
1.253018
1.253018
1.234064
1.234064
1.385343
1.385343
1.334884
1.334884
1.369935
1.369935
1.344974
1.344974
1.220140
1.220140
1.310595
1.310595
1.383253
1.383253
1.249350
1.249350
1.129549
1.129549
1.154089
1.154089
1.211498
1.211498
1.201628
1.201628
1.291033
1.291033
1.272474
1.272474
1.325118
1.325118
1.287116
1.287116
1.258300
1.258300
1.228251
1.228251
1.171956
1.171956
1.388295
1.388295
1.331888
1.331888
