1.140978
1.140978
1.399341
1.399341
1.367771
1.367771
1.122701
1.122701
1.301105
1.301105
1.274964
1.274964
1.062544
1.062544
1.324239
1.324239
1.397368
1.397368
1.199527
1.199527
1.220926
1.220926
1.334491
1.334491
1.161688
1.161688
1.215476
1.215476
1.277130
1.277130
1.204591
1.204591
1.233821
1.233821
1.366159
1.366159
1.131482
1.131482
1.233119
1.233119
1.344607
1.344607
1.276692
1.276692
1.163566
1.163566
1.234443
1.234443
1.259257
1.259257
1.288021
1.288021
1.042333
1.042333
1.348372
1.348372
1.369722
1.369722
1.318214
1.318214
1.337928
1.337928
1.341900
1.341900
1.307277
1.307277
1.338299
1.338299
1.341566
1.341566
1.257493
1.257493
1.317355
1.317355
1.123005
1.123005
1.325586
1.325586
1.344613
1.344613
1.296711
1.296711
1.155111
1.155111
1.282732
1.282732
1.366693
1.366693
1.382903
1.382903
1.208992
1.208992
1.379169
1.379169
1.366433
1.366433
1.377659
1.377659
1.341207
1.341207
1.194676
1.194676
1.169008
1.169008
1.339210
1.339210
1.337439
1.337439
1.350745
1.350745
1.279443
1.279443
1.233322
1.233322
1.179666
1.179666
1.380271
1.380271
1.297851
1.297851
1.386645
1.386645
1.200629
1.200629
