1.372095
1.372095
1.342994
1.342994
1.073159
1.073159
1.148754
1.148754
1.132953
1.132953
1.130997
1.130997
1.322127
1.322127
1.383284
1.383284
1.245915
1.245915
1.326199
1.326199
1.325621
1.325621
1.175883
1.175883
1.266409
1.266409
1.200406
1.200406
1.213234
1.213234
1.199652
1.199652
1.328035
1.328035
1.128692
1.128692
1.043823
1.043823
1.226148
1.226148
1.394283
1.394283
1.398789
1.398789
1.196660
1.196660
1.226948
1.226948
1.273919
1.273919
1.349292
1.349292
1.137593
1.137593
1.373085
1.373085
1.296915
1.296915
1.294847
1.294847
1.161651
1.161651
1.264572
1.264572
1.319505
1.319505
1.286747
1.286747
1.212602
1.212602
1.337302
1.337302
1.240854
1.240854
1.214726
1.214726
1.337810
1.337810
1.395235
1.395235
1.360945
1.360945
1.272921
1.272921
1.332981
1.332981
1.225317
1.225317
1.384477
1.384477
1.393506
1.393506
1.328923
1.328923
1.194722
1.194722
1.380596
1.380596
1.252560
1.252560
