1.374176
1.374176
1.085542
1.085542
1.305156
1.305156
1.309739
1.309739
1.112163
1.112163
1.386213
1.386213
1.387898
1.387898
1.199532
1.199532
1.288265
1.288265
1.227850
1.227850
1.112221
1.112221
1.324909
1.324909
1.054322
1.054322
1.394393
1.394393
1.337680
1.337680
1.304724
1.304724
1.229450
1.229450
1.311181
1.311181
1.209430
1.209430
1.353825
1.353825
1.354134
1.354134
1.145351
1.145351
1.373726
1.373726
1.273571
1.273571
1.225567
1.225567
1.132810
1.132810
1.372171
1.372171
1.341913
1.341913
1.178355
1.178355
1.345379
1.345379
1.394530
1.394530
1.229695
1.229695
1.328914
1.328914
1.261337
1.261337
1.214219
1.214219
1.290806
1.290806
1.308278
1.308278
1.397987
1.397987
1.370142
1.370142
1.199217
1.199217
1.308038
1.308038
1.359382
1.359382
1.367792
1.367792
1.218443
1.218443
1.200139
1.200139
1.395425
1.395425
