1.285019
1.285019
1.218427
1.218427
1.393477
1.393477
1.392338
1.392338
1.156053
1.156053
1.271898
1.271898
1.338589
1.338589
1.389494
1.389494
1.306114
1.306114
1.314607
1.314607
1.338583
1.338583
1.366043
1.366043
1.365348
1.365348
1.292877
1.292877
1.376627
1.376627
1.255503
1.255503
1.318598
1.318598
1.384078
1.384078
1.391236
1.391236
1.147729
1.147729
1.364796
1.364796
1.169040
1.169040
1.386863
1.386863
1.185498
1.185498
1.371542
1.371542
1.207335
1.207335
1.072987
1.072987
1.132418
1.132418
1.344835
1.344835
1.283379
1.283379
1.269973
1.269973
1.113773
1.113773
1.270220
1.270220
1.283683
1.283683
1.225287
1.225287
1.129616
1.129616
1.306541
1.306541
1.281268
1.281268
1.196488
1.196488
1.372332
1.372332
1.192041
1.192041
1.325817
1.325817
1.197453
1.197453
1.394880
1.394880
1.170308
1.170308
1.319885
1.319885
1.249789
1.249789
1.246693
1.246693
1.226747
1.226747
1.326226
1.326226
1.365279
1.365279
1.316175
1.316175
1.316450
1.316450
1.389613
1.389613
1.387143
1.387143
1.292403
1.292403
1.371993
1.371993
1.208998
1.208998
1.340974
1.340974
1.387604
1.387604
1.328590
1.328590
1.375500
1.375500
1.321496
1.321496
1.333368
1.333368
1.332512
1.332512
1.157573
1.157573
1.124343
1.124343
1.337028
1.337028
1.133459
1.133459
1.381888
1.381888
1.207572
1.207572
1.315530
1.315530
1.161503
1.161503
1.334717
1.334717
1.394718
1.394718
1.358485
1.358485
1.052234
1.052234
1.376775
1.376775
1.135058
1.135058
1.397840
1.397840
1.207509
1.207509
1.384330
1.384330
1.364955
1.364955
1.358985
1.358985
1.246525
1.246525
1.283581
1.283581
1.357675
1.357675
1.399948
1.399948
1.322001
1.322001
1.353391
1.353391
1.389292
1.389292
1.047276
1.047276
1.309517
1.309517
1.365367
1.365367
1.173677
1.173677
1.396010
1.396010
1.328117
1.328117
1.263111
1.263111
1.334745
1.334745
1.391699
1.391699
1.268268
1.268268
1.287204
1.287204
1.140136
1.140136
