1.144035
1.144035
1.266303
1.266303
1.266697
1.266697
1.292921
1.292921
1.252552
1.252552
1.349807
1.349807
1.280253
1.280253
1.192418
1.192418
1.375114
1.375114
1.157114
1.157114
1.381871
1.381871
1.110339
1.110339
1.383793
1.383793
1.296347
1.296347
1.323791
1.323791
1.309869
1.309869
1.339369
1.339369
1.303320
1.303320
1.183320
1.183320
1.141438
1.141438
1.313033
1.313033
1.298858
1.298858
1.333787
1.333787
1.297950
1.297950
1.207902
1.207902
1.357446
1.357446
1.378696
1.378696
1.159924
1.159924
1.294879
1.294879
1.360385
1.360385
1.360964
1.360964
1.287903
1.287903
1.138589
1.138589
1.177993
1.177993
1.391562
1.391562
1.111708
1.111708
1.098342
1.098342
1.290568
1.290568
1.391508
1.391508
1.327499
1.327499
1.334888
1.334888
1.173544
1.173544
1.203443
1.203443
1.081965
1.081965
1.345743
1.345743
1.373371
1.373371
1.375005
1.375005
1.263295
1.263295
1.124563
1.124563
1.209449
1.209449
1.207956
1.207956
1.351458
1.351458
1.241795
1.241795
1.316310
1.316310
1.373436
1.373436
1.257711
1.257711
1.371427
1.371427
1.221249
1.221249
1.174902
1.174902
1.354985
1.354985
1.197689
1.197689
1.351318
1.351318
