1.260334
1.260334
1.351977
1.351977
1.327000
1.327000
1.181969
1.247423
1.181969
1.247423
1.138508
1.138508
1.380921
1.380921
1.234644
1.234644
1.379359
1.379359
1.284908
1.284908
1.269524
1.269524
1.384420
1.384420
1.344664
1.344664
1.370242
1.370242
1.286751
1.286751
1.393812
1.320415
1.393812
1.320415
1.366160
1.366160
1.283132
1.283132
1.367577
1.367577
1.359790
1.359790
1.229167
1.229167
1.219125
1.219125
1.346823
1.346823
1.262042
1.262042
1.293179
1.293179
1.371846
1.371846
1.273677
1.273677
1.232542
1.232542
1.231420
1.231420
1.284035
1.284035
1.283372
1.283372
1.186707
1.186707
1.319165
1.319165
1.386902
1.386902
1.355105
1.355105
1.234287
1.234287
1.114537
1.114537
1.322485
1.322485
1.049184
1.049184
1.388859
1.388859
1.308909
1.308909
1.308405
1.308405
1.316349
1.316349
1.304670
1.304670
1.363602
1.363602
1.343857
1.343857
1.317967
1.317967
1.255821
1.255821
1.283211
1.283211
1.339393
1.339393
1.250017
1.250017
1.393198
1.393198
1.050240
1.050240
1.387633
1.387633
1.330746
1.330746
1.174882
1.174882
1.307148
1.307148
1.232995
1.232995
1.310845
1.310845
1.156052
1.156052
