1.343862
1.343862
1.242239
1.242239
1.215070
1.215070
1.268123
1.268123
1.284139
1.284139
1.296795
1.296795
1.285015
1.285015
1.288077
1.288077
1.327597
1.327597
1.186157
1.186157
1.289353
1.289353
1.362689
1.362689
1.120120
1.120120
1.301001
1.301001
1.351086
1.351086
1.347002
1.347002
1.120718
1.120718
1.335515
1.335515
1.253626
1.253626
1.373110
1.373110
1.232878
1.232878
1.398594
1.398594
1.267141
1.267141
1.289524
1.289524
1.283362
1.283362
1.276766
1.276766
1.343074
1.343074
1.112752
1.112752
1.303217
1.303217
1.325375
1.325375
1.390258
1.390258
1.152676
1.152676
1.365258
1.365258
1.339489
1.339489
1.241167
1.241167
1.311913
1.311913
1.388482
1.388482
1.177358
1.177358
1.252052
1.252052
1.307908
1.307908
1.217715
1.217715
1.337853
1.337853
1.378434
1.378434
1.361972
1.361972
1.317512
1.317512
1.393769
1.393769
1.322514
1.322514
1.243830
1.243830
1.230962
1.230962
1.353564
1.353564
1.296067
1.296067
1.380381
1.380381
1.082811
1.082811
1.095153
1.095153
1.156077
1.156077
1.210290
1.210290
1.336440
1.336440
1.391228
1.391228
1.169961
1.169961
1.019374
1.019374
1.248429
1.248429
1.180352
1.180352
1.247123
1.247123
1.298722
1.298722
1.154784
1.154784
