1.216933
1.216933
1.221226
1.221226
1.386497
1.386497
1.296599
1.296599
1.324759
1.324759
1.399101
1.399101
1.251013
1.251013
1.062670
1.062670
1.244276
1.244276
1.346290
1.346290
1.141977
1.141977
1.286931
1.286931
1.226163
1.226163
1.328502
1.328502
1.184586
1.184586
1.377582
1.377582
1.264298
1.264298
1.293614
1.293614
1.313819
1.313819
1.333760
1.333760
1.211678
1.211678
1.258893
1.258893
1.338138
1.338138
1.384313
1.384313
1.378583
1.378583
1.261267
1.261267
1.210428
1.210428
1.233996
1.233996
1.283770
1.283770
1.222961
1.222961
1.188403
1.188403
1.221777
1.221777
1.344920
1.344920
