1.275584
1.275584
1.332764
1.332764
1.370561
1.370561
1.243376
1.243376
1.396451
1.396451
1.398929
1.398929
1.396880
1.396880
1.395766
1.395766
1.334864
1.334864
1.244645
1.244645
1.288416
1.288416
1.391397
1.391397
1.148598
1.148598
1.301515
1.301515
1.239570
1.239570
1.282146
1.282146
1.123861
1.123861
1.339592
1.339592
1.249854
1.249854
1.368913
1.368913
1.318124
1.318124
1.120720
1.120720
1.353691
1.353691
1.395815
1.395815
1.365175
1.365175
1.243005
1.243005
1.219291
1.219291
1.294831
1.294831
1.174283
1.174283
1.161182
1.161182
1.206259
1.206259
