1.377213
1.377213
1.199735
1.199735
1.215935
1.215935
1.365736
1.365736
1.153432
1.153432
1.179921
1.179921
1.223764
1.223764
1.297891
1.297891
1.174099
1.174099
1.314628
1.314628
1.278080
1.278080
1.208465
1.208465
1.386591
1.386591
1.082804
1.082804
1.362417
1.362417
1.285143
1.285143
1.262158
1.262158
1.228386
1.354585
1.354585
1.228386
1.226490
1.226490
1.281761
1.281761
1.350257
1.350257
1.332158
1.332158
1.215987
1.215987
1.195352
1.195352
1.214271
1.214271
1.211898
1.211898
1.323205
1.323205
1.364165
1.364165
1.306587
1.306587
1.354517
1.354517
1.364378
1.364378
1.328241
1.328241
1.384632
1.384632
1.336973
1.336973
1.258213
1.258213
1.161990
1.161990
1.177888
1.177888
1.332763
1.332763
1.298411
1.298411
1.367602
1.367602
1.106926
1.106926
1.158364
1.158364
1.263407
1.263407
1.119696
1.119696
1.264554
1.264554
1.066042
1.066042
1.318627
1.318627
1.385080
1.385080
1.198103
1.198103
1.278583
1.278583
1.190542
1.190542
1.227727
1.227727
1.342901
1.342901
1.380294
1.380294
1.252075
1.252075
1.184341
1.184341
1.300553
1.300553
1.382419
1.382419
1.302617
1.302617
1.220835
1.220835
1.398349
1.398349
1.289486
1.289486
1.360333
1.360333
1.307936
1.307936
1.285647
1.285647
1.341294
1.341294
1.314050
1.314050
1.358767
1.358767
1.339257
1.339257
1.374816
1.374816
1.281659
1.281659
1.298580
1.298580
1.238160
1.238160
1.358756
1.358756
1.351074
1.351074
1.252499
1.252499
1.131731
1.131731
1.318343
1.318343
1.354477
1.354477
1.397807
1.397807
1.262782
1.262782
1.389306
1.389306
1.293528
1.293528
1.343742
1.139783
1.139783
1.343742
1.394959
1.394959
1.343596
1.343596
1.188196
1.188196
1.133573
1.133573
1.256474
1.256474
1.376894
1.376894
1.190931
1.190931
1.352139
1.352139
1.369930
1.369930
1.271640
1.271640
1.321974
1.321974
1.385209
1.385209
1.330445
1.330445
1.308940
1.308940
1.246791
1.246791
1.350272
1.350272
1.217206
1.217206
1.311553
1.311553
1.385775
1.385775
1.324181
1.324181
1.331967
1.331967
1.082371
1.082371
1.295618
1.295618
1.348526
1.348526
1.384177
1.384177
1.362065
1.362065
1.281140
1.281140
1.278695
1.278695
1.215772
1.215772
1.207802
1.207802
1.398960
1.398960
1.142062
1.233891
1.233891
1.142062
1.234438
1.234438
1.374487
1.374487
1.370579
1.370579
1.321319
1.321319
1.347873
1.347873
1.231308
1.231308
1.339872
1.339872
1.320726
1.320726
1.320869
1.320869
1.107489
1.107489
1.322834
1.322834
1.273785
1.273785
1.292901
1.292901
1.123287
1.123287
1.393502
1.393502
1.314110
1.314110
1.141783
1.141783
1.332108
1.332108
1.353528
1.353528
1.013466
1.013466
1.269425
1.269425
1.341402
1.341402
1.347587
1.347587
1.373562
1.373562
1.201676
1.201676
1.299452
1.299452
1.378739
1.378739
1.328052
1.328052
1.210942
1.210942
1.197114
1.197114
1.269989
1.269989
1.299559
1.299559
1.234124
1.234124
1.395173
1.395173
1.230674
1.230674
1.379535
1.379535
1.282425
1.282425
1.042225
1.042225
1.381386
1.381386
1.342449
1.342449
1.321168
1.321168
1.303346
1.303346
1.168540
1.168540
1.384056
1.384056
1.245802
1.245802
1.261428
1.261428
1.382455
1.382455
1.293185
1.293185
1.178842
1.178842
1.392865
1.392865
1.393041
1.393041
1.289910
1.289910
1.395798
1.395798
1.350861
1.350861
1.343511
1.343511
1.287626
1.287626
1.233672
1.233672
1.118943
1.118943
1.341945
1.341945
1.386008
1.386008
1.330617
1.330617
1.359871
1.359871
1.097998
1.097998
1.204284
1.204284
1.182988
1.182988
1.258113
1.258113
1.150797
1.150797
1.223705
1.223705
1.381897
1.381897
1.339379
1.339379
1.306271
1.306271
1.378542
1.378542
1.336635
1.336635
1.388241
1.388241
1.382428
1.382428
1.391192
1.391192
1.358416
1.358416
1.388515
1.388515
1.390704
1.390704
1.170450
1.170450
1.265446
1.265446
1.122609
1.122609
1.342595
1.342595
1.347112
1.347112
1.347272
1.347272
1.148142
1.148142
1.390394
1.390394
1.291218
1.291218
1.384474
1.384474
1.115253
1.115253
1.203412
1.203412
1.361188
1.361188
1.345821
1.345821
1.305853
1.305853
1.181659
1.181659
1.301034
1.301034
1.355812
1.355812
1.363734
1.363734
1.241081
1.241081
1.343767
1.343767
1.271162
1.271162
1.233173
1.233173
1.298228
1.298228
1.338844
1.338844
1.182154
1.182154
1.264907
1.264907
1.265164
1.265164
1.329070
1.329070
1.226741
1.226741
1.374971
1.374971
