1.341531
1.341531
1.335803
1.335803
1.296417
1.296417
1.373223
1.275809
1.373223
1.275809
1.267614
1.267614
1.292420
1.292420
1.233708
1.233708
1.349323
1.349323
1.267576
1.267576
1.231969
1.231969
1.300226
1.300226
1.195122
1.195122
1.366333
1.355079
1.355079
1.366333
1.348294
1.348294
1.315253
1.181746
1.315253
1.181746
1.157751
1.384662
1.157751
1.384662
1.295707
1.295707
1.335014
1.178999
1.178999
1.335014
1.351289
1.351289
1.265896
1.265896
1.332532
1.332532
1.260336
1.076534
1.260336
1.076534
1.139564
1.139564
1.381870
1.381870
1.055413
1.055413
1.107669
1.107669
1.249539
1.249539
1.150251
1.150251
1.121143
1.121143
1.114266
1.114266
1.359673
1.359673
1.395687
1.395687
1.264816
1.264816
1.239978
1.239978
1.152557
1.152557
1.332291
1.332291
1.356877
1.356877
1.102740
1.102740
1.138365
1.138365
1.359824
1.359824
1.340616
1.340616
1.398963
1.398963
1.137183
1.137183
1.394521
1.351322
1.394521
1.351322
1.192149
1.192149
1.361379
1.361379
1.363228
1.363228
1.390045
1.390045
1.104387
1.104387
1.116897
1.116897
1.244978
1.291310
1.291310
1.244978
1.366318
1.366318
1.303044
1.303044
1.389007
1.389007
1.325514
1.325514
1.339089
1.339089
1.366874
1.366874
1.262681
1.262681
1.371556
1.371556
1.214846
1.214846
1.357610
1.357610
1.264276
1.264276
1.391287
1.391287
1.398246
1.398246
1.212260
1.212260
1.289113
1.289113
1.338594
1.338594
1.387418
1.387418
1.318042
1.318042
1.303447
1.303447
1.107988
1.107988
1.199557
1.199557
1.325097
1.325097
1.363747
1.363747
1.334345
1.334345
1.174437
1.174437
1.357397
1.357397
1.300291
1.300291
1.336731
1.336731
1.335524
1.335524
1.142883
1.142883
1.262147
1.357174
1.262147
1.357174
1.057272
1.201786
1.201786
1.057272
1.274715
1.274715
1.143698
1.143698
1.087039
1.087039
1.309919
1.309919
1.312972
1.312972
1.321341
1.321341
1.375027
1.375027
1.374764
1.374764
1.353039
1.353039
1.222530
1.222530
1.293159
1.293159
1.246999
1.221548
1.246999
1.221548
1.360381
1.360381
1.324655
1.324655
1.287525
1.287525
1.124962
1.124962
1.398756
1.398756
1.327374
1.327374
1.383304
1.383304
1.359979
1.359979
1.369170
1.369170
1.327771
1.327771
1.211181
1.211181
1.363637
1.363637
1.337924
1.337924
1.314372
1.314372
1.141417
1.141417
1.151966
1.151966
1.172297
1.172297
1.289401
1.289401
1.062617
1.062617
1.185060
1.253293
1.253293
1.185060
1.397204
1.397204
1.389342
1.389342
1.389728
1.389728
1.346059
1.346059
1.139278
1.139278
1.308909
1.308909
1.211698
1.211698
1.205464
1.205464
1.102849
1.102849
1.339115
1.339115
1.368193
1.368193
1.370756
1.370756
1.196975
1.196975
1.375213
1.375213
1.162556
1.162556
1.360217
1.360217
1.343727
1.343727
1.304984
1.304984
1.140111
1.140111
1.239311
1.239311
1.393162
1.393162
1.319818
1.319818
1.147143
1.147143
1.358241
1.358241
1.360506
1.360506
1.363781
1.363781
1.288046
1.288046
1.196631
1.196631
1.097045
1.097045
1.315546
1.315546
1.224313
1.224313
1.213926
1.213926
1.125028
1.125028
1.351114
1.351114
1.280483
1.280483
1.214144
1.214144
1.166260
1.166260
1.103642
1.103642
1.325206
1.325206
1.078503
1.078503
1.089237
1.089237
1.383566
1.383566
1.396829
1.396829
1.262318
1.262318
1.219332
1.219332
1.316486
1.316486
1.264797
1.264797
1.343672
1.243832
1.343672
1.243832
1.351861
1.351861
1.349852
1.349852
1.307239
1.307239
1.162450
1.162450
1.035377
1.035377
1.396795
1.396795
1.308402
1.308402
1.330107
1.330107
1.371910
1.371910
1.178997
1.178997
1.282219
1.282219
1.292111
1.292111
1.378052
1.378052
1.299112
1.299112
1.240894
1.240894
1.382752
1.382752
1.259908
1.259908
1.248277
1.248277
1.340492
1.340492
1.161825
1.161825
1.204181
1.204181
1.359635
1.359635
1.348210
1.348210
1.357760
1.357760
1.192849
1.192849
1.345516
1.345516
1.325279
1.325279
1.339302
1.339302
1.355498
1.355498
1.121102
1.121102
1.255356
1.255356
1.379072
1.379072
1.138022
1.138022
1.344608
1.344608
1.234020
1.234020
1.311045
1.311045
1.376523
1.376523
1.139384
1.139384
1.394344
1.394344
1.382521
1.382521
1.153379
1.153379
1.352237
1.352237
1.358680
1.358680
1.322587
1.322587
1.307931
1.307931
1.340205
1.340205
1.051418
1.051418
1.281897
1.281897
1.330683
1.330683
1.080838
1.080838
1.398412
1.398412
1.366053
1.366053
1.139551
1.139551
1.387201
1.387201
1.162007
1.162007
1.312304
1.312304
1.242032
1.242032
1.357650
1.357650
1.351628
1.351628
1.284532
1.284532
1.366281
1.366281
1.311267
1.311267
1.369619
1.369619
1.373154
1.373154
1.304571
1.304571
1.202288
1.202288
1.241664
1.241664
1.382624
1.382624
1.286765
1.286765
1.362007
1.362007
1.341811
1.341811
1.087257
1.087257
1.363154
1.363154
1.184675
1.184675
1.355794
1.355794
1.366647
1.366647
1.342176
1.342176
1.212726
1.212726
1.318401
1.318401
1.262462
1.262462
1.319151
1.319151
1.142592
1.142592
1.370312
1.370312
1.095874
1.095874
1.310688
1.310688
1.380863
1.380863
1.190182
1.190182
1.047620
1.047620
1.238363
1.238363
1.172728
1.172728
1.379409
1.379409
1.248757
1.248757
1.336484
1.336484
1.049216
1.049216
1.223484
1.223484
1.280960
1.280960
1.208603
1.208603
1.378607
1.378607
1.227854
1.227854
1.180959
1.180959
1.369031
1.369031
1.250429
1.250429
1.290400
1.290400
1.343879
1.343879
1.319968
1.319968
1.157337
1.157337
1.336173
1.336173
1.315007
1.315007
1.277835
1.277835
1.231177
1.231177
