1.283924
1.283924
1.376639
1.376639
1.174511
1.328390
1.328390
1.174511
1.255452
1.255452
1.313336
1.313336
1.399954
1.399954
1.329782
1.329782
1.359483
1.359483
1.344046
1.344046
1.233937
1.132728
1.215185
1.215185
1.132728
1.233937
1.096747
1.096747
1.392542
1.392542
1.283903
1.283903
1.292952
1.292952
1.338270
1.338270
1.044743
1.044743
1.210723
1.210723
1.359668
1.255912
1.359668
1.255912
1.382240
1.382240
1.359254
1.359254
1.336004
1.358592
1.336004
1.358592
1.377491
1.377491
1.170871
1.170871
1.239200
1.239200
1.354289
1.354289
1.108650
1.108650
1.306942
1.306942
1.132454
1.132454
1.306042
1.306042
1.262558
1.262558
1.233224
1.233224
1.289298
1.289298
1.397081
1.397081
1.084413
1.084413
1.361261
1.361261
1.258730
1.217821
1.258730
1.217821
1.391021
1.391021
1.183530
1.183530
1.184514
1.184514
1.380087
1.380087
1.374450
1.374450
1.222667
1.222667
1.354837
1.353936
1.353936
1.354837
1.219896
1.219896
1.372724
1.372724
1.288377
1.288377
1.183462
1.183462
1.322300
1.322300
1.263727
1.263727
1.244350
1.244350
1.363570
1.363570
1.326093
1.326093
1.377147
1.377147
1.383428
1.361960
1.383428
1.361960
1.241177
1.241177
1.265623
1.265623
1.262766
1.262766
1.336027
1.336027
1.328774
1.328774
1.357000
1.357000
1.399447
1.399447
1.069794
1.069794
1.141641
1.141641
1.381593
1.381593
1.381481
1.381481
1.189134
1.189134
1.148946
1.270344
1.270344
1.148946
1.364366
1.364366
1.309475
1.309475
1.353639
1.353639
1.249338
1.249338
1.387174
1.387174
1.366856
1.366856
1.220435
1.220435
1.364857
1.364857
1.299332
1.299332
1.374219
1.374219
1.295200
1.295200
1.120812
1.120812
1.180644
1.180644
1.388026
1.388026
1.311909
1.311909
1.148230
1.148230
1.281175
1.281175
1.147142
1.147142
1.236351
1.236351
1.317118
1.317118
1.316734
1.383001
1.383001
1.316734
1.088023
1.088023
1.260098
1.260098
1.288413
1.288413
1.369972
1.369972
1.385119
1.385119
1.354355
1.354355
1.209317
1.209317
1.095094
1.095094
1.234515
1.234515
1.219593
1.219593
1.395172
1.395172
1.238499
1.238499
1.377604
1.377604
1.226771
1.226771
1.067887
1.067887
1.396262
1.396262
1.374409
1.374409
1.224952
1.224952
1.343174
1.343174
1.253191
1.253191
1.265600
1.265600
1.300349
1.300349
1.217203
1.217203
1.232169
1.232169
1.398507
1.398507
1.257836
1.257836
1.154744
1.154744
1.212201
1.212201
1.384025
1.384025
1.159419
1.159419
1.303343
1.303343
1.371618
1.371618
1.339744
1.339744
1.260285
1.260285
1.341461
1.341461
1.156725
1.156725
1.183805
1.183805
1.253789
1.253789
1.139794
1.139794
1.315464
1.315464
1.185155
1.185155
1.314918
1.314918
1.373313
1.373313
1.389183
1.389183
1.267134
1.267134
1.271385
1.271385
1.223931
1.223931
1.151262
1.151262
1.322008
1.322008
1.326021
1.326021
1.299856
1.299856
1.301922
1.301922
1.379134
1.379134
1.144535
1.144535
1.350325
1.350325
1.295223
1.295223
1.367594
1.367594
1.076600
1.076600
1.389020
1.389020
1.276973
1.276973
1.258550
1.258550
1.162516
1.162516
1.230119
1.230119
1.294152
1.294152
1.262561
1.262561
1.109210
1.109210
1.338282
1.338282
1.263205
1.263205
1.394942
1.394942
1.306551
1.306551
1.357437
1.357437
1.261872
1.261872
1.363646
1.363646
1.396845
1.396845
1.396631
1.396631
1.161871
1.161871
1.203424
1.203424
1.351531
1.351531
1.396508
1.396508
1.385290
1.385290
1.139619
1.139619
1.350323
1.350323
1.307770
1.307770
1.347545
1.347545
1.247994
1.221242
1.247994
1.221242
1.158735
1.158735
1.287899
1.287899
1.384787
1.384787
1.327987
1.327987
1.263421
1.263421
1.267020
1.267020
1.292285
1.292285
1.318498
1.318498
1.196360
1.196360
1.296463
1.296463
1.337408
1.337408
1.136116
1.136116
1.359240
1.359240
1.265266
1.265266
1.270749
1.270749
1.355362
1.355362
1.306966
1.306966
1.393519
1.393519
1.030143
1.030143
1.088560
1.088560
1.116887
1.116887
1.200663
1.200663
1.332148
1.332148
1.101076
1.101076
1.394554
1.394554
1.326200
1.326200
1.344338
1.344338
1.398210
1.398210
1.220906
1.220906
1.219156
1.219156
1.387999
1.387999
1.149807
1.149807
1.334147
1.334147
1.368036
1.368036
1.305649
1.305649
1.313468
1.313468
1.316879
1.316879
1.371003
1.371003
1.217841
1.217841
1.361569
1.361569
1.354858
1.354858
1.377636
1.377636
1.147697
1.147697
1.183105
1.183105
1.185941
1.185941
1.344932
1.315918
1.344932
1.315918
1.335213
1.335213
1.359338
1.359338
1.391043
1.391043
1.385534
1.385534
1.355161
1.355161
1.133558
1.133558
1.304453
1.304453
1.303328
1.303328
1.152913
1.152913
1.270587
1.270587
1.272466
1.272466
1.105124
1.105124
1.376139
1.376139
1.259627
1.259627
1.388858
1.388858
1.134833
1.134833
1.275087
1.275087
1.368637
1.368637
1.144207
1.144207
1.143316
1.143316
1.379532
1.379532
1.121073
1.121073
1.273881
1.273881
1.345366
1.345366
1.265115
1.265115
1.376220
1.376220
1.123131
1.123131
1.240296
1.240296
1.258050
1.258050
1.348245
1.348245
1.361623
1.361623
1.340548
1.340548
1.228641
1.228641
1.267890
1.267890
1.082380
1.325548
1.082380
1.325548
1.194428
1.194428
1.245284
1.245284
1.378805
1.378805
1.378040
1.378040
1.258459
1.258459
1.164117
1.164117
1.359680
1.359680
