1.399437
1.399437
1.352325
1.352325
1.346101
1.346101
1.202879
1.202879
1.340895
1.340895
1.215815
1.215815
1.348087
1.348087
1.358695
1.358695
1.238713
1.238713
1.350778
1.350778
1.309234
1.309234
1.149739
1.149739
1.264315
1.264315
1.391687
1.391687
1.227136
1.227136
1.198871
1.198871
1.243241
1.243241
1.071166
1.071166
1.306876
1.306876
1.104720
1.104720
1.255198
1.255198
1.281916
1.281916
1.340756
1.340756
1.139201
1.139201
1.286575
1.286575
1.201809
1.201809
1.362675
1.362675
1.195055
1.195055
1.359985
1.359985
1.367159
1.367159
1.160668
1.160668
1.266105
1.266105
1.326695
1.326695
1.364763
1.364763
1.212999
1.212999
1.385639
1.385639
1.381931
1.381931
1.090911
1.090911
1.270917
1.270917
1.321832
1.321832
1.262305
1.262305
1.201860
1.201860
1.126292
1.126292
1.242396
1.242396
1.323554
1.323554
1.318685
1.318685
1.379108
1.379108
1.307015
1.307015
1.208698
1.208698
1.341881
1.341881
1.173624
1.173624
1.337644
1.337644
1.308272
1.308272
1.290576
1.290576
1.163825
1.163825
1.366859
1.366859
1.357962
1.357962
1.367674
1.278479
1.367674
1.278479
1.159980
1.159980
1.353346
1.353346
1.344715
1.344715
1.278000
1.278000
1.235667
1.235667
1.288981
1.288981
1.203783
1.203783
1.279835
1.279835
1.372919
1.372919
1.137124
1.137124
1.256582
1.256582
1.397993
1.397993
1.205554
1.205554
1.089198
1.089198
1.346508
1.346508
1.377887
1.377887
1.257564
1.257564
1.263449
1.263449
1.389872
1.389872
1.318260
1.318260
1.374767
1.374767
1.281696
1.281696
1.133248
1.133248
1.217655
1.217655
1.120563
1.120563
1.392531
1.392531
1.350377
1.350377
1.278480
1.278480
1.375287
1.375287
1.375300
1.375300
1.289644
1.289644
1.342199
1.342199
1.300684
1.300684
1.395796
1.395796
1.034603
1.034603
1.174283
1.174283
1.244700
1.244700
1.166183
1.166183
1.348130
1.348130
1.341267
1.341267
1.294752
1.294752
1.394703
1.394703
1.207364
1.207364
1.206412
1.206412
1.343472
1.343472
1.303096
1.303096
1.379402
1.379402
1.185162
1.185162
1.226885
1.226885
1.397639
1.397639
1.387698
1.387698
1.335281
1.335281
1.204266
1.204266
1.353413
1.353413
1.377454
1.377454
1.329865
1.329865
1.208707
1.208707
1.202208
1.202208
1.342086
1.342086
1.221215
1.221215
1.194848
1.194848
1.253542
1.253542
1.285268
1.285268
1.170352
1.170352
1.359784
1.359784
1.178661
1.178661
1.133543
1.133543
1.390854
1.390854
1.194838
1.194838
1.300411
1.300411
1.347691
1.347691
1.320618
1.320618
1.355913
1.355913
1.363981
1.363981
1.365691
1.365691
1.338826
1.338826
1.273654
1.273654
1.337957
1.337957
1.394300
1.394300
1.291849
1.291849
1.090449
1.090449
1.306839
1.306839
1.172237
1.172237
1.298855
1.298855
1.357535
1.357535
1.299011
1.299011
1.386228
1.386228
1.265949
1.265949
1.267110
1.267110
1.371595
1.371595
1.175440
1.175440
1.306749
1.306749
1.231332
1.231332
1.371462
1.371462
1.316142
1.316142
1.393431
1.393431
1.364775
1.364775
1.327209
1.327209
1.169817
1.169817
1.041603
1.041603
1.144372
1.144372
1.291074
1.291074
1.386639
1.386639
1.317130
1.317130
1.164125
1.164125
1.347257
1.347257
1.359942
1.359942
1.264241
1.264241
1.280195
1.280195
1.397584
1.397584
1.124496
1.124496
1.294219
1.294219
1.257023
1.257023
1.376820
1.376820
1.367667
1.367667
1.232106
1.232106
1.162624
1.162624
1.306123
1.306123
1.326581
1.326581
1.173741
1.173741
1.383130
1.383130
1.247080
1.247080
1.373363
1.373363
1.343220
1.343220
1.335806
1.335806
1.194636
1.194636
1.369135
1.369135
1.208019
1.208019
1.202134
1.202134
1.370616
1.370616
1.275615
1.275615
1.279838
1.279838
1.376330
1.376330
1.386775
1.386775
