1.374135
1.374135
1.064142
1.064142
1.278264
1.278264
1.338635
1.338635
1.385825
1.385825
1.268263
1.268263
1.277766
1.277766
1.367168
1.367168
1.376407
1.376407
1.276552
1.276552
1.160491
1.160491
1.350294
1.350294
1.355029
1.355029
1.392566
1.392566
1.350528
1.350528
1.315548
1.315548
1.338626
1.338626
1.225226
1.225226
1.328651
1.287284
1.328651
1.287284
1.297470
1.297470
1.266965
1.266965
1.130396
1.130396
1.379256
1.379256
1.285396
1.285396
1.358284
1.358284
1.177023
1.177023
1.349223
1.349223
1.220840
1.220840
1.133700
1.133700
1.205816
1.205816
1.147956
1.147956
1.389863
1.389863
1.335725
1.335725
1.345139
1.345139
1.328573
1.328573
1.252014
1.252014
1.177249
1.177249
1.298439
1.298439
1.394023
1.394023
1.225290
1.225290
1.345876
1.345876
1.330993
1.330993
1.222699
1.222699
1.286265
1.286265
1.333935
1.333935
1.343450
1.343450
1.330355
1.330355
1.341425
1.341425
1.200487
1.200487
1.287728
1.287728
1.286164
1.286164
1.233584
1.233584
1.383107
1.383107
1.361735
1.361735
1.381931
1.381931
1.303943
1.370903
1.370903
1.303943
1.399561
1.399561
1.144321
1.144321
1.261372
1.261372
1.251835
1.251835
1.293054
1.293054
1.265193
1.265193
1.372792
1.372792
1.223431
1.223431
1.349478
1.349478
1.288131
1.288131
1.381970
1.381970
1.290892
1.290892
1.304812
1.304812
1.088698
1.088698
1.278321
1.278321
1.282590
1.282590
1.166526
1.166526
1.346264
1.346264
1.380644
1.380644
1.210525
1.210525
1.324353
1.324353
1.110204
1.110204
1.259808
1.259808
1.235725
1.235725
1.299836
1.299836
1.351845
1.351845
1.320652
1.320652
1.092881
1.313449
1.092881
1.313449
1.376653
1.376653
1.398115
1.398115
1.177079
1.177079
1.041715
1.041715
1.339228
1.339228
1.355651
1.355651
1.234885
1.234885
1.368937
1.368937
1.361606
1.361606
1.137953
1.276207
1.276207
1.137953
1.214391
1.214391
1.344456
1.344456
1.319177
1.319177
1.389442
1.389442
1.392227
1.392227
1.266941
1.266941
1.312814
1.312814
1.166401
1.166401
1.304533
1.304533
1.250195
1.250195
1.261679
1.261679
1.240782
1.240782
1.370126
1.370126
1.322942
1.322942
1.244531
1.244531
1.385600
1.385600
1.376182
1.376182
1.320450
1.320450
1.312544
1.312544
1.396518
1.396518
1.167560
1.167560
1.313645
1.313645
1.115153
1.115153
1.309945
1.309945
1.266809
1.266809
1.275249
1.275249
1.397071
1.397071
1.237622
1.237622
1.292708
1.292708
1.310399
1.310399
1.156042
1.156042
1.163119
1.163119
1.270476
1.270476
1.215832
1.215832
1.056402
1.056402
1.147585
1.147585
1.233684
1.233684
1.044659
1.044659
1.148849
1.148849
1.344305
1.344305
1.215601
1.215601
1.347370
1.347370
1.307330
1.307330
1.267142
1.267142
1.146221
1.146221
1.358668
1.358668
1.345861
1.345861
1.274412
1.274412
1.313077
1.313077
1.181975
1.181975
1.173129
1.173129
1.328346
1.328346
1.125685
1.125685
1.285164
1.285164
1.292119
1.292119
1.199756
1.199756
1.287988
1.287988
1.316600
1.316600
1.083417
1.083417
1.394291
1.394291
1.375183
1.375183
1.312198
1.312198
1.375572
1.375572
1.324561
1.324561
1.160872
1.160872
1.195829
1.195829
1.176630
1.176630
1.384779
1.384779
1.176497
1.176497
1.251352
1.251352
1.275125
1.275125
1.041253
1.041253
1.293742
1.293742
1.398544
1.398544
1.230525
1.230525
1.158968
1.158968
1.295118
1.295118
1.065697
1.065697
1.254102
1.254102
1.384364
1.384364
1.270031
1.270031
1.356264
1.356264
1.355237
1.355237
1.331502
1.331502
1.339908
1.339908
1.333188
1.333188
1.382358
1.382358
1.299776
1.299776
1.397993
1.397993
1.143956
1.143956
1.226612
1.226612
1.177963
1.177963
1.227564
1.227564
1.290917
1.290917
1.126327
1.126327
1.315766
1.315766
1.242615
1.242615
1.351785
1.351785
1.343482
1.343482
1.299342
1.299342
1.364614
1.364614
1.166721
1.166721
1.322332
1.322332
1.223804
1.223804
1.333046
1.333046
1.137878
1.137878
1.387190
1.387190
1.186390
1.186390
1.383654
1.383654
1.214062
1.214062
1.273435
1.273435
1.378662
1.378662
1.368999
1.368999
1.366755
1.366755
1.286219
1.286219
1.232780
1.232780
1.350063
1.350063
1.230793
1.230793
1.395771
1.395771
1.325944
1.325944
1.323343
1.323343
1.295953
1.295953
1.196248
1.196248
1.138954
1.138954
1.394508
1.394508
1.332805
1.332805
1.375958
1.375958
1.359520
1.359520
1.294095
1.294095
