1.139433
1.139433
1.112089
1.279999
1.279999
1.112089
1.385560
1.385560
1.287488
1.287488
1.313841
1.313841
1.334721
1.334721
1.226635
1.226635
1.374372
1.374372
1.236682
1.236682
1.323060
1.378985
1.323060
1.378985
1.189610
1.189610
1.211927
1.211927
1.275146
1.275146
1.192299
1.192299
1.322918
1.322918
1.346249
1.346249
1.246752
1.246752
1.164555
1.164555
1.104671
1.104671
1.211050
1.211050
1.277747
1.277747
1.178063
1.178063
1.390134
1.390134
1.396399
1.396399
1.119849
1.119849
1.355603
1.355603
1.384227
1.384227
1.327222
1.327222
1.362421
1.362421
1.273501
1.273501
1.389406
1.389406
1.305373
1.305373
1.099689
1.099689
1.378073
1.378073
1.195704
1.215854
1.195704
1.215854
1.181336
1.181336
1.317871
1.317871
1.333035
1.333035
1.163800
1.163800
1.330722
1.330722
1.397476
1.397476
1.396918
1.396918
1.309794
1.309794
1.165900
1.165900
1.097483
1.097483
1.117308
1.347482
1.117308
1.347482
1.141124
1.141124
1.111646
1.111646
1.129212
1.129212
1.349967
1.349967
1.106340
1.106340
1.252819
1.252819
1.203784
1.203784
1.349969
1.349969
1.390666
1.390666
1.398047
1.398047
1.128023
1.128023
1.384425
1.384425
1.355750
1.355750
1.378528
1.378528
1.399963
1.399963
1.287894
1.287894
1.343626
1.343626
1.346993
1.346993
1.342113
1.342113
1.381040
1.381040
1.388633
1.388633
1.285202
1.285202
1.313363
1.313363
1.122332
1.122332
1.253719
1.253719
1.318760
1.318760
1.334025
1.334025
1.325263
1.325263
1.196695
1.196695
1.286759
1.286759
1.139200
1.139200
1.278726
1.278726
1.131313
1.131313
1.355883
1.355883
1.392835
1.392835
1.398772
1.398772
1.269034
1.269034
1.368134
1.368134
1.309263
1.309263
1.223529
1.223529
1.324307
1.324307
1.365612
1.365612
1.230563
1.230563
1.199237
1.199237
1.282478
1.282478
1.066746
1.066746
1.288215
1.288215
1.271696
1.271696
1.269093
1.269093
1.062055
1.062055
1.278124
1.278124
1.261954
1.261954
1.334614
1.334614
1.330146
1.330146
1.374496
1.374496
1.243018
1.243018
1.143463
1.143463
1.215171
1.215171
1.312096
1.312096
1.345525
1.345525
1.268681
1.268681
1.388225
1.388225
1.305675
1.305675
1.207594
1.207594
1.240119
1.240119
1.367019
1.367019
1.270274
1.270274
1.219673
1.219673
1.368623
1.368623
1.254245
1.254245
1.349810
1.349810
1.038809
1.038809
1.322461
1.322461
1.113164
1.113164
1.340789
1.340789
1.395416
1.395416
1.300182
1.300182
1.293192
1.293192
1.315913
1.315913
1.344229
1.344229
1.258059
1.258059
1.394296
1.394296
1.333070
1.333070
1.354089
1.354089
1.353060
1.353060
1.384617
1.384617
1.328426
1.328426
1.299165
1.299165
1.381310
1.381310
1.241658
1.241658
1.324202
1.324202
1.291941
1.291941
1.298264
1.298264
1.207165
1.207165
1.384350
1.384350
1.188072
1.188072
1.382635
1.382635
1.223418
1.223418
1.252844
1.252844
1.256265
1.256265
1.293085
1.293085
1.329663
1.329663
1.387125
1.387125
1.155233
1.155233
1.365473
1.365473
1.392479
1.392479
1.399544
1.399544
1.267181
1.267181
1.257409
1.257409
1.380882
1.380882
1.145308
1.145308
1.267777
1.267777
1.342920
1.342920
1.311889
1.311889
1.358972
1.358972
1.341857
1.341857
1.369895
1.369895
1.307921
1.307921
1.362554
1.362554
1.037695
1.037695
1.334393
1.334393
1.375759
1.375759
1.368024
1.368024
1.342613
1.342613
1.330434
1.330434
1.176826
1.176826
1.212141
1.212141
1.371492
1.371492
1.385430
1.385430
1.261617
1.261617
1.361267
1.361267
1.129451
1.129451
1.264182
1.264182
1.358534
1.358534
1.288966
1.288966
1.194167
1.194167
1.346699
1.346699
1.257472
1.257472
1.303163
1.303163
1.370839
1.370839
1.194585
1.194585
1.178312
1.178312
1.162976
1.162976
1.390363
1.390363
1.336441
1.336441
1.375981
1.375981
1.360055
1.360055
1.383408
1.383408
1.212376
1.212376
1.070387
1.070387
1.332229
1.332229
1.320051
1.320051
1.370471
1.370471
1.271300
1.271300
1.091409
1.091409
1.380358
1.380358
1.282067
1.282067
1.207356
1.207356
1.270504
1.270504
1.395352
1.395352
1.191963
1.191963
1.294401
1.294401
1.340539
1.340539
1.208758
1.208758
1.279373
1.279373
1.363615
1.363615
1.164556
1.164556
1.264178
1.264178
1.207221
1.207221
1.320543
1.320543
1.399446
1.399446
1.376195
1.376195
1.199360
1.199360
1.293391
1.293391
1.369325
1.369325
1.068943
1.068943
1.097848
1.097848
1.337174
1.337174
1.106691
1.106691
1.116682
1.116682
1.184759
1.184759
1.362731
1.362731
1.311225
1.311225
1.276124
1.276124
1.359965
1.359965
1.336257
1.336257
1.277047
1.277047
1.366093
1.366093
1.287355
1.287355
1.380454
1.380454
1.310694
1.310694
1.140300
1.140300
1.268111
1.268111
1.392442
1.392442
1.220145
1.220145
1.254789
1.254789
1.374077
1.374077
1.340826
1.340826
1.300255
1.300255
1.337169
1.337169
1.105211
1.105211
1.336038
1.336038
1.130453
1.130453
1.368973
1.368973
1.289623
1.289623
1.248015
1.248015
1.273558
1.273558
1.238593
1.238593
1.034539
1.034539
1.354895
1.354895
1.368560
1.368560
1.274159
1.274159
1.390346
1.390346
1.322286
1.322286
1.397904
1.397904
1.277698
1.277698
1.119888
1.119888
1.313524
1.313524
1.351619
1.351619
1.342866
1.342866
1.329630
1.329630
1.356794
1.356794
1.366751
1.366751
1.382426
1.382426
1.369390
1.369390
1.354286
1.354286
1.169241
1.169241
1.242386
1.242386
1.166889
1.166889
1.375142
1.375142
1.366802
1.366802
1.366209
1.366209
1.349983
1.349983
1.123479
1.123479
1.165000
1.165000
1.241947
1.241947
1.054691
1.054691
1.386611
1.386611
1.083390
1.083390
1.381427
1.381427
1.335589
1.335589
1.319927
1.319927
