1.311891
1.311891
1.347316
1.347316
1.390346
1.390346
1.358536
1.358536
1.365276
1.365276
1.391183
1.391183
1.396910
1.396910
1.115664
1.115664
1.274390
1.274390
1.384963
1.384963
1.344786
1.344786
1.326804
1.326804
1.213850
1.213850
1.180642
1.293804
1.180642
1.293804
1.358053
1.358053
1.397277
1.277662
1.397277
1.277662
1.279453
1.279453
1.285603
1.285603
1.399323
1.399323
1.290366
1.290366
1.357603
1.357603
1.364541
1.364541
1.361388
1.361388
1.070500
1.070500
1.267527
1.267527
1.131520
1.131520
1.340667
1.340667
1.376429
1.376429
1.290206
1.290206
1.286080
1.286080
1.235247
1.302097
1.302097
1.235247
1.375788
1.375788
1.080276
1.080276
1.280638
1.280638
1.198794
1.198794
1.245237
1.245237
1.387012
1.387012
1.234341
1.234341
1.299893
1.299893
1.317463
1.317463
1.281761
1.281761
1.162062
1.162062
1.146878
1.146878
1.049160
1.049160
1.220102
1.220102
1.226914
1.226914
1.125577
1.125577
1.393943
1.393943
1.353990
1.353990
1.354319
1.354319
1.302514
1.302514
1.021872
1.021872
1.234780
1.234780
1.276172
1.276172
1.368130
1.368130
1.234454
1.322777
1.234454
1.322777
1.366443
1.366443
1.323010
1.323010
1.300674
1.300674
1.379581
1.379581
1.213060
1.213060
1.221104
1.221104
1.344012
1.344012
1.270285
1.270285
1.128907
1.128907
1.392421
1.392421
1.194058
1.194058
1.327913
1.327913
1.288743
1.288743
1.125275
1.125275
1.274952
1.274952
1.189072
1.189072
1.261552
1.261552
1.279386
1.279386
1.367044
1.367044
1.163633
1.163633
1.181489
1.181489
1.085861
1.085861
1.268000
1.268000
1.266862
1.266862
1.379816
1.379816
1.256373
1.256373
1.327876
1.327876
1.187373
1.187373
1.382124
1.382124
1.304800
1.304800
1.393529
1.393529
1.216911
1.216911
1.284142
1.284142
1.298239
1.298239
1.389878
1.389878
1.048933
1.048933
1.131588
1.131588
1.390230
1.390230
1.382649
1.382649
1.278385
1.278385
1.289643
1.289643
1.223508
1.223508
1.399245
1.399245
1.345796
1.345796
1.205992
1.205992
1.360835
1.360835
1.210116
1.210116
1.159826
1.159826
1.396080
1.396080
1.373072
1.373072
1.069367
1.069367
1.321255
1.321255
1.327989
1.327989
1.332132
1.332132
1.127567
1.127567
1.292524
1.292524
1.297332
1.297332
1.311995
1.311995
1.366492
1.366492
1.283271
1.283271
1.150650
1.150650
1.344904
1.344904
1.368705
1.368705
1.272056
1.272056
1.284696
1.284696
1.077472
1.077472
1.310830
1.182255
1.310830
1.182255
1.250310
1.250310
1.319506
1.319506
1.322045
1.322045
1.298499
1.298499
1.291166
1.291166
1.229378
1.229378
1.330847
1.330847
1.236712
1.236712
1.057624
1.057624
1.182023
1.182023
1.263023
1.263023
1.276238
1.276238
1.284765
1.284765
1.359995
1.359995
1.394940
1.394940
1.362804
1.362804
1.142249
1.142249
1.242446
1.242446
1.309402
1.309402
1.265705
1.265705
1.118197
1.118197
1.360264
1.360264
1.128197
1.128197
1.223528
1.223528
1.248699
1.248699
1.267315
1.267315
1.321493
1.321493
1.396119
1.396119
1.259047
1.259047
1.368071
1.368071
1.310504
1.310504
1.161407
1.161407
1.298353
1.298353
1.234659
1.234659
1.394392
1.394392
1.283431
1.283431
1.359683
1.359683
1.386385
1.386385
1.333465
1.333465
1.248325
1.248325
1.123832
1.123832
1.385379
1.385379
1.376698
1.376698
1.124311
1.124311
1.357963
1.357963
1.336614
1.336614
1.391713
1.391713
1.288526
1.288526
1.226211
1.226211
1.147874
1.147874
1.215595
1.215595
1.381494
1.381494
1.164575
1.164575
1.263230
1.263230
1.373990
1.373990
1.217420
1.217420
1.270506
1.270506
1.312409
1.312409
1.396876
1.396876
1.188846
1.188846
1.348057
1.348057
1.371884
1.371884
1.052946
1.052946
1.394763
1.394763
1.320384
1.320384
1.172029
1.172029
1.339906
1.339906
1.269365
1.269365
1.348956
1.348956
1.309168
1.309168
1.379490
1.379490
1.342373
1.342373
1.335923
1.335923
1.284084
1.284084
1.290982
1.290982
1.267820
1.267820
1.357024
1.357024
1.202238
1.202238
1.242016
1.242016
1.389174
1.389174
1.191040
1.191040
1.251546
1.251546
1.211522
1.211522
1.121882
1.121882
1.266194
1.266194
1.285241
1.285241
1.260373
1.260373
1.124479
1.124479
1.381479
1.381479
1.167224
1.167224
1.331777
1.331777
1.321946
1.321946
1.208504
1.208504
1.163671
1.163671
1.167748
1.167748
1.209297
1.209297
1.327460
1.327460
