1.326117
1.326117
1.289237
1.289237
1.078070
1.078070
1.361271
1.361271
1.179578
1.179578
1.267600
1.267600
1.288014
1.288014
1.188889
1.188889
1.261147
1.261147
1.245656
1.245656
1.223822
1.223822
1.161478
1.161478
1.325430
1.325430
1.219820
1.219820
1.386988
1.386988
1.351711
1.351711
1.290834
1.290834
1.359376
1.359376
1.198764
1.198764
1.275823
1.275823
1.326791
1.326791
1.392920
1.392920
1.350967
1.241769
1.350967
1.241769
1.302901
1.302901
1.176479
1.176479
1.349266
1.349266
1.081098
1.081098
1.200146
1.200146
1.358006
1.358006
1.231435
1.231435
1.346605
1.346605
1.397874
1.397874
1.366210
1.366210
1.299171
1.299171
1.316529
1.316529
1.275853
1.307963
1.275853
1.307963
1.287846
1.287846
1.254204
1.254204
1.191614
1.191614
1.343601
1.343601
1.190391
1.190391
1.100370
1.100370
1.358364
1.358364
1.396566
1.396566
1.384487
1.384487
1.332296
1.332296
1.388139
1.388139
1.383332
1.383332
1.390143
1.390143
1.185723
1.185723
1.348214
1.348214
1.232643
1.232643
1.312622
1.312622
1.385729
1.385729
1.277864
1.277864
1.041148
1.041148
1.398084
1.171230
1.398084
1.171230
1.316764
1.316764
1.273226
1.273226
1.300047
1.300047
1.392926
1.392926
1.359877
1.359877
1.019173
1.019173
1.339645
1.339645
1.319504
1.319504
1.392902
1.392902
1.071611
1.071611
1.104679
1.104679
1.341876
1.341876
1.395866
1.395866
1.140018
1.140018
1.085912
1.085912
1.117529
1.117529
1.051447
1.051447
1.364114
1.364114
1.327316
1.327316
1.156397
1.156397
1.331038
1.331038
1.272933
1.272933
1.206684
1.206684
1.117139
1.117139
1.339778
1.339778
1.352488
1.352488
1.322946
1.322946
1.323786
1.392270
1.392270
1.323786
1.399272
1.399272
1.305645
1.305645
1.368397
1.368397
1.380006
1.380006
1.148686
1.148686
1.194947
1.194947
1.352249
1.352249
1.346226
1.346226
1.385918
1.385918
1.328183
1.328183
1.316619
1.316619
1.305673
1.305673
1.120729
1.120729
1.384169
1.384169
1.287387
1.287387
1.266212
1.266212
1.254238
1.254238
1.146624
1.146624
1.187775
1.187775
1.395485
1.395485
1.011490
1.011490
1.360986
1.360986
1.262150
1.262150
1.385443
1.285942
1.285942
1.385443
1.393616
1.393616
1.141336
1.141336
1.296089
1.296089
1.380850
1.380850
1.383856
1.383856
1.399308
1.399308
1.189748
1.189748
1.294344
1.294344
1.363175
1.363175
1.071028
1.071028
1.270988
1.270988
1.202006
1.202006
1.339448
1.339448
1.212741
1.212741
1.251639
1.251639
1.233812
1.233812
1.382187
1.382187
1.366915
1.366915
1.132643
1.132643
1.346147
1.346147
1.296172
1.296172
1.206364
1.206364
1.259338
1.259338
1.229227
1.229227
1.244012
1.244012
1.345876
1.345876
1.336452
1.336452
1.202338
1.202338
1.297155
1.297155
1.255311
1.255311
1.216462
1.216462
1.364748
1.364748
1.382200
1.382200
1.388125
1.388125
1.089915
1.089915
1.199206
1.199206
1.286764
1.286764
1.225078
1.225078
1.206255
1.206255
1.225392
1.225392
1.369677
1.369677
1.351523
1.351523
1.338381
1.338381
1.365236
1.365236
1.161637
1.161637
1.374408
1.374408
1.291518
1.291518
1.374938
1.374938
1.384546
1.384546
1.263056
1.263056
1.255364
1.255364
1.217930
1.217930
1.105588
1.105588
1.231764
1.231764
1.374505
1.374505
1.295320
1.295320
1.209431
1.209431
1.345858
1.345858
1.201868
1.201868
1.307160
1.307160
1.379237
1.379237
1.268130
1.268130
1.334407
1.334407
1.194442
1.194442
1.342938
1.342938
1.163278
1.376589
1.163278
1.376589
1.132795
1.363041
1.363041
1.132795
1.159061
1.159061
1.233139
1.233139
1.399641
1.399641
1.197622
1.197622
1.244828
1.244828
1.115978
1.115978
1.320903
1.320903
1.311854
1.311854
1.337804
1.337804
1.347583
1.347583
1.153702
1.153702
1.246917
1.246917
1.311926
1.311926
1.367716
1.367716
1.387778
1.387778
1.357923
1.357923
1.354292
1.354292
1.373676
1.373676
1.393697
1.393697
1.227277
1.227277
1.307064
1.307064
1.382217
1.382217
1.332150
1.332150
1.091363
1.091363
1.320361
1.320361
1.281994
1.281994
1.346467
1.346467
1.157065
1.157065
1.340283
1.340283
1.398842
1.398842
1.220547
1.220547
1.157646
1.157646
1.205395
1.205395
1.354750
1.354750
1.330286
1.330286
1.289387
1.289387
1.392892
1.392892
1.384855
1.384855
1.209185
1.209185
1.358553
1.358553
1.355906
1.355906
1.362326
1.362326
1.331081
1.331081
1.223292
1.223292
1.335131
1.335131
1.330601
1.330601
1.345599
1.345599
1.291467
1.291467
1.315098
1.315098
1.261328
1.261328
1.370467
1.370467
1.373942
1.373942
1.346419
1.346419
1.190773
1.190773
1.279154
1.279154
1.030759
1.030759
1.355931
1.355931
1.307538
1.307538
1.395418
1.395418
1.388726
1.388726
1.359725
1.359725
1.332002
1.332002
1.135078
1.135078
1.292042
1.292042
1.150952
1.150952
