1.311175
1.311175
1.367964
1.367964
1.324737
1.324737
1.364808
1.364808
1.378304
1.378304
1.388867
1.388867
1.380129
1.380129
1.208342
1.208342
1.195337
1.195337
1.217958
1.217958
1.380352
1.380352
1.317791
1.317791
1.332204
1.332204
1.325400
1.325400
1.390274
1.390274
1.339294
1.339294
1.174412
1.174412
1.207496
1.207496
1.338978
1.338978
1.398468
1.398468
1.276452
1.276452
1.147674
1.147674
1.349670
1.349670
1.341776
1.341776
1.061486
1.061486
1.361549
1.361549
1.306154
1.306154
1.355805
1.245411
1.245411
1.355805
1.364672
1.364672
1.188103
1.188103
1.342649
1.342649
1.375199
1.375199
1.269010
1.269010
1.306964
1.306964
1.104573
1.104573
1.353139
1.353139
1.168059
1.168059
1.368934
1.368934
1.375045
1.375045
1.393268
1.386729
1.386729
1.393268
1.376118
1.376118
1.295068
1.295068
1.226779
1.226779
1.155461
1.155461
1.337141
1.337141
1.224065
1.224065
1.265522
1.265522
1.232201
1.232201
1.360320
1.073252
1.073252
1.360320
1.321129
1.321129
1.257447
1.257447
1.363795
1.363795
1.329670
1.329670
1.317364
1.317364
1.343727
1.343727
1.281924
1.281924
1.137173
1.137173
1.195795
1.195795
1.340982
1.340982
1.309239
1.309239
1.253995
1.183849
1.183849
1.253995
1.153058
1.153058
1.354326
1.354326
1.362307
1.362307
1.196895
1.196895
1.162914
1.162914
1.386590
1.386590
1.318495
1.318495
1.307346
1.307346
1.323883
1.323883
1.267076
1.267076
1.350877
1.350877
1.350180
1.350180
1.177717
1.177717
1.388887
1.388887
1.262651
1.262651
1.273916
1.273916
1.304177
1.304177
1.388112
1.388112
1.396111
1.396111
1.308943
1.308943
1.367522
1.367522
1.194278
1.194278
1.349608
1.349608
1.164018
1.164018
1.208689
1.208689
1.381501
1.381501
1.185595
1.185595
1.308735
1.153253
1.153253
1.308735
1.257471
1.257471
1.337301
1.337301
1.187445
1.187445
1.223080
1.223080
1.257877
1.257877
1.145747
1.145747
1.337670
1.337670
1.073652
1.073652
1.059605
1.059605
1.378201
1.378201
1.352638
1.352638
1.359373
1.359373
1.262230
1.262230
1.286016
1.286016
1.185746
1.185746
1.184654
1.184654
1.336371
1.336371
1.212602
1.251908
1.212602
1.251908
1.372338
1.372338
1.241968
1.241968
1.236159
1.236159
1.295932
1.287710
1.287710
1.295932
1.367148
1.367148
1.240112
1.240112
1.198130
1.198130
1.390207
1.390207
1.267383
1.267383
1.394597
1.394597
1.117687
1.117687
1.313114
1.313114
1.385928
1.385928
1.374574
1.374574
1.309249
1.309249
1.365484
1.365484
1.110234
1.110234
1.261402
1.261402
1.264540
1.264540
1.217899
1.217899
1.372355
1.372355
1.368561
1.368561
1.387983
1.387983
1.337695
1.337695
1.125790
1.125790
1.172369
1.172369
1.386656
1.386656
1.182349
1.182349
1.146760
1.185726
1.146760
1.185726
1.181836
1.181836
1.373401
1.373401
1.363394
1.363394
1.291589
1.291589
1.131705
1.131705
1.367608
1.367608
1.332353
1.332353
1.098268
1.098268
1.200993
1.200993
1.054584
1.054584
1.294057
1.294057
1.179905
1.179905
1.332524
1.332524
1.353563
1.353563
1.378052
1.378052
1.279437
1.279437
1.272439
1.272439
1.295400
1.295400
1.288622
1.288622
1.128661
1.128661
1.270099
1.270099
1.223749
1.223749
1.315680
1.315680
1.377053
1.377053
1.309903
1.309903
1.082754
1.082754
1.376511
1.376511
1.354019
1.354019
1.239779
1.239779
1.115205
1.115205
1.350854
1.350854
1.185446
1.185446
1.236969
1.236969
1.356809
1.356809
1.363803
1.363803
1.280799
1.280799
1.292496
1.292496
1.396076
1.396076
1.256157
1.256157
1.388266
1.388266
1.289692
1.289692
1.348375
1.348375
1.300754
1.300754
1.243827
1.243827
1.145658
1.145658
1.372808
1.372808
1.355455
1.355455
1.306112
1.306112
1.212869
1.212869
1.389537
1.389537
1.273178
1.273178
1.240104
1.240104
1.354804
1.354804
1.252492
1.252492
1.303570
1.303570
1.330555
1.330555
1.316776
1.316776
1.364063
1.364063
1.274267
1.274267
1.159215
1.159215
1.368765
1.368765
1.332587
1.332587
1.164660
1.164660
1.321619
1.321619
1.281451
1.281451
1.252599
1.252599
1.265356
1.265356
1.383171
1.383171
1.088102
1.088102
1.363334
1.363334
1.091453
1.091453
1.247822
1.247822
1.381801
1.381801
1.360189
1.360189
1.210909
1.210909
1.312610
1.312610
1.268505
1.268505
1.371248
1.371248
1.361571
1.361571
1.077464
1.077464
1.333645
1.333645
1.278209
1.278209
1.315906
1.315906
1.312746
1.312746
1.355081
1.355081
1.360091
1.360091
1.335721
1.335721
