1.261098
1.261098
1.378319
1.378319
1.356912
1.356912
1.352718
1.352718
1.133948
1.133948
1.358150
1.358150
1.246615
1.246615
1.254095
1.254095
1.272887
1.272887
1.209193
1.209193
1.395045
1.395045
1.135119
1.135119
1.298843
1.298843
1.379701
1.379701
1.336429
1.336429
1.146289
1.146289
1.393621
1.328186
1.393621
1.328186
1.260742
1.260742
1.261966
1.261966
1.362607
1.362607
1.398707
1.398707
1.372864
1.372864
1.398422
1.398422
1.278774
1.278774
1.317668
1.317668
1.341273
1.341273
1.351903
1.351903
1.354714
1.354714
1.381583
1.381583
1.358037
1.358037
1.130664
1.130664
1.330151
1.330151
1.399500
1.399500
1.156150
1.156150
1.194900
1.194900
1.043912
1.043912
1.085283
1.085283
1.154512
1.154512
1.378720
1.378720
1.359899
1.359899
1.388669
1.388669
1.322630
1.322630
1.183303
1.183303
1.178662
1.178662
1.380662
1.380662
1.386690
1.386690
1.378041
1.378041
1.313229
1.313229
1.388990
1.388990
1.375541
1.375541
1.270682
1.270682
1.389414
1.389414
1.043719
1.043719
1.222648
1.222648
1.024661
1.024661
1.305637
1.305637
1.356338
1.356338
1.379248
1.379248
1.365876
1.365876
1.356637
1.356637
1.274523
1.274523
1.257418
1.257418
1.341737
1.341737
1.059002
1.059002
1.396950
1.396950
1.259987
1.259987
1.163662
1.163662
1.271667
1.271667
1.340691
1.340691
1.290791
1.290791
1.170232
1.170232
1.191066
1.368011
1.191066
1.368011
1.236584
1.236584
1.384008
1.384008
1.377373
1.377373
1.380451
1.380451
1.172009
1.172009
1.182541
1.182541
1.338541
1.338541
1.349411
1.349411
1.161708
1.387670
1.387670
1.161708
1.227743
1.227743
1.020579
1.020579
1.394039
1.217023
1.394039
1.217023
1.368220
1.368220
1.350368
1.350368
1.359893
1.359893
1.172004
1.172004
1.322222
1.322222
1.305636
1.305636
1.126232
1.126232
1.029032
1.029032
1.079641
1.079641
1.157073
1.157073
1.148073
1.148073
1.380090
1.380090
1.144326
1.144326
1.276808
1.276808
1.352332
1.352332
1.344995
1.344995
1.366996
1.366996
1.264865
1.264865
1.250606
1.250606
1.389297
1.389297
1.391438
1.391438
1.358565
1.358565
1.305603
1.305603
1.365336
1.365336
1.361536
1.361536
1.355365
1.355365
1.314177
1.314177
1.154291
1.154291
1.303143
1.303143
1.307561
1.307561
1.319457
1.319457
1.277756
1.277756
1.248502
1.248502
1.315720
1.315720
1.264279
1.264279
1.083623
1.083623
1.270251
1.270251
1.144195
1.144195
1.150696
1.150696
1.377352
1.377352
1.232541
1.232541
1.383762
1.383762
1.371889
1.371889
1.345009
1.345009
1.194754
1.194754
1.187951
1.187951
1.338846
1.338846
1.389513
1.389513
1.286524
1.286524
1.389913
1.389913
1.098292
1.098292
1.334367
1.334367
1.090923
1.090923
1.205216
1.205216
1.336891
1.336891
1.232652
1.232652
1.034344
1.034344
1.256845
1.256845
1.102738
1.102738
1.393436
1.393436
1.311921
1.311921
1.343362
1.343362
1.372055
1.372055
1.330089
1.330089
1.339434
1.339434
1.285233
1.285233
1.335030
1.335030
1.271354
1.271354
1.328673
1.328673
1.247846
1.247846
1.096212
1.096212
1.362506
1.362506
1.317036
1.317036
1.288625
1.288625
1.357022
1.357022
1.298184
1.298184
1.376725
1.376725
1.298109
1.298109
1.332464
1.332464
1.255294
1.255294
1.386272
1.386272
1.258810
1.258810
1.389167
1.389167
1.369363
1.369363
1.104667
1.104667
1.216722
1.216722
1.120409
1.120409
1.332529
1.332529
1.202556
1.202556
1.103768
1.103768
1.265482
1.265482
1.322863
1.322863
1.398661
1.398661
1.377965
1.377965
1.383820
1.383820
1.132514
1.132514
1.303694
1.303694
1.373210
1.373210
1.128462
1.128462
1.181456
1.181456
1.226243
1.226243
1.162086
1.162086
1.147707
1.147707
1.222894
1.222894
1.346003
1.346003
1.266083
1.266083
1.121825
1.121825
1.333369
1.333369
1.295610
1.295610
1.357132
1.357132
1.362433
1.362433
1.398500
1.398500
1.329789
1.329789
1.296797
1.296797
1.387393
1.387393
1.356533
1.356533
1.203659
1.203659
1.062899
1.062899
1.287838
1.287838
1.300410
1.300410
1.283367
1.283367
1.311989
1.311989
1.370265
1.370265
1.196316
1.196316
1.367770
1.367770
1.378610
1.378610
1.285194
1.285194
1.324300
1.324300
1.381075
1.381075
1.356095
1.356095
1.229956
1.229956
1.255131
1.255131
1.100179
1.100179
1.055289
1.055289
1.148206
1.148206
1.320105
1.320105
1.262623
1.262623
1.388228
1.388228
1.196425
1.196425
1.378958
1.378958
1.142798
1.142798
1.281208
1.281208
1.263983
1.263983
1.229305
1.229305
1.298583
1.298583
1.375959
1.375959
1.139563
1.139563
1.147309
1.147309
1.169083
1.169083
1.392414
1.392414
1.332457
1.332457
1.203156
1.203156
1.238907
1.238907
1.279211
1.279211
1.218265
1.218265
1.375544
1.375544
1.160972
1.160972
1.201927
1.201927
1.073450
1.073450
1.291896
1.291896
1.270564
1.270564
1.356524
1.356524
1.316510
1.316510
1.283397
1.283397
1.339752
1.339752
1.148604
1.148604
1.371140
1.371140
1.390728
1.390728
1.332887
1.332887
1.292805
1.292805
1.319627
1.319627
1.277648
1.277648
1.303097
1.303097
1.393201
1.393201
1.260304
1.260304
1.199696
1.199696
1.291479
1.291479
1.356795
1.356795
1.364659
1.364659
1.235593
1.235593
1.101215
1.101215
1.368055
1.368055
1.287017
1.287017
1.120145
1.120145
1.266904
1.266904
1.317701
1.317701
1.313725
1.313725
1.328651
1.328651
1.330271
1.330271
1.280416
1.280416
1.213846
1.213846
1.159816
1.159816
1.162143
1.162143
1.257508
1.257508
1.165751
1.165751
1.372500
1.372500
1.360673
1.360673
