1.253921
1.253921
1.079610
1.079610
1.086974
1.086974
1.306631
1.306631
1.335991
1.335991
1.251160
1.342206
1.342206
1.251160
1.189190
1.189190
1.377646
1.377646
1.377699
1.377699
1.390127
1.390127
1.121462
1.121462
1.233183
1.233183
1.385458
1.385458
1.352894
1.352894
1.351474
1.351474
1.335008
1.335008
1.394368
1.394368
1.385130
1.076786
1.385130
1.076786
1.280645
1.280645
1.366088
1.366088
1.397891
1.397891
1.370490
1.370490
1.324643
1.324643
1.201841
1.201841
1.228708
1.228708
1.371089
1.371089
1.282831
1.282831
1.380179
1.380179
1.305461
1.305461
1.315792
1.315792
1.346179
1.346179
1.154737
1.154737
1.256753
1.256753
1.378690
1.378690
1.289010
1.289010
1.154280
1.154280
1.259725
1.259725
1.277366
1.277366
1.398063
1.398063
1.339796
1.339796
1.327794
1.327794
1.165766
1.165766
1.208568
1.208568
1.360480
1.360480
1.217837
1.217837
1.106857
1.106857
1.331714
1.331714
1.051099
1.051099
1.176454
1.176454
1.309551
1.309551
1.255196
1.255196
1.370711
1.370711
1.218283
1.218283
1.284342
1.284342
1.387971
1.387971
1.397768
1.397768
1.374978
1.374978
1.314129
1.397447
1.397447
1.314129
1.302143
1.302143
1.160757
1.160757
1.247482
1.247482
1.311753
1.311753
1.280256
1.280256
1.354675
1.354675
1.254988
1.254988
1.380127
1.380127
1.179705
1.179705
1.218006
1.218006
1.302613
1.302613
1.294008
1.294008
1.254950
1.254950
1.368239
1.368239
1.282932
1.282932
1.379323
1.379323
1.349389
1.349389
1.323380
1.391818
1.323380
1.391818
1.301954
1.301954
1.225355
1.225355
1.385408
1.385408
1.196458
1.196458
1.363206
1.363206
1.355189
1.355189
1.131399
1.131399
1.340112
1.340112
1.174521
1.174521
1.115041
1.115041
1.077281
1.077281
1.385614
1.385614
1.150623
1.150623
1.318552
1.318552
1.333097
1.333097
1.130182
1.130182
1.387846
1.387846
1.387827
1.387827
1.305085
1.305085
1.318268
1.318268
1.394120
1.394120
1.391136
1.391136
1.272224
1.272224
1.294675
1.294675
1.356913
1.356913
1.294038
1.294038
1.346772
1.346772
1.303251
1.303251
1.366130
1.366130
1.391541
1.391541
1.074585
1.074585
1.183926
1.183926
1.385331
1.385331
1.212307
1.212307
1.192796
1.192796
1.281797
1.281797
1.150472
1.150472
1.390063
1.390063
1.285283
1.285283
1.110338
1.110338
1.254156
1.254156
1.221956
1.221956
1.338151
1.338151
1.362876
1.362876
1.384842
1.384842
1.247423
1.247423
1.366988
1.366988
1.230481
1.230481
1.367014
1.367014
1.373256
1.373256
1.348870
1.348870
1.332966
1.332966
1.397034
1.397034
1.397066
1.397066
1.298069
1.298069
1.120715
1.120715
1.399632
1.399632
1.315139
1.315139
1.205484
1.205484
1.236149
1.236149
1.358546
1.358546
1.255400
1.255400
1.368950
1.368950
1.141873
1.141873
1.301900
1.301900
1.317749
1.317749
1.330054
1.330054
1.257141
1.257141
1.185076
1.185076
1.199582
1.199582
1.159304
1.159304
1.335389
1.335389
1.245663
1.245663
1.368009
1.368009
1.381246
1.381246
1.217274
1.217274
1.371660
1.371660
1.239524
1.239524
1.377754
1.377754
1.344247
1.344247
1.389480
1.389480
1.225490
1.225490
1.305858
1.305858
1.163312
1.163312
1.346365
1.346365
1.336547
1.336547
1.304185
1.304185
1.334864
1.334864
1.227548
1.227548
1.341152
1.341152
1.351819
1.351819
1.256186
1.256186
1.272370
1.272370
1.340674
1.340674
1.190285
1.190285
1.129755
1.129755
1.260326
1.260326
1.058270
1.058270
1.269712
1.269712
1.327874
1.327874
1.369401
1.369401
1.262520
1.262520
1.342013
1.342013
1.159560
1.159560
1.202827
1.202827
1.206507
1.206507
1.370733
1.370733
1.386974
1.386974
1.266705
1.266705
1.144584
1.144584
1.329796
1.329796
1.078362
1.078362
1.292646
1.292646
1.299055
1.299055
1.248665
1.248665
1.196522
1.196522
1.167831
1.167831
1.352068
1.352068
1.302646
1.302646
1.236157
1.236157
1.390356
1.390356
1.350268
1.350268
1.397575
1.397575
1.184742
1.184742
1.337575
1.337575
1.285081
1.285081
1.328962
1.328962
1.227947
1.227947
1.350181
1.350181
1.311535
1.311535
1.355582
1.355582
1.351622
1.351622
1.379899
1.379899
1.304436
1.304436
1.273409
1.273409
1.392042
1.392042
1.350945
1.350945
1.264378
1.264378
1.292474
1.292474
1.274058
1.274058
1.220109
1.220109
1.244410
1.244410
1.372878
1.372878
