1.225753
1.225753
1.210124
1.210124
1.328350
1.328350
1.233542
1.233542
1.349631
1.349631
1.282548
1.282548
1.261203
1.261203
1.390250
1.390250
1.267889
1.267889
1.346132
1.346132
1.398723
1.398723
1.234156
1.234156
1.382214
1.382214
1.345820
1.345820
1.390882
1.390882
1.312677
1.312677
1.274711
1.274711
1.396894
1.396894
1.322068
1.322068
1.349631
1.349631
1.236667
1.236667
1.180699
1.180699
1.316458
1.316458
1.223993
1.223993
1.365565
1.365565
1.317443
1.317443
1.189169
1.189169
1.362091
1.362091
1.150134
1.150134
1.221468
1.221468
1.271557
1.271557
1.389957
1.389957
1.298564
1.298564
1.078957
1.397324
1.078957
1.397324
1.032302
1.032302
1.200977
1.200977
1.250710
1.250710
1.305997
1.305997
1.374415
1.374415
1.366204
1.366204
1.196077
1.196077
1.180236
1.180236
1.367641
1.367641
1.226775
1.226775
1.289626
1.289626
1.392088
1.392088
1.182950
1.182950
1.388998
1.388998
1.389560
1.389560
1.272352
1.272352
1.313194
1.313194
1.139577
1.139577
1.055710
1.055710
1.301853
1.230986
1.301853
1.230986
1.380833
1.380833
1.240600
1.240600
1.189922
1.189922
1.337613
1.337613
1.376354
1.376354
1.311569
1.311569
1.335167
1.335167
1.357733
1.357733
1.323274
1.323274
1.219175
1.219175
1.357044
1.357044
1.397937
1.397937
1.334297
1.334297
1.196031
1.196031
1.374334
1.374334
1.310362
1.310362
1.341471
1.341471
1.391431
1.066911
1.066911
1.391431
1.254233
1.254233
1.313297
1.313297
1.315396
1.315396
1.346368
1.346368
1.260540
1.260540
1.264107
1.264107
1.383893
1.383893
1.387621
1.387621
1.342091
1.342091
1.229540
1.229540
1.104932
1.104932
1.348778
1.348778
1.250619
1.250619
1.399885
1.399885
1.236079
1.236079
1.371247
1.371247
1.172574
1.172574
1.078465
1.078465
1.340637
1.340637
1.324218
1.324218
1.357113
1.357113
1.273775
1.273775
1.363067
1.363067
1.358205
1.358205
1.297509
1.297509
1.383799
1.383799
1.351136
1.351136
1.346249
1.346249
1.304004
1.304004
1.193968
1.193968
1.271652
1.271652
1.365406
1.365406
1.390957
1.390957
1.312536
1.312536
1.236701
1.236701
1.249109
1.249109
1.155046
1.155046
1.267390
1.267390
1.398011
1.398011
1.397472
1.397472
1.279415
1.279415
1.063266
1.063266
1.330790
1.330790
1.300532
1.300532
1.352631
1.352631
1.322495
1.322495
1.317535
1.317535
1.386538
1.386538
1.382589
1.382589
1.363291
1.363291
1.357902
1.357902
1.377703
1.377703
1.388706
1.388706
1.315123
1.315123
1.160473
1.160473
1.345667
1.345667
1.076911
1.076911
1.249510
1.249510
1.291896
1.291896
1.393881
1.393881
1.390740
1.390740
1.396158
1.396158
1.371314
1.371314
1.398551
1.398551
1.377475
1.377475
1.332026
1.332026
1.123077
1.123077
1.267800
1.267800
1.398063
1.398063
1.262933
1.262933
1.377838
1.377838
1.351544
1.351544
1.323208
1.323208
1.375428
1.375428
1.265309
1.265309
1.383595
1.383595
1.113176
1.113176
1.221921
1.221921
1.244026
1.244026
1.313380
1.313380
1.323560
1.323560
1.302251
1.302251
1.250704
1.250704
1.263178
1.263178
1.187612
1.187612
1.352516
1.352516
1.399526
1.399526
1.258904
1.258904
1.378121
1.378121
1.340068
1.340068
1.351090
1.351090
1.394628
1.394628
1.356292
1.356292
1.385328
1.385328
1.367393
1.367393
1.233714
1.233714
1.144958
1.144958
1.204489
1.204489
1.346358
1.346358
1.351405
1.351405
1.346744
1.346744
1.331919
1.331919
1.137872
1.137872
1.208332
1.208332
1.153047
1.153047
1.178001
1.178001
1.319877
1.319877
1.290387
1.290387
1.202547
1.202547
1.385830
1.385830
1.163010
1.163010
1.255692
1.255692
1.254216
1.254216
1.299284
1.299284
1.168791
1.168791
1.387569
1.387569
1.379111
1.379111
1.373155
1.373155
1.145780
1.145780
1.308977
1.308977
1.264556
1.264556
1.387737
1.387737
1.392727
1.392727
1.358089
1.358089
1.109812
1.109812
1.382299
1.382299
1.330813
1.330813
1.323178
1.323178
1.259809
1.259809
1.248448
1.248448
1.342622
1.342622
1.333627
1.333627
1.308445
1.308445
1.243499
1.243499
1.097133
1.097133
1.299661
1.299661
1.087025
1.087025
1.166608
1.166608
1.292162
1.292162
1.391660
1.391660
1.213623
1.213623
1.037900
1.037900
1.167576
1.167576
1.234352
1.234352
1.300814
1.300814
1.329379
1.329379
1.212980
1.212980
1.341255
1.341255
1.379561
1.379561
1.211275
1.211275
1.368669
1.368669
1.243910
1.243910
1.370488
1.370488
1.380035
1.380035
1.190656
1.190656
1.321033
1.330198
1.321033
1.330198
1.288794
1.288794
1.395005
1.395005
1.339467
1.339467
1.174390
1.174390
1.381795
1.381795
1.341168
1.341168
1.231656
1.231656
1.396859
1.396859
1.157268
1.157268
1.137886
1.137886
1.157875
1.157875
1.325465
1.325465
1.324413
1.324413
1.337649
1.337649
1.306706
1.306706
1.297763
1.297763
1.350043
1.350043
1.368346
1.368346
1.345814
1.345814
1.374669
1.374669
1.332460
1.352183
1.352183
1.332460
1.340601
1.340601
1.387330
1.387330
1.213129
1.213129
1.166285
1.166285
1.167846
1.315022
1.167846
1.315022
1.310701
1.310701
1.256493
1.256493
1.108222
1.108222
1.391716
1.391716
1.343591
1.343591
1.393891
1.393891
