1.118211
1.118211
1.177455
1.307575
1.177455
1.307575
1.347340
1.347340
1.297017
1.297017
1.170096
1.170096
1.359273
1.359273
1.298509
1.298509
1.366981
1.180765
1.366981
1.180765
1.267258
1.267258
1.138676
1.370651
1.322222
1.322222
1.138676
1.370651
1.205323
1.205323
1.337645
1.337645
1.058634
1.058634
1.346086
1.346086
1.356521
1.356521
1.310135
1.310135
1.322588
1.322588
1.259477
1.259477
1.349874
1.349874
1.369590
1.369590
1.255773
1.298230
1.255773
1.298230
1.100128
1.100128
1.398922
1.398922
1.359545
1.359545
1.124045
1.124045
1.389601
1.389601
1.334310
1.334310
1.287600
1.287600
1.090109
1.090109
1.343528
1.343528
1.152745
1.152745
1.228041
1.228041
1.178866
1.178866
1.142451
1.142451
1.312147
1.312147
1.127774
1.127774
1.314610
1.314610
1.385720
1.385720
1.364165
1.364165
1.267589
1.267589
1.373821
1.373821
1.367964
1.367964
1.239863
1.239863
1.188870
1.188870
1.285704
1.285704
1.368218
1.368218
1.384566
1.384566
1.107790
1.107790
1.381468
1.381468
1.336473
1.336473
1.292678
1.292678
1.382843
1.382843
1.383107
1.383107
1.117954
1.117954
1.397678
1.397678
1.322300
1.322300
1.299659
1.299659
1.170544
1.170544
1.340298
1.340298
1.347071
1.347071
1.278759
1.278759
1.347645
1.347645
1.349354
1.349354
1.147060
1.147060
1.287029
1.287029
1.320045
1.320045
1.310553
1.310553
1.322524
1.322524
1.162583
1.162583
1.325896
1.325896
1.260994
1.260994
1.319877
1.319877
1.256739
1.256739
1.259126
1.259126
1.353410
1.353410
1.385604
1.385604
1.116401
1.116401
1.381164
1.381164
1.283333
1.283333
1.371802
1.371802
1.152219
1.152219
1.106598
1.106598
1.302586
1.302586
1.392545
1.392545
1.115459
1.115459
1.303809
1.303809
1.362392
1.362392
1.234667
1.234667
1.279460
1.390728
1.384528
1.279460
1.384528
1.390728
1.350646
1.350646
1.230035
1.230035
1.358480
1.358480
1.021792
1.021792
1.383118
1.383118
1.166632
1.166632
1.392227
1.392227
1.166846
1.166846
1.339444
1.339444
1.085325
1.085325
1.102053
1.102053
1.164851
1.164851
1.324527
1.324527
1.312244
1.312244
1.270019
1.270019
1.239146
1.239146
1.236726
1.236726
1.348110
1.348110
1.337355
1.337355
1.191742
1.191742
1.396166
1.396166
1.296223
1.296223
1.321545
1.391726
1.321545
1.391726
1.249246
1.249246
1.295274
1.274388
1.274388
1.295274
1.386604
1.386604
1.362265
1.362265
1.392108
1.392108
1.284153
1.284153
1.271132
1.271132
1.221194
1.221194
1.389094
1.389094
1.181734
1.181734
1.139235
1.139235
1.148831
1.148831
1.112423
1.112423
1.308081
1.308081
1.256455
1.256455
1.352397
1.352397
1.347380
1.347380
1.394614
1.394614
1.244461
1.244461
1.341613
1.341613
1.290944
1.290944
1.392907
1.392907
1.386515
1.327392
1.386515
1.327392
1.360907
1.360907
1.341039
1.341039
1.352988
1.352988
1.313434
1.313434
1.262651
1.262651
1.111833
1.111833
1.328792
1.328792
1.354623
1.354623
1.213660
1.213660
1.370155
1.370155
1.170016
1.170016
1.247940
1.247940
1.319587
1.319587
1.225508
1.225508
1.283512
1.283512
1.325645
1.325645
1.373851
1.373851
1.035865
1.035865
1.332170
1.332170
1.359566
1.359566
1.144273
1.144273
1.346017
1.346017
1.249732
1.249732
1.278626
1.278626
1.392701
1.392701
1.389165
1.389165
1.158268
1.158268
1.295323
1.295323
1.285757
1.285757
1.205866
1.205866
1.313333
1.313333
1.311283
1.311283
1.362362
1.362362
1.383263
1.383263
1.266502
1.266502
1.349848
1.349848
1.137041
1.137041
1.395820
1.395820
1.024385
1.024385
1.365130
1.365130
1.177580
1.177580
1.059318
1.059318
1.367693
1.367693
1.227192
1.227192
1.283138
1.283138
1.222919
1.222919
1.346622
1.346622
1.236971
1.236971
1.344870
1.344870
1.347983
1.347983
1.376514
1.376514
1.180679
1.180679
1.289107
1.289107
1.350602
1.350602
1.346490
1.346490
1.381568
1.381568
1.386596
1.386596
1.309020
1.309020
1.398858
1.398858
