1.206113
1.206113
1.229753
1.229753
1.341045
1.341045
1.356808
1.356808
1.202694
1.202694
1.370096
1.370096
1.178949
1.178949
1.382228
1.357175
1.357175
1.382228
1.255666
1.255666
1.378002
1.378002
1.354708
1.354708
1.096421
1.096421
1.383889
1.383889
1.393523
1.393523
1.341677
1.341677
1.351498
1.351498
1.393386
1.393386
1.359605
1.359605
1.371278
1.371278
1.382630
1.382630
1.376160
1.376160
1.344295
1.344295
1.332098
1.332098
1.317736
1.317736
1.175222
1.175222
1.298007
1.298007
1.231126
1.231126
1.395636
1.395636
1.352489
1.352489
1.360297
1.360297
1.379056
1.379056
1.325457
1.325457
1.265760
1.265760
1.273499
1.273499
1.207674
1.207674
1.049283
1.049283
1.342697
1.203066
1.203066
1.342697
1.210325
1.210325
1.343539
1.257669
1.257669
1.343539
1.220023
1.220023
1.080797
1.080797
1.379633
1.379633
1.295667
1.295667
1.167885
1.167885
1.125375
1.125375
1.340765
1.368900
1.340765
1.368900
1.094969
1.094969
1.221772
1.221772
1.363418
1.363418
1.379687
1.379687
1.274120
1.274120
1.127166
1.127166
1.174689
1.174689
1.265349
1.265349
1.216613
1.216613
1.341198
1.314915
1.314915
1.341198
1.375960
1.375960
1.207089
1.207089
1.365859
1.365859
1.305101
1.305101
1.370963
1.370963
1.189951
1.189951
1.223388
1.223388
1.238709
1.238709
1.317067
1.317067
1.335389
1.335389
1.285233
1.285233
1.159204
1.159204
1.339466
1.339466
1.255218
1.255218
1.336765
1.336765
1.319204
1.319204
1.375692
1.375692
1.375960
1.375960
1.277193
1.277193
1.293476
1.293476
1.245684
1.245684
1.082256
1.082256
1.397257
1.397257
1.236457
1.236457
1.379056
1.379056
1.376922
1.376922
1.354962
1.354962
1.383093
1.383093
1.346073
1.346073
1.350901
1.350901
1.388755
1.388755
1.383543
1.383543
1.396170
1.396170
1.154811
1.154811
1.352330
1.352330
1.112505
1.112505
1.314621
1.314621
1.203790
1.203790
1.291345
1.291345
1.313467
1.313467
1.212707
1.212707
1.397384
1.397384
1.340672
1.340672
1.214982
1.214982
1.278740
1.278740
1.314909
1.314909
1.219385
1.219385
1.331893
1.331893
1.363864
1.363864
1.322313
1.322313
1.296687
1.296687
1.299963
1.299963
1.240716
1.240716
1.290466
1.290466
1.377084
1.377084
1.397536
1.397536
1.399358
1.399358
1.365985
1.365985
1.322898
1.322898
1.122236
1.122236
1.277736
1.277736
1.344607
1.344607
1.304479
1.304479
1.257156
1.257156
1.273312
1.273312
1.274324
1.274324
1.389752
1.389752
1.350795
1.350795
1.298307
1.298307
1.374250
1.374250
1.322152
1.322152
1.085882
1.085882
1.389538
1.389538
1.294771
1.294771
1.313897
1.313897
1.154924
1.154924
1.285321
1.285321
1.286234
1.103451
1.286234
1.103451
1.241366
1.241366
1.351160
1.351160
1.380549
1.380549
1.162908
1.162908
1.209433
1.209433
1.170242
1.170242
1.353833
1.353833
1.256063
1.256063
1.391147
1.391147
1.374075
1.374075
1.089875
1.089875
1.354135
1.354135
1.350008
1.350008
1.145902
1.145902
1.394979
1.394979
1.156886
1.156886
1.327719
1.327719
