1.383390
1.383390
1.339211
1.339211
1.288628
1.123061
1.288628
1.123061
1.263546
1.263546
1.314418
1.314418
1.256073
1.256073
1.274965
1.274965
1.103076
1.103076
1.349851
1.349851
1.158932
1.158932
1.333199
1.333199
1.268374
1.268374
1.173576
1.109522
1.109522
1.173576
1.209631
1.209631
1.172472
1.172472
1.248892
1.248892
1.126456
1.126456
1.293124
1.293124
1.098291
1.098291
1.255414
1.255414
1.216854
1.216854
1.277430
1.277430
1.357154
1.357154
1.122065
1.122065
1.364146
1.364146
1.178771
1.178771
1.395454
1.395454
1.298163
1.298163
1.132372
1.132372
1.347717
1.347717
1.157712
1.157712
1.153258
1.153258
1.371771
1.371771
1.315873
1.315873
1.253215
1.253215
1.028109
1.028109
1.397126
1.397126
1.274918
1.274918
1.250992
1.250992
1.372776
1.372776
1.215086
1.215086
1.355003
1.355003
1.314537
1.314537
1.365804
1.365804
1.355741
1.355741
1.324963
1.324963
1.162351
1.162351
1.226704
1.226704
1.368178
1.368178
1.204818
1.204818
1.315260
1.315260
1.313463
1.313463
1.257108
1.212272
1.257108
1.212272
1.375088
1.375088
1.399897
1.399897
1.224114
1.224114
1.215578
1.215578
1.170038
1.170038
1.289019
1.289019
1.229602
1.229602
1.277872
1.277872
1.120732
1.120732
1.356638
1.356638
1.387375
1.387375
1.280362
1.280362
1.251453
1.251453
1.367912
1.367912
1.382090
1.382090
1.398808
1.398808
1.146376
1.146376
1.372740
1.372740
1.381381
1.381381
1.317442
1.317442
1.138548
1.138548
1.396544
1.396544
1.175290
1.175290
1.191242
1.191242
1.351641
1.351641
1.396090
1.396090
1.077278
1.077278
1.385663
1.385663
1.268584
1.268584
1.256794
1.256794
1.146887
1.146887
1.365800
1.365800
1.334482
1.334482
1.207284
1.207284
1.387498
1.387498
1.236393
1.236393
1.243153
1.243153
1.348709
1.348709
1.254139
1.254139
1.252178
1.252178
1.350936
1.350936
1.397249
1.397249
1.355424
1.355424
1.376199
1.376199
1.194798
1.194798
1.325968
1.325968
1.393210
1.393210
1.354607
1.354607
1.213299
1.213299
1.368660
1.368660
1.335928
1.335928
1.256848
1.256848
1.231132
1.231132
1.139888
1.139888
1.302955
1.302955
1.044358
1.044358
1.327383
1.327383
1.358619
1.358619
1.320362
1.320362
1.084647
1.084647
1.377275
1.377275
1.347273
1.347273
1.180324
1.180324
1.257161
1.257161
1.347257
1.347257
1.130038
1.130038
1.253041
1.253041
1.333051
1.333051
1.190882
1.190882
1.239886
1.239886
1.319948
1.319948
1.265811
1.265811
1.385502
1.385502
1.228565
1.228565
1.254379
1.254379
1.394770
1.394770
1.358911
1.358911
1.153567
1.153567
1.215238
1.215238
1.096048
1.096048
1.259872
1.259872
1.366202
1.366202
1.169960
1.169960
1.377976
1.377976
1.235836
1.235836
1.375239
1.375239
1.387044
1.387044
1.370256
1.370256
1.305896
1.305896
1.376031
1.376031
1.255595
1.255595
1.303041
1.303041
1.379610
1.379610
1.375078
1.375078
1.398042
1.398042
1.130051
1.130051
1.224784
1.224784
1.190312
1.190312
1.340430
1.340430
1.305346
1.305346
1.352052
1.352052
1.382819
1.382819
1.371106
1.371106
1.349832
1.349832
1.182765
1.182765
1.385761
1.385761
1.204861
1.204861
1.369933
1.369933
1.318526
1.318526
1.281491
1.281491
1.381023
1.381023
1.338579
1.338579
1.373766
1.373766
1.251043
1.251043
1.318715
1.318715
1.171214
1.171214
1.093926
1.093926
1.274903
1.274903
1.238413
1.238413
1.293041
1.293041
1.250304
1.250304
1.364454
1.364454
1.168052
1.168052
1.356785
1.356785
1.073158
1.073158
1.275719
1.275719
1.213239
1.213239
1.246808
1.246808
1.263355
1.263355
1.356645
1.356645
1.364842
1.364842
1.259197
1.259197
1.239341
1.239341
1.216189
1.216189
1.124789
1.124789
1.084648
1.084648
1.360796
1.360796
1.047776
1.047776
1.159228
1.159228
1.241103
1.241103
1.383076
1.383076
1.258771
1.258771
1.319085
1.319085
1.263400
1.263400
1.305731
1.305731
1.333262
1.333262
1.378226
1.378226
1.369321
1.369321
1.261691
1.261691
1.298884
1.298884
1.385664
1.385664
1.232895
1.232895
1.211131
1.211131
1.390868
1.390868
1.267372
1.267372
1.256332
1.256332
1.366072
1.366072
1.268519
1.268519
1.337027
1.337027
1.387612
1.387612
1.366424
1.366424
1.318176
1.318176
1.372627
1.372627
1.396129
1.396129
1.309912
1.309912
1.304027
1.304027
1.303313
1.303313
1.158911
1.158911
1.188208
1.188208
1.194245
1.194245
1.237497
1.237497
1.316003
1.316003
1.338569
1.338569
1.354263
1.354263
1.233571
1.233571
1.137837
1.137837
1.261588
1.261588
1.207782
1.207782
1.237312
1.237312
1.387525
1.387525
1.124221
1.124221
1.380619
1.380619
1.084080
1.084080
1.383233
1.383233
1.317404
1.317404
1.115987
1.115987
1.363689
1.363689
1.202758
1.202758
