1.356952
1.356952
1.290299
1.290299
1.262826
1.262826
1.228871
1.228871
1.348512
1.348512
1.168613
1.168613
1.353565
1.353565
1.385488
1.385488
1.162969
1.162969
1.380121
1.164250
1.164250
1.380121
1.399672
1.399672
1.349906
1.349906
1.279978
1.279978
1.194488
1.194488
1.287630
1.287630
1.259085
1.259085
1.212352
1.212352
1.341084
1.341084
1.298033
1.298033
1.298210
1.298210
1.361944
1.361944
1.375804
1.375804
1.386356
1.386356
1.391224
1.391224
1.392924
1.392924
1.378341
1.378341
1.238143
1.238143
1.118411
1.118411
1.169239
1.169239
1.210614
1.210614
1.047237
1.047237
1.300596
1.300596
1.286255
1.286255
1.311234
1.311234
1.328653
1.328653
1.387015
1.387015
1.359659
1.359659
1.133768
1.133768
1.345091
1.345091
1.319767
1.319767
1.394090
1.394090
1.362032
1.362032
1.362348
1.362348
1.382202
1.382202
1.375763
1.375763
1.308953
1.308953
1.080008
1.080008
1.391568
1.387632
1.387632
1.391568
1.277784
1.277784
1.186236
1.186236
1.136131
1.136131
1.327600
1.327600
1.395105
1.395105
1.299384
1.299384
1.361098
1.361098
1.393729
1.393729
1.363303
1.363303
1.117984
1.117984
1.304127
1.304127
1.350665
1.350665
1.012414
1.012414
1.333836
1.333836
1.350823
1.350823
1.196629
1.196629
1.163010
1.163010
1.346873
1.346873
1.253905
1.253905
1.266190
1.266190
1.338863
1.338863
1.359805
1.359805
1.300617
1.300617
1.267087
1.267087
1.268406
1.268406
1.338128
1.338128
1.200826
1.200826
1.314257
1.314257
1.135707
1.135707
1.294320
1.294320
1.387634
1.387634
1.326611
1.326611
1.315538
1.315538
1.219470
1.219470
1.295291
1.294822
1.294822
1.295291
1.364293
1.364293
1.359953
1.359953
1.295647
1.295647
1.109617
1.109617
1.365587
1.365587
1.391574
1.391574
1.375141
1.375141
1.168929
1.168929
1.172223
1.172223
1.378409
1.378409
1.319372
1.319372
1.293298
1.293298
1.214383
1.214383
1.316027
1.316027
1.214327
1.214327
1.315318
1.315318
1.353522
1.353522
1.384325
1.384325
1.284658
1.284658
1.375195
1.375195
1.231721
1.231721
1.348650
1.348650
1.369900
1.369900
1.269032
1.269032
1.268121
1.268121
1.273595
1.273595
1.349317
1.349317
1.279337
1.279337
1.298222
1.298222
1.325236
1.325236
1.267689
1.267689
1.387518
1.387518
1.161702
1.161702
1.322184
1.322184
1.327953
1.327953
1.170045
1.170045
1.296969
1.296969
1.251693
1.251693
1.212406
1.212406
1.152797
1.152797
1.360952
1.360952
1.362745
1.362745
1.277797
1.277797
1.393453
1.393453
1.276972
1.276972
1.341504
1.341504
1.282319
1.282319
1.372869
1.372869
1.168242
1.168242
1.106067
1.106067
1.339713
1.339713
1.170567
1.170567
1.289426
1.289426
1.168654
1.168654
1.394185
1.394185
1.350439
1.350439
1.358295
1.358295
1.342491
1.342491
1.283727
1.283727
1.298833
1.298833
1.256976
1.256976
1.088295
1.088295
1.248025
1.248025
1.174337
1.174337
1.225573
1.225573
1.393536
1.393536
1.116315
1.116315
1.353524
1.353524
1.331177
1.331177
1.383074
1.383074
1.357276
1.357276
1.136261
1.136261
1.127318
1.127318
1.290670
1.290670
1.395358
1.395358
1.384117
1.384117
1.068505
1.068505
1.217076
1.217076
1.325969
1.325969
1.336677
1.336677
1.314120
1.314120
1.132045
1.132045
1.371019
1.371019
1.186121
1.186121
1.150966
1.150966
1.316803
1.316803
1.307055
1.307055
1.222535
1.222535
1.380020
1.380020
1.382190
1.382190
1.305918
1.305918
1.378919
1.378919
1.321432
1.321432
1.297500
1.297500
1.195824
1.195824
1.227239
1.227239
1.399452
1.399452
1.316224
1.316224
1.152070
1.152070
1.383817
1.383817
1.398872
1.398872
1.337559
1.337559
1.353820
1.353820
1.133290
1.133290
1.244231
1.244231
1.308389
1.308389
1.387327
1.387327
1.218530
1.218530
1.393052
1.393052
1.334413
1.334413
1.351662
1.351662
1.395130
1.395130
1.269903
1.269903
1.177095
1.177095
1.251980
1.251980
1.354420
1.354420
1.280271
1.280271
1.295635
1.295635
