1.295703
1.295703
1.394429
1.394429
1.375222
1.375222
1.333265
1.333265
1.352571
1.352571
1.170878
1.170878
1.046746
1.046746
1.302270
1.302270
1.218307
1.218307
1.174331
1.321001
1.321001
1.174331
1.397571
1.397571
1.366095
1.366095
1.317342
1.317342
1.273121
1.273121
1.297063
1.297063
1.398801
1.398801
1.391908
1.391908
1.321465
1.321465
1.180352
1.166931
1.166931
1.180352
1.380334
1.380334
1.301536
1.301536
1.134374
1.134374
1.146715
1.146715
1.257581
1.257581
1.396542
1.396542
1.225000
1.225000
1.229390
1.229390
1.190423
1.190423
1.351872
1.351872
1.359559
1.359559
1.119037
1.119037
1.233094
1.233094
1.300931
1.300931
1.342059
1.342059
1.396846
1.396846
1.396895
1.396895
1.178224
1.178224
1.225514
1.225514
1.190038
1.359480
1.372046
1.372046
1.190038
1.359480
1.395782
1.395782
1.097424
1.097424
1.329169
1.329169
1.241481
1.241481
1.311731
1.311731
1.398087
1.398087
1.357659
1.357659
1.207335
1.207335
1.319200
1.319200
1.256789
1.256789
1.391603
1.391603
1.124217
1.124217
1.385822
1.385822
1.290693
1.290693
1.354506
1.354506
1.367981
1.367981
1.398617
1.398617
1.238710
1.238710
1.190699
1.190699
1.204059
1.204059
1.350612
1.350612
1.370998
1.370998
1.038097
1.038097
1.275774
1.275774
1.390043
1.390043
1.112517
1.112517
1.275441
1.275441
1.355660
1.355660
1.161825
1.161825
1.333048
1.333048
1.376442
1.376442
1.253207
1.253207
1.370804
1.370804
1.220345
1.220345
1.349220
1.349220
1.392923
1.392923
1.286883
1.286883
1.377889
1.377889
1.366233
1.366233
1.218514
1.218514
1.300489
1.300489
1.376546
1.376546
1.321060
1.321060
1.305988
1.305988
1.362568
1.362568
1.385394
1.385394
1.387076
1.387076
1.374298
1.374298
1.365963
1.365963
1.263146
1.263146
1.272426
1.272426
1.374790
1.374790
1.067808
1.067808
1.233322
1.233322
1.342488
1.342488
1.232725
1.232725
1.022504
1.022504
1.265650
1.265650
1.212991
1.212991
1.301172
1.301172
1.385304
1.385304
1.363988
1.363988
1.264632
1.264632
1.341607
1.341607
1.206943
1.206943
1.217569
1.217569
1.313339
1.313339
1.127068
1.127068
1.395519
1.395519
1.232702
1.232702
1.238719
1.238719
1.250776
1.250776
1.288974
1.288974
1.295395
1.295395
1.380436
1.380436
1.383652
1.383652
1.104879
1.104879
1.252251
1.252251
1.383336
1.383336
1.373246
1.373246
1.338242
1.338242
1.193775
1.193775
1.296052
1.296052
1.312481
1.312481
1.372030
1.372030
1.342831
1.342831
1.368294
1.368294
1.288434
1.314874
1.288434
1.314874
1.397987
1.397987
1.156276
1.156276
1.264331
1.264331
1.288017
1.288017
1.288970
1.288970
1.165991
1.165991
1.395934
1.395934
1.367034
1.367034
1.336953
1.336953
1.330623
1.330623
1.061492
1.061492
1.224705
1.224705
1.375115
1.375115
1.201055
1.201055
1.242373
1.242373
1.080968
1.080968
1.268328
1.268328
1.335352
1.335352
1.370726
1.370726
1.103246
1.103246
1.295416
1.295416
1.289690
1.289690
1.278886
1.278886
1.275378
1.275378
1.340095
1.340095
1.309759
1.309759
1.267504
1.267504
1.313683
1.313683
1.206238
1.206238
1.396525
1.396525
1.381241
1.381241
1.339019
1.339019
1.380780
1.380780
1.306685
1.306685
1.200269
1.200269
1.378704
1.378704
1.373054
1.373054
1.394908
1.394908
1.314788
1.314788
1.338868
1.338868
1.297940
1.297940
1.353120
1.353120
1.305282
1.305282
1.252434
1.252434
1.335177
1.335177
1.359383
1.359383
1.271098
1.271098
1.268180
1.268180
1.361054
1.361054
1.161510
1.161510
1.278609
1.278609
1.199046
1.199046
1.350360
1.350360
1.285507
1.285507
1.361636
1.361636
1.207258
1.207258
1.234185
1.234185
1.298395
1.298395
1.083695
1.083695
1.264271
1.264271
1.397432
1.397432
1.359175
1.359175
1.226664
1.226664
1.314140
1.314140
1.391023
1.391023
1.345909
1.345909
1.067281
1.067281
1.205334
1.205334
1.208926
1.208926
1.334544
1.334544
1.319973
1.319973
