1.112769
1.112769
1.073750
1.073750
1.296237
1.385585
1.296237
1.385585
1.384055
1.384055
1.311604
1.311604
1.370774
1.370774
1.304153
1.233772
1.304153
1.233772
1.225018
1.225018
1.162547
1.162547
1.296521
1.296521
1.312612
1.374289
1.312612
1.374289
1.385950
1.385950
1.232851
1.232851
1.358088
1.358088
1.154094
1.154094
1.340138
1.340138
1.323800
1.323800
1.199004
1.199004
1.217956
1.217956
1.282871
1.282871
1.225242
1.225242
1.339915
1.339915
1.277198
1.277198
1.235932
1.235932
1.340142
1.340142
1.136422
1.136422
1.300419
1.300419
1.384094
1.384094
1.317067
1.317067
1.306782
1.306782
1.337950
1.337950
1.360115
1.360115
1.271097
1.271097
1.352653
1.352653
1.064087
1.064087
1.144187
1.144187
1.291837
1.291837
1.248649
1.248649
1.346279
1.346279
1.297013
1.297013
1.188742
1.188742
1.256248
1.256248
1.364427
1.364427
1.137629
1.137629
1.273382
1.273382
1.238659
1.238659
1.032546
1.032546
1.391238
1.391238
1.385855
1.385855
1.392906
1.392906
1.159263
1.159263
1.308405
1.308405
1.399747
1.399747
1.047435
1.047435
1.376737
1.376737
1.359815
1.359815
1.301049
1.301049
1.287145
1.287145
1.385912
1.385912
1.253385
1.253385
1.288714
1.288714
1.281564
1.281564
1.377248
1.377248
1.312033
1.312033
1.327916
1.327916
1.282760
1.282760
1.367352
1.367352
1.033212
1.033212
1.299898
1.299898
1.335534
1.335534
1.203884
1.203884
1.323029
1.323029
1.177516
1.177516
1.399877
1.399877
1.148369
1.148369
1.319075
1.319075
1.368557
1.368557
1.019727
1.019727
1.101914
1.371820
1.371820
1.101914
1.357567
1.357567
1.334911
1.334911
1.335202
1.335202
1.309400
1.309400
1.395552
1.395552
1.210203
1.210203
1.399625
1.399625
1.285370
1.285370
1.360199
1.360199
1.363736
1.363736
1.356400
1.356400
1.394368
1.394368
1.285928
1.285928
1.312207
1.312207
1.380402
1.380402
1.348049
1.348049
1.188216
1.188216
1.290888
1.290888
1.267616
1.267616
1.311564
1.311564
1.198356
1.198356
1.095332
1.095332
1.178963
1.178963
1.280975
1.280975
1.382286
1.382286
1.313262
1.313262
1.380759
1.380759
1.259102
1.259102
1.241163
1.241163
1.123306
1.123306
1.272500
1.272500
1.255680
1.255680
1.366792
1.366792
1.027433
1.027433
1.238968
1.238968
1.135723
1.135723
1.244940
1.244940
1.344711
1.344711
1.308538
1.308538
1.173246
1.173246
1.248000
1.248000
1.290713
1.290713
1.267032
1.267032
1.037975
1.037975
1.330005
1.330005
1.220748
1.220748
1.338823
1.338823
1.212335
1.212335
1.148458
1.148458
1.331643
1.331643
1.289988
1.289988
1.321087
1.321087
1.288468
1.288468
1.326468
1.326468
1.311315
1.311315
1.268707
1.268707
1.357523
1.357523
1.205604
1.205604
1.337036
1.337036
1.088216
1.088216
1.328947
1.328947
1.072284
1.072284
1.311543
1.311543
1.271345
1.271345
1.226396
1.226396
1.266218
1.266218
1.290738
1.290738
1.113815
1.113815
1.389781
1.389781
1.246243
1.246243
1.325066
1.325066
1.235527
1.235527
1.233690
1.233690
1.299330
1.299330
1.387630
1.387630
1.307939
1.307939
1.290943
1.290943
1.322247
1.322247
1.380718
1.380718
1.207035
1.207035
1.389639
1.389639
1.258282
1.258282
1.318814
1.318814
1.375027
1.375027
1.393458
1.393458
1.344625
1.344625
1.320396
1.320396
1.375557
1.375557
1.070815
1.070815
1.377985
1.377985
1.264911
1.264911
1.035740
1.035740
