1.284027
1.284027
1.316199
1.316199
1.311853
1.311853
1.359334
1.359334
1.394930
1.394930
1.133423
1.133423
1.071286
1.071286
1.066490
1.066490
1.398699
1.398699
1.302854
1.302854
1.190159
1.190159
1.347433
1.347433
1.398344
1.398344
1.287575
1.287575
1.027374
1.027374
1.317849
1.317849
1.262197
1.262197
1.224503
1.224503
1.393777
1.393777
1.326840
1.326840
1.310527
1.310527
1.334339
1.334339
1.376707
1.376707
1.248156
1.248156
1.388416
1.388416
1.285876
1.285876
1.047675
1.047675
1.318690
1.318690
1.349998
1.349998
1.132014
1.132014
1.267214
1.267214
1.324267
1.324267
1.307492
1.307492
1.260154
1.260154
1.089900
1.089900
1.325491
1.325491
1.257835
1.257835
1.247367
1.247367
1.337925
1.337925
1.296189
1.296189
1.296319
1.296319
1.252846
1.252846
1.105228
1.105228
1.169966
1.169966
1.389658
1.389658
1.276968
1.276968
1.355336
1.355336
1.293550
1.293550
1.324056
1.324056
1.354983
1.354983
1.346137
1.346137
1.290890
1.290890
1.266513
1.266513
1.237924
1.237924
1.130209
1.130209
1.322063
1.322063
1.209501
1.209501
1.351350
1.351350
1.231647
1.231647
1.270371
1.270371
1.386384
1.386384
1.212414
1.212414
1.356404
1.356404
1.349154
1.349154
1.242323
1.242323
1.338578
1.338578
1.149304
1.149304
1.380114
1.380114
1.307073
1.307073
1.278775
1.278775
1.308756
1.308756
1.309548
1.309548
1.297435
1.297435
1.309916
1.309916
1.387008
1.387008
1.095723
1.095723
1.117768
1.117768
1.120599
1.120599
1.249075
1.249075
1.219128
1.219128
1.147783
1.147783
1.367950
1.367950
1.333867
1.333867
1.341780
1.341780
1.302779
1.302779
1.136200
1.136200
1.312958
1.312958
1.381631
1.381631
1.374905
1.374905
1.392006
1.392006
1.332563
1.332563
1.246790
1.246790
1.388364
1.388364
1.386528
1.386528
1.397442
1.397442
1.243364
1.243364
1.312013
1.312013
1.323600
1.323600
1.304178
1.304178
1.395264
1.395264
1.278799
1.278799
1.167742
1.167742
1.163801
1.163801
1.303381
1.303381
1.388229
1.388229
1.288732
1.288732
1.073427
1.073427
1.367582
1.367582
1.103082
1.103082
1.347445
1.347445
1.396089
1.396089
1.164014
1.164014
1.046563
1.046563
1.190413
1.190413
1.392358
1.392358
1.278266
1.278266
1.347833
1.347833
1.258460
1.258460
1.113204
1.113204
1.214124
1.214124
1.116532
1.116532
1.317969
1.317969
1.167166
1.167166
1.289912
1.289912
1.313046
1.313046
1.379158
1.379158
1.322719
1.322719
1.329661
1.329661
1.243790
1.243790
1.313566
1.313566
1.223981
1.223981
1.233179
1.233179
1.265583
1.265583
1.047482
1.047482
1.210241
1.210241
1.194685
1.194685
1.052273
1.052273
1.135122
1.135122
1.332356
1.332356
1.379503
1.379503
1.162131
1.162131
1.338273
1.338273
1.176972
1.176972
1.379663
1.379663
1.150698
1.150698
1.101541
1.101541
1.294921
1.294921
1.279751
1.279751
1.230957
1.230957
1.391385
1.391385
1.189170
1.189170
1.181794
1.181794
1.336293
1.336293
1.186219
1.186219
1.330021
1.330021
1.366528
1.366528
1.318125
1.318125
1.047502
1.047502
1.276391
1.276391
1.356135
1.356135
1.016074
1.016074
1.099817
1.099817
1.252558
1.252558
1.262775
1.262775
1.340952
1.340952
1.395457
1.395457
1.253874
1.253874
1.318755
1.318755
1.280765
1.280765
1.377159
1.377159
1.386870
1.386870
1.175906
1.175906
1.383834
1.383834
1.389330
1.389330
1.378245
1.378245
1.394258
1.394258
1.360391
1.360391
1.244697
1.244697
1.258827
1.258827
1.292905
1.292905
1.375585
1.375585
1.335825
1.335825
1.054985
1.054985
1.322160
1.322160
