1.381171
1.381171
1.353288
1.353288
1.184117
1.184117
1.360970
1.360970
1.358710
1.358710
1.349297
1.349297
1.284518
1.284518
1.293048
1.293048
1.339085
1.339085
1.344014
1.344014
1.350038
1.350038
1.212199
1.212199
1.324679
1.324679
1.145927
1.145927
1.367114
1.367114
1.304751
1.304751
1.219773
1.219773
1.334366
1.334366
1.183391
1.183391
1.338414
1.338414
1.360044
1.360044
1.318437
1.318437
1.366291
1.366291
1.104930
1.104930
1.370280
1.370280
1.291114
1.291114
1.304923
1.304923
1.173302
1.173302
1.249934
1.249934
1.347131
1.349383
1.347131
1.349383
1.398336
1.398336
1.251095
1.251095
1.344948
1.344948
1.151520
1.151520
1.371124
1.371124
1.375326
1.375326
1.293540
1.293540
1.111072
1.111072
1.195100
1.195100
1.324115
1.324115
1.040699
1.040699
1.355910
1.355910
1.249705
1.249705
1.381066
1.381066
1.096502
1.096502
1.365356
1.070214
1.070214
1.365356
1.107555
1.107555
1.309730
1.309730
1.299786
1.299786
1.399656
1.399656
1.381927
1.381927
1.224851
1.224851
1.015135
1.015135
1.333627
1.333627
1.160568
1.160568
1.383867
1.383867
1.332775
1.332775
1.324242
1.324242
1.348972
1.348972
1.290305
1.290305
1.369582
1.369582
1.048351
1.048351
1.118576
1.118576
1.327191
1.327191
1.294037
1.294037
1.396327
1.396327
1.328501
1.328501
1.352176
1.352176
1.240842
1.240842
1.332450
1.332450
1.298176
1.298176
1.320782
1.320782
1.216216
1.216216
1.343937
1.343937
1.228091
1.228091
1.229718
1.229718
1.375630
1.375630
1.346401
1.346401
1.212176
1.212176
1.214029
1.214029
1.302509
1.302509
1.336194
1.336194
1.217367
1.217367
1.381316
1.381316
1.294013
1.294013
1.363449
1.363449
1.100072
1.100072
1.288760
1.288760
1.265883
1.265883
1.332392
1.332392
1.236657
1.236657
1.271079
1.271079
1.163582
1.163582
1.382811
1.382811
1.362609
1.202530
1.202530
1.362609
1.159344
1.159344
1.293623
1.293623
1.399115
1.399115
1.268619
1.268619
1.308238
1.375503
1.375503
1.308238
1.242233
1.242233
1.088675
1.088675
1.364198
1.364198
1.381448
1.381448
1.323974
1.323974
1.345407
1.345407
1.290618
1.290618
1.342564
1.342564
1.343683
1.343683
1.335375
1.335375
1.062675
1.062675
1.288252
1.288252
1.399297
1.399297
1.348131
1.348131
1.343734
1.343734
1.270229
1.270229
1.391982
1.391982
1.168292
1.168292
1.151927
1.151927
1.398360
1.398360
1.395546
1.395546
1.390084
1.390084
1.250934
1.250934
1.337302
1.337302
1.197732
1.197732
1.315553
1.315553
1.322508
1.322508
1.298397
1.298397
1.328556
1.328556
1.205503
1.205503
1.359689
1.359689
1.387515
1.387515
1.377339
1.377339
1.294060
1.294060
1.232894
1.232894
1.344121
1.344121
1.164184
1.164184
1.224514
1.224514
1.268888
1.268888
1.177564
1.177564
1.358228
1.358228
1.373214
1.373214
1.251923
1.251923
1.290628
1.290628
1.212411
1.212411
1.171499
1.171499
1.292459
1.292459
1.255307
1.255307
1.149214
1.149214
1.330438
1.330438
1.398695
1.398695
1.226672
1.226672
1.065708
1.065708
1.350670
1.350670
1.393803
1.393803
1.385729
1.385729
1.250035
1.250035
1.210683
1.210683
1.304928
1.304928
1.340117
1.340117
1.393272
1.393272
1.325483
1.325483
1.230767
1.230767
1.365267
1.365267
1.255909
1.255909
1.386717
1.386717
1.211499
1.211499
1.194482
1.194482
1.327008
1.327008
1.387906
1.387906
1.026325
1.026325
1.214924
1.214924
1.275263
1.275263
1.168214
1.168214
1.214382
1.214382
1.179447
1.179447
1.144188
1.144188
1.339697
1.339697
1.030563
1.030563
1.197876
1.197876
