1.172468
1.172468
1.259477
1.259477
1.369120
1.369120
1.347714
1.347714
1.349254
1.349254
1.378673
1.378673
1.273763
1.273763
1.257194
1.257194
1.214772
1.214772
1.184905
1.184905
1.377054
1.377054
1.058608
1.058608
1.224849
1.224849
1.149794
1.149794
1.339424
1.339424
1.360041
1.360041
1.362136
1.362136
1.288718
1.288718
1.166578
1.166578
1.323929
1.323929
1.276888
1.276888
1.381168
1.381168
1.156563
1.156563
1.388446
1.388446
1.378586
1.378586
1.175628
1.175628
1.397302
1.397302
1.376450
1.376450
1.353627
1.353627
1.326831
1.326831
1.194833
1.388937
1.388937
1.194833
1.232859
1.232859
1.261904
1.261904
1.391685
1.391685
1.386292
1.386292
1.270660
1.270660
1.204270
1.204270
1.304155
1.304155
1.363812
1.363812
1.375157
1.375157
1.389685
1.389685
1.152547
1.152547
1.214042
1.214042
1.264254
1.264254
1.361304
1.361304
1.306986
1.306986
1.385968
1.385968
1.173761
1.173761
1.251694
1.251694
1.043400
1.043400
1.358682
1.358682
1.355367
1.355367
1.304027
1.304027
1.344040
1.344040
1.278627
1.278627
1.369454
1.334955
1.369454
1.334955
1.282916
1.282916
1.319118
1.319118
1.309854
1.309854
1.223853
1.223853
1.156306
1.156306
1.206632
1.206632
1.351465
1.351465
1.151933
1.151933
1.228413
1.228413
1.189553
1.189553
1.129017
1.129017
1.385781
1.385781
1.312815
1.312815
1.132975
1.132975
1.180782
1.180782
1.215813
1.215813
1.308896
1.308896
1.227607
1.227607
1.251796
1.251796
1.269398
1.269398
1.119577
1.119577
1.388057
1.388057
1.294117
1.294117
1.397299
1.397299
1.061688
1.061688
1.055521
1.055521
1.274102
1.274102
1.325476
1.325476
1.377043
1.377043
1.334156
1.334156
1.326822
1.257091
1.257091
1.326822
1.268591
1.268591
1.359049
1.359049
1.367312
1.367312
1.354195
1.354195
1.301592
1.301592
1.231901
1.231901
1.233082
1.233082
1.162435
1.386213
1.162435
1.386213
1.226714
1.226714
1.190192
1.190192
1.231100
1.231100
1.296664
1.296664
1.317986
1.317986
1.181588
1.181588
1.325887
1.325887
1.385666
1.385666
1.249556
1.249556
1.315838
1.315838
1.376133
1.376133
1.084967
1.084967
1.368451
1.368451
1.240952
1.240952
1.245077
1.245077
1.307774
1.307774
1.222499
1.222499
1.278877
1.278877
1.143714
1.143714
1.121273
1.121273
1.102611
1.102611
1.135323
1.135323
1.352507
1.352507
1.350701
1.350701
1.212189
1.212189
1.291005
1.291005
1.198796
1.198796
1.391864
1.391864
1.285016
1.285016
1.344740
1.344740
1.059444
1.059444
1.253211
1.253211
1.126480
1.126480
1.376220
1.376220
1.359125
1.359125
1.274512
1.274512
1.375881
1.316380
1.375881
1.316380
1.349753
1.349753
1.069625
1.069625
1.361497
1.361497
1.296946
1.296946
1.307785
1.307785
1.229134
1.229134
1.318315
1.318315
1.354500
1.354500
1.203393
1.203393
1.399326
1.399326
1.334037
1.334037
1.376825
1.376825
1.386779
1.386779
1.290756
1.290756
1.268376
1.268376
1.305665
1.305665
1.265219
1.265219
1.315420
1.315420
1.388517
1.388517
1.177077
1.177077
1.313487
1.313487
1.157646
1.157646
1.340897
1.340897
1.216271
1.216271
1.329664
1.329664
1.329397
1.329397
1.330719
1.330719
1.243097
1.243097
1.390578
1.390578
1.375879
1.375879
1.394676
1.394676
1.350889
1.350889
1.103695
1.103695
1.289503
1.289503
1.257377
1.257377
1.208725
1.208725
1.386046
1.386046
1.357339
1.357339
1.377970
1.377970
1.390011
1.390011
1.229855
1.229855
1.328443
1.328443
1.360999
1.360999
1.366373
1.366373
1.388160
1.388160
1.138978
1.138978
1.373137
1.373137
1.238101
1.238101
1.320322
1.320322
1.277863
1.277863
1.362703
1.362703
1.278961
1.278961
1.285014
1.285014
1.242831
1.242831
1.364768
1.364768
1.347426
1.347426
1.394883
1.394883
1.216864
1.216864
1.021634
1.021634
1.330584
1.330584
1.316233
1.316233
1.371024
1.371024
1.300519
1.300519
1.388733
1.388733
1.094306
1.094306
1.238811
1.238811
1.299437
1.299437
1.120225
1.120225
1.368907
1.368907
1.291623
1.291623
1.131211
1.131211
1.190601
1.190601
1.336939
1.336939
1.269429
1.269429
1.310574
1.310574
1.361536
1.361536
1.329360
1.329360
1.212125
1.212125
1.243462
1.243462
1.269191
1.269191
1.329058
1.329058
1.248523
1.248523
1.288641
1.288641
