1.224898
1.224898
1.390473
1.390027
1.390027
1.390473
1.163016
1.163016
1.189639
1.189639
1.363053
1.363053
1.156985
1.156985
1.305037
1.305037
1.376232
1.376232
1.297368
1.297368
1.314536
1.314536
1.102744
1.102744
1.208030
1.208030
1.351332
1.351332
1.339054
1.339054
1.316939
1.316939
1.162613
1.162613
1.387789
1.387789
1.336048
1.336048
1.361487
1.361487
1.150944
1.150944
1.370611
1.370611
1.120585
1.120585
1.383739
1.383739
1.212447
1.212447
1.121493
1.121493
1.339538
1.339538
1.370123
1.343651
1.370123
1.343651
1.386815
1.386815
1.278872
1.278872
1.394258
1.394258
1.317550
1.317550
1.326728
1.326728
1.341814
1.341814
1.129210
1.129210
1.229224
1.229224
1.109734
1.109734
1.383255
1.383255
1.185205
1.185205
1.361765
1.361765
1.177400
1.177400
1.131524
1.131524
1.293875
1.293875
1.169468
1.169468
1.314173
1.314173
1.365845
1.393906
1.365845
1.393906
1.209583
1.209583
1.366331
1.366331
1.237187
1.237187
1.312910
1.312910
1.183697
1.233864
1.183697
1.233864
1.167580
1.167580
1.138145
1.138145
1.242588
1.242588
1.150812
1.150812
1.185421
1.185421
1.360677
1.360677
1.210579
1.210579
1.397724
1.397724
1.279619
1.279619
1.281676
1.281676
1.127166
1.127166
1.368823
1.368823
1.396863
1.396863
1.080818
1.080818
1.302511
1.302511
1.261222
1.261222
1.389056
1.389056
1.057361
1.057361
1.285536
1.285536
1.328081
1.328081
1.294622
1.294622
1.188938
1.188938
1.384329
1.384329
1.223720
1.223720
1.144273
1.144273
1.312149
1.312149
1.313090
1.313090
1.301722
1.301722
1.318977
1.318977
1.330078
1.330078
1.387338
1.387338
1.124321
1.124321
1.353675
1.353675
1.335872
1.335872
1.330261
1.330261
1.326019
1.326019
1.368547
1.368547
1.188939
1.188939
1.298683
1.298683
1.397755
1.397755
1.361714
1.361714
1.322846
1.322846
1.168414
1.287793
1.168414
1.287793
1.150667
1.150667
1.112578
1.112578
1.349897
1.349897
1.262751
1.262751
1.330925
1.330925
1.346497
1.346497
1.390713
1.390713
1.345965
1.345965
1.256375
1.256375
1.302669
1.302669
1.188761
1.188761
1.283310
1.283310
1.364262
1.364262
1.260535
1.260535
1.237343
1.237343
1.148919
1.148919
1.266734
1.266734
1.357523
1.357523
1.300402
1.300402
1.190661
1.190661
1.362680
1.362680
1.232677
1.232677
1.317927
1.317927
1.337572
1.337572
1.269805
1.269805
1.379058
1.379058
1.137991
1.137991
1.213393
1.213393
1.376121
1.376121
1.299444
1.299444
1.143849
1.143849
1.112300
1.112300
1.208719
1.208719
1.251901
1.251901
1.398574
1.390390
1.390390
1.398574
1.310480
1.310480
1.374358
1.374358
1.339296
1.339296
1.177952
1.177952
1.321937
1.321937
1.188145
1.188145
1.352845
1.352845
1.310319
1.310319
1.349532
1.349532
1.276662
1.276662
1.355842
1.355842
1.379436
1.379436
1.268135
1.268135
1.197474
1.197474
1.254778
1.254778
1.222014
1.222014
1.096162
1.096162
1.332584
1.332584
1.368612
1.368612
1.380816
1.380816
1.082540
1.082540
1.381266
1.381266
1.252155
1.252155
1.242214
1.242214
1.399954
1.399954
1.319299
1.319299
1.318946
1.318946
1.294246
1.294246
1.292212
1.292212
1.359202
1.359202
1.234243
1.234243
1.373899
1.373899
1.266691
1.266691
1.340498
1.340498
1.269194
1.269194
1.377831
1.377831
1.308580
1.308580
1.252351
1.252351
1.352052
1.352052
1.390315
1.390315
1.318534
1.318534
1.280425
1.280425
1.298093
1.233977
1.233977
1.298093
1.388656
1.388656
1.262600
1.262600
1.277308
1.277308
1.355942
1.355942
