1.295109
1.295109
1.369877
1.369877
1.310547
1.310547
1.363321
1.363321
1.222262
1.222262
1.360717
1.360717
1.377327
1.377327
1.321069
1.321069
1.313212
1.313212
1.384175
1.314384
1.384175
1.314384
1.389928
1.389928
1.277147
1.277147
1.127295
1.127295
1.208580
1.208580
1.113103
1.113103
1.035582
1.035582
1.260856
1.260856
1.221619
1.221619
1.201641
1.201641
1.285072
1.327515
1.285072
1.327515
1.365692
1.365692
1.328531
1.328531
1.126136
1.126136
1.376890
1.376890
1.304091
1.304091
1.365509
1.365509
1.034604
1.034604
1.222283
1.222283
1.303089
1.303089
1.380475
1.380475
1.215665
1.215665
1.305746
1.305746
1.386904
1.386904
1.393366
1.393366
1.385004
1.385004
1.369628
1.369628
1.056949
1.056949
1.194701
1.194701
1.296956
1.296956
1.248229
1.248229
1.350361
1.350361
1.301706
1.301706
1.246909
1.246909
1.184738
1.184738
1.326817
1.326817
1.225702
1.225702
1.109296
1.109296
1.270414
1.270414
1.363298
1.363298
1.258098
1.258098
1.359471
1.359471
1.369142
1.369142
1.240462
1.240462
1.386580
1.386580
1.071497
1.071497
1.376660
1.376660
1.290177
1.290177
1.388198
1.388198
1.371385
1.371385
1.320527
1.320527
1.358069
1.358069
1.256231
1.256231
1.302797
1.302797
1.358319
1.358319
1.339236
1.339236
1.341652
1.341652
1.335694
1.335694
1.335783
1.335783
1.119312
1.119312
1.324688
1.324688
1.293600
1.293600
1.328800
1.328800
1.361777
1.361777
1.399850
1.399850
1.273906
1.273906
1.399113
1.399113
1.216117
1.216117
1.262422
1.262422
1.186305
1.186305
1.305111
1.305111
1.122655
1.122655
1.395224
1.395224
1.213633
1.213633
1.344409
1.344409
1.287787
1.287787
1.212248
1.212248
1.134681
1.134681
1.360348
1.360348
1.392233
1.392233
1.269814
1.269814
1.382672
1.382672
1.399083
1.399083
1.241070
1.241070
1.179144
1.179144
1.202768
1.202768
1.398266
1.398266
1.313300
1.313300
1.232228
1.232228
1.271731
1.271731
1.371384
1.371384
1.251007
1.251007
1.263480
1.263480
1.397541
1.397541
1.198927
1.198927
1.333542
1.333542
1.313352
1.313352
1.349367
1.349367
1.153479
1.153479
1.379736
1.379736
1.366984
1.366984
1.242899
1.242899
1.087464
1.087464
1.341627
1.341627
1.279930
1.279930
1.263827
1.263827
1.347357
1.347357
1.363119
1.363119
1.272011
1.272011
1.199734
1.199734
1.348779
1.348779
1.266908
1.266908
1.312461
1.312461
1.356513
1.356513
1.254132
1.254132
1.211301
1.211301
1.327183
1.327183
1.395606
1.395606
1.294563
1.294563
1.395380
1.395380
1.054738
1.054738
1.158237
1.158237
1.332732
1.332732
1.252666
1.252666
1.263452
1.263452
1.318659
1.318659
1.394958
1.394958
1.251514
1.251514
1.270186
1.270186
1.284050
1.284050
1.306098
1.306098
1.319546
1.319546
1.366648
1.366648
1.112700
1.112700
1.317610
1.317610
1.138678
1.138678
1.369937
1.369937
1.382118
1.382118
1.380757
1.380757
1.228501
1.228501
1.311851
1.311851
1.322011
1.322011
1.128765
1.128765
1.306052
1.306052
1.309742
1.309742
1.177142
1.177142
1.348005
1.348005
1.211428
1.211428
1.340466
1.340466
1.337614
1.337614
1.395244
1.395244
1.040939
1.040939
1.399047
1.399047
1.368437
1.368437
1.377191
1.377191
1.339628
1.339628
1.322724
1.322724
1.305236
1.305236
1.398581
1.398581
1.309466
1.309466
1.260445
1.260445
1.387124
1.387124
1.063108
1.063108
1.213135
1.213135
1.222120
1.222120
1.319378
1.319378
1.389621
1.389621
1.106079
1.106079
1.226617
1.226617
1.357531
1.357531
1.268562
1.268562
1.140558
1.140558
1.304265
1.304265
1.091874
1.091874
1.332941
1.332941
1.350392
1.350392
1.385914
1.385914
1.146401
1.146401
1.395600
1.395600
1.372182
1.372182
