1.346754
1.346754
1.261738
1.261738
1.256645
1.256645
1.346069
1.346069
1.238174
1.238174
1.216092
1.216092
1.354467
1.344628
1.344628
1.354467
1.361427
1.361427
1.197647
1.197647
1.231772
1.231772
1.071903
1.071903
1.371207
1.371207
1.151633
1.151633
1.065599
1.065599
1.257876
1.257876
1.363956
1.363956
1.230280
1.230280
1.255630
1.255630
1.257630
1.257630
1.391370
1.391370
1.282878
1.282878
1.179803
1.179803
1.305615
1.305615
1.322679
1.322679
1.259379
1.259379
1.121624
1.121624
1.373885
1.373885
1.247074
1.247074
1.246138
1.246138
1.237800
1.237800
1.163893
1.163893
1.235877
1.235877
1.360107
1.360107
1.245041
1.245041
1.386792
1.386792
1.289033
1.289033
1.360082
1.360082
1.367635
1.367635
1.323592
1.323592
1.077011
1.077011
1.221936
1.221936
1.349567
1.349567
1.118056
1.118056
1.380376
1.380376
1.192491
1.192491
1.354136
1.354136
1.078987
1.078987
1.329262
1.329262
1.397958
1.397958
1.286750
1.286750
1.369249
1.369249
1.398201
1.398201
1.236313
1.236313
1.092907
1.092907
1.167058
1.167058
1.304667
1.304667
1.101604
1.101604
1.289406
1.289406
1.159058
1.159058
1.397528
1.397528
1.292174
1.292174
1.187944
1.187944
1.073154
1.073154
1.147125
1.147125
1.332574
1.332574
1.286584
1.286584
1.391955
1.391955
1.258912
1.258912
1.359830
1.359830
1.396949
1.396949
1.261574
1.261574
1.369730
1.369730
1.381316
1.381316
1.207744
1.207744
1.272186
1.272186
1.244778
1.244778
1.155451
1.318003
1.155451
1.318003
1.385521
1.385521
1.243977
1.243977
1.296777
1.296777
1.386553
1.386553
1.114278
1.114278
1.380477
1.380477
1.386842
1.386842
1.359872
1.359872
1.316944
1.316944
1.159680
1.159680
1.280346
1.280346
1.314102
1.314102
1.346003
1.346003
1.170619
1.170619
1.268293
1.268293
1.345465
1.345465
1.360805
1.360805
1.392141
1.392141
1.368288
1.368288
1.396399
1.396399
1.365547
1.365547
1.345123
1.345123
1.366819
1.366819
1.358874
1.358874
1.349347
1.349347
1.385391
1.385391
1.398819
1.398819
1.200059
1.200059
1.315123
1.315123
1.065581
1.065581
1.293694
1.293694
1.249630
1.249630
1.152855
1.152855
1.390744
1.390744
1.140791
1.140791
1.174241
1.174241
1.133674
1.133674
1.052156
1.052156
1.230645
1.230645
1.313046
1.313046
1.396419
1.396419
1.167514
1.167514
1.280743
1.280743
1.130960
1.130960
1.191845
1.191845
1.260159
1.260159
1.373844
1.373844
1.308453
1.308453
1.041415
1.041415
1.271683
1.271683
1.220400
1.220400
1.367262
1.367262
1.146686
1.146686
1.213620
1.213620
1.375324
1.375324
1.310410
1.310410
1.247454
1.247454
1.121374
1.121374
1.225112
1.225112
