1.347552
1.347552
1.166802
1.166802
1.377535
1.377535
1.312326
1.312326
1.220453
1.220453
1.382786
1.382786
1.155937
1.155937
1.382821
1.382821
1.216111
1.199773
1.199773
1.216111
1.228702
1.228702
1.395511
1.395511
1.397156
1.393773
1.393773
1.397156
1.056806
1.056806
1.285125
1.285125
1.144255
1.144255
1.293014
1.293014
1.232773
1.232773
1.234429
1.234429
1.245197
1.245197
1.299332
1.299332
1.111326
1.111326
1.283174
1.283174
1.086504
1.086504
1.164210
1.164210
1.090075
1.090075
1.199130
1.199130
1.387203
1.387203
1.348840
1.348840
1.088732
1.088732
1.197065
1.197065
1.144220
1.144220
1.383178
1.383178
1.179723
1.179723
1.393313
1.393313
1.093754
1.093754
1.269108
1.269108
1.127187
1.127187
1.084308
1.084308
1.388919
1.388919
1.394889
1.394889
1.221452
1.221452
1.396380
1.396380
1.279309
1.279309
1.255569
1.255569
1.199142
1.199142
1.062588
1.062588
1.170700
1.170700
1.173517
1.173517
1.305524
1.305524
1.330557
1.330557
1.389414
1.389414
1.383133
1.383133
1.194372
1.194372
1.213186
1.213186
1.363518
1.363518
1.352223
1.352223
1.363025
1.329027
1.363025
1.329027
1.322720
1.322720
1.362724
1.362724
1.376271
1.376271
1.379108
1.379108
1.395860
1.395860
1.309912
1.309912
1.136003
1.136003
1.264560
1.264560
1.266779
1.266779
1.294885
1.294885
1.247424
1.247424
1.378300
1.378300
1.392560
1.392560
1.267677
1.267677
1.309867
1.309867
1.352561
1.352561
1.368921
1.368921
1.329047
1.329047
1.391992
1.391992
1.364806
1.364806
1.139445
1.139445
1.167080
1.167080
1.385967
1.385967
1.236509
1.236509
1.124712
1.124712
1.396845
1.396845
1.380304
1.380304
1.356077
1.356077
1.257699
1.257699
1.147681
1.147681
1.270269
1.270269
1.382267
1.382267
1.382668
1.382668
1.368060
1.368060
1.255988
1.255988
1.219121
1.219121
1.261715
1.334975
1.334975
1.261715
1.227853
1.227853
1.363774
1.363774
1.185005
1.185005
1.363864
1.363864
1.113785
1.113785
1.217875
1.217875
1.206330
1.206330
1.306233
1.306233
1.142849
1.142849
1.362289
1.362289
1.361395
1.361395
1.265214
1.265214
1.328426
1.328426
1.311838
1.311838
1.275188
1.275188
1.127875
1.127875
1.007381
1.007381
1.291798
1.291798
1.300463
1.300463
1.366852
1.366852
1.109246
1.109246
1.364679
1.364679
1.375639
1.375639
1.230375
1.230375
1.267353
1.267353
1.348817
1.348817
1.315059
1.315059
1.214345
1.214345
1.075063
1.075063
1.316062
1.316062
1.355092
1.355092
1.242431
1.242431
1.352303
1.352303
1.096935
1.096935
1.379368
1.379368
1.372147
1.372147
1.360880
1.360880
1.341020
1.341020
1.168114
1.168114
1.118996
1.118996
1.397869
1.397869
1.224106
1.224106
1.189776
1.189776
1.038679
1.038679
1.375265
1.375265
1.200393
1.200393
1.295609
1.295609
1.340959
1.340959
1.393750
1.393750
1.380901
1.380901
1.382040
1.382040
1.397471
1.397471
1.187974
1.187974
1.366009
1.366009
1.257016
1.257016
1.305897
1.305897
1.397905
1.397905
1.246343
1.246343
1.364497
1.364497
1.241437
1.241437
1.363514
1.363514
