1.214802
1.214802
1.372523
1.372523
1.216210
1.216210
1.395625
1.395625
1.324680
1.324680
1.339188
1.339188
1.265381
1.265381
1.318861
1.318861
1.179015
1.179015
1.170963
1.170963
1.303962
1.303962
1.338463
1.338463
1.123202
1.123202
1.143335
1.143335
1.297364
1.297364
1.275624
1.275624
1.393478
1.393478
1.329428
1.329428
1.201386
1.201386
1.334831
1.334831
1.256621
1.256621
1.351607
1.351607
1.346602
1.346602
1.142995
1.142995
1.393507
1.393507
1.067498
1.067498
1.199591
1.199591
1.392301
1.392301
1.189614
1.363584
1.363584
1.189614
1.112211
1.112211
1.162361
1.162361
1.155075
1.155075
1.340127
1.340127
1.130679
1.130679
1.096572
1.096572
1.055231
1.055231
1.284142
1.284142
1.123128
1.123128
1.305589
1.305589
1.353009
1.353009
1.376394
1.376394
1.279579
1.279579
1.262446
1.262446
1.339926
1.339926
1.262634
1.262634
1.328440
1.328440
1.370269
1.370269
1.353756
1.353756
1.347420
1.347420
1.228334
1.228334
1.118511
1.118511
1.216393
1.216393
1.349839
1.349839
1.268191
1.268191
1.284581
1.284581
1.393298
1.393298
1.311089
1.311089
1.085290
1.085290
1.197445
1.197445
1.170016
1.170016
1.220930
1.220930
1.264247
1.264247
1.326906
1.326906
1.370339
1.370339
1.216162
1.216162
1.280580
1.280580
1.152664
1.152664
1.359204
1.359204
1.331025
1.331025
1.391833
1.391833
1.141656
1.141656
1.340592
1.340592
1.129569
1.129569
1.391035
1.261918
1.261918
1.391035
1.297243
1.297243
1.377414
1.377414
1.134687
1.134687
1.104532
1.104532
1.282669
1.282669
1.140763
1.140763
1.323888
1.323888
1.269253
1.269253
1.327154
1.327154
1.118533
1.118533
1.156635
1.156635
1.387031
1.387031
1.060650
1.060650
1.132213
1.132213
1.253097
1.253097
1.202910
1.202910
1.149605
1.149605
1.250668
1.250668
1.245130
1.245130
1.262823
1.262823
1.217946
1.217946
1.219860
1.330055
1.219860
1.330055
1.236045
1.236045
1.298088
1.298088
1.280283
1.280283
1.286895
1.286895
1.148865
1.148865
1.305390
1.305390
1.370911
1.370911
1.249914
1.249914
1.148802
1.148802
1.339145
1.339145
1.374141
1.374141
1.380292
1.380292
1.254996
1.254996
1.323683
1.323683
1.321232
1.321232
1.335709
1.335709
1.208813
1.208813
1.225095
1.225095
1.360528
1.360528
1.238105
1.238105
1.125167
1.125167
1.378409
1.378409
1.314811
1.314811
1.348038
1.348038
1.314236
1.314236
1.131209
1.131209
1.183653
1.183653
1.345696
1.345696
1.178057
1.178057
1.165517
1.165517
1.384486
1.384486
1.200833
1.200833
1.334891
1.334891
1.027329
1.027329
1.335502
1.335502
1.281436
1.281436
1.129886
1.129886
1.126099
1.126099
1.394434
1.394434
1.311283
1.311283
1.291450
1.291450
1.396527
1.396527
1.379227
1.379227
1.332652
1.332652
1.384087
1.384087
1.089988
1.089988
1.361767
1.361767
1.217049
1.217049
1.330117
1.330117
1.309637
1.309637
1.388753
1.388753
1.319694
1.319694
1.392993
1.392993
1.307017
1.307017
1.165700
1.165700
1.365717
1.365717
1.310224
1.310224
1.123068
1.123068
1.098394
1.098394
1.249693
1.249693
1.394824
1.394824
1.336130
1.336130
1.359390
1.359390
1.159902
1.159902
1.223632
1.223632
1.096776
1.096776
1.327258
1.327258
1.147347
1.147347
1.381052
1.381052
1.207600
1.207600
1.112645
1.112645
1.270702
1.270702
1.392125
1.392125
1.396836
1.396836
1.076707
1.076707
1.298203
1.298203
1.380133
1.380133
1.318811
1.318811
1.349270
1.349270
1.354631
1.248346
1.248346
1.354631
1.369250
1.369250
1.386269
1.386269
1.200398
1.200398
1.091323
1.091323
1.343512
1.343512
1.238806
1.238806
1.107586
1.107586
1.198999
1.198999
1.330629
1.330629
1.127497
1.127497
1.200291
1.200291
1.165627
1.165627
1.311228
1.311228
1.069779
1.069779
1.398310
1.398310
1.282599
1.282599
1.343339
1.343339
1.027891
1.027891
1.355737
1.355737
1.182736
1.182736
1.204206
1.204206
1.184772
1.184772
1.092172
1.092172
1.346675
1.346675
1.347859
1.347859
1.298129
1.298129
1.182547
1.182547
1.266988
1.266988
1.387376
1.387376
1.211106
1.211106
1.336577
1.336577
1.184056
1.184056
1.251172
1.251172
1.371922
1.371922
1.243086
1.243086
1.389687
1.389687
1.271007
1.271007
1.380389
1.380389
1.315529
1.315529
1.338670
1.338670
1.372349
1.372349
1.365305
1.365305
1.298243
1.298243
1.371934
1.371934
1.276236
1.276236
1.268920
1.268920
1.295666
1.295666
1.325782
1.325782
1.398075
1.398075
1.067895
1.067895
1.305034
1.305034
1.235797
1.235797
1.341370
1.341370
1.349986
1.349986
1.394673
1.394673
1.264254
1.264254
1.241123
1.241123
1.359915
1.359915
1.103540
1.280418
1.280418
1.103540
1.242972
1.242972
1.133407
1.133407
1.316663
1.316663
1.350892
1.350892
1.363721
1.363721
1.292948
1.292948
1.302266
1.302266
1.238762
1.238762
1.150279
1.150279
1.279627
1.279627
1.253601
1.253601
