1.120660
1.120660
1.061541
1.061541
1.162918
1.162918
1.396494
1.396494
1.348438
1.348438
1.210141
1.210141
1.185660
1.185660
1.305256
1.305256
1.186376
1.186376
1.328085
1.328085
1.390776
1.390776
1.262632
1.262632
1.005606
1.005606
1.310103
1.310103
1.339475
1.339475
1.318902
1.318902
1.103178
1.103178
1.180883
1.180883
1.389171
1.389171
1.302256
1.302256
1.307260
1.307260
1.304870
1.304870
1.230848
1.312112
1.312112
1.230848
1.369024
1.369024
1.223239
1.223239
1.399223
1.399223
1.268432
1.268432
1.318198
1.318198
1.357454
1.357454
1.213961
1.213961
1.277685
1.277685
1.270367
1.270367
1.367471
1.367471
1.207278
1.207278
1.265341
1.328257
1.265341
1.328257
1.390170
1.390170
1.250416
1.250416
1.119597
1.119597
1.358163
1.358163
1.176542
1.176542
1.383674
1.383674
1.204070
1.204070
1.271671
1.271671
1.327097
1.327097
1.319989
1.319989
1.219091
1.219091
1.297418
1.297418
1.220173
1.220173
1.173086
1.173086
1.294180
1.294180
1.364049
1.364049
1.317587
1.362221
1.317587
1.362221
1.086813
1.086813
1.352583
1.352583
1.383881
1.383881
1.311827
1.311827
1.247523
1.247523
1.214295
1.214295
1.393432
1.393432
1.333663
1.333663
1.399110
1.399110
1.322207
1.322207
1.320958
1.320958
1.394086
1.394086
1.378489
1.378489
1.304212
1.304212
1.376056
1.376056
1.376642
1.376642
1.238465
1.238465
1.319889
1.319889
1.390868
1.390868
1.285139
1.285139
1.251646
1.251646
1.342566
1.342566
1.367351
1.364603
1.367351
1.364603
1.343648
1.343648
1.284435
1.284435
1.398402
1.398402
1.230298
1.230298
1.283334
1.283334
1.138986
1.138986
1.283293
1.283293
1.175793
1.175793
1.250424
1.250424
1.156136
1.156136
1.381019
1.381019
1.142379
1.142379
1.101434
1.101434
1.375667
1.375667
1.362552
1.362552
1.277292
1.277292
1.364842
1.312702
1.364842
1.312702
1.309787
1.309787
1.203311
1.203311
1.335268
1.335268
1.268959
1.268959
1.266063
1.266063
1.396383
1.396383
1.200669
1.200669
1.361732
1.303945
1.303945
1.361732
1.359760
1.359760
1.303733
1.303733
1.255399
1.255399
1.325158
1.325158
1.269635
1.269635
1.366013
1.366013
1.219275
1.219275
1.381072
1.381072
1.124954
1.124954
1.141831
1.141831
1.317990
1.317990
1.140609
1.140609
1.286844
1.286844
1.098504
1.098504
1.348222
1.348222
1.265190
1.265190
1.331689
1.331689
1.363640
1.363640
1.223731
1.223731
1.112141
1.112141
1.172050
1.172050
1.305309
1.305309
1.364188
1.364188
1.314341
1.314341
1.303456
1.303456
1.017447
1.017447
1.377260
1.377260
1.281652
1.281652
1.140499
1.140499
1.153070
1.153070
1.318337
1.318337
1.300456
1.300456
1.240999
1.240999
1.334295
1.334295
1.333010
1.333010
1.277583
1.277583
1.173767
1.173767
1.390131
1.390131
1.382200
1.382200
1.376209
1.376209
1.120345
1.120345
1.121874
1.121874
1.368345
1.368345
1.149924
1.149924
1.202350
1.202350
1.380119
1.380119
1.186777
1.186777
1.097978
1.097978
1.384588
1.384588
1.046705
1.046705
1.337168
1.337168
1.189212
1.189212
1.320610
1.320610
1.367021
1.367021
1.213103
1.213103
1.398094
1.398094
1.153373
1.153373
1.357289
1.357289
1.367899
1.367899
1.360157
1.360157
1.379791
1.379791
1.356615
1.356615
1.226414
1.226414
1.270110
1.270110
1.351454
1.351454
1.311457
1.311457
1.262851
1.262851
1.370203
1.370203
1.195571
1.195571
1.260732
1.260732
1.307429
1.307429
1.279460
1.279460
1.302947
1.302947
1.152189
1.152189
1.194738
1.194738
1.259758
1.259758
1.380622
1.380622
1.369909
1.369909
1.351596
1.351596
1.143522
1.143522
1.159307
1.159307
1.399214
1.399214
1.389287
1.389287
1.150242
1.150242
1.323995
1.323995
1.346532
1.346532
1.318629
1.318629
1.180732
1.180732
1.267522
1.267522
1.318762
1.318762
1.340217
1.340217
1.229735
1.229735
1.246830
1.246830
1.283168
1.283168
1.302951
1.302951
1.235871
1.235871
1.383528
1.383528
1.060597
1.060597
1.360990
1.360990
1.243901
1.243901
1.397371
1.397371
1.325986
1.325986
1.397463
1.397463
1.244266
1.244266
1.263432
1.263432
1.146137
1.146137
1.262032
1.262032
1.318950
1.318950
1.374233
1.374233
1.390031
1.390031
1.146631
1.146631
