1.394669
1.394669
1.333725
1.333725
1.361761
1.361761
1.148488
1.148488
1.314761
1.314761
1.275065
1.275065
1.224715
1.224715
1.306565
1.306565
1.323406
1.323406
1.353367
1.353367
1.391051
1.391051
1.271129
1.271129
1.371127
1.154283
1.371127
1.154283
1.394663
1.394663
1.205546
1.205546
1.340919
1.340919
1.292310
1.292310
1.301485
1.301485
1.397050
1.397050
1.378833
1.378833
1.226429
1.226429
1.147529
1.147529
1.257126
1.257126
1.390415
1.390415
1.343945
1.343945
1.371093
1.371093
1.284758
1.284758
1.297269
1.297269
1.215343
1.215343
1.357789
1.357789
1.395582
1.395582
1.380835
1.380835
1.272999
1.272999
1.390929
1.390929
1.352781
1.352781
1.374684
1.374684
1.137851
1.137851
1.196471
1.196471
1.374575
1.374575
1.315368
1.315368
1.274307
1.274307
1.290796
1.290796
1.322795
1.322795
1.330636
1.330636
1.114474
1.114474
1.375267
1.375267
1.234510
1.234510
1.261623
1.261623
1.336589
1.336589
1.351782
1.351782
1.333732
1.333732
1.145916
1.145916
1.368084
1.368084
1.351557
1.351557
1.357685
1.357685
1.080259
1.080259
1.246018
1.246018
1.176282
1.176282
1.352318
1.352318
1.201770
1.201770
1.379915
1.379915
1.397458
1.397458
1.326057
1.326057
1.101602
1.101602
1.312226
1.312226
1.116399
1.116399
1.040555
1.040555
1.272485
1.272485
1.312866
1.312866
1.328769
1.328769
1.309542
1.309542
1.095579
1.095579
1.355916
1.355916
1.147132
1.147132
1.377858
1.377858
1.394810
1.394810
1.359644
1.359644
1.201989
1.201989
1.309647
1.309647
1.358718
1.358718
1.364906
1.364906
1.291530
1.291530
1.327716
1.327716
1.354668
1.354668
1.371360
1.371360
1.248307
1.248307
1.127380
1.127380
1.270147
1.270147
1.310115
1.310115
1.267382
1.267382
1.312178
1.312178
1.315310
1.315310
1.263981
1.263981
1.301667
1.301667
1.362887
1.362887
1.285061
1.285061
1.310916
1.310916
1.195888
1.195888
1.183676
1.183676
1.257754
1.257754
1.184104
1.184104
1.302697
1.302697
1.313777
1.313777
1.214818
1.214818
1.387070
1.387070
1.298405
1.298405
1.200984
1.200984
1.314589
1.314589
1.241904
1.241904
1.164056
1.164056
1.317561
1.317561
1.160449
1.160449
1.319354
1.319354
1.336139
1.336139
1.180813
1.180813
1.249967
1.249967
1.279320
1.279320
1.304274
1.304274
1.137422
1.137422
1.392716
1.392716
1.251356
1.251356
1.351512
1.351512
1.392296
1.392296
1.245269
1.245269
1.379225
1.379225
1.165446
1.165446
1.040239
1.040239
1.236700
1.236700
1.327271
1.327271
1.272986
1.272986
1.216020
1.216020
1.231093
1.231093
1.309146
1.309146
1.360283
1.360283
1.252060
1.252060
1.339597
1.339597
1.385837
1.385837
1.224548
1.224548
1.360180
1.360180
1.369108
1.369108
1.118344
1.118344
1.308107
1.308107
1.152739
1.152739
1.318006
1.318006
1.309876
1.309876
1.329349
1.329349
1.283064
1.283064
1.399869
1.399869
1.315029
1.315029
1.310353
1.310353
1.336979
1.336979
1.299980
1.299980
1.332095
1.332095
1.361077
1.361077
1.335597
1.335597
1.162054
1.162054
1.232343
1.232343
1.393532
1.393532
1.381124
1.381124
1.350179
1.350179
1.108131
1.108131
1.197909
1.197909
1.304597
1.304597
1.268114
1.268114
1.303440
1.303440
1.280289
1.280289
1.274161
1.274161
1.256991
1.256991
1.375310
1.375310
1.145268
1.145268
1.354026
1.354026
1.258288
1.258288
1.270162
1.270162
1.362361
1.362361
1.325408
1.325408
1.231909
1.231909
1.239427
1.239427
1.366329
1.366329
1.298531
1.298531
1.372572
1.372572
1.252738
1.252738
1.290541
1.290541
1.178027
1.178027
1.202610
1.202610
1.246493
1.246493
1.361085
1.361085
1.091901
1.091901
1.160293
1.160293
1.170517
1.170517
1.240057
1.240057
1.092675
1.092675
1.316277
1.316277
1.362073
1.362073
1.327264
1.327264
1.086168
1.086168
1.106472
1.106472
1.291562
1.291562
1.387856
1.387856
1.206756
1.206756
1.288918
1.288918
1.365980
1.365980
1.250338
1.250338
