1.255403
1.255403
1.336888
1.336888
1.057548
1.057548
1.196254
1.196254
1.343946
1.343946
1.237638
1.237638
1.226487
1.226487
1.366766
1.366766
1.343271
1.343271
1.308620
1.308620
1.244859
1.244859
1.344315
1.246235
1.246235
1.344315
1.330805
1.330805
1.387745
1.387745
1.193949
1.193949
1.170859
1.170859
1.059458
1.059458
1.139828
1.139828
1.227954
1.227954
1.388810
1.388810
1.348485
1.348485
1.371189
1.371189
1.269387
1.269387
1.396993
1.396993
1.221093
1.221093
1.288552
1.288552
1.376763
1.376763
1.392313
1.392313
1.295748
1.295748
1.385038
1.385038
1.259529
1.259529
1.103236
1.103236
1.387988
1.387988
1.373510
1.373510
1.300824
1.300824
1.394565
1.394565
1.355905
1.355905
1.338490
1.338490
1.160187
1.160187
1.348078
1.348078
1.253880
1.253880
1.254535
1.254535
1.395683
1.395683
1.365851
1.365851
1.286184
1.286184
1.193304
1.193304
1.350480
1.350480
1.228908
1.228908
1.254165
1.254165
1.306826
1.306826
1.348499
1.348499
1.364541
1.364541
1.185171
1.185171
1.269162
1.269162
1.164534
1.164534
1.376044
1.376044
1.332690
1.332690
1.143385
1.143385
1.281333
1.281333
1.279258
1.374811
1.279258
1.374811
1.359575
1.359575
1.353623
1.353623
1.397437
1.397437
1.365607
1.365607
1.131260
1.131260
1.249772
1.249772
1.388429
1.388429
1.139153
1.139153
1.170131
1.170131
1.399874
1.399874
1.326365
1.326365
1.148572
1.148572
1.353720
1.353720
1.353029
1.353029
1.399409
1.399409
1.224834
1.224834
1.308805
1.308805
1.283270
1.283270
1.286585
1.286585
1.237632
1.237632
1.214164
1.214164
1.254116
1.254116
1.242898
1.242898
1.195427
1.195427
1.347516
1.347516
1.365780
1.365780
1.322167
1.322167
1.356097
1.356097
1.386536
1.386536
1.336001
1.336001
1.243495
1.243495
1.280043
1.280043
1.328640
1.328640
1.241826
1.241826
1.147594
1.147594
1.398742
1.398742
1.116201
1.116201
1.379260
1.379260
1.101470
1.101470
1.151248
1.151248
1.121229
1.121229
1.123332
1.123332
1.291039
1.291039
1.293274
1.293274
1.289737
1.289737
1.382040
1.382040
1.257076
1.257076
1.149267
1.149267
1.176413
1.176413
1.297571
1.297571
1.380115
1.380115
1.354867
1.354867
1.146447
1.146447
1.332761
1.332761
1.388052
1.388052
1.235419
1.235419
1.354091
1.354091
1.288000
1.288000
1.207592
1.207592
1.063921
1.063921
1.348291
1.348291
1.345045
1.345045
1.319979
1.319979
1.305672
1.305672
1.335991
1.335991
1.347305
1.347305
1.105167
1.105167
1.318921
1.318921
1.266318
1.266318
1.251880
1.251880
1.260068
1.260068
1.360959
1.360959
1.165142
1.165142
1.375483
1.375483
1.368034
1.368034
1.388618
1.388618
1.340008
1.340008
1.273243
1.273243
1.365653
1.365653
1.347521
1.347521
1.290250
1.290250
1.198592
1.198592
1.321254
1.321254
1.318890
1.318890
1.399716
1.399716
1.388236
1.388236
1.285449
1.285449
1.184827
1.184827
1.342645
1.342645
1.356567
1.356567
1.332277
1.332277
1.285039
1.285039
1.288645
1.288645
1.285240
1.285240
1.322573
1.322573
1.386119
1.386119
1.239330
1.239330
1.309683
1.309683
1.308584
1.308584
1.229215
1.229215
1.269927
1.269927
1.391354
1.391354
1.309380
1.309380
1.320620
1.320620
1.382509
1.382509
1.379596
1.379596
1.309628
1.309628
1.375092
1.375092
1.223049
1.223049
1.357036
1.357036
1.315600
1.315600
1.159494
1.159494
1.358998
1.358998
1.306381
1.306381
1.340058
1.340058
1.099032
1.099032
1.138595
1.138595
1.358847
1.358847
1.174507
1.174507
1.185636
1.185636
1.383457
1.383457
1.081938
1.081938
1.357552
1.357552
1.393313
1.393313
1.302505
1.302505
1.219084
1.219084
1.354631
1.354631
1.259223
1.259223
1.156482
1.156482
1.200655
1.200655
1.283650
1.283650
1.289447
1.289447
1.346451
1.346451
1.372808
1.372808
1.375750
1.375750
1.351114
1.351114
1.322848
1.322848
1.278691
1.278691
1.359653
1.359653
1.296300
1.296300
1.399075
1.399075
1.226336
1.226336
1.354618
1.354618
1.339772
1.339772
1.379257
1.379257
1.280053
1.280053
1.364868
1.364868
1.315849
1.315849
1.369603
1.369603
1.390017
1.390017
1.392322
1.392322
1.391100
1.391100
1.353047
1.353047
1.281758
1.281758
1.371165
1.371165
1.253949
1.253949
1.293546
1.293546
1.369357
1.369357
1.353013
1.353013
1.378665
1.378665
1.317584
1.317584
1.145685
1.145685
1.283237
1.283237
1.327949
1.327949
1.166099
1.166099
