1.333717
1.333717
1.397624
1.397624
1.229918
1.229918
1.256761
1.256761
1.293821
1.293821
1.212823
1.212823
1.361073
1.361073
1.322638
1.322638
1.313585
1.313585
1.381074
1.381074
1.384883
1.384883
1.296928
1.296928
1.284032
1.284032
1.363100
1.363100
1.337052
1.337052
1.090860
1.090860
1.284274
1.284274
1.213731
1.213731
1.161992
1.161992
1.142392
1.142392
1.378688
1.378688
1.293152
1.293152
1.365308
1.365308
1.311236
1.311236
1.344169
1.344169
1.390561
1.390561
1.204006
1.204006
1.197569
1.197569
1.360759
1.360759
1.135392
1.135392
1.384628
1.384628
1.388266
1.388266
1.204638
1.204638
1.344860
1.344860
1.085412
1.085412
1.252752
1.252752
1.230612
1.230612
1.398068
1.398068
1.362333
1.362333
1.315647
1.315647
1.346130
1.346130
1.346583
1.346583
1.079444
1.079444
1.339866
1.339866
1.265142
1.265142
1.291083
1.291083
1.287908
1.287908
1.113115
1.113115
1.021271
1.021271
1.206478
1.206478
1.292998
1.292998
1.387434
1.387434
1.312719
1.312719
1.272697
1.272697
1.389875
1.389875
1.268928
1.268928
1.217093
1.217093
1.326656
1.326656
1.166811
1.166811
1.322911
1.322911
1.380166
1.380166
1.377952
1.377952
1.110596
1.110596
1.154839
1.154839
1.190810
1.190810
1.363243
1.363243
1.398502
1.398502
1.386572
1.386572
1.352701
1.352701
1.181741
1.181741
1.203840
1.203840
1.142140
1.142140
1.363653
1.363653
1.381368
1.381368
1.072882
1.072882
1.391701
1.391701
1.333344
1.333344
1.195441
1.195441
1.371332
1.371332
1.395339
1.395339
1.365170
1.365170
1.337159
1.337159
1.320972
1.320972
1.072259
1.072259
1.280869
1.280869
1.257749
1.257749
1.376541
1.376541
1.161524
1.161524
1.399201
1.399201
1.270083
1.270083
1.257019
1.257019
1.306384
1.306384
1.294429
1.294429
1.239037
1.239037
