1.352468
1.352468
1.295363
1.295363
1.314831
1.314831
1.230810
1.230810
1.316435
1.316435
1.379550
1.379550
1.390157
1.390157
1.385678
1.385678
1.263028
1.263028
1.272411
1.272411
1.218353
1.218353
1.240827
1.240827
1.078509
1.078509
1.151770
1.151770
1.336209
1.336209
1.345403
1.345403
1.359618
1.359618
1.233373
1.233373
1.320437
1.320437
1.145492
1.145492
1.315149
1.315149
1.395987
1.395987
1.397622
1.397622
1.308819
1.308819
1.377828
1.377828
1.280243
1.280243
1.273588
1.273588
1.073001
1.073001
1.116040
1.116040
1.179254
1.179254
1.146818
1.146818
1.350620
1.350620
1.212878
1.212878
1.349877
1.349877
1.303352
1.303352
1.356132
1.356132
1.174819
1.174819
1.273822
1.273822
1.386517
1.386517
1.090205
1.090205
1.399149
1.399149
1.370742
1.370742
1.157383
1.157383
1.370082
1.370082
1.228680
1.228680
1.395182
1.395182
1.386941
1.386941
1.149212
1.149212
1.304722
1.304722
1.341844
1.341844
1.278234
1.278234
1.347060
1.347060
1.369898
1.369898
1.385870
1.385870
1.287620
1.287620
1.165978
1.165978
1.327890
1.327890
1.191703
1.191703
1.073591
1.073591
1.314390
1.314390
1.282894
1.282894
1.241585
1.241585
1.224679
1.224679
1.078543
1.078543
1.121780
1.121780
1.358839
1.358839
1.350751
1.350751
1.290156
1.290156
1.397116
1.397116
1.320097
1.320097
1.367789
1.367789
1.385620
1.385620
1.302462
1.302462
1.157452
1.157452
1.393301
1.393301
1.354897
1.354897
1.203056
1.203056
1.383661
1.383661
1.263421
1.263421
1.369536
1.369536
1.337519
1.337519
1.346732
1.346732
1.373426
1.373426
1.334317
1.334317
1.295369
1.295369
1.203112
1.203112
1.369131
1.369131
1.389277
1.389277
1.357571
1.357571
1.302435
1.302435
1.370412
1.370412
