1.323270
1.323270
1.189792
1.189792
1.182497
1.182497
1.388121
1.388121
1.293012
1.293012
1.343292
1.343292
1.358196
1.358196
1.150384
1.150384
1.374069
1.374069
1.374981
1.374981
1.377019
1.377019
1.390093
1.390093
1.191131
1.191131
1.330712
1.330712
1.170398
1.170398
1.386171
1.386171
1.309489
1.309489
1.130850
1.130850
1.361680
1.361680
1.388577
1.388577
1.286175
1.286175
1.127854
1.127854
1.354946
1.354946
1.370555
1.370555
1.057641
1.057641
1.098765
1.098765
1.264367
1.264367
1.386645
1.386645
1.134908
1.134908
1.397714
1.397714
1.304925
1.304925
1.054586
1.054586
1.241150
1.241150
1.298759
1.298759
1.374007
1.374007
1.283295
1.283295
1.378640
1.378640
1.201921
1.201921
1.290332
1.290332
1.364875
1.364875
1.290299
1.290299
1.182842
1.182842
1.353893
1.353893
1.363969
1.363969
1.382648
1.382648
1.323949
1.323949
1.381258
1.381258
1.340849
1.340849
1.319065
1.319065
1.386301
1.386301
1.310269
1.310269
1.096428
1.096428
1.378240
1.378240
1.368336
1.368336
1.353936
1.353936
1.337703
1.337703
1.305178
1.305178
1.319703
1.319703
1.285503
1.285503
1.184313
1.184313
1.391779
1.391779
1.379103
1.379103
