1.254353
1.254353
1.217447
1.217447
1.398825
1.398825
1.283292
1.283292
1.290937
1.290937
1.371100
1.371100
1.325245
1.325245
1.320044
1.320044
1.279037
1.279037
1.248925
1.248925
1.338323
1.338323
1.381143
1.381143
1.384445
1.384445
1.377512
1.377512
1.373944
1.373944
1.362843
1.362843
1.298235
1.298235
1.127062
1.127062
1.170011
1.170011
1.220355
1.220355
1.215399
1.297369
1.297369
1.215399
1.361644
1.361644
1.380801
1.380801
1.387146
1.387146
1.371885
1.371885
1.291949
1.291949
1.370575
1.370575
1.387146
1.387146
1.315073
1.315073
1.339110
1.339110
1.371128
1.371128
1.353053
1.353053
1.129968
1.129968
1.392290
1.392290
1.088487
1.088487
1.378875
1.378875
1.340570
1.340570
1.080594
1.080594
1.234505
1.234505
1.245614
1.245614
1.330931
1.330931
1.397107
1.397107
1.348313
1.348313
1.342601
1.342601
1.263521
1.263521
1.287920
1.287920
1.390554
1.390554
1.341929
1.341929
1.123634
1.123634
1.368517
1.368517
1.153703
1.153703
1.164241
1.164241
1.204918
1.204918
1.105642
1.105642
1.271116
1.271116
1.216330
1.216330
1.263082
1.263082
1.249876
1.249876
1.221476
1.221476
1.100386
1.100386
1.171136
1.171136
1.329323
1.329323
1.372045
1.372045
1.193094
1.193094
1.363274
1.363274
1.363035
1.363035
1.166401
1.166401
1.186581
1.186581
1.346930
1.346930
1.121380
1.121380
1.394505
1.394505
1.306203
1.306203
1.307804
1.307804
1.241083
1.241083
1.335816
1.335816
1.236937
1.236937
1.318423
1.318423
1.275822
1.275822
1.379462
1.379462
1.181631
1.181631
1.294119
1.294119
1.396959
1.396959
1.225638
1.225638
1.306903
1.306903
1.333582
1.333582
