1.262674
1.262674
1.391915
1.391915
1.398798
1.398798
1.385174
1.328906
1.385174
1.328906
1.398798
1.318678
1.318678
1.398798
1.382484
1.382484
1.365385
1.365385
1.311209
1.311209
1.294255
1.294255
1.375271
1.375271
1.095421
1.095421
1.341546
1.341546
1.336854
1.336854
1.312135
1.312135
1.376901
1.376901
1.356814
1.356814
1.355330
1.355330
1.360530
1.360530
1.241543
1.241543
1.390986
1.390986
1.384810
1.384810
1.275332
1.275332
1.359371
1.359371
1.348390
1.348390
1.328417
1.328417
1.052411
1.052411
1.017851
1.017851
1.394751
1.394751
1.351822
1.351822
1.365084
1.365084
1.163691
1.163691
1.311920
1.311920
1.386650
1.249581
1.386650
1.249581
1.235272
1.235272
1.382317
1.382317
1.234929
1.234929
1.368228
1.368228
1.363564
1.363564
1.297102
1.297102
1.330285
1.330285
1.239816
1.239816
1.373391
1.373391
1.397595
1.397595
1.351342
1.351342
1.352222
1.352222
1.328945
1.328945
1.396244
1.396244
1.244034
1.244034
1.354413
1.354413
1.214882
1.214882
1.127457
1.127457
1.343339
1.343339
1.249196
1.249196
1.383541
1.383541
1.350223
1.350223
1.317278
1.317278
1.159516
1.159516
1.123849
1.123849
1.347138
1.347138
1.254441
1.254441
1.275004
1.275004
1.281386
1.281386
1.313977
1.313977
1.250297
1.250297
1.318047
1.318047
1.335819
1.335819
1.352854
1.352854
1.307299
1.307299
1.387775
1.387775
1.399965
1.399965
1.246267
1.246267
1.358115
1.358115
1.385333
1.385333
1.252660
1.252660
1.398513
1.398513
1.372668
1.372668
1.324431
1.324431
1.298877
1.298877
1.137478
1.137478
1.297757
1.297757
1.392711
1.392711
1.208588
1.208588
1.228820
1.228820
1.202375
1.202375
1.383238
1.383238
1.373113
1.373113
1.324000
1.324000
1.308298
1.308298
1.258262
1.258262
1.350752
1.350752
1.343583
1.343583
1.382210
1.382210
1.116089
1.116089
1.215784
1.215784
1.268700
1.268700
1.095457
1.095457
1.136373
1.136373
1.193822
1.193822
1.291266
1.291266
1.335113
1.335113
1.392158
1.392158
1.378829
1.378829
1.389766
1.389766
1.318159
1.318159
1.277671
1.277671
