1.349504
1.349504
1.262033
1.262033
1.291042
1.291042
1.394421
1.394421
1.350610
1.350610
1.184282
1.184282
1.248450
1.248450
1.272725
1.272725
1.213173
1.213173
1.139228
1.139228
1.341999
1.341999
1.333889
1.333889
1.369917
1.369917
1.385763
1.385763
1.356283
1.356283
1.395881
1.395881
1.102017
1.102017
1.217018
1.217018
1.383619
1.383619
1.361946
1.361946
1.225683
1.225683
1.301749
1.301749
1.271551
1.271551
1.224908
1.224908
1.270505
1.270505
1.327140
1.327140
1.369853
1.369853
1.304505
1.304505
1.212146
1.212146
1.362273
1.362273
1.333791
1.333791
1.362131
1.362131
1.259397
1.259397
1.147105
1.147105
1.372196
1.372196
1.390795
1.390795
1.395633
1.395633
1.197749
1.197749
1.371621
1.371621
1.228777
1.228777
1.266207
1.266207
1.393106
1.393106
1.268327
1.268327
1.340145
1.340145
1.356001
1.356001
1.341417
1.341417
1.179331
1.179331
1.356381
1.356381
1.157489
1.157489
1.257687
1.257687
1.342956
1.342956
1.277505
1.277505
1.300060
1.300060
1.332348
1.332348
1.327169
1.327169
1.363868
1.363868
1.369626
1.369626
1.093823
1.093823
1.254518
1.254518
1.177993
1.177993
1.353192
1.353192
1.328667
1.328667
1.344380
1.344380
1.248695
1.248695
1.378997
1.378997
1.270649
1.270649
1.365325
1.365325
1.187365
1.187365
1.217943
1.217943
1.246406
1.246406
1.211021
1.211021
1.315993
1.315993
1.187768
1.187768
1.189089
1.189089
1.134668
1.134668
1.223461
1.223461
1.261244
1.261244
1.235244
1.235244
1.274157
1.274157
1.384476
1.384476
1.364593
1.364593
1.351161
1.351161
1.244903
1.244903
1.280601
1.280601
1.345430
1.345430
1.374825
1.374825
1.347905
1.347905
1.095417
1.095417
1.154554
1.154554
1.227784
1.227784
1.213528
1.213528
1.267612
1.267612
1.309123
1.309123
1.178164
1.178164
1.345624
1.345624
1.361993
1.361993
1.312723
1.312723
1.356889
1.356889
1.309440
1.309440
1.231244
1.231244
1.256160
1.256160
1.261114
1.261114
1.145513
1.145513
1.392281
1.392281
1.174935
1.174935
1.165286
1.165286
1.346598
1.346598
1.348349
1.348349
1.389549
1.389549
1.393486
1.393486
