1.380802
1.380802
1.391532
1.391532
1.354673
1.354673
1.321706
1.321706
1.385518
1.385518
1.199346
1.199346
1.292864
1.292864
1.329519
1.329519
1.099229
1.099229
1.150024
1.150024
1.328758
1.328758
1.398147
1.398147
1.231010
1.231010
1.122817
1.122817
1.306309
1.306309
1.097134
1.097134
1.265988
1.265988
1.241199
1.241199
1.044289
1.044289
1.370586
1.370586
1.364162
1.364162
1.397001
1.397001
1.322314
1.322314
1.351700
1.351700
1.398143
1.398143
1.385355
1.385355
1.318792
1.318792
1.397279
1.397279
1.359609
1.359609
1.234756
1.234756
1.326698
1.326698
1.310606
1.310606
1.305343
1.305343
1.344266
1.344266
1.351967
1.351967
1.345912
1.345912
1.127683
1.127683
1.372672
1.372672
1.383699
1.383699
1.259086
1.259086
1.089507
1.089507
1.391488
1.391488
1.373584
1.373584
1.376643
1.376643
1.150165
1.150165
1.391779
1.391779
1.352974
1.352974
1.209822
1.209822
1.296920
1.296920
1.137323
1.137323
1.372409
1.372409
1.286476
1.286476
1.380134
1.380134
1.298658
1.298658
1.285788
1.285788
1.313629
1.313629
1.314530
1.314530
1.219520
1.219520
1.071301
1.071301
1.213205
1.213205
1.334854
1.334854
1.131564
1.131564
1.279141
1.279141
1.367880
1.367880
1.208456
1.208456
1.323955
1.323955
1.373452
1.373452
1.370468
1.370468
1.305539
1.305539
