1.315178
1.315178
1.247209
1.247209
1.357618
1.357618
1.369022
1.369022
1.329746
1.329746
1.276243
1.276243
1.130662
1.130662
1.187399
1.187399
1.384643
1.384643
1.388493
1.388493
1.381497
1.381497
1.185013
1.185013
1.382075
1.382075
1.337467
1.337467
1.231922
1.231922
1.295339
1.295339
1.371935
1.371935
1.339374
1.339374
1.309918
1.309918
1.060256
1.060256
1.336779
1.336779
1.272659
1.272659
1.187676
1.187676
1.395646
1.395646
1.352196
1.352196
1.272861
1.272861
1.381651
1.381651
1.325297
1.325297
1.373594
1.373594
1.392597
1.392597
1.306994
1.306994
1.379591
1.379591
1.381944
1.381944
1.244382
1.244382
1.202826
1.202826
1.342673
1.342673
1.345113
1.345113
1.365502
1.365502
1.391181
1.391181
1.262598
1.262598
1.394083
1.394083
1.379077
1.379077
1.351880
1.351880
1.155683
1.155683
1.374280
1.374280
1.165232
1.165232
1.290408
1.290408
1.256005
1.256005
1.378974
1.378974
1.389934
1.389934
1.208128
1.208128
1.322608
1.322608
1.330583
1.330583
1.319424
1.319424
1.209111
1.209111
1.398183
1.398183
1.165213
1.165213
1.243518
1.243518
1.252910
1.252910
1.341964
1.341964
1.395140
1.395140
1.195271
1.195271
1.221134
1.221134
1.356212
1.356212
1.358686
1.358686
1.244355
1.244355
1.205803
1.205803
1.237678
1.237678
1.267662
1.267662
1.165772
1.165772
1.328919
1.328919
1.195200
1.195200
1.180796
1.180796
1.315495
1.315495
1.302473
1.302473
1.241037
1.241037
1.230370
1.230370
1.388449
1.388449
