1.348226
1.348226
1.090671
1.090671
1.205869
1.205869
1.264119
1.264119
1.354922
1.354922
1.376970
1.376970
1.227374
1.227374
1.342397
1.342397
1.354491
1.327979
1.354491
1.327979
1.208707
1.208707
1.368981
1.368981
1.378763
1.378763
1.328952
1.328952
1.295713
1.295713
1.172290
1.172290
1.202069
1.202069
1.334349
1.334349
1.209663
1.209663
1.168775
1.168775
1.183021
1.183021
1.360026
1.360026
1.198738
1.198738
1.122252
1.122252
1.261686
1.261686
1.295065
1.295065
1.221135
1.221135
1.129445
1.129445
1.140926
1.140926
1.372954
1.094332
1.094332
1.372954
1.303453
1.303453
1.310920
1.310920
1.375943
1.375943
1.328779
1.328779
1.134299
1.134299
1.372704
1.372704
1.113313
1.113313
1.216767
1.216767
1.290080
1.290080
1.397050
1.397050
1.261032
1.261032
1.325372
1.325372
1.201223
1.201223
1.269745
1.269745
1.382461
1.382461
1.261857
1.261857
1.178012
1.178012
1.397412
1.397412
1.389226
1.389226
1.249652
1.249652
1.389384
1.389384
1.275140
1.275140
1.301135
1.301135
1.385750
1.385750
1.383350
1.383350
1.355352
1.355352
1.240655
1.240655
1.280289
1.280289
1.396147
1.396147
1.276941
1.276941
1.305569
1.305569
1.387569
1.387569
1.369685
1.369685
1.386051
1.386051
1.149493
1.149493
1.322639
1.322639
1.272727
1.272727
1.337824
1.337824
1.251029
1.251029
1.384146
1.384146
1.320032
1.320032
1.162431
1.162431
1.368520
1.368520
1.322129
1.322129
1.319725
1.319725
1.289142
1.289142
1.396561
1.396561
1.268340
1.268340
1.319056
1.319056
1.327782
1.327782
1.312262
1.312262
1.193559
1.193559
1.377273
1.377273
1.254965
1.254965
1.347806
1.347806
1.347895
1.347895
1.272404
1.272404
1.395437
1.395437
1.383240
1.383240
1.139506
1.139506
1.265608
1.265608
1.329084
1.329084
1.326967
1.326967
1.315929
1.315929
1.254454
1.254454
1.294393
1.294393
1.396108
1.396108
1.331601
1.331601
1.138581
1.138581
1.290377
1.290377
1.309349
1.309349
1.392795
1.392795
1.262483
1.262483
1.303405
1.303405
1.178590
1.178590
1.384598
1.384598
1.268521
1.268521
1.200953
1.200953
1.329179
1.329179
1.187313
1.187313
1.085806
1.085806
1.082978
1.082978
1.097941
1.097941
1.319016
1.319016
