1.395802
1.395802
1.166883
1.166883
1.062014
1.062014
1.212110
1.212110
1.339644
1.339644
1.319655
1.319655
1.376133
1.376133
1.242086
1.242086
1.300271
1.300271
1.378294
1.378294
1.273735
1.273735
1.037463
1.037463
1.258272
1.258272
1.394998
1.394998
1.396590
1.396590
1.333575
1.333575
1.334802
1.334802
1.312065
1.312065
1.393321
1.393321
1.392954
1.392954
1.085731
1.085731
1.397363
1.397363
1.154810
1.154810
1.241796
1.241796
1.074743
1.074743
1.030153
1.030153
1.322777
1.322777
1.163005
1.163005
1.169923
1.169923
1.243257
1.243257
1.297705
1.297705
1.354242
1.354242
1.361446
1.361446
1.124047
1.124047
1.354384
1.354384
1.336329
1.336329
1.319964
1.319964
1.322945
1.322945
1.077976
1.077976
1.388121
1.388121
1.139840
1.139840
1.102391
1.102391
1.394293
1.394293
1.381559
1.381559
1.089103
1.089103
1.286273
1.286273
1.106665
1.106665
1.325600
1.325600
1.152578
1.152578
1.292221
1.292221
1.044505
1.044505
1.193373
1.193373
1.190504
1.190504
1.385420
1.385420
1.294269
1.294269
1.125242
1.125242
1.150110
1.150110
1.195136
1.195136
1.387020
1.387020
