1.298759
1.298759
1.099286
1.099286
1.363257
1.363257
1.328956
1.328956
1.343238
1.343238
1.382506
1.382506
1.339202
1.339202
1.262723
1.262723
1.199814
1.199814
1.117429
1.117429
1.343181
1.343181
1.125574
1.125574
1.359186
1.359186
1.333872
1.333872
1.197395
1.197395
1.324056
1.324056
1.286530
1.286530
1.315605
1.315605
1.047660
1.047660
1.317123
1.317123
1.200817
1.200817
1.157543
1.157543
1.371849
1.371849
1.250032
1.250032
1.395181
1.395181
1.244785
1.244785
1.335298
1.335298
1.368325
1.368325
1.111518
1.111518
1.394182
1.394182
1.162238
1.162238
1.216831
1.216831
1.140627
1.140627
1.311638
1.311638
1.173158
1.173158
1.318201
1.318201
1.393312
1.393312
1.240557
1.240557
1.396321
1.396321
1.363310
1.363310
1.362133
1.362133
1.336919
1.336919
1.244813
1.244813
1.381305
1.381305
1.336828
1.336828
1.368242
1.368242
1.393914
1.393914
1.377935
1.377935
1.358517
1.358517
1.320405
1.320405
1.138604
1.138604
1.233507
1.233507
1.165056
1.165056
1.203468
1.203468
1.396009
1.396009
1.371733
1.371733
1.286245
1.286245
1.308690
1.308690
1.292036
1.292036
1.242968
1.242968
1.305135
1.305135
1.340506
1.340506
1.191095
1.191095
1.179637
1.179637
