1.239664
1.239664
1.205413
1.205413
1.382556
1.382556
1.217599
1.217599
1.188681
1.188681
1.396451
1.396451
1.161836
1.161836
1.304417
1.304417
1.048428
1.048428
1.268229
1.268229
1.375929
1.375929
1.383870
1.383870
1.257401
1.257401
1.366505
1.366505
1.340747
1.340747
1.327589
1.327589
1.292372
1.292372
1.178072
1.178072
1.139303
1.309075
1.139303
1.309075
1.339058
1.339058
1.369547
1.369547
1.176875
1.176875
1.396852
1.396852
1.197937
1.197937
1.245251
1.245251
1.271616
1.271616
1.255121
1.255121
1.274049
1.274049
1.195549
1.195549
1.141108
1.141108
1.228137
1.228137
1.343583
1.343583
1.060218
1.060218
1.192042
1.192042
1.350055
1.350055
1.167840
1.167840
1.137899
1.137899
1.186111
1.186111
1.344820
1.344820
1.374564
1.374564
1.331839
1.331839
1.381203
1.381203
1.272119
1.272119
1.364896
1.364896
1.321250
1.321250
1.138253
1.138253
1.241575
1.241575
1.361517
1.361517
1.350873
1.350873
1.388929
1.388929
1.367326
1.367326
1.306873
1.306873
1.169337
1.169337
1.376533
1.376533
1.122970
1.122970
1.327973
1.327973
1.332785
1.332785
1.258924
1.258924
1.081011
1.081011
1.129030
1.129030
1.324685
1.324685
1.219283
1.219283
1.320701
1.320701
1.355758
1.355758
1.209412
1.209412
1.146358
1.146358
1.357062
1.357062
1.204033
1.204033
1.262514
1.262514
1.363598
1.363598
1.385638
1.385638
1.340753
1.340753
1.386547
1.386547
1.255306
1.255306
1.298463
1.298463
1.328853
1.328853
1.310028
1.310028
1.387010
1.387010
1.338987
1.338987
1.322898
1.269770
1.322898
1.269770
1.349810
1.349810
1.282072
1.282072
1.117375
1.117375
1.297625
1.258193
1.258193
1.297625
1.307343
1.307343
1.345924
1.345924
1.302419
1.302419
1.237604
1.237604
1.183895
1.183895
1.293593
1.293593
1.284962
1.284962
1.157086
1.157086
1.293284
1.293284
1.339930
1.339930
1.306660
1.306660
1.246838
1.246838
1.160825
1.160825
1.303945
1.303945
1.178980
1.178980
1.206876
1.206876
1.334467
1.334467
1.248763
1.248763
1.386827
1.386827
1.379072
1.379072
1.102374
1.102374
1.385939
1.385939
1.274288
1.274288
1.391866
1.391866
1.148344
1.148344
1.310557
1.310557
1.092010
1.299739
1.299739
1.092010
1.227778
1.227778
1.165828
1.165828
1.379572
1.379572
1.302881
1.302881
1.398033
1.398033
1.396137
1.396137
1.193132
1.193132
1.038480
1.038480
1.298412
1.298412
1.302911
1.302911
1.324177
1.324177
1.278586
1.278586
1.329425
1.329425
1.372061
1.372061
1.343870
1.343870
1.368585
1.368585
1.329098
1.329098
1.374099
1.374099
1.345262
1.345262
1.379846
1.379846
1.396939
1.396939
1.295270
1.295270
1.115290
1.115290
1.162650
1.162650
1.063924
1.063924
1.377177
1.377177
1.375176
1.375176
1.326889
1.326889
1.281379
1.281379
1.205498
1.205498
1.381114
1.381114
1.177634
1.177634
1.172500
1.172500
1.373472
1.373472
1.349328
1.349328
1.347776
1.347776
1.368645
1.368645
1.387245
1.387245
1.325166
1.325166
1.323556
1.323556
1.363290
1.363290
1.395761
1.395761
1.200642
1.200642
1.365912
1.365912
1.099675
1.099675
1.399903
1.399903
1.112720
1.112720
1.244696
1.244696
1.390298
1.390298
1.329967
1.329967
1.385889
1.385889
1.381488
1.381488
1.292934
1.292934
1.317030
1.317030
1.359447
1.359447
1.344110
1.344110
1.176679
1.176679
1.264736
1.264736
1.398026
1.398026
1.255707
1.255707
1.337278
1.337278
1.263073
1.263073
1.098878
1.098878
1.246556
1.246556
1.366332
1.366332
1.260997
1.260997
1.152765
1.152765
1.394170
1.394170
1.399656
1.399656
1.111436
1.111436
1.207327
1.207327
1.160000
1.160000
1.260997
1.260997
1.321880
1.321880
1.399656
1.399656
1.180123
1.180123
1.336842
1.336842
1.037569
1.037569
1.300698
1.300698
1.184014
1.184014
1.263328
1.263328
1.300897
1.300897
1.362647
1.362647
1.236243
1.254357
1.254357
1.236243
1.136733
1.136733
1.337682
1.337682
1.011779
1.011779
1.398060
1.398060
1.186413
1.186413
1.185314
1.185314
1.031993
1.031993
1.362545
1.362545
1.098403
1.098403
1.165026
1.165026
1.367492
1.367492
1.145720
1.145720
1.156311
1.156311
1.135990
1.135990
1.183202
1.183202
1.302547
1.302547
1.398219
1.398219
1.266380
1.266380
1.367466
1.367466
1.306747
1.306747
1.354469
1.354469
1.352259
1.352259
1.346896
1.346896
1.360620
1.360620
1.352398
1.352398
1.185443
1.185443
1.304630
1.304630
1.070345
1.070345
1.212575
1.212575
1.302132
1.302132
1.220039
1.220039
1.320051
1.320051
1.171883
1.171883
1.244544
1.244544
1.342597
1.342597
1.287408
1.287408
1.239731
1.239731
1.292323
1.292323
1.333483
1.333483
1.347476
1.347476
1.222666
1.222666
1.286443
1.286443
1.276018
1.276018
1.169424
1.169424
1.300025
1.300025
1.351245
1.351245
1.354576
1.354576
1.212683
1.212683
1.337780
1.337780
1.389888
1.389888
1.339995
1.339995
1.071298
1.071298
1.310805
1.310805
1.329832
1.329832
1.302524
1.302524
1.252482
1.252482
1.134483
1.134483
1.355774
1.355774
1.332316
1.332316
1.327094
1.327094
1.339302
1.339302
1.266842
1.266842
1.076457
1.076457
1.310397
1.310397
1.359398
1.359398
1.318959
1.318959
1.375386
1.375386
1.260118
1.260118
1.381920
1.381920
1.388280
1.388280
1.320392
1.320392
1.361532
1.361532
1.298507
1.298507
1.037757
1.037757
1.338939
1.338939
1.363959
1.363959
1.130069
1.130069
1.371739
1.371739
1.373223
1.373223
1.323840
1.323840
1.131248
1.131248
1.360205
1.360205
1.259529
1.259529
1.389413
1.389413
1.378903
1.378903
1.256796
1.256796
1.177156
1.177156
1.221296
1.221296
1.247964
1.247964
1.150937
1.150937
1.356476
1.356476
1.333004
1.333004
1.155206
1.155206
1.390870
1.390870
1.260372
1.260372
1.343074
1.343074
1.338959
1.338959
1.170223
1.170223
1.087221
1.087221
1.391037
1.391037
1.345295
1.345295
1.206303
1.206303
1.315276
1.315276
1.323586
1.323586
1.044432
1.044432
1.372335
1.372335
1.191642
1.191642
1.233631
1.233631
1.228183
1.228183
1.297491
1.297491
1.353362
1.353362
1.323694
1.323694
1.393524
1.393524
1.114316
1.114316
1.305468
1.305468
1.370621
1.370621
1.381896
1.381896
1.353799
1.353799
1.396000
1.396000
1.255762
1.255762
1.363732
1.363732
1.232665
1.232665
1.170522
1.170522
1.385738
1.385738
1.394480
1.394480
1.123670
1.123670
1.344713
1.344713
1.370518
1.370518
1.112021
1.112021
1.352737
1.352737
1.040021
1.040021
1.169318
1.169318
