1.327232
1.327232
1.264043
1.264043
1.140374
1.140374
1.388013
1.388013
1.146370
1.125416
1.125416
1.363114
1.363114
1.146370
1.379025
1.379025
1.340290
1.254378
1.254378
1.340290
1.322887
1.322887
1.316967
1.316967
1.249711
1.249711
1.307694
1.307694
1.251811
1.251811
1.326158
1.326158
1.399572
1.399572
1.167673
1.167673
1.256096
1.256096
1.315421
1.315421
1.286255
1.286255
1.292951
1.326472
1.292951
1.326472
1.261725
1.261725
1.096725
1.096725
1.361429
1.361429
1.358415
1.358415
1.094385
1.094385
1.240673
1.240673
1.386357
1.386357
1.389739
1.389739
1.225708
1.225708
1.364211
1.364211
1.350523
1.350523
1.278787
1.278787
1.292951
1.292951
1.366580
1.366580
1.340818
1.340818
1.155459
1.155459
1.300118
1.300118
1.314977
1.314977
1.349927
1.349927
1.363692
1.363692
1.380023
1.380023
1.282167
1.282167
1.349868
1.349868
1.229901
1.229901
1.213719
1.156241
1.156241
1.213719
1.323003
1.323003
1.217562
1.217562
1.191795
1.191795
1.296670
1.296670
1.371589
1.371589
1.304617
1.304617
1.374906
1.374906
1.210478
1.210478
1.218409
1.218409
1.341865
1.341865
1.381196
1.381196
1.319419
1.319419
1.366524
1.366524
1.337007
1.337007
1.350155
1.350155
1.279676
1.279676
1.372757
1.372757
1.368647
1.368647
1.218884
1.329874
1.329874
1.218884
1.374787
1.374787
1.320788
1.320788
1.160254
1.160254
1.340265
1.340265
1.219172
1.219172
1.132060
1.132060
1.316757
1.316757
1.339298
1.339298
1.386898
1.386898
1.356604
1.356604
1.194726
1.194726
1.225205
1.225205
1.133454
1.133454
1.385094
1.385094
1.066004
1.066004
1.383187
1.383187
1.364232
1.364232
1.314732
1.314732
1.351752
1.351752
1.380743
1.380743
1.262425
1.262425
1.227312
1.227312
1.130487
1.130487
1.325326
1.325326
1.285972
1.285972
1.354683
1.354683
1.104058
1.104058
1.129278
1.129278
1.350152
1.350152
1.284091
1.284091
1.292805
1.292805
1.312223
1.312223
1.272703
1.272703
1.363055
1.363055
1.234806
1.234806
1.329519
1.329519
1.173908
1.173908
1.342543
1.342543
1.317393
1.317393
1.258913
1.258913
1.206338
1.206338
1.381568
1.381568
1.363389
1.363389
1.315754
1.315754
1.301710
1.301710
1.344360
1.344360
1.386556
1.386556
1.135091
1.135091
1.311615
1.311615
1.356167
1.356167
1.166574
1.166574
1.244712
1.244712
1.220445
1.220445
1.199793
1.199793
1.249399
1.249399
1.377370
1.377370
1.297704
1.297704
1.088107
1.088107
1.386985
1.386985
1.212844
1.212844
1.237637
1.237637
1.355140
1.355140
1.379012
1.379012
1.393492
1.393492
1.344465
1.344465
1.385759
1.385759
1.367604
1.367604
1.178264
1.178264
1.351168
1.351168
1.217087
1.217087
1.181040
1.375192
1.181040
1.375192
1.288374
1.288374
1.374342
1.374342
1.329824
1.329824
1.210785
1.210785
1.321428
1.321428
1.359689
1.359689
1.380344
1.380344
1.325542
1.325542
1.224605
1.224605
1.355137
1.355137
1.189101
1.189101
1.178562
1.178562
1.279225
1.279225
1.397607
1.397607
1.202047
1.202047
1.369615
1.369615
1.175904
1.175904
1.290279
1.290279
1.086756
1.086756
1.290939
1.290939
1.143798
1.143798
1.140020
1.140020
1.371732
1.371732
1.319807
1.319807
1.174934
1.174934
1.124249
1.124249
1.213619
1.213619
1.386880
1.386880
1.366200
1.366200
1.366603
1.366603
1.183890
1.183890
1.110165
1.110165
1.201878
1.201878
1.381980
1.381980
1.074179
1.074179
1.223050
1.223050
1.183267
1.183267
1.137849
1.137849
1.117543
1.117543
1.367292
1.367292
1.172194
1.172194
1.237688
1.237688
1.235372
1.235372
1.059195
1.059195
1.256751
1.256751
1.311171
1.311171
1.152457
1.152457
1.083013
1.083013
1.235904
1.235904
1.252041
1.252041
1.369793
1.369793
1.205830
1.205830
1.185615
1.185615
1.397948
1.397948
1.367345
1.367345
1.099386
1.099386
1.302113
1.302113
1.391521
1.391521
1.315359
1.315359
1.228772
1.228772
1.255023
1.255023
1.231337
1.231337
1.394648
1.394648
1.388938
1.388938
1.309190
1.309190
1.060782
1.060782
1.369417
1.369417
1.232268
1.232268
1.363938
1.363938
1.318096
1.318096
1.274775
1.274775
1.244451
1.244451
1.311621
1.311621
1.283701
1.283701
1.205580
1.205580
1.313674
1.313674
1.340184
1.340184
1.238117
1.238117
1.291791
1.291791
1.324587
1.324587
1.371017
1.371017
1.361597
1.361597
1.365689
1.365689
1.273244
1.273244
1.350187
1.350187
1.201171
1.201171
1.254996
1.254996
1.192853
1.192853
1.351092
1.351092
1.266730
1.266730
1.207942
1.207942
1.362272
1.362272
1.220654
1.220654
1.354558
1.354558
1.125825
1.125825
1.396175
1.396175
1.396433
1.396433
1.193657
1.193657
1.178783
1.178783
1.267964
1.267964
1.271581
1.378103
1.271581
1.378103
1.331499
1.331499
1.313705
1.313705
1.377336
1.377336
1.315207
1.315207
1.273142
1.273142
1.290692
1.290692
1.294893
1.294893
1.110941
1.110941
1.144321
1.144321
1.295092
1.295092
1.247033
1.247033
1.307529
1.307529
1.195803
1.195803
1.367718
1.367718
1.270006
1.270006
1.129501
1.129501
1.158272
1.158272
1.273734
1.273734
1.352732
1.352732
1.374808
1.374808
1.191938
1.191938
1.148979
1.148979
1.344474
1.344474
1.305500
1.305500
1.204901
1.204901
1.147262
1.147262
1.148169
1.148169
1.229011
1.229011
1.335078
1.335078
1.250734
1.250734
1.152545
1.152545
1.390255
1.390255
1.363554
1.363554
1.365485
1.365485
1.380242
1.380242
1.185731
1.185731
1.394957
1.394957
1.343770
1.343770
1.107921
1.107921
1.205960
1.205960
1.370766
1.370766
1.182545
1.182545
1.313905
1.313905
1.369784
1.369784
1.327825
1.327825
1.397229
1.397229
1.381572
1.381572
1.389715
1.389715
1.394306
1.394306
1.382521
1.382521
1.369812
1.369812
1.091870
1.091870
1.097896
1.097896
1.155101
1.155101
1.296362
1.296362
1.389125
1.389125
1.183099
1.183099
1.275594
1.275594
1.358254
1.358254
1.376457
1.376457
1.229865
1.229865
1.342638
1.342638
1.357380
1.357380
1.266360
1.266360
1.212641
1.212641
1.251179
1.251179
1.339032
1.339032
1.227927
1.227927
1.262849
1.262849
1.394548
1.394548
1.265648
1.265648
1.331408
1.331408
1.211919
1.211919
1.341191
1.341191
1.350246
1.350246
1.099661
1.099661
1.296957
1.296957
1.396046
1.396046
1.299580
1.299580
1.301688
1.301688
1.270892
1.270892
1.390460
1.390460
1.336444
1.336444
1.305749
1.305749
1.208738
1.208738
1.349087
1.349087
1.397877
1.397877
1.345943
1.345943
1.157512
1.157512
1.247742
1.247742
1.206075
1.206075
1.226875
1.226875
1.222372
1.222372
1.330081
1.330081
1.378674
1.378674
1.061603
1.061603
1.342464
1.342464
1.177799
1.395633
1.177799
1.395633
1.264673
1.264673
1.307176
1.307176
1.296745
1.296745
1.360284
1.360284
1.248821
1.248821
1.331358
1.331358
1.173966
1.173966
1.232885
1.232885
1.155444
1.155444
1.381465
1.381465
1.344529
1.344529
1.241360
1.241360
1.259575
1.174464
1.259575
1.174464
1.397106
1.397106
1.149328
1.149328
1.156045
1.156045
1.303527
1.303527
1.272319
1.272319
1.164161
1.164161
1.175536
1.175536
1.305314
1.305314
1.363064
1.363064
1.253417
1.253417
1.249070
1.249070
1.062000
1.062000
1.393670
1.393670
1.289004
1.289004
1.271251
1.271251
1.303722
1.303722
1.138265
1.138265
1.158263
1.158263
1.333695
1.333695
1.265708
1.265708
1.368433
1.368433
1.268708
1.268708
1.242434
1.242434
1.348575
1.348575
1.361676
1.361676
1.218654
1.218654
1.388755
1.388755
1.100670
1.100670
1.209100
1.209100
1.349495
1.349495
1.376443
1.376443
1.359108
1.359108
1.364922
1.364922
1.190488
1.190488
1.020061
1.020061
1.319709
1.319709
1.141454
1.141454
1.300057
1.300057
1.317743
1.317743
1.275236
1.275236
1.368386
1.368386
1.366800
1.366800
1.381226
1.381226
1.341448
1.341448
1.217432
1.217432
1.280885
1.280885
1.304129
1.304129
