1.390437
1.390437
1.217599
1.217599
1.248084
1.248084
1.087473
1.087473
1.255190
1.384547
1.255190
1.384547
1.280758
1.280758
1.311215
1.311215
1.347421
1.347421
1.328658
1.328658
1.304088
1.304088
1.235960
1.235960
1.245394
1.245394
1.282856
1.282856
1.309241
1.309241
1.351453
1.351453
1.372347
1.372347
1.308260
1.308260
1.338191
1.338191
1.263309
1.263309
1.372779
1.372779
1.263183
1.263183
1.350693
1.376284
1.376284
1.350693
1.382882
1.382882
1.349448
1.349448
1.296980
1.296980
1.264247
1.264247
1.207679
1.207679
1.321106
1.321106
1.264221
1.264221
1.323516
1.323516
1.027821
1.027821
1.276667
1.276667
1.352102
1.352102
1.377137
1.377137
1.356576
1.356576
1.265279
1.265279
1.336866
1.336866
1.262894
1.262894
1.195916
1.195916
1.268700
1.268700
1.146173
1.146173
1.292176
1.292176
1.302919
1.302919
1.355285
1.355285
1.286665
1.286665
1.357865
1.357865
1.254061
1.254061
1.306895
1.306895
1.304262
1.304262
1.278674
1.224187
1.278674
1.224187
1.321412
1.321412
1.295011
1.295011
1.300125
1.300125
1.312456
1.338699
1.338699
1.312456
1.302235
1.302235
1.370260
1.370260
1.396227
1.396227
1.271569
1.271569
1.295452
1.295452
1.272379
1.272379
1.379326
1.379326
1.178063
1.178063
1.370868
1.370868
1.360791
1.228791
1.360791
1.228791
1.122341
1.122341
1.184993
1.184993
1.344396
1.304684
1.344396
1.304684
1.366915
1.366915
1.273461
1.273461
1.213173
1.213173
1.372495
1.372495
1.317223
1.317223
1.063379
1.063379
1.158569
1.158569
1.087756
1.087756
1.205875
1.374866
1.205875
1.374866
1.320495
1.320495
1.398659
1.398659
1.103461
1.103461
1.274277
1.274277
1.321987
1.321987
1.155128
1.155128
1.319219
1.319219
1.342826
1.368560
1.368560
1.342826
1.211345
1.211345
1.238392
1.238392
1.310200
1.310200
1.277932
1.277932
1.390733
1.390733
1.326285
1.326285
1.388388
1.261269
1.261269
1.388388
1.239505
1.239505
1.186345
1.186345
1.285560
1.285560
1.270696
1.270696
1.364776
1.364776
1.347174
1.347174
1.215406
1.215406
1.340038
1.292084
1.340038
1.292084
1.089697
1.089697
1.389359
1.389359
1.334195
1.334195
1.388000
1.388000
1.365264
1.365264
1.144864
1.340559
1.340559
1.144864
1.385355
1.385355
1.300998
1.300998
1.324827
1.324827
1.369384
1.369384
1.366139
1.366139
1.288453
1.288453
1.202281
1.202281
1.321662
1.321662
1.094634
1.094634
1.059620
1.059620
1.291591
1.291591
1.294078
1.259154
1.294078
1.259154
1.377055
1.377055
1.317075
1.317075
1.160046
1.160046
1.385078
1.385078
1.283913
1.283913
1.367950
1.367950
1.347144
1.347144
1.328071
1.328071
1.362795
1.362795
1.206923
1.206923
1.230337
1.230337
1.359496
1.359496
1.194491
1.194491
1.212646
1.212646
1.328205
1.328205
1.234262
1.234262
1.186512
1.186512
1.170036
1.170036
1.316483
1.377011
1.377011
1.316483
1.377168
1.377168
1.377063
1.377063
1.347860
1.347860
1.278034
1.278034
1.247520
1.247520
1.233337
1.233337
1.288637
1.288637
1.349254
1.349254
1.299915
1.299915
1.214140
1.214140
1.303234
1.303234
1.355500
1.355500
1.295223
1.295223
1.342398
1.342398
1.281351
1.321028
1.321028
1.281351
1.272576
1.272576
1.349754
1.349754
1.273580
1.273580
1.350049
1.350049
1.256682
1.256682
1.280799
1.280799
1.370330
1.370330
1.061692
1.061692
1.277113
1.277113
1.347328
1.347328
1.168323
1.168323
1.337418
1.337418
1.245670
1.245670
1.281931
1.281931
1.328666
1.328666
1.235575
1.235575
1.254972
1.254972
1.219180
1.219180
1.094664
1.094664
1.293329
1.293329
1.292725
1.292725
1.370891
1.370891
1.309281
1.309281
1.185831
1.185831
1.353373
1.353373
1.353993
1.353993
1.149343
1.149343
1.341039
1.341039
1.287018
1.287018
1.214944
1.214944
1.258186
1.258186
1.288935
1.288935
1.230564
1.230564
1.127612
1.127612
1.147702
1.147702
1.314175
1.314175
1.076894
1.076894
1.287374
1.287374
1.149605
1.149605
1.292280
1.292280
1.196765
1.196765
1.323162
1.323162
1.229763
1.229763
1.356304
1.356304
1.214973
1.214973
1.357337
1.357337
1.343795
1.343795
1.393667
1.393667
1.343691
1.343691
1.378148
1.378148
1.090948
1.090948
1.230754
1.230754
1.270835
1.270835
1.142312
1.142312
1.294048
1.294048
1.265297
1.265297
1.192228
1.192228
1.315440
1.315440
1.321157
1.321157
1.342202
1.342202
1.371021
1.371021
1.369633
1.369633
1.397527
1.225269
1.397527
1.225269
1.380115
1.380115
1.317033
1.317033
1.390855
1.390855
1.360811
1.360811
1.281824
1.281824
1.333141
1.333141
1.386438
1.386438
1.365650
1.365650
1.372520
1.372520
1.395812
1.395812
1.383889
1.383889
1.278652
1.278652
1.288791
1.288791
1.316179
1.316179
1.232926
1.232926
1.362911
1.362911
1.215830
1.215830
1.264666
1.264666
1.179240
1.179240
1.288261
1.288261
1.143845
1.143845
1.166274
1.166274
1.339416
1.339416
1.390948
1.390948
1.163529
1.163529
1.227704
1.227704
1.271311
1.271311
1.314719
1.314719
1.097684
1.097684
1.379233
1.379233
1.324623
1.324623
1.342804
1.342804
1.326855
1.326855
1.228213
1.228213
1.174919
1.174919
1.329932
1.329932
1.155650
1.155650
1.390332
1.390332
1.389257
1.389257
1.187721
1.187721
1.317787
1.317787
1.199576
1.199576
1.385065
1.385065
1.286027
1.286027
1.122649
1.122649
1.356684
1.356684
1.190678
1.190678
1.174658
1.174658
1.324373
1.324373
1.318153
1.318153
1.288450
1.288450
1.301786
1.301786
1.359249
1.359249
1.396679
1.396679
1.367706
1.367706
1.357497
1.357497
1.273016
1.273016
1.166819
1.166819
1.209579
1.209579
1.391492
1.391492
1.118205
1.118205
1.289584
1.289584
1.273267
1.273267
1.301816
1.301816
1.354536
1.354536
1.307543
1.307543
1.213009
1.213009
1.373778
1.373778
1.060236
1.060236
1.237850
1.237850
1.275989
1.275989
1.370778
1.370778
1.061082
1.061082
1.162944
1.162944
1.197764
1.197764
1.294231
1.294231
1.217001
1.217001
1.207476
1.207476
1.095617
1.095617
1.291939
1.291939
1.171764
1.171764
1.255556
1.255556
1.321298
1.321298
1.249303
1.249303
1.232866
1.232866
1.390890
1.390890
1.333191
1.333191
1.390472
1.390472
1.349818
1.349818
1.188272
1.188272
1.241553
1.241553
1.093359
1.093359
1.120802
1.120802
1.298121
1.298121
1.378215
1.378215
1.342857
1.342857
