1.353873
1.353873
1.333034
1.333034
1.327361
1.327361
1.082877
1.082877
1.108771
1.108771
1.326815
1.326815
1.398152
1.398152
1.367516
1.367516
1.102470
1.102470
1.374900
1.374900
1.305083
1.305083
1.386453
1.386453
1.386888
1.386888
1.374222
1.374222
1.288610
1.288610
1.209486
1.209486
1.391446
1.391446
1.220350
1.220350
1.215901
1.215901
1.395727
1.395727
1.377445
1.267698
1.373884
1.373884
1.377445
1.267698
1.246114
1.246114
1.137638
1.137638
1.263620
1.294351
1.263620
1.294351
1.093089
1.093089
1.374670
1.374670
1.341839
1.341839
1.387812
1.302633
1.302633
1.387812
1.332547
1.332547
1.369604
1.369604
1.294507
1.294507
1.399643
1.399643
1.398042
1.398042
1.376318
1.376318
1.395770
1.395770
1.331939
1.331939
1.228711
1.228711
1.211655
1.211655
1.314267
1.314267
1.358006
1.358006
1.364657
1.364657
1.316827
1.316827
1.385280
1.385280
1.398319
1.330756
1.330756
1.398319
1.366089
1.366089
1.369710
1.369710
1.260342
1.260342
1.303332
1.303332
1.246592
1.280039
1.246592
1.280039
1.355901
1.355901
1.318991
1.318991
1.365476
1.365476
1.250244
1.250244
1.324990
1.324990
1.371277
1.371277
1.352241
1.289445
1.289445
1.352241
1.362812
1.362812
1.295386
1.295386
1.392023
1.392023
1.310414
1.310414
1.373689
1.373689
1.307967
1.307967
1.396243
1.396243
1.291711
1.291711
1.194118
1.194118
1.197534
1.197534
1.366904
1.366904
1.329091
1.329091
1.390397
1.390397
1.059147
1.059147
1.318423
1.318423
1.144994
1.144994
1.174684
1.174684
1.025412
1.025412
1.292622
1.292622
1.270918
1.270918
1.390496
1.390496
1.370078
1.370078
1.079464
1.079464
1.368933
1.368933
1.358220
1.358220
1.319653
1.319653
1.312520
1.312520
1.360418
1.360418
1.387334
1.387334
1.352362
1.352362
1.226259
1.226259
1.109410
1.109410
1.280825
1.280825
1.356508
1.356508
1.186322
1.186322
1.370169
1.370169
1.192964
1.192964
1.249888
1.249888
1.389201
1.389201
1.167507
1.167507
1.319900
1.319900
1.388863
1.388863
1.227070
1.227070
1.250309
1.250309
1.239608
1.239608
1.369787
1.369787
1.149888
1.149888
1.308360
1.308360
1.360350
1.360350
1.161752
1.161752
1.070100
1.070100
1.197629
1.197629
1.299259
1.299259
1.218028
1.218028
1.280840
1.280840
1.325231
1.325231
1.391091
1.391091
1.224367
1.224367
1.399149
1.399149
1.316386
1.316386
1.393756
1.393756
1.321431
1.321431
1.286689
1.286689
1.348593
1.348593
1.342318
1.342318
1.393146
1.234655
1.234655
1.393146
1.242023
1.242023
1.294879
1.294879
1.064737
1.064737
1.328526
1.328526
1.013203
1.013203
1.058611
1.058611
1.072443
1.072443
1.163543
1.163543
1.379693
1.379693
1.384198
1.384198
1.155813
1.155813
1.208002
1.208002
1.127960
1.127960
1.249741
1.249741
1.374558
1.374558
1.326654
1.326654
1.347041
1.347041
1.323505
1.323505
1.190958
1.190958
1.359335
1.359335
1.327451
1.327451
1.080812
1.080812
1.276629
1.276629
1.285386
1.285386
1.264490
1.264490
1.352243
1.352243
1.260560
1.260560
1.191390
1.191390
1.186392
1.186392
1.032391
1.032391
1.067288
1.067288
1.396900
1.396900
1.365992
1.365992
1.239639
1.239639
1.238741
1.238741
1.254101
1.254101
1.303427
1.303427
1.354792
1.354792
1.348449
1.348449
1.356029
1.356029
1.378422
1.378422
1.308153
1.308153
1.041973
1.041973
1.228329
1.228329
1.366537
1.366537
1.253099
1.253099
1.347396
1.347396
1.390511
1.390511
1.337787
1.337787
1.305206
1.305206
1.213032
1.213032
1.317999
1.317999
1.256472
1.256472
1.346619
1.346619
1.345213
1.345213
1.328345
1.328345
1.186391
1.186391
1.111436
1.111436
1.310027
1.310027
1.291564
1.291564
1.307663
1.307663
1.244698
1.244698
1.353236
1.353236
1.209756
1.209756
1.306010
1.306010
1.390404
1.390404
1.344698
1.344698
1.207954
1.207954
1.319627
1.319627
1.351435
1.351435
1.394407
1.394407
1.254172
1.254172
1.267440
1.267440
1.276854
1.276854
1.253842
1.253842
1.399942
1.399942
1.025699
1.025699
1.354908
1.354908
1.304193
1.304193
1.322848
1.322848
1.321530
1.321530
1.369706
1.369706
1.398978
1.398978
1.268854
1.268854
1.341172
1.341172
1.100275
1.100275
1.393625
1.393625
1.305356
1.305356
1.368688
1.368688
1.326583
1.326583
1.383598
1.383598
1.194944
1.194944
1.311696
1.311696
1.274508
1.274508
1.383164
1.383164
1.308293
1.308293
1.195201
1.195201
1.105225
1.105225
1.272019
1.272019
1.319598
1.319598
1.366356
1.366356
1.195091
1.195091
1.270183
1.270183
1.259796
1.259796
1.257762
1.257762
1.364016
1.364016
1.113750
1.113750
1.381016
1.381016
1.277555
1.277555
1.054179
1.285495
1.054179
1.285495
1.199687
1.199687
1.297065
1.297065
1.341184
1.341184
1.346770
1.346770
1.339690
1.339690
1.044345
1.044345
1.309263
1.309263
1.390784
1.390784
1.319318
1.319318
1.169733
1.169733
1.234555
1.234555
1.255437
1.255437
1.339612
1.339612
1.264338
1.264338
1.368757
1.368757
1.365570
1.365570
1.375576
1.375576
1.220198
1.220198
1.279249
1.279249
1.277907
1.277907
1.398854
1.398854
1.392565
1.392565
1.271557
1.271557
1.086408
1.086408
1.313163
1.313163
1.277654
1.277654
1.219096
1.219096
1.242214
1.242214
1.049954
1.049954
1.389070
1.389070
1.286967
1.286967
1.359385
1.359385
1.387709
1.387709
