1.065684
1.065684
1.375695
1.079819
1.237369
1.237369
1.079819
1.375695
1.382131
1.382131
1.272916
1.272916
1.144456
1.144456
1.225571
1.225571
1.139650
1.139650
1.183978
1.183978
1.241217
1.241217
1.127413
1.127413
1.151403
1.151403
1.326807
1.326807
1.218767
1.218767
1.305148
1.305148
1.356468
1.356468
1.056658
1.056658
1.280324
1.280324
1.167132
1.167132
1.383400
1.383400
1.353111
1.353111
1.250481
1.250481
1.397775
1.272676
1.397775
1.272676
1.284113
1.284113
1.291102
1.291102
1.397112
1.397112
1.362873
1.362873
1.303729
1.303729
1.316909
1.316909
1.320896
1.100889
1.100889
1.320896
1.343842
1.343842
1.138556
1.138556
1.366786
1.366786
1.370143
1.370143
1.264357
1.264357
1.368513
1.368513
1.273303
1.273303
1.398487
1.398487
1.170897
1.170897
1.386544
1.386544
1.202031
1.202031
1.111682
1.111682
1.384031
1.384031
1.262958
1.262958
1.383638
1.362590
1.383638
1.362590
1.339146
1.339146
1.227260
1.227260
1.345213
1.345213
1.368511
1.368511
1.287091
1.287091
1.203054
1.203054
1.382031
1.382031
1.300389
1.300389
1.112660
1.112660
1.360996
1.360996
1.373323
1.373323
1.354834
1.330866
1.354834
1.330866
1.314945
1.314945
1.317078
1.317078
1.375286
1.375286
1.330361
1.330361
1.203638
1.203638
1.295493
1.369987
1.295493
1.369987
1.238896
1.238896
1.378778
1.378778
1.346656
1.346656
1.261272
1.261272
1.350687
1.350687
1.380720
1.380720
1.342218
1.342218
1.237824
1.237824
1.261673
1.261673
1.274518
1.274518
1.354933
1.354933
1.270646
1.270646
1.325876
1.325876
1.130197
1.130197
1.143359
1.143359
1.108990
1.108990
1.337129
1.337129
1.242639
1.362379
1.362379
1.242639
1.338746
1.314163
1.314163
1.338746
1.397437
1.397437
1.091371
1.091371
1.239333
1.239333
1.272144
1.272144
1.328964
1.328964
1.368162
1.368162
1.390106
1.301827
1.301827
1.390106
1.244121
1.244121
1.038119
1.038119
1.389764
1.389764
1.312705
1.312705
1.233764
1.233764
1.396119
1.396119
1.144697
1.144697
1.377250
1.377250
1.220146
1.220146
1.382240
1.382240
1.393235
1.393235
1.394293
1.394293
1.286343
1.286343
1.234547
1.234547
1.139576
1.139576
1.387219
1.387219
1.353969
1.353969
1.270420
1.270420
1.369089
1.369089
1.255283
1.255283
1.398981
1.239642
1.398981
1.239642
1.209157
1.209157
1.275652
1.275652
1.302235
1.302235
1.352393
1.352393
1.312578
1.312578
1.145838
1.145838
1.318393
1.318393
1.185834
1.185834
1.374907
1.374907
1.256695
1.301017
1.256695
1.301017
1.159838
1.159838
1.224856
1.224856
1.383753
1.383753
1.269842
1.269842
1.183897
1.183897
1.361486
1.361486
1.278985
1.278985
1.354919
1.375040
1.375040
1.354919
1.218316
1.218316
1.241361
1.241361
1.188592
1.188592
1.278833
1.278833
1.390371
1.390371
1.212866
1.212866
1.373095
1.373095
1.224706
1.224706
1.199215
1.199215
1.385767
1.385767
1.273553
1.273553
1.312136
1.312136
1.240117
1.240117
1.108966
1.108966
1.076427
1.076427
1.079012
1.079012
1.390188
1.390188
1.323246
1.323246
1.324136
1.324136
1.337291
1.337291
1.277118
1.277118
1.384560
1.384560
1.276594
1.276594
1.222263
1.222263
1.146654
1.146654
1.317189
1.317189
1.269166
1.269166
1.392222
1.392222
1.298013
1.298013
1.317726
1.317726
1.330071
1.330071
1.171790
1.171790
1.299076
1.299076
1.204380
1.204380
1.395339
1.395339
1.261494
1.261494
1.178846
1.178846
1.346594
1.346594
1.297768
1.297768
1.219292
1.219292
1.195415
1.195415
1.383292
1.383292
1.367942
1.367942
1.276303
1.276303
1.243600
1.243600
1.331727
1.331727
1.200362
1.200362
1.293292
1.293292
1.245949
1.245949
1.076484
1.076484
1.385501
1.385501
1.366048
1.366048
1.386325
1.386325
1.360456
1.360456
1.164462
1.164462
1.331327
1.331327
1.258580
1.258580
1.308693
1.308693
1.371210
1.371210
1.386074
1.386074
1.238932
1.238932
1.361368
1.361368
1.303680
1.303680
1.234060
1.234060
1.180044
1.180044
1.273442
1.273442
1.327862
1.327862
1.052561
1.052561
1.260543
1.260543
1.264565
1.264565
1.329501
1.329501
1.287076
1.287076
1.329877
1.329877
1.390831
1.390831
1.340105
1.340105
1.256404
1.256404
1.393495
1.393495
1.231379
1.231379
1.334794
1.334794
1.365716
1.365716
1.207623
1.207623
1.345880
1.345880
1.196710
1.196710
1.019361
1.019361
1.354915
1.354915
1.334343
1.334343
1.098040
1.089205
1.089205
1.098040
1.290818
1.290818
1.267232
1.267232
1.178142
1.178142
1.394145
1.394145
1.394720
1.394720
1.281198
1.281198
1.218668
1.218668
1.354881
1.354881
1.385377
1.385377
1.092562
1.092562
1.288952
1.288952
1.264131
1.264131
1.330469
1.330469
1.247518
1.247518
1.244325
1.244325
1.047208
1.047208
1.177736
1.177736
1.356992
1.356992
1.355642
1.355642
1.399260
1.399260
1.369855
1.369855
1.313628
1.313628
1.293076
1.293076
1.371288
1.371288
1.349078
1.349078
1.111114
1.111114
1.339214
1.339214
1.188376
1.188376
1.065041
1.199423
1.349644
1.065041
1.199423
1.349644
1.361596
1.361596
1.333197
1.333197
1.199516
1.199516
1.217792
1.217792
1.105832
1.105832
1.319933
1.319933
1.347276
1.347276
1.389933
1.389933
1.325551
1.325551
1.175698
1.175698
1.309485
1.309485
1.271799
1.271799
1.345432
1.345432
1.137383
1.137383
1.272937
1.272937
1.291954
1.291954
1.333859
1.333859
1.212204
1.212204
1.399580
1.399580
1.170111
1.170111
1.205838
1.205838
1.193272
1.193272
1.382909
1.382909
1.209651
1.209651
1.248583
1.248583
1.384430
1.384430
1.345901
1.345901
1.336377
1.336377
1.145973
1.145973
1.391481
1.391481
1.344875
1.344875
1.343684
1.327756
1.327756
1.343684
1.385654
1.385654
1.247160
1.247160
1.140054
1.140054
1.398329
1.398329
1.258612
1.258612
1.322599
1.322599
1.377658
1.377658
1.195535
1.195535
1.277037
1.277037
1.165176
1.165176
1.346525
1.346525
1.293167
1.293167
1.248552
1.248552
1.263163
1.263163
1.188398
1.188398
1.296682
1.296682
1.393072
1.393072
1.243042
1.243042
1.388238
1.388238
1.309436
1.309436
1.398553
1.398553
1.229702
1.229702
1.252643
1.252643
1.239192
1.239192
1.396014
1.396014
1.399017
1.399017
1.332729
1.332729
1.397601
1.397601
1.328321
1.328321
1.351670
1.351670
1.162696
1.162696
1.185036
1.185036
1.333623
1.333623
1.314108
1.314108
1.251411
1.251411
1.268944
1.268944
1.394060
1.394060
1.313180
1.313180
1.395686
1.395686
1.353414
1.353414
1.388910
1.388910
1.276337
1.276337
1.377274
1.377274
1.230923
1.230923
1.269131
1.269131
1.130668
1.130668
1.268677
1.268677
1.178762
1.178762
1.392532
1.392532
1.113146
1.113146
1.167937
1.167937
1.360666
1.360666
1.252012
1.252012
1.121570
1.121570
1.332296
1.332296
1.356268
1.356268
1.304728
1.304728
1.086386
1.086386
1.114374
1.114374
1.320641
1.320641
1.390248
1.396435
1.396435
1.390248
1.375620
1.375620
1.389408
1.389408
1.107439
1.107439
1.139184
1.139184
1.360152
1.360152
1.295741
1.295741
1.350645
1.350645
1.389573
1.389573
1.089486
1.089486
1.303145
1.303145
1.160002
1.160002
1.358493
1.358493
1.285956
1.285956
1.290688
1.290688
1.251540
1.251540
1.270506
1.270506
1.057472
1.391588
1.057472
1.391588
1.356508
1.356508
1.375821
1.392038
1.392038
1.375821
1.382323
1.382323
1.297878
1.297878
1.384566
1.384566
1.275568
1.275568
1.337743
1.337743
1.392875
1.392875
1.276131
1.276131
1.326984
1.326984
1.230219
1.230219
1.287132
1.287132
1.380836
1.380836
1.182255
1.182255
1.337855
1.337855
1.040410
1.040410
1.390147
1.390147
1.098449
1.098449
1.253015
1.253015
1.269287
1.269287
1.226930
1.226930
1.377550
1.377550
1.375887
1.375887
1.314307
1.314307
1.388855
1.388855
1.078638
1.078638
1.342101
1.342101
1.393702
1.393702
1.379872
1.379872
1.366564
1.366564
1.121190
1.121190
1.378069
1.378069
1.372080
1.372080
1.226099
1.226099
1.190005
1.190005
1.227270
1.227270
1.315543
1.315543
1.322808
1.322808
1.301124
1.301124
1.255514
1.255514
1.370991
1.370991
1.317590
1.317590
1.102669
1.102669
1.204767
1.204767
1.266996
1.266996
1.373318
1.373318
1.359839
1.359839
1.229692
1.229692
1.296718
1.296718
1.342374
1.342374
1.169141
1.169141
