1.378863
1.352418
1.352418
1.378863
1.190318
1.190318
1.225450
1.225450
1.372767
1.347731
1.347731
1.372767
1.383076
1.383076
1.388657
1.388657
1.305825
1.305825
1.225853
1.225853
1.297375
1.297375
1.230415
1.230415
1.349375
1.349375
1.334305
1.334305
1.383883
1.383883
1.340608
1.340608
1.319172
1.319172
1.292905
1.292905
1.389563
1.389563
1.346908
1.365613
1.365613
1.346908
1.302346
1.302346
1.379857
1.379857
1.340981
1.329511
1.329511
1.340981
1.324658
1.324658
1.339541
1.339541
1.215370
1.215370
1.273099
1.273099
1.107783
1.107783
1.227757
1.227757
1.351199
1.351199
1.167134
1.167134
1.268289
1.268289
1.024191
1.024191
1.335495
1.335495
1.271570
1.271570
1.396841
1.396841
1.007485
1.007485
1.144322
1.144322
1.244705
1.244705
1.298497
1.298497
1.391445
1.391445
1.333312
1.196566
1.196566
1.333312
1.281452
1.281452
1.143423
1.143423
1.224368
1.224368
1.035526
1.035526
1.163313
1.163313
1.335961
1.335961
1.360444
1.360444
1.305956
1.305956
1.142537
1.192681
1.192681
1.142537
1.204441
1.204441
1.298473
1.382051
1.298473
1.169682
1.382051
1.169682
1.343148
1.343148
1.329734
1.329734
1.341053
1.341053
1.392651
1.392651
1.374963
1.374963
1.246389
1.246389
1.202069
1.202069
1.252601
1.252601
1.392453
1.392453
1.242965
1.242965
1.300044
1.300044
1.350222
1.350222
1.274916
1.274916
1.158595
1.158595
1.082860
1.082860
1.391047
1.391047
1.240420
1.240420
1.220833
1.220833
1.291862
1.291862
1.281743
1.281743
1.251208
1.251208
1.248437
1.248437
1.365829
1.365829
1.354903
1.354903
1.098722
1.098722
1.395079
1.395079
1.157979
1.157979
1.349501
1.349501
1.174780
1.174780
1.272025
1.272025
1.379954
1.379954
1.293786
1.293786
1.358094
1.323898
1.323898
1.358094
1.365761
1.365761
1.317694
1.317694
1.325701
1.325701
1.368273
1.368273
1.341475
1.341475
1.308187
1.308187
1.224499
1.291058
1.291058
1.224499
1.225195
1.225195
1.272529
1.272529
1.396741
1.393731
1.396741
1.393731
1.094349
1.094349
1.378108
1.378108
1.398459
1.398459
1.296483
1.296483
1.159572
1.159572
1.331306
1.331306
1.343528
1.343528
1.373093
1.373093
1.094359
1.094359
1.320509
1.320509
1.305526
1.305526
1.358858
1.358858
1.224967
1.224967
1.331248
1.331248
1.364753
1.364753
1.329784
1.329784
1.345724
1.345724
1.309230
1.309230
1.332976
1.332976
1.395031
1.395031
1.246467
1.246467
1.271545
1.271545
1.283635
1.283635
1.394718
1.394718
1.208331
1.208331
1.175559
1.175559
1.300159
1.300159
1.128411
1.128411
1.347915
1.347915
1.148380
1.148380
1.376365
1.376365
1.318327
1.318327
1.319866
1.319866
1.335482
1.220804
1.220804
1.335482
1.246276
1.246276
1.262106
1.262106
1.393643
1.393643
1.390640
1.390640
1.351305
1.351305
1.394309
1.394309
1.350312
1.350312
1.378614
1.378614
1.359750
1.359750
1.253437
1.253437
1.267065
1.267065
1.285119
1.285119
1.344828
1.344828
1.391747
1.391747
1.371760
1.371760
1.279829
1.279829
1.204454
1.337390
1.337390
1.204454
1.149734
1.149734
1.313757
1.313757
1.361730
1.361730
1.200912
1.200912
1.375264
1.375264
1.370360
1.370360
1.287038
1.287038
1.232663
1.232663
1.390614
1.390614
1.334881
1.334881
1.362136
1.362136
1.375108
1.375108
1.303604
1.303604
1.375274
1.375274
1.205012
1.205012
1.235186
1.235186
1.294556
1.294556
1.319701
1.319701
1.259469
1.259469
1.395529
1.395529
1.201260
1.201260
1.326971
1.326971
1.270496
1.270496
1.210313
1.210313
1.300870
1.300870
1.387537
1.387537
1.320656
1.320656
1.321372
1.321372
1.226030
1.226030
1.287638
1.287638
1.383934
1.383934
1.100366
1.100366
1.378955
1.378955
1.285611
1.285611
1.294950
1.294950
1.378695
1.378695
1.343256
1.343256
1.247716
1.247716
1.357956
1.357956
1.349252
1.349252
1.330677
1.330677
1.360051
1.360051
1.361589
1.361589
1.365575
1.365575
1.386492
1.386492
1.354036
1.354036
1.320065
1.320065
1.383279
1.383279
1.146303
1.146303
1.323506
1.323506
1.357032
1.357032
1.330323
1.330323
1.282860
1.211654
1.211654
1.282860
1.398920
1.398920
1.226295
1.226295
1.193144
1.193144
1.239465
1.239465
1.376557
1.376557
1.378359
1.238222
1.238222
1.378359
1.357676
1.357676
1.252154
1.252154
1.371644
1.371644
1.357186
1.357186
1.310705
1.310705
1.328357
1.328357
1.368316
1.368316
1.242349
1.242349
1.300508
1.300508
1.336968
1.336968
1.174319
1.174319
1.330469
1.330469
1.107669
1.107669
1.354553
1.354553
1.279430
1.279430
1.385426
1.385426
1.389756
1.389756
1.343994
1.343994
1.312313
1.312313
1.385638
1.385638
1.214654
1.214654
1.223768
1.223768
1.307079
1.307079
1.383218
1.383218
1.171607
1.171607
1.324625
1.324625
1.348906
1.348906
1.244856
1.244856
1.326277
1.326277
1.358441
1.358441
1.164617
1.164617
1.305740
1.305740
1.270961
1.270961
1.297797
1.297797
1.337191
1.337191
1.252536
1.252536
1.378324
1.378324
1.144051
1.144051
1.293591
1.293591
1.200720
1.200720
1.276459
1.276459
1.266587
1.266587
1.378619
1.378619
1.388297
1.388297
1.260522
1.260522
1.311871
1.311871
1.044433
1.044433
1.225715
1.225715
1.268648
1.268648
1.375251
1.375251
1.114581
1.114581
1.194785
1.194785
1.211562
1.211562
1.270898
1.270898
1.237054
1.237054
1.080160
1.080160
1.109977
1.109977
1.047516
1.047516
1.395208
1.395208
1.336773
1.336773
1.296536
1.296536
1.349369
1.349369
1.367973
1.367973
1.360670
1.360670
1.246084
1.246084
1.280538
1.280538
1.189252
1.189252
1.388432
1.388432
1.053105
1.053105
1.374460
1.374460
1.127723
1.127723
1.223154
1.223154
1.363761
1.363761
1.392766
1.392766
1.207609
1.207609
1.315413
1.315413
1.309872
1.309872
1.232441
1.232441
1.278449
1.278449
1.217487
1.217487
1.287859
1.287859
1.352087
1.352087
1.376685
1.376685
1.397111
1.397111
1.269051
1.269051
1.331663
1.331663
1.209660
1.209660
1.394727
1.394727
1.153529
1.153529
1.385908
1.385908
1.132102
1.132102
1.348911
1.348911
1.273941
1.273941
1.375742
1.375742
1.332576
1.332576
1.388206
1.388206
1.139135
1.139135
1.254040
1.254040
1.250480
1.250480
1.395773
1.395773
1.374080
1.374080
1.369934
1.369934
1.219090
1.219090
1.186529
1.186529
1.304166
1.304166
1.178938
1.178938
1.289662
1.289662
1.331301
1.331301
1.340220
1.340220
1.224850
1.224850
1.317832
1.317832
1.385242
1.385242
1.366141
1.366141
1.362087
1.362087
1.316707
1.316707
1.397970
1.397970
1.365991
1.365991
1.220933
1.220933
1.301299
1.301299
1.378581
1.378581
1.292368
1.292368
1.382202
1.382202
1.301656
1.301656
1.245057
1.245057
1.207884
1.207884
1.388597
1.388597
1.365045
1.365045
1.366015
1.366015
