1.344831
1.344831
1.398993
1.342084
1.242728
1.298095
1.208168
1.242728
1.342084
1.298095
1.208168
1.398993
1.396769
1.396769
1.221795
1.221795
1.332481
1.332481
1.288759
1.288759
1.330245
1.330245
1.271064
1.271064
1.128312
1.128312
1.226596
1.226596
1.096372
1.096372
1.388123
1.388123
1.373328
1.373328
1.217595
1.217595
1.323166
1.323166
1.222046
1.222046
1.073508
1.073508
1.316546
1.316546
1.120582
1.120582
1.298411
1.298411
1.327230
1.327230
1.228543
1.228543
1.333481
1.333481
1.340141
1.293049
1.293049
1.340141
1.305979
1.305979
1.377913
1.377913
1.391097
1.391097
1.388319
1.388319
1.347627
1.347627
1.268110
1.268110
1.168660
1.168660
1.297607
1.297607
1.210486
1.210486
1.149035
1.149035
1.340533
1.340533
1.309299
1.309299
1.140130
1.140130
1.299969
1.299969
1.307057
1.307057
1.156465
1.156465
1.190179
1.190179
1.300601
1.300601
1.356207
1.356207
1.170058
1.170058
1.273412
1.273412
1.287207
1.287207
1.395784
1.395784
1.329153
1.329153
1.357255
1.357255
1.393257
1.393257
1.223985
1.223985
1.224012
1.224012
1.372963
1.372963
1.398190
1.398190
1.301733
1.301733
1.115896
1.325785
1.325785
1.115896
1.306626
1.306626
1.328517
1.328517
1.387404
1.387404
1.117187
1.117187
1.159653
1.159653
1.066940
1.066940
1.328921
1.328921
1.293240
1.293240
1.340608
1.340608
1.386023
1.190588
1.190588
1.386023
1.139633
1.139633
1.378290
1.378290
1.278677
1.278677
1.208352
1.208352
1.239363
1.239363
1.301883
1.301883
1.349363
1.349363
1.219821
1.219821
1.265534
1.265534
1.206977
1.206977
1.299736
1.299736
1.344034
1.344034
1.265827
1.265827
1.361241
1.361241
1.355372
1.355372
1.368764
1.368764
1.393723
1.393723
1.316244
1.316244
1.110767
1.110767
1.220740
1.202831
1.202831
1.220740
1.219404
1.219404
1.336836
1.336836
1.397173
1.397173
1.271670
1.271670
1.235895
1.235895
1.337529
1.337529
1.222565
1.222565
1.125706
1.125706
1.114754
1.114754
1.285875
1.285875
1.369827
1.369827
1.273128
1.273128
1.205626
1.205626
1.390195
1.390195
1.383053
1.383053
1.245904
1.216037
1.216037
1.245904
1.263510
1.263510
1.391388
1.391388
1.181142
1.181142
1.342787
1.342787
1.398897
1.398897
1.131955
1.131955
1.271608
1.271608
1.216128
1.216128
1.370454
1.188902
1.370454
1.188902
1.275234
1.275234
1.363711
1.363711
1.232895
1.232895
1.378342
1.378342
1.323276
1.323276
1.245056
1.245056
1.107658
1.107658
1.364232
1.364232
1.226783
1.226783
1.284332
1.284332
1.289486
1.359461
1.359461
1.289486
1.251118
1.251118
1.104415
1.104415
1.267495
1.267495
1.359696
1.359696
1.386118
1.386118
1.334755
1.334755
1.233737
1.137156
1.233737
1.137156
1.293419
1.293419
1.190969
1.190969
1.349660
1.349660
1.136020
1.136020
1.163975
1.163975
1.221755
1.221755
1.383608
1.383608
1.262955
1.262955
1.124855
1.124855
1.290281
1.290281
1.359354
1.359354
1.254599
1.254599
1.148721
1.148721
1.313507
1.313507
1.362270
1.362270
1.223932
1.223932
1.338907
1.338907
1.306012
1.306012
1.328591
1.281229
1.281229
1.328591
1.399155
1.399155
1.340454
1.340454
1.100657
1.100657
1.254958
1.254958
1.381014
1.381014
1.255936
1.255936
1.289808
1.289808
1.283956
1.283956
1.317365
1.317365
1.245842
1.245842
1.318408
1.318408
1.074032
1.074032
1.369493
1.369493
1.024163
1.024163
1.291425
1.291425
1.182785
1.182785
1.191014
1.191014
1.221015
1.221015
1.147471
1.147471
1.269772
1.269772
1.317205
1.317205
1.399897
1.399897
1.357741
1.357741
1.330113
1.330113
1.368663
1.368663
1.279104
1.279104
1.271517
1.271517
1.390400
1.390400
1.166985
1.166985
1.143383
1.143383
1.198978
1.198978
1.269891
1.269891
1.354012
1.354012
1.388435
1.388435
1.148584
1.148584
1.372103
1.372103
1.264547
1.264547
1.160528
1.160528
1.382365
1.382365
1.270351
1.281064
1.270351
1.281064
1.307066
1.307066
1.307945
1.307945
1.112949
1.112949
1.293712
1.293712
1.114665
1.114665
1.288318
1.288318
1.230852
1.230852
1.342730
1.342730
1.348974
1.348974
1.291280
1.291280
1.230534
1.230534
1.378632
1.378632
1.253787
1.253787
1.181741
1.181741
1.309350
1.309350
1.279129
1.279129
1.355650
1.355650
1.219148
1.219148
1.337233
1.337233
1.181952
1.181952
1.399301
1.399301
1.332285
1.332285
1.388626
1.388626
1.251405
1.251405
1.238862
1.238862
1.200955
1.200955
1.240531
1.240531
1.116234
1.116234
1.206767
1.206767
1.307005
1.307005
1.304093
1.304093
1.364745
1.341167
1.364745
1.341167
1.314030
1.314030
1.267150
1.267150
1.243849
1.243849
1.349943
1.349943
1.378859
1.378859
1.295586
1.295586
1.385785
1.385785
1.228116
1.228116
1.210017
1.210017
1.220827
1.220827
1.237223
1.237223
1.303894
1.303894
1.371815
1.371815
1.285314
1.285314
1.113021
1.113021
1.336950
1.336950
1.336085
1.336085
1.288362
1.288362
1.375605
1.375605
1.367736
1.367736
1.393818
1.393818
1.292925
1.292925
1.370688
1.370688
1.088163
1.088163
1.305864
1.305864
1.295430
1.295430
1.339285
1.339285
1.323098
1.323098
1.218543
1.218543
1.389472
1.389472
1.286177
1.286177
1.375631
1.375631
1.192826
1.192826
1.163009
1.163009
1.380847
1.380847
1.180999
1.180999
1.214479
1.214479
1.295152
1.295152
1.161004
1.161004
1.073893
1.073893
1.357154
1.357154
1.364180
1.364180
1.397600
1.397600
1.317256
1.317256
1.194851
1.194851
1.146072
1.146072
1.204863
1.204863
1.360345
1.360345
1.361874
1.361874
1.394927
1.394927
1.393095
1.393095
1.384362
1.384362
1.354466
1.354466
1.309750
1.309750
1.227659
1.227659
1.356426
1.356426
1.347658
1.347658
1.066507
1.066507
1.161155
1.161155
1.292839
1.292839
1.298988
1.298988
1.070754
1.070754
1.291477
1.291477
1.251885
1.251885
1.344517
1.344517
1.362831
1.362831
1.150381
1.150381
1.391621
1.391621
1.371262
1.371262
1.204823
1.204823
1.229505
1.229505
1.335500
1.335500
1.117737
1.117737
