1.096862
1.096862
1.078882
1.078882
1.394585
1.394585
1.159298
1.274109
1.274109
1.159298
1.358332
1.358332
1.164096
1.164096
1.292117
1.292117
1.236982
1.148608
1.236982
1.148608
1.347431
1.347431
1.312451
1.312451
1.250234
1.250234
1.186654
1.186654
1.387224
1.387224
1.327331
1.327331
1.159456
1.159456
1.364751
1.364751
1.143096
1.143096
1.282458
1.282458
1.123920
1.123920
1.306123
1.306123
1.383242
1.383242
1.265876
1.265876
1.385155
1.385155
1.222242
1.222242
1.283079
1.283079
1.179853
1.179853
1.115702
1.115702
1.389532
1.288425
1.288425
1.389532
1.397652
1.397652
1.307150
1.307150
1.295175
1.295175
1.370150
1.370150
1.157794
1.157794
1.298246
1.298246
1.389503
1.389503
1.367997
1.203859
1.353734
1.353734
1.367997
1.203859
1.347348
1.347348
1.181361
1.259365
1.259365
1.181361
1.395086
1.395086
1.358067
1.252184
1.252184
1.358067
1.302045
1.302045
1.326047
1.326047
1.153909
1.153909
1.262250
1.262250
1.327488
1.327488
1.250443
1.181958
1.181958
1.250443
1.242918
1.242918
1.364846
1.364846
1.333001
1.333001
1.384163
1.384163
1.333447
1.333447
1.183701
1.183701
1.267303
1.267303
1.306935
1.306935
1.313673
1.313673
1.185572
1.185572
1.370676
1.370676
1.338237
1.338237
1.380584
1.380584
1.396536
1.396536
1.377351
1.377351
1.119378
1.119378
1.301287
1.301287
1.360789
1.360789
1.356988
1.356988
1.229300
1.229300
1.286587
1.286587
1.201705
1.201705
1.315147
1.315147
1.323207
1.323207
1.314782
1.314782
1.223645
1.223645
1.357389
1.357389
1.112200
1.112200
1.237238
1.237238
1.385525
1.385525
1.322513
1.322513
1.368962
1.368962
1.249900
1.249900
1.291605
1.291605
1.391593
1.391593
1.375852
1.375852
1.230436
1.230436
1.390377
1.390377
1.358680
1.358680
1.391706
1.391706
1.268070
1.268070
1.222558
1.222558
1.320481
1.320481
1.250566
1.250566
1.333473
1.333473
1.356431
1.356431
1.288457
1.288457
1.347009
1.347009
1.256760
1.256760
1.174266
1.174266
1.282193
1.282193
1.392445
1.392445
1.391876
1.391876
1.322295
1.322295
1.219107
1.219107
1.371698
1.371698
1.374727
1.374727
1.124532
1.124532
1.166388
1.166388
1.154251
1.154251
1.114252
1.114252
1.244894
1.244894
1.204709
1.204709
1.298541
1.298541
1.285900
1.229579
1.229579
1.285900
1.391923
1.391923
1.195664
1.195664
1.352923
1.352923
1.390726
1.390726
1.380614
1.380614
1.334841
1.334841
1.182207
1.182207
1.372320
1.372320
1.346124
1.346124
1.377492
1.377492
1.299683
1.299683
1.360682
1.360682
1.350399
1.350399
1.271206
1.271206
1.353774
1.353774
1.248309
1.248309
1.327256
1.327256
1.382454
1.382454
1.348149
1.348149
1.220833
1.220833
1.173909
1.173909
1.341313
1.341313
1.392923
1.392923
1.340888
1.340888
1.344317
1.344317
1.333178
1.333178
1.391477
1.391477
1.354629
1.354629
1.238492
1.238492
1.296987
1.296987
1.187065
1.187065
1.324260
1.324260
1.355337
1.355337
1.251730
1.251730
1.304988
1.304988
1.369215
1.369215
1.365538
1.365538
1.296698
1.296698
1.353609
1.353609
1.258363
1.258363
1.125331
1.125331
1.241714
1.241714
1.260709
1.260709
1.379324
1.379324
1.364959
1.364959
1.192031
1.192031
1.288610
1.288610
1.304729
1.304729
1.352944
1.352944
1.104745
1.104745
1.280729
1.280729
1.374493
1.374493
1.107769
1.107769
1.329171
1.329171
1.293855
1.293855
1.293452
1.293452
1.350085
1.350085
1.241941
1.241941
1.349736
1.349736
1.296895
1.296895
1.310254
1.310254
1.384307
1.384307
1.370510
1.370510
1.356507
1.356507
1.350575
1.350575
1.152835
1.152835
1.334991
1.334991
1.396253
1.396253
1.058509
1.058509
1.362445
1.362445
1.161826
1.161826
1.278254
1.278254
1.327572
1.327572
1.317304
1.317304
1.133218
1.133218
1.166117
1.166117
1.248280
1.248280
1.317833
1.317833
1.144719
1.144719
1.246636
1.246636
1.313575
1.313575
1.294516
1.294516
1.374034
1.374034
1.255287
1.255287
1.187001
1.187001
1.354914
1.354914
1.360832
1.360832
1.362008
1.362008
1.345591
1.345591
1.155484
1.155484
1.383238
1.383238
1.375528
1.375528
1.368546
1.368546
1.321663
1.321663
1.396178
1.396178
1.131470
1.131470
1.261914
1.261914
1.350298
1.350298
1.289143
1.289143
1.369000
1.331286
1.331286
1.369000
1.367890
1.367890
1.090135
1.090135
1.233921
1.233921
1.362086
1.362086
1.375708
1.375708
1.391838
1.391838
1.385221
1.385221
1.199104
1.199104
1.376323
1.376323
1.389183
1.389183
1.235143
1.235143
1.323092
1.323092
1.313672
1.313672
1.362275
1.362275
1.254739
1.254739
1.358632
1.358632
1.316482
1.316482
1.270345
1.270345
1.377864
1.377864
1.291736
1.291736
1.225432
1.225432
1.301093
1.301093
1.315472
1.315472
1.371969
1.371969
1.095364
1.095364
1.313366
1.313366
1.234192
1.234192
1.139308
1.139308
1.349455
1.349455
1.291777
1.291777
1.238613
1.238613
1.189047
1.189047
1.369471
1.369471
1.329104
1.329104
1.328547
1.328547
1.368167
1.368167
1.197152
1.197152
1.256081
1.256081
1.383432
1.383432
1.282901
1.282901
1.220961
1.220961
1.136241
1.136241
1.392708
1.392708
1.097047
1.097047
1.311431
1.311431
1.052902
1.052902
1.337231
1.337231
1.168893
1.168893
1.353156
1.353156
1.262334
1.262334
1.335146
1.335146
1.165501
1.165501
1.313524
1.313524
1.395487
1.395487
1.243092
1.243092
1.343652
1.343652
1.260114
1.260114
1.275675
1.275675
1.338104
1.338104
1.334143
1.334143
1.330001
1.330001
1.399132
1.399132
1.270194
1.270194
1.365208
1.365208
1.396825
1.396825
1.052715
1.052715
1.295562
1.295562
1.180470
1.180470
1.328305
1.328305
1.359412
1.359412
1.329985
1.329985
1.346715
1.346715
1.395246
1.395246
1.018234
1.018234
1.326220
1.326220
1.170020
1.170020
1.271417
1.271417
1.191532
1.191532
1.109522
1.109522
1.125799
1.125799
1.281824
1.281824
1.393877
1.393877
1.172682
1.172682
1.383483
1.383483
1.350556
1.350556
1.055745
1.055745
1.042449
1.042449
1.207957
1.207957
1.238193
1.238193
1.380019
1.380019
1.397042
1.397042
1.340579
1.340579
1.314219
1.314219
1.394832
1.394832
1.276752
1.276752
1.265503
1.265503
1.399309
1.399309
1.322766
1.322766
1.333629
1.333629
1.120851
1.120851
1.362814
1.362814
1.367747
1.367747
1.363468
1.363468
1.116929
1.116929
1.221355
1.221355
1.317515
1.317515
1.258768
1.258768
1.336987
1.336987
1.253047
1.253047
1.169912
1.169912
1.392395
1.392395
1.377982
1.377982
1.335695
1.335695
1.331618
1.331618
1.306686
1.306686
1.242539
1.242539
1.395870
1.395870
1.175120
1.175120
1.364107
1.364107
1.178323
1.178323
1.384369
1.384369
1.337122
1.337122
1.233811
1.233811
