1.179157
1.179157
1.223294
1.223294
1.122218
1.122218
1.347685
1.347685
1.363323
1.363323
1.055209
1.055209
1.280790
1.280790
1.267142
1.267142
1.363130
1.363130
1.293677
1.293677
1.264674
1.264674
1.371855
1.371855
1.200502
1.200502
1.206507
1.206507
1.259369
1.295538
1.259369
1.295538
1.339205
1.339205
1.239927
1.239927
1.388672
1.388672
1.143912
1.143912
1.110100
1.110100
1.330170
1.330170
1.115527
1.115527
1.216093
1.216093
1.380899
1.380899
1.301496
1.301496
1.321681
1.319613
1.321681
1.319613
1.264470
1.264470
1.398268
1.398268
1.292856
1.292856
1.210797
1.210797
1.337348
1.337348
1.180256
1.180256
1.292969
1.292969
1.377200
1.377200
1.150348
1.150348
1.350526
1.165794
1.350526
1.165794
1.103135
1.103135
1.020670
1.020670
1.298264
1.298264
1.297261
1.297261
1.324517
1.309818
1.309818
1.324517
1.197021
1.197021
1.253818
1.253818
1.335991
1.335991
1.313805
1.348106
1.313805
1.348106
1.379587
1.379587
1.383457
1.383457
1.235009
1.235009
1.182820
1.182820
1.261232
1.261232
1.367586
1.367586
1.364868
1.364868
1.274184
1.274184
1.374918
1.374918
1.298598
1.157919
1.298598
1.157919
1.370819
1.370819
1.145013
1.145013
1.381199
1.381199
1.376104
1.376104
1.294207
1.212222
1.212222
1.294207
1.113473
1.113473
1.307408
1.307408
1.273011
1.273011
1.341466
1.341466
1.314391
1.314391
1.263887
1.263887
1.314203
1.314203
1.351315
1.351315
1.374173
1.374173
1.185346
1.185346
1.226295
1.226295
1.110630
1.110630
1.181087
1.181087
1.199838
1.199838
1.238035
1.238035
1.334884
1.334884
1.236573
1.236573
1.339694
1.339694
1.120843
1.120843
1.087062
1.087062
1.216152
1.216152
1.370951
1.370951
1.276517
1.306249
1.276517
1.306249
1.293675
1.293675
1.115926
1.115926
1.364663
1.364663
1.396489
1.396489
1.253246
1.253246
1.279146
1.279146
1.311436
1.311436
1.364609
1.364609
1.383275
1.383275
1.377944
1.377944
1.163487
1.163487
1.232751
1.232751
1.066592
1.066592
1.201643
1.332448
1.201643
1.332448
1.309646
1.309646
1.317459
1.317459
1.145723
1.145723
1.027779
1.027779
1.368403
1.368403
1.398967
1.398967
1.115465
1.115465
1.258941
1.258941
1.377297
1.377297
1.377612
1.377612
1.247360
1.247360
1.386880
1.386880
1.294809
1.294809
1.242869
1.242869
1.389826
1.389826
1.398669
1.398669
1.061499
1.061499
1.276385
1.276385
1.240645
1.240645
1.373416
1.373416
1.213369
1.213369
1.103584
1.103584
1.334703
1.334703
1.143386
1.237293
1.143386
1.237293
1.346842
1.346842
1.373075
1.373075
1.346499
1.346499
1.217691
1.217691
1.171138
1.171138
1.187389
1.187389
1.319794
1.319794
1.298403
1.298403
1.227391
1.227391
1.308442
1.308442
1.319456
1.319456
1.182401
1.213908
1.213908
1.182401
1.353475
1.353475
1.375178
1.375178
1.233581
1.233581
1.042929
1.042929
1.267845
1.267845
1.134475
1.134475
1.375978
1.375978
1.381482
1.381482
1.268659
1.268659
1.357737
1.357737
1.273814
1.273814
1.091160
1.091160
1.345162
1.345162
1.332298
1.332298
1.337103
1.337103
1.184136
1.184136
1.336505
1.336505
1.385229
1.141951
1.141951
1.385229
1.143945
1.143945
1.240187
1.240187
1.374643
1.374643
1.277960
1.277960
1.145226
1.145226
1.253579
1.253579
1.237077
1.237077
1.365710
1.365710
1.300850
1.300850
1.317429
1.317429
1.386921
1.386921
1.369943
1.369943
1.390440
1.390440
1.342377
1.342377
1.385045
1.385045
1.152675
1.152675
1.331782
1.285544
1.285544
1.331782
1.265973
1.265973
1.226520
1.226520
1.384862
1.384862
1.264462
1.264462
1.231257
1.231257
1.350180
1.350180
1.109470
1.109470
1.040129
1.040129
1.263506
1.263506
1.153343
1.153343
1.368266
1.368266
1.354115
1.354115
1.331450
1.331450
1.312430
1.312430
1.325016
1.325016
1.245751
1.245751
1.221205
1.221205
1.360481
1.360481
1.360787
1.360787
1.182379
1.182379
1.398239
1.398239
1.382532
1.382532
1.304035
1.304035
1.327466
1.327466
1.383036
1.383036
1.304416
1.304416
1.331173
1.331173
1.398849
1.398849
1.285654
1.285654
1.118644
1.118644
1.291096
1.291096
1.348720
1.132017
1.132017
1.348720
1.364580
1.364580
1.386234
1.386234
1.397146
1.397146
1.210788
1.210788
1.267145
1.267145
1.339686
1.339686
1.290966
1.290966
1.072453
1.072453
1.172138
1.172138
1.393908
1.393908
1.373763
1.373763
1.226264
1.226264
1.345412
1.345412
1.294543
1.294543
1.362260
1.362260
1.324522
1.324522
1.250566
1.250566
1.186284
1.186284
1.380920
1.380920
1.177645
1.177645
1.095633
1.095633
1.227780
1.227780
1.323271
1.323271
1.367152
1.367152
1.319469
1.319469
1.359153
1.359153
1.317467
1.317467
1.364959
1.364959
1.180176
1.180176
1.371487
1.371487
1.352948
1.352948
1.380826
1.380826
1.347962
1.347962
1.139823
1.139823
1.319010
1.319010
1.197650
1.197650
1.379287
1.379287
1.285875
1.285875
1.386609
1.386609
1.324214
1.324214
1.291833
1.291833
1.283931
1.283931
1.312369
1.312369
1.299305
1.299305
1.355780
1.355780
1.228326
1.228326
1.071825
1.071825
1.203212
1.203212
1.385367
1.385367
1.352481
1.352481
1.345960
1.345960
1.259565
1.259565
1.364863
1.364863
1.374341
1.374341
1.155720
1.155720
1.357296
1.357296
1.346122
1.346122
1.325272
1.325272
1.366445
1.366445
1.380169
1.380169
1.323275
1.323275
1.365655
1.365655
1.320701
1.320701
1.390474
1.390474
1.389139
1.389139
1.260913
1.260913
1.372184
1.372184
1.187668
1.187668
1.190559
1.190559
1.350193
1.350193
1.092997
1.092997
1.271525
1.271525
1.164013
1.164013
1.279243
1.279243
1.252016
1.252016
1.283345
1.283345
1.302534
1.302534
1.122223
1.122223
1.231862
1.231862
1.148520
1.148520
1.282572
1.282572
1.095737
1.095737
1.292397
1.292397
1.368229
1.368229
1.348877
1.348877
1.369844
1.369844
1.355969
1.355969
1.135678
1.135678
1.342389
1.342389
1.338171
1.338171
1.314980
1.314980
1.306945
1.306945
1.292827
1.292827
1.082246
1.082246
1.342636
1.342636
1.130274
1.130274
1.044455
1.044455
1.351748
1.351748
1.194500
1.194500
1.369578
1.369578
1.372910
1.372910
1.379417
1.379417
1.350483
1.350483
1.324437
1.324437
1.374568
1.374568
1.131165
1.131165
1.259847
1.259847
1.374267
1.374267
1.213102
1.213102
1.332473
1.332473
1.310079
1.310079
1.396065
1.396065
1.275809
1.275809
1.325310
1.325310
1.304735
1.304735
1.251205
1.251205
1.295055
1.295055
