1.294733
1.294733
1.374715
1.178568
1.374715
1.178568
1.212357
1.212357
1.310974
1.392675
1.392675
1.384540
1.310974
1.384540
1.309161
1.309161
1.340872
1.340872
1.333975
1.333975
1.186992
1.186992
1.160066
1.160066
1.351869
1.351869
1.326193
1.326193
1.323417
1.323417
1.370503
1.367059
1.055043
1.370503
1.055043
1.367059
1.344222
1.344222
1.382611
1.382611
1.190577
1.100064
1.396385
1.190577
1.396385
1.100064
1.351869
1.250069
1.250069
1.351869
1.321766
1.321766
1.314153
1.314153
1.391119
1.391119
1.221141
1.221141
1.206557
1.206557
1.279626
1.279626
1.371461
1.371461
1.395452
1.395452
1.380634
1.380634
1.212000
1.330451
1.212000
1.330451
1.198371
1.198371
1.341412
1.182327
1.182327
1.341412
1.302254
1.302254
1.289515
1.371614
1.289515
1.371614
1.316490
1.316490
1.065437
1.065437
1.271245
1.271245
1.171517
1.171517
1.391379
1.391379
1.295696
1.295696
1.325153
1.325153
1.380952
1.380952
1.195198
1.195198
1.195780
1.195780
1.220888
1.220888
1.332654
1.332654
1.320930
1.320930
1.379824
1.379824
1.126280
1.126280
1.362680
1.362680
1.222765
1.222765
1.331440
1.331440
1.304674
1.304674
1.169164
1.169164
1.391422
1.391422
1.281694
1.281694
1.393443
1.393443
1.120315
1.120315
1.305508
1.305508
1.244075
1.244075
1.378116
1.378116
1.352208
1.352208
1.148845
1.148845
1.345809
1.345809
1.331368
1.331368
1.380604
1.380604
1.197637
1.197637
1.091079
1.091079
1.152107
1.152107
1.285654
1.285654
1.203910
1.203910
1.317178
1.317178
1.175876
1.175876
1.278033
1.278033
1.249633
1.249633
1.388913
1.388913
1.116717
1.116717
1.167042
1.167042
1.227644
1.227644
1.218099
1.218099
1.376382
1.376382
1.225540
1.225540
1.292901
1.292901
1.234061
1.234061
1.141572
1.141572
1.380718
1.231868
1.231868
1.182542
1.182542
1.380718
1.274233
1.356016
1.356016
1.274233
1.304861
1.304861
1.184832
1.184832
1.372380
1.372380
1.220261
1.220261
1.322987
1.322987
1.192560
1.192560
1.367221
1.367221
1.121107
1.121107
1.317866
1.317866
1.139144
1.139144
1.361663
1.361663
1.349887
1.349887
1.254936
1.254936
1.389310
1.389310
1.361976
1.361976
1.389446
1.389446
1.280375
1.280375
1.097638
1.097638
1.329029
1.329029
1.016988
1.016988
1.245481
1.245481
1.234707
1.234707
1.317187
1.317187
1.292040
1.292040
1.393249
1.393249
1.358160
1.358160
1.234381
1.234381
1.228871
1.228871
1.380975
1.380975
1.047591
1.047591
1.366871
1.366871
1.238439
1.238439
1.278346
1.278346
1.067804
1.067804
1.213457
1.213457
1.155065
1.155065
1.301210
1.301210
1.275435
1.275435
1.344773
1.344773
1.196879
1.196879
1.271039
1.271039
1.218367
1.218367
1.348585
1.348585
1.357596
1.357596
1.320007
1.320007
1.306823
1.306823
1.245587
1.245587
1.295173
1.295173
1.217320
1.217320
1.173230
1.173230
1.330281
1.330281
1.254050
1.156082
1.156082
1.254050
1.353720
1.353720
1.360027
1.261332
1.261332
1.360027
1.149757
1.149757
1.298458
1.298458
1.277085
1.277085
1.298370
1.298370
1.338167
1.338167
1.208509
1.208509
1.204748
1.204748
1.172089
1.172089
1.330492
1.330492
1.317929
1.317929
1.335601
1.335601
1.129724
1.129724
1.155697
1.155697
1.199532
1.199532
1.301690
1.301690
1.313183
1.313183
1.268686
1.268686
1.357388
1.357388
1.377354
1.377354
1.263075
1.263075
1.371992
1.371992
1.291844
1.291844
1.377704
1.377704
1.090232
1.393465
1.346246
1.346246
1.090232
1.393465
1.133848
1.133848
1.117126
1.117126
1.202323
1.202323
1.166191
1.166191
1.377800
1.377800
1.215105
1.215105
1.306274
1.306274
1.331200
1.331200
1.338866
1.338866
1.357415
1.357415
1.369262
1.369262
1.366141
1.366141
1.346429
1.346429
1.329483
1.329483
1.310708
1.310708
1.385688
1.385688
1.244228
1.244228
1.269728
1.269728
1.301952
1.301952
1.129831
1.129831
1.370631
1.370631
1.272291
1.272291
1.313785
1.313785
1.357145
1.357145
1.388568
1.388568
1.268417
1.268417
1.237551
1.237551
1.397109
1.397109
1.267988
1.267988
1.207334
1.207334
1.351441
1.351441
1.339214
1.339214
1.242760
1.242760
1.082077
1.082077
1.391514
1.391514
1.326644
1.326644
1.365007
1.365007
1.251700
1.251700
1.392096
1.392096
1.321998
1.321998
1.266831
1.266831
1.387944
1.387944
1.399112
1.399112
1.343138
1.343138
1.379236
1.379236
1.148406
1.148406
1.330877
1.330877
1.264132
1.264132
1.306333
1.306333
1.183474
1.183474
1.346874
1.346874
1.268976
1.268976
1.369138
1.369138
1.266078
1.266078
1.159493
1.159493
1.316203
1.330089
1.316203
1.330089
1.347256
1.347256
1.366961
1.366961
1.386345
1.235945
1.374923
1.235945
1.386345
1.374923
1.351165
1.351165
1.391682
1.391682
1.300862
1.300862
1.329829
1.329829
1.272379
1.272379
1.298075
1.298075
1.389689
1.389689
1.192438
1.192438
1.225681
1.225681
1.132538
1.132538
1.331551
1.331551
1.292680
1.292680
1.395402
1.395402
1.212037
1.212037
1.235250
1.235250
1.178585
1.178585
1.373696
1.373696
1.363014
1.363014
1.385338
1.385338
1.321698
1.321698
1.201630
1.201630
1.394552
1.394552
1.300947
1.300947
1.142824
1.142824
1.351768
1.351768
1.283144
1.283144
1.255681
1.255681
1.365277
1.365277
1.241125
1.241125
1.272750
1.272750
1.263492
1.263492
1.055380
1.055380
1.185753
1.185753
1.334289
1.334289
1.138290
1.138290
1.396975
1.396975
1.322601
1.322601
1.388366
1.388366
1.099412
1.099412
1.121854
1.121854
1.140090
1.140090
1.219408
1.219408
1.376191
1.376191
1.341191
1.341191
1.310071
1.310071
1.132828
1.132828
1.367454
1.367454
1.101402
1.101402
1.344448
1.344448
1.389997
1.389997
1.272797
1.272797
1.216118
1.216118
1.375609
1.375609
1.357804
1.357804
1.188183
1.188183
1.381219
1.381219
1.148262
1.148262
1.350594
1.350594
1.322639
1.322639
1.382424
1.382424
1.326504
1.326504
1.281966
1.281966
1.103748
1.103748
1.398786
1.398786
1.335492
1.335492
1.249908
1.249908
1.292543
1.292543
1.349067
1.349067
1.334866
1.334866
1.127102
1.127102
1.364848
1.364848
1.375152
1.375152
1.214938
1.214938
1.186400
1.186400
1.300683
1.300683
1.376441
1.376441
1.313128
1.313128
1.329025
1.329025
1.339831
1.339831
1.320552
1.320552
1.156701
1.156701
1.276847
1.276847
1.397795
1.397795
1.325714
1.325714
1.386850
1.386850
1.180989
1.180989
1.146556
1.146556
1.260904
1.260904
1.191935
1.191935
1.197960
1.197960
1.142688
1.142688
1.399704
1.399704
1.254773
1.254773
1.184260
1.184260
1.094450
1.094450
1.075686
1.075686
1.284799
1.284799
1.397225
1.397225
1.262404
1.262404
1.329858
1.329858
1.355626
1.355626
1.368192
1.368192
1.246958
1.246958
1.233287
1.233287
1.304053
1.304053
1.377713
1.377713
1.273287
1.273287
1.221449
1.221449
1.389213
1.389213
1.309250
1.309250
1.364381
1.364381
1.286813
1.286813
1.373940
1.373940
1.312681
1.312681
1.143706
1.143706
1.354131
1.354131
1.174147
1.174147
1.333503
1.333503
1.360461
1.360461
1.226705
1.226705
1.206006
1.206006
1.100783
1.100783
1.259179
1.259179
1.362471
1.362471
1.233924
1.233924
1.378264
1.378264
1.129407
1.129407
1.348105
1.348105
1.397843
1.397843
1.369782
1.369782
1.152323
1.152323
1.379378
1.290574
1.379378
1.290574
1.301885
1.301885
1.372356
1.372356
1.299826
1.299826
1.368308
1.368308
1.359503
1.359503
1.295363
1.295363
1.380740
1.380740
1.349740
1.349740
1.367041
1.367041
1.353810
1.353810
1.120166
1.120166
1.287265
1.287265
1.177129
1.177129
1.302234
1.302234
1.296201
1.296201
1.267597
1.267597
1.324995
1.324995
1.387233
1.387233
1.281831
1.281831
1.160582
1.160582
1.111101
1.111101
1.263134
1.263134
1.308643
1.308643
1.285497
1.285497
1.277959
1.277959
1.173656
1.173656
1.336533
1.336533
1.193938
1.193938
1.082037
1.082037
1.375586
1.375586
1.288916
1.288916
1.393265
1.393265
1.093324
1.093324
1.376207
1.376207
1.258576
1.258576
1.251771
1.251771
1.274761
1.274761
1.369536
1.369536
1.376309
1.376309
1.396388
1.396388
1.315380
1.315380
1.140575
1.140575
1.312991
1.312991
1.030528
1.030528
1.172490
1.172490
1.204150
1.204150
1.340301
1.340301
1.390998
1.390998
1.282079
1.282079
1.234170
1.234170
1.063633
1.063633
1.275546
1.275546
1.223128
1.223128
1.353413
1.353413
1.348305
1.348305
1.397747
1.397747
1.185023
1.185023
1.369407
1.369407
1.285489
1.285489
1.327167
1.327167
1.381018
1.381018
1.089672
1.089672
1.148798
1.148798
1.368339
1.368339
1.042926
1.042926
1.297726
1.297726
1.367263
1.367263
1.179883
1.179883
1.326285
1.326285
1.311526
1.311526
1.263528
1.263528
1.123343
1.123343
1.379198
1.379198
1.286377
1.286377
1.345685
1.345685
