1.256072
1.256072
1.398316
1.398316
1.280490
1.280490
1.180228
1.180228
1.250406
1.250406
1.176779
1.176779
1.296325
1.350245
1.296325
1.350245
1.346193
1.346193
1.257757
1.257757
1.383799
1.383799
1.396315
1.179336
1.396315
1.179336
1.364883
1.279470
1.279470
1.364883
1.147460
1.147460
1.218966
1.218966
1.313501
1.313501
1.303734
1.390337
1.390337
1.303734
1.351265
1.351265
1.297880
1.297880
1.159652
1.159652
1.230751
1.278490
1.278490
1.230751
1.296178
1.296178
1.037090
1.037090
1.349746
1.348596
1.348596
1.349746
1.365764
1.365764
1.232050
1.232050
1.381276
1.381276
1.257558
1.257558
1.372359
1.372359
1.221451
1.221451
1.394175
1.394175
1.353489
1.353489
1.385958
1.347333
1.347333
1.385958
1.295774
1.295774
1.295084
1.295084
1.363372
1.363372
1.328731
1.328731
1.131068
1.131068
1.089889
1.360737
1.360737
1.089889
1.206372
1.306422
1.206372
1.306422
1.269035
1.269035
1.389311
1.389311
1.262618
1.262618
1.300494
1.199731
1.300494
1.199731
1.376731
1.376731
1.240060
1.240060
1.379505
1.379505
1.344717
1.399838
1.344717
1.399838
1.273796
1.273796
1.220832
1.220832
1.350438
1.350438
1.101397
1.145684
1.219200
1.101397
1.219200
1.145684
1.138466
1.138466
1.386602
1.386602
1.305789
1.305789
1.331060
1.331060
1.275491
1.275491
1.276173
1.276173
1.187746
1.187746
1.292205
1.292205
1.243384
1.243384
1.376283
1.376283
1.066401
1.066401
1.212784
1.212784
1.367897
1.367897
1.141588
1.141588
1.371705
1.371705
1.170834
1.170834
1.197772
1.197772
1.356554
1.356554
1.284360
1.284360
1.201915
1.201915
1.386068
1.271805
1.271805
1.386068
1.070535
1.070535
1.218845
1.218845
1.245219
1.245219
1.362216
1.362216
1.319474
1.319474
1.287391
1.287391
1.303423
1.303423
1.165959
1.368649
1.165959
1.368649
1.303423
1.303423
1.384043
1.384043
1.285509
1.285509
1.159240
1.159240
1.341737
1.341737
1.266155
1.266155
1.235721
1.235721
1.109726
1.109726
1.321859
1.321859
1.169373
1.169373
1.367333
1.367333
1.325569
1.325569
1.355702
1.355702
1.376776
1.376776
1.318810
1.318810
1.286341
1.286341
1.221753
1.221753
1.147944
1.147944
1.343733
1.343733
1.345693
1.345693
1.336839
1.336839
1.372435
1.372435
1.141012
1.141012
1.142955
1.142955
1.204099
1.204099
1.303982
1.303982
1.254866
1.254866
1.276636
1.276636
1.350231
1.350231
1.338069
1.338069
1.395606
1.395606
1.399302
1.399302
1.372948
1.151407
1.372948
1.151407
1.376761
1.376761
1.170103
1.170103
1.226803
1.226803
1.176868
1.176868
1.229052
1.229052
1.324218
1.324218
1.386733
1.386733
1.059571
1.059571
1.398766
1.398766
1.208649
1.208649
1.205221
1.205221
1.377502
1.377502
1.239828
1.239828
1.310598
1.310598
1.339710
1.339710
1.382248
1.382248
1.254636
1.254636
1.369770
1.369770
1.238860
1.238860
1.212255
1.212255
1.339959
1.339959
1.338360
1.338360
1.372549
1.372549
1.080212
1.080212
1.328613
1.219090
1.219090
1.328613
1.324917
1.324917
1.357328
1.357328
1.267984
1.267984
1.240064
1.240064
1.231179
1.231179
1.135916
1.135916
1.072058
1.072058
1.367583
1.367583
1.335485
1.335485
1.244934
1.244934
1.376857
1.376857
1.394614
1.394614
1.271731
1.271731
1.233227
1.233227
1.399805
1.399805
1.177476
1.177476
1.377258
1.377258
1.305163
1.305163
1.325919
1.325919
1.107347
1.107347
1.294071
1.294071
1.327714
1.327714
1.367755
1.367755
1.244352
1.244352
1.399192
1.399192
1.230818
1.230818
1.389511
1.389511
1.280151
1.280151
1.347521
1.347521
1.343512
1.343512
1.382685
1.382685
1.320603
1.320603
1.273908
1.273908
1.277721
1.277721
1.380895
1.380895
1.251024
1.251024
1.184197
1.184197
1.331480
1.331480
1.342162
1.153819
1.153819
1.342162
1.298047
1.298047
1.221217
1.221217
1.357500
1.357500
1.392603
1.392603
1.398010
1.398010
1.180905
1.180905
1.339196
1.339196
1.326853
1.326853
1.194460
1.194460
1.129307
1.129307
1.365527
1.365527
1.257898
1.257898
1.199643
1.199643
1.268585
1.268585
1.330165
1.330165
1.379713
1.250382
1.250382
1.379713
1.393103
1.393103
1.319713
1.319713
1.297192
1.297192
1.245642
1.245642
1.342908
1.342908
1.380747
1.380747
1.215732
1.215732
1.156507
1.156507
1.388880
1.388880
1.345479
1.345479
1.364839
1.364839
1.256810
1.256810
1.264235
1.264235
1.229935
1.229935
1.251529
1.251529
1.378157
1.378157
1.344452
1.344452
1.245124
1.245124
1.242599
1.242599
1.380612
1.380612
1.353642
1.353642
1.033301
1.033301
1.163266
1.163266
1.340327
1.340327
1.359643
1.359643
1.353719
1.353719
1.316095
1.316095
1.305503
1.305503
1.172295
1.172295
1.331776
1.331776
1.337042
1.337042
1.183421
1.183421
1.196721
1.347006
1.347006
1.196721
1.399593
1.399593
1.236266
1.236266
1.392230
1.392230
1.254378
1.254378
1.383366
1.383366
1.375640
1.375640
1.198374
1.198374
1.165107
1.165107
1.383202
1.383202
1.302384
1.302384
1.175718
1.175718
1.131551
1.131551
1.230690
1.230690
1.336905
1.336905
1.387311
1.387311
1.146349
1.146349
1.242132
1.242132
1.389059
1.389059
1.238680
1.238680
1.362778
1.362778
1.350158
1.350158
1.155910
1.155910
1.042937
1.042937
1.185307
1.185307
1.327009
1.327009
1.196095
1.196095
1.396106
1.396106
1.300513
1.300513
1.314821
1.314821
1.216800
1.216800
1.118275
1.118275
1.176060
1.176060
1.247861
1.247861
1.385419
1.385419
1.336110
1.336110
1.214756
1.214756
1.382921
1.382921
1.260404
1.260404
1.349060
1.349060
1.296000
1.296000
1.232778
1.232778
1.380471
1.380471
1.211749
1.211749
1.392367
1.392367
1.105410
1.105410
1.289865
1.289865
1.303175
1.303175
1.348956
1.348956
1.281244
1.281244
1.384401
1.384401
1.395868
1.395868
1.360038
1.360038
1.149038
1.149038
1.373541
1.373541
1.376835
1.376835
1.338352
1.338352
1.370971
1.370971
1.132924
1.132924
1.299637
1.299637
1.396956
1.396956
1.140481
1.140481
1.188038
1.188038
1.388611
1.388611
1.366243
1.366243
1.204555
1.204555
1.243747
1.243747
1.332270
1.389108
1.332270
1.389108
1.209175
1.209175
1.095634
1.095634
1.378930
1.378930
1.031509
1.031509
1.377486
1.377486
1.302349
1.302349
1.072124
1.072124
1.388501
1.388501
1.338145
1.338145
1.312221
1.312221
1.335398
1.335398
1.274846
1.274846
1.277691
1.277691
1.148157
1.148157
1.025650
1.025650
1.280350
1.280350
1.085542
1.085542
1.331106
1.331106
1.286147
1.286147
1.253176
1.253176
1.155335
1.155335
1.214640
1.214640
1.122460
1.122460
1.299696
1.299696
1.126659
1.126659
1.182485
1.182485
1.157699
1.157699
1.146823
1.146823
1.375603
1.375603
1.250629
1.250629
1.378168
1.378168
1.273377
1.273377
1.396484
1.352637
1.396484
1.352637
1.264908
1.264908
1.302035
1.302035
1.343294
1.343294
1.213398
1.213398
1.212266
1.212266
1.217921
1.217921
1.256685
1.256685
1.082426
1.082426
1.305494
1.305494
1.312685
1.312685
1.370666
1.370666
1.103845
1.103845
1.365800
1.365800
1.241389
1.241389
1.379623
1.379623
1.355824
1.355824
1.184746
1.184746
1.292816
1.292816
1.319327
1.319327
1.363345
1.363345
1.347685
1.347685
1.272621
1.272621
1.361465
1.361465
1.332028
1.332028
1.325688
1.325688
1.322700
1.322700
1.396462
1.396462
1.317189
1.317189
1.291351
1.291351
1.391968
1.391968
1.265492
1.265492
1.389011
1.389011
1.275262
1.275262
1.254604
1.254604
1.369772
1.369772
1.274556
1.274556
1.233168
1.233168
1.104999
1.104999
1.191941
1.191941
1.267499
1.267499
1.256001
1.256001
1.249661
1.249661
1.232839
1.232839
1.184400
1.184400
1.110088
1.110088
1.343081
1.343081
1.211896
1.211896
1.353839
1.353839
1.327877
1.327877
1.300190
1.300190
1.386664
1.386664
1.179034
1.179034
1.394346
1.394346
1.385649
1.385649
1.310616
1.310616
1.385392
1.385392
1.328867
1.328867
1.212401
1.212401
1.208252
1.208252
1.351509
1.351509
1.269726
1.269726
1.086329
1.086329
1.270556
1.270556
1.223883
1.223883
1.351820
1.351820
1.138572
1.138572
1.313557
1.313557
1.317593
1.317593
1.248660
1.248660
1.346538
1.346538
1.206225
1.206225
1.264967
1.264967
1.187907
1.187907
1.282620
1.282620
1.157891
1.157891
1.197815
1.197815
1.271557
1.271557
1.384127
1.384127
1.369856
1.369856
