1.276711
1.276711
1.256296
1.256296
1.203383
1.203383
1.227283
1.227283
1.213087
1.213087
1.249404
1.249404
1.023560
1.305252
1.023560
1.305252
1.341977
1.341977
1.394630
1.394630
1.350408
1.350408
1.308161
1.322353
1.322353
1.308161
1.384023
1.384023
1.058081
1.058081
1.306276
1.224063
1.306276
1.224063
1.345908
1.345908
1.295917
1.197762
1.295917
1.197762
1.328062
1.328062
1.229394
1.229394
1.145124
1.145124
1.296324
1.296324
1.076245
1.259263
1.259263
1.392147
1.392147
1.076245
1.313566
1.313566
1.350586
1.350586
1.374361
1.374361
1.374714
1.374714
1.393607
1.393607
1.154100
1.154100
1.161026
1.161026
1.302256
1.302256
1.109083
1.352918
1.352918
1.109083
1.262985
1.262985
1.324666
1.324666
1.221939
1.221939
1.060580
1.060580
1.259526
1.259526
1.269326
1.269326
1.346018
1.346018
1.293914
1.293914
1.275260
1.275260
1.141010
1.141010
1.357681
1.357681
1.351424
1.351424
1.373984
1.373984
1.374057
1.374057
1.297531
1.297531
1.320777
1.320777
1.389274
1.389274
1.229277
1.229277
1.378950
1.378950
1.235693
1.235693
1.207643
1.207643
1.337196
1.337196
1.351043
1.351043
1.299683
1.299683
1.379176
1.379176
1.365994
1.365994
1.353455
1.353455
1.254448
1.254448
1.291149
1.291149
1.392003
1.392003
1.211413
1.211413
1.387769
1.387769
1.229805
1.229805
1.122535
1.122535
1.238920
1.238920
1.370484
1.370484
1.328651
1.328651
1.293218
1.293218
1.314509
1.314509
1.314940
1.314940
1.176484
1.176484
1.386314
1.386314
1.229514
1.229514
1.257621
1.257621
1.198146
1.198146
1.371330
1.371330
1.355790
1.355790
1.344149
1.344149
1.227784
1.227784
1.253041
1.253041
1.175085
1.175085
1.056630
1.056630
1.220495
1.220495
1.058767
1.155561
1.058767
1.155561
1.316245
1.316245
1.157252
1.157252
1.365973
1.227709
1.227709
1.365973
1.140658
1.140658
1.381660
1.381660
1.293223
1.293223
1.239908
1.239908
1.297126
1.297126
1.354874
1.110468
1.354874
1.110468
1.328597
1.328597
1.319812
1.319812
1.162991
1.162991
1.209622
1.209622
1.380896
1.380896
1.329054
1.329054
1.245239
1.245239
1.277175
1.277175
1.065296
1.065296
1.075815
1.075815
1.238362
1.238362
1.311604
1.311604
1.320931
1.320931
1.365135
1.365135
1.294908
1.294908
1.307226
1.307226
1.190644
1.190644
1.043127
1.043127
1.352793
1.352793
1.127905
1.127905
1.171273
1.171273
1.362982
1.362982
1.126038
1.262494
1.126038
1.262494
1.303012
1.303012
1.183866
1.183866
1.326013
1.326013
1.378803
1.378803
1.195961
1.195961
1.183740
1.183740
1.256052
1.256052
1.285449
1.285449
1.081538
1.081538
1.120622
1.120622
1.341501
1.341501
1.342325
1.342325
1.351530
1.351530
1.397783
1.397783
1.315621
1.315621
1.324053
1.324053
1.126102
1.126102
1.240813
1.240813
1.249696
1.249696
1.378932
1.378932
1.246427
1.246427
1.397627
1.397627
1.391310
1.391310
1.338753
1.338753
1.292013
1.292013
1.299269
1.299269
1.296910
1.296910
1.367917
1.367917
1.392101
1.392101
1.369374
1.369374
1.362505
1.362505
1.352897
1.352897
1.334220
1.334220
1.223538
1.223538
1.264024
1.264024
1.273847
1.273847
1.274504
1.274504
1.394122
1.394122
1.172088
1.172088
1.175896
1.175896
1.156319
1.156319
1.360868
1.360868
1.288184
1.288184
1.349443
1.349443
1.382219
1.382219
1.372136
1.372136
1.136768
1.136768
1.359182
1.359182
1.267317
1.267317
1.356460
1.356460
1.167870
1.167870
1.321528
1.321528
1.245079
1.245079
1.344191
1.344191
1.302530
1.302530
1.371952
1.371952
1.022488
1.022488
1.242944
1.242944
1.245800
1.245800
1.383976
1.383976
1.067264
1.067264
1.313565
1.313565
1.289210
1.289210
1.332931
1.332931
1.382388
1.382388
1.323757
1.323757
1.396518
1.396518
1.319943
1.319943
1.104638
1.104638
1.101113
1.101113
1.366942
1.366942
1.398804
1.398804
1.321106
1.321106
1.051996
1.051996
1.273183
1.273183
1.287159
1.287159
1.205336
1.205336
1.376932
1.376932
1.220260
1.220260
1.083268
1.083268
1.312871
1.312871
1.339263
1.339263
1.213853
1.213853
1.217585
1.217585
1.390071
1.390071
1.313363
1.313363
1.210498
1.210498
1.303583
1.303583
1.270563
1.270563
1.183457
1.183457
1.371592
1.371592
1.387635
1.387635
1.086098
1.086098
1.178564
1.178564
1.285155
1.285155
1.399156
1.399156
1.380780
1.380780
1.350739
1.350739
1.395708
1.395708
1.376941
1.376941
1.155002
1.155002
1.161198
1.161198
1.315681
1.315681
1.339223
1.339223
1.338415
1.338415
1.366456
1.366456
1.277489
1.277489
1.171299
1.171299
1.286868
1.286868
1.244702
1.244702
1.107325
1.107325
1.369712
1.369712
1.136468
1.136468
1.316833
1.316833
1.176892
1.176892
1.341357
1.341357
1.226041
1.226041
1.126977
1.126977
1.348604
1.348604
1.056453
1.056453
1.371147
1.371147
1.245684
1.245684
1.252770
1.252770
1.201499
1.201499
1.380466
1.380466
1.379010
1.379010
1.315737
1.315737
1.326726
1.326726
1.195256
1.195256
1.213636
1.213636
1.273823
1.273823
1.205992
1.205992
1.219681
1.219681
1.362472
1.362472
1.375480
1.375480
1.371018
1.371018
1.360914
1.360914
1.248279
1.248279
1.360442
1.360442
1.324076
1.324076
1.393268
1.393268
1.261277
1.261277
1.028817
1.028817
1.391519
1.391519
1.399168
1.399168
1.205153
1.205153
1.297038
1.297038
1.119196
1.119196
1.132785
1.132785
1.313204
1.313204
1.283758
1.283758
1.318045
1.318045
1.324185
1.324185
1.399908
1.399908
1.379235
1.379235
1.360376
1.360376
1.290703
1.290703
1.377029
1.377029
1.285231
1.285231
