1.145434
1.145434
1.392839
1.392839
1.212281
1.212281
1.198651
1.198651
1.381484
1.381484
1.319589
1.319589
1.169645
1.169645
1.291202
1.291202
1.237978
1.237978
1.151324
1.151324
1.375508
1.375508
1.334452
1.334452
1.182186
1.393837
1.393837
1.182186
1.210451
1.210451
1.308155
1.308155
1.254626
1.254626
1.396935
1.396935
1.274166
1.274166
1.250943
1.250943
1.325637
1.325637
1.262579
1.262579
1.327448
1.327448
1.300907
1.300907
1.238154
1.238154
1.280325
1.280325
1.205028
1.205028
1.041431
1.041431
1.356740
1.356740
1.333690
1.333690
1.206837
1.206837
1.346954
1.346954
1.297450
1.297450
1.390993
1.390993
1.217580
1.217580
1.275801
1.275801
1.390253
1.390253
1.306414
1.306414
1.155835
1.155835
1.370100
1.370100
1.154334
1.154334
1.392409
1.392409
1.150839
1.150839
1.162402
1.162402
1.392908
1.302580
1.302580
1.392908
1.292801
1.292801
1.220721
1.220721
1.326882
1.326882
1.019421
1.019421
1.194887
1.194887
1.291528
1.291528
1.322925
1.322925
1.379627
1.377484
1.379627
1.325644
1.377484
1.325644
1.270709
1.270709
1.356290
1.356290
1.384824
1.384824
1.314147
1.314147
1.335860
1.335860
1.198854
1.198854
1.355045
1.355045
1.361326
1.361326
1.071443
1.071443
1.281308
1.281308
1.349958
1.349958
1.357416
1.357416
1.321275
1.321275
1.289232
1.289232
1.265227
1.265227
1.318409
1.318409
1.398343
1.398343
1.228230
1.228230
1.344844
1.344844
1.382958
1.293981
1.293981
1.382958
1.375652
1.375652
1.286856
1.286856
1.334614
1.334614
1.081571
1.081571
1.378979
1.378979
1.348914
1.348914
1.349051
1.349051
1.135040
1.135040
1.167975
1.167975
1.290440
1.290440
1.296868
1.296868
1.123405
1.123405
1.230370
1.230370
1.361213
1.361213
1.399908
1.399908
1.366741
1.366741
1.305018
1.305018
1.090562
1.090562
1.038170
1.038170
1.221709
1.221709
1.266275
1.266275
1.384700
1.384700
1.315290
1.315290
1.273882
1.273882
1.277818
1.277818
1.253040
1.253040
1.335939
1.335939
1.159776
1.322433
1.322433
1.159776
1.383818
1.383818
1.049430
1.049430
1.258619
1.258619
1.345304
1.394358
1.345304
1.394358
1.169326
1.169326
1.195294
1.195294
1.145276
1.145276
1.319461
1.341333
1.319461
1.355682
1.355682
1.341333
1.313163
1.313163
1.290718
1.167739
1.167739
1.290718
1.338754
1.338754
1.381573
1.381573
1.384767
1.384767
1.338534
1.338534
1.185821
1.185821
1.213096
1.213096
1.299263
1.299263
1.314115
1.314115
1.239433
1.239433
1.315039
1.315039
1.350505
1.350505
1.251025
1.251025
1.225107
1.225107
1.060661
1.060661
1.237032
1.237032
1.388078
1.388078
1.226584
1.226584
1.330624
1.330624
1.298251
1.298251
1.205542
1.205542
1.280907
1.280907
1.293912
1.293912
1.227332
1.227332
1.348202
1.348202
1.274424
1.274424
1.338223
1.338223
1.182051
1.182051
1.163836
1.163836
1.290096
1.290096
1.267484
1.267484
1.372130
1.372130
1.391791
1.391791
1.372524
1.372524
1.273319
1.273319
1.296088
1.296088
1.391134
1.391134
1.380953
1.380953
1.392789
1.392789
1.286087
1.286087
1.394811
1.394811
1.366562
1.366562
1.376906
1.376906
1.032922
1.032922
1.160599
1.160599
1.230722
1.230722
1.389646
1.389646
1.240784
1.240784
1.391443
1.391443
1.338729
1.338729
1.380681
1.380681
1.365024
1.365024
1.350270
1.350270
1.170750
1.170750
1.078021
1.078021
1.207081
1.207081
1.357652
1.357652
1.249138
1.249138
1.375676
1.375676
1.282935
1.184517
1.184517
1.282935
1.391630
1.391630
1.185966
1.185966
1.330814
1.330814
1.358046
1.358046
1.276342
1.276342
1.392352
1.392352
1.160341
1.160341
1.277642
1.277642
1.263536
1.263536
1.207951
1.207951
1.191987
1.191987
1.398334
1.398334
1.375184
1.375184
1.237327
1.237327
1.390138
1.390138
1.140171
1.140171
1.340229
1.340229
1.368689
1.368689
1.248920
1.248920
1.327102
1.327102
1.286467
1.286467
1.188161
1.188161
1.142701
1.142701
1.323052
1.323052
1.251163
1.251163
1.253588
1.253588
1.293408
1.293408
1.281546
1.281546
1.089487
1.089487
1.093438
1.093438
1.395275
1.395275
1.329570
1.329570
1.348496
1.348496
1.141867
1.141867
1.233644
1.233644
1.081474
1.081474
1.160026
1.160026
1.181191
1.181191
1.040890
1.040890
1.384039
1.384039
1.388894
1.388894
1.230629
1.230629
1.187081
1.187081
1.372572
1.372572
1.225189
1.225189
1.269187
1.384151
1.269187
1.384151
1.262976
1.262976
1.372932
1.372932
1.127855
1.127855
1.399315
1.399315
1.266849
1.266849
1.144718
1.144718
1.133346
1.133346
1.115357
1.115357
1.329909
1.329909
1.216616
1.216616
1.325006
1.325006
1.146420
1.146420
1.161619
1.161619
1.363234
1.363234
1.304989
1.304989
1.308128
1.308128
1.182564
1.182564
1.357847
1.357847
1.399583
1.399583
1.155556
1.155556
1.221710
1.221710
1.304040
1.304040
1.356802
1.356802
1.365354
1.365354
1.336279
1.336279
1.379234
1.379234
1.377314
1.377314
1.353008
1.353008
1.159195
1.159195
1.390243
1.390243
1.354693
1.354693
1.265936
1.265936
1.352930
1.352930
1.371601
1.371601
1.355409
1.355409
1.280944
1.280944
1.159613
1.159613
1.228837
1.228837
1.322196
1.322196
1.166270
1.166270
1.375912
1.375912
1.358456
1.358456
1.247803
1.247803
1.311548
1.311548
1.281897
1.281897
1.383342
1.383342
1.377891
1.377891
1.037855
1.037855
1.169383
1.169383
1.218684
1.218684
1.128461
1.128461
1.311301
1.311301
1.148642
1.148642
1.399551
1.399551
1.281329
1.281329
1.364463
1.364463
1.359662
1.359662
1.396505
1.396505
1.125916
1.125916
1.228783
1.228783
1.193309
1.193309
1.359882
1.359882
1.357274
1.357274
1.366396
1.366396
1.032724
1.032724
1.264290
1.264290
1.226225
1.226225
1.381924
1.381924
1.325428
1.325428
1.287115
1.287115
1.332716
1.332716
1.399613
1.399613
1.328807
1.328807
1.192012
1.192012
1.256020
1.256020
1.324621
1.324621
1.147807
1.147807
1.379314
1.379314
1.184294
1.184294
1.267331
1.267331
1.378068
1.378068
1.324857
1.324857
1.340592
1.340592
1.373894
1.373894
1.367673
1.367673
1.228983
1.228983
1.367969
1.367969
1.386033
1.386033
1.184981
1.184981
1.309637
1.309637
1.228160
1.228160
1.140684
1.140684
1.364171
1.364171
1.307428
1.307428
1.371327
1.371327
1.204328
1.204328
1.263804
1.263804
1.344473
1.344473
1.186788
1.186788
1.339362
1.339362
1.122274
1.122274
1.188034
1.188034
1.240334
1.240334
1.219227
1.219227
1.357077
1.357077
1.394788
1.394788
1.208317
1.208317
1.352123
1.352123
1.237839
1.237839
1.110498
1.110498
1.335517
1.335517
1.335927
1.335927
1.239846
1.239846
1.343674
1.343674
1.373551
1.373551
1.300148
1.300148
1.374547
1.374547
