1.265939
1.265939
1.371399
1.371399
1.250290
1.250290
1.255654
1.255654
1.141857
1.141857
1.246222
1.246222
1.394491
1.394491
1.354836
1.354836
1.265878
1.265878
1.261565
1.261565
1.374760
1.374760
1.240321
1.240321
1.333883
1.333883
1.184968
1.184968
1.262809
1.262809
1.188019
1.188019
1.383574
1.383574
1.371806
1.369944
1.369944
1.371806
1.241438
1.241438
1.320243
1.320243
1.258812
1.258812
1.304477
1.304477
1.124671
1.181997
1.124671
1.181997
1.289155
1.289155
1.326037
1.251082
1.326037
1.251082
1.274996
1.274996
1.333292
1.333292
1.383850
1.383850
1.374002
1.374002
1.011796
1.011796
1.315297
1.315297
1.256323
1.256323
1.347788
1.347788
1.323558
1.323558
1.374366
1.374366
1.384256
1.384256
1.231274
1.231274
1.355947
1.355947
1.249589
1.249589
1.354515
1.354515
1.365462
1.365462
1.134937
1.134937
1.253749
1.253749
1.380778
1.380778
1.355142
1.355142
1.105568
1.105568
1.091827
1.091827
1.363301
1.363301
1.278067
1.278067
1.146785
1.146785
1.251443
1.251443
1.388856
1.388856
1.351045
1.351045
1.370128
1.370128
1.236365
1.236365
1.225483
1.225483
1.354991
1.354991
1.240354
1.240354
1.185259
1.185259
1.330246
1.330246
1.302728
1.302728
1.318589
1.318589
1.266550
1.266550
1.157004
1.157004
1.251031
1.251031
1.285082
1.285082
1.331960
1.226314
1.226314
1.331960
1.297197
1.297197
1.231072
1.231072
1.383116
1.383116
1.158673
1.158673
1.397836
1.397836
1.142828
1.142828
1.274429
1.274429
1.254772
1.254772
1.310550
1.310550
1.376904
1.376904
1.283213
1.283213
1.332290
1.292199
1.332290
1.292199
1.343994
1.343994
1.361820
1.361820
1.344046
1.344046
1.250546
1.250546
1.330936
1.330936
1.389238
1.389238
1.376643
1.376643
1.373918
1.373918
1.216520
1.216520
1.086199
1.086199
1.207373
1.207373
1.272477
1.272477
1.135567
1.135567
1.272916
1.272916
1.361683
1.361683
1.355396
1.355396
1.319880
1.319880
1.382362
1.382362
1.228631
1.228631
1.367571
1.367571
1.386626
1.386626
1.307795
1.307795
1.381294
1.381294
1.100067
1.100067
1.339713
1.339713
1.302916
1.302916
1.175032
1.175032
1.140113
1.140113
1.307547
1.307547
1.145971
1.145971
1.253689
1.253689
1.320069
1.320069
1.345216
1.345216
1.163606
1.163606
1.298323
1.298323
1.345216
1.345216
1.364897
1.364897
1.279202
1.279202
1.348660
1.348660
1.390279
1.390279
1.393938
1.393938
1.179428
1.179428
1.029267
1.029267
1.305583
1.305583
1.262462
1.262462
1.361950
1.361950
1.334871
1.334871
1.342128
1.342128
1.297897
1.297897
1.382567
1.382567
1.312308
1.312308
1.315077
1.315077
1.352470
1.158107
1.158107
1.352470
1.347869
1.347869
1.332009
1.332009
1.070953
1.070953
1.139168
1.139168
1.335314
1.335314
1.246384
1.246384
1.397878
1.397878
1.190789
1.190789
1.156660
1.156660
1.321961
1.321961
1.237459
1.237459
1.215506
1.215506
1.339312
1.339312
1.288653
1.288653
1.305087
1.305087
1.260200
1.260200
1.369235
1.369235
1.335656
1.335656
1.350420
1.350420
1.179302
1.179302
1.396987
1.338030
1.338030
1.396987
1.316800
1.316800
1.339779
1.339779
1.345366
1.345366
1.354786
1.354786
1.395684
1.395684
1.161479
1.161479
1.370629
1.370629
1.299649
1.299649
1.303957
1.303957
1.216937
1.216937
1.103710
1.103710
1.326807
1.326807
1.278945
1.278945
1.364343
1.364343
1.299648
1.299648
1.285111
1.285111
1.268381
1.268381
1.110220
1.110220
1.170459
1.391362
1.391362
1.170459
1.391297
1.391297
1.114479
1.114479
1.319837
1.319837
1.396513
1.396513
1.164628
1.164628
1.389422
1.389422
1.364570
1.364570
1.152188
1.152188
1.359592
1.359592
1.270161
1.270161
1.292592
1.292592
1.376691
1.376691
1.175017
1.175017
1.363986
1.363986
1.182104
1.170634
1.182104
1.170634
1.247739
1.247739
1.372932
1.372932
1.234583
1.234583
1.111486
1.111486
1.358252
1.358252
1.267197
1.267197
1.381089
1.381089
1.359433
1.359433
1.092427
1.270211
1.092427
1.270211
1.067298
1.067298
1.391436
1.391436
1.273972
1.273972
1.327030
1.327030
1.275784
1.275784
1.279263
1.339179
1.279263
1.339179
1.298687
1.298687
1.061823
1.061823
1.108543
1.376356
1.108543
1.376356
1.317249
1.317249
1.348057
1.348057
1.285645
1.285645
1.276786
1.276786
1.183292
1.183292
1.259401
1.259401
1.157198
1.157198
1.149081
1.149081
1.132842
1.132842
1.373858
1.373858
1.306882
1.306882
1.318695
1.318695
1.237912
1.237912
1.358048
1.358048
1.140947
1.140947
1.335938
1.335938
1.316781
1.316781
1.381610
1.381610
1.329237
1.329237
1.377224
1.377224
1.287626
1.287626
1.399211
1.399211
1.354550
1.354550
1.274648
1.274648
1.293907
1.293907
1.351170
1.351170
1.324137
1.324137
1.381608
1.381608
1.273644
1.273644
1.365068
1.365068
1.337477
1.337477
1.243218
1.243218
1.229798
1.229798
1.346421
1.346421
1.340224
1.340224
1.222671
1.222671
1.393394
1.393394
1.196503
1.196503
1.379194
1.379194
1.309895
1.309895
1.365771
1.365771
1.117414
1.117414
1.308799
1.308799
1.343146
1.343146
1.160993
1.160993
1.313370
1.313370
1.376821
1.376821
1.346701
1.346701
1.387620
1.387620
1.340582
1.340582
1.142450
1.142450
1.380996
1.380996
1.126593
1.126593
1.346321
1.346321
1.235783
1.235783
1.300455
1.300455
1.125236
1.125236
1.211546
1.211546
1.328608
1.328608
1.055492
1.055492
1.079816
1.079816
1.344752
1.344752
1.247635
1.247635
1.381079
1.381079
1.380801
1.380801
1.257560
1.257560
1.247401
1.247401
1.373423
1.373423
1.283429
1.283429
1.361852
1.361852
1.347793
1.347793
1.349201
1.349201
1.374519
1.374519
1.230912
1.230912
1.357936
1.357936
1.259982
1.259982
1.175169
1.175169
1.356181
1.356181
1.112654
1.112654
1.214550
1.214550
1.231146
1.231146
1.328589
1.328589
1.252447
1.252447
1.180849
1.180849
1.280580
1.280580
1.392350
1.392350
1.240602
1.240602
1.061212
1.061212
1.370843
1.370843
1.316373
1.316373
1.292827
1.292827
1.305311
1.305311
1.325688
1.325688
1.258393
1.258393
1.154533
1.154533
1.261213
1.261213
1.266084
1.266084
1.384544
1.384544
1.139463
1.139463
1.195203
1.195203
1.199333
1.199333
1.288241
1.288241
1.282569
1.282569
1.303452
1.303452
1.388736
1.388736
1.378383
1.378383
1.315604
1.315604
1.396676
1.396676
1.179197
1.179197
1.320097
1.320097
1.398268
1.398268
1.318917
1.318917
1.100537
1.100537
1.186068
1.186068
1.228942
1.228942
1.155531
1.155531
1.347741
1.347741
1.233008
1.233008
1.291517
1.291517
1.315490
1.315490
1.128003
1.128003
1.224821
1.224821
1.387511
1.387511
1.353357
1.353357
1.384707
1.384707
1.392413
1.392413
1.258893
1.258893
1.372489
1.372489
1.198501
1.198501
1.373615
1.373615
1.235857
1.235857
1.266718
1.266718
1.278178
1.278178
1.313760
1.313760
1.194697
1.194697
1.339345
1.312366
1.312366
1.339345
1.396962
1.396962
1.357168
1.357168
1.157893
1.157893
1.262020
1.262020
1.320541
1.320541
1.385190
1.385190
1.367515
1.367515
1.296416
1.296416
1.389990
1.389990
1.330034
1.330034
1.238952
1.238952
1.349657
1.349657
1.354399
1.354399
1.356321
1.356321
1.172502
1.172502
1.322337
1.322337
1.361485
1.361485
