1.107631
1.107631
1.382102
1.382102
1.377921
1.377921
1.336328
1.336328
1.373131
1.373131
1.385371
1.385371
1.352110
1.352110
1.352014
1.352014
1.236424
1.236424
1.372853
1.372853
1.373244
1.373244
1.216241
1.216241
1.399947
1.399947
1.125840
1.125840
1.306800
1.306800
1.214703
1.214703
1.174706
1.174706
1.270379
1.270379
1.230070
1.230070
1.325940
1.325940
1.357594
1.357594
1.303388
1.303388
1.313311
1.313311
1.243533
1.243533
1.321548
1.321548
1.159694
1.159694
1.375838
1.375838
1.355577
1.355577
1.365513
1.365513
1.346204
1.346204
1.241288
1.241288
1.300530
1.300530
1.332470
1.332470
1.111839
1.111839
1.239859
1.239859
1.329560
1.329560
1.166453
1.166453
1.343035
1.343035
1.247597
1.247597
1.309080
1.309080
1.374080
1.374080
1.215838
1.215838
1.349491
1.349491
1.319341
1.319341
1.358620
1.358620
1.377661
1.377661
1.141995
1.141995
1.298662
1.298662
1.245029
1.245029
1.205884
1.205884
1.336980
1.336980
1.386857
1.386857
1.284899
1.284899
1.325912
1.325912
1.198732
1.198732
1.254230
1.254230
1.071758
1.071758
1.385555
1.385555
1.240304
1.240304
1.153129
1.153129
1.263058
1.263058
1.294897
1.294897
1.305765
1.305765
1.341076
1.341076
1.340567
1.340567
1.344749
1.344749
1.109903
1.109903
1.352934
1.352934
1.376880
1.376880
1.236940
1.236940
1.389006
1.389006
1.378989
1.378989
1.284873
1.284873
1.173323
1.173323
