1.397652
1.397652
1.381394
1.381394
1.375724
1.375724
1.274151
1.274151
1.240176
1.240176
1.229604
1.229604
1.391192
1.391192
1.325434
1.325434
1.061702
1.061702
1.399151
1.399151
1.287441
1.287441
1.390748
1.390748
1.398652
1.398652
1.347634
1.347634
1.288242
1.288242
1.172295
1.172295
1.389017
1.389017
1.312726
1.312726
1.364150
1.364150
1.316751
1.316751
1.379219
1.379219
1.183819
1.183819
1.372482
1.372482
1.175191
1.175191
1.333359
1.333359
1.199970
1.199970
1.308544
1.308544
1.336528
1.336528
1.333560
1.333560
1.355353
1.355353
1.337782
1.337782
1.386450
1.386450
1.392635
1.392635
1.086096
1.086096
1.163386
1.275756
1.275756
1.163386
1.345471
1.345471
1.174409
1.220871
1.174409
1.220871
1.353850
1.353850
1.366124
1.366124
1.201892
1.201892
1.347598
1.347598
1.197233
1.197233
1.165921
1.165921
1.269068
1.269068
1.167848
1.167848
1.324737
1.324737
1.243872
1.243872
1.331254
1.331254
1.254155
1.254155
1.221147
1.221147
1.138000
1.138000
1.245243
1.245243
1.151824
1.151824
1.386561
1.386561
1.396189
1.396189
1.367843
1.367843
1.236104
1.236104
1.379251
1.379251
1.383426
1.383426
1.366876
1.366876
1.240418
1.240418
1.399010
1.399010
1.298436
1.298436
1.116769
1.116769
1.208069
1.208069
1.330966
1.330966
1.122471
1.122471
1.311794
1.311794
1.282352
1.282352
1.279777
1.279777
1.324791
1.324791
1.397111
1.397111
1.094567
1.094567
1.383254
1.383254
1.389743
1.389743
1.267682
1.267682
1.343821
1.343821
1.212768
1.212768
1.364740
1.364740
1.166284
1.166284
1.205248
1.205248
1.298996
1.298996
1.217736
1.217736
1.312985
1.312985
1.168395
1.168395
1.244758
1.244758
1.302769
1.302769
1.377898
1.377898
1.194184
1.194184
1.169711
1.169711
1.252786
1.252786
1.386646
1.386646
1.080858
1.080858
1.380425
1.380425
