1.218363
1.218363
1.300493
1.300493
1.109586
1.109586
1.388068
1.388068
1.377097
1.377097
1.135360
1.135360
1.192718
1.192718
1.389936
1.389936
1.177187
1.177187
1.230265
1.230265
1.295978
1.295978
1.231235
1.231235
1.305858
1.305858
1.367299
1.367299
1.145277
1.145277
1.392233
1.392233
1.392242
1.392242
1.086586
1.086586
1.243383
1.243383
1.348601
1.348601
1.372850
1.372850
1.334640
1.334640
1.246239
1.246239
1.306900
1.306900
1.392147
1.392147
1.223459
1.223459
1.345839
1.345839
1.331928
1.331928
1.183466
1.183466
1.316841
1.316841
1.206288
1.206288
1.343448
1.343448
1.230008
1.230008
1.370780
1.370780
1.366556
1.366556
1.274343
1.274343
1.206014
1.206014
1.347953
1.347953
1.169855
1.169855
1.245846
1.245846
1.288857
1.288857
1.228951
1.228951
1.357623
1.357623
1.231524
1.231524
1.274367
1.274367
1.222933
1.222933
1.340670
1.340670
1.389275
1.389275
1.383103
1.383103
1.268165
1.268165
1.353155
1.353155
1.323255
1.323255
1.320357
1.320357
1.075496
1.075496
1.397771
1.397771
1.316272
1.316272
1.298923
1.298923
1.333313
1.333313
1.178329
1.178329
1.184126
1.184126
1.259963
1.259963
1.393015
1.393015
1.382413
1.382413
1.275625
1.275625
1.335455
1.335455
1.359004
1.359004
1.317002
1.317002
1.206521
1.206521
1.168387
1.168387
1.318036
1.318036
1.236381
1.236381
1.338088
1.338088
1.220243
1.220243
1.350687
1.350687
1.118200
1.118200
1.104930
1.104930
1.142389
1.142389
1.148228
1.148228
1.383471
1.383471
1.325836
1.325836
1.362726
1.362726
1.276577
1.276577
1.161299
1.161299
1.238047
1.238047
1.346000
1.346000
1.284667
1.284667
1.263458
1.263458
1.363016
1.363016
1.307892
1.307892
1.237231
1.237231
1.329200
1.329200
1.287211
1.287211
1.261972
1.261972
1.220105
1.220105
1.352224
1.352224
1.337939
1.337939
1.383335
1.383335
1.382666
1.382666
1.288359
1.288359
1.293636
1.293636
1.115999
1.115999
1.213654
1.213654
1.241813
1.241813
1.188449
1.188449
1.356160
1.356160
1.326639
1.326639
1.207638
1.207638
1.305186
1.305186
