1.293296
1.293296
1.384393
1.384393
1.274492
1.274492
1.305642
1.305642
1.357915
1.357915
1.398788
1.398788
1.276390
1.267531
1.276390
1.267531
1.154966
1.154966
1.103052
1.103052
1.267013
1.267013
1.306164
1.306164
1.124049
1.124049
1.182962
1.182962
1.140901
1.140901
1.237071
1.237071
1.320955
1.320955
1.274232
1.274232
1.202633
1.202633
1.168882
1.168882
1.386976
1.386976
1.218701
1.218701
1.323995
1.323995
1.254343
1.254343
1.088045
1.088045
1.348190
1.348190
1.156283
1.156283
1.344397
1.344397
1.154286
1.154286
1.304388
1.304388
1.149341
1.149341
1.397434
1.397434
1.339803
1.339803
1.179883
1.179883
1.366656
1.366656
1.215143
1.215143
1.276519
1.276519
1.315248
1.315248
1.344932
1.344932
1.199099
1.199099
1.273542
1.273542
1.288561
1.288561
1.388152
1.388152
1.297530
1.297530
1.370138
1.370138
1.365786
1.365786
1.334256
1.334256
1.122363
1.122363
1.046822
1.046822
1.397666
1.397666
1.315135
1.315135
1.384097
1.384097
1.197539
1.197539
1.093567
1.093567
1.306673
1.306673
1.346859
1.346859
1.383188
1.383188
1.307319
1.307319
1.316107
1.316107
1.353916
1.353916
1.389793
1.389793
1.362090
1.362090
1.177848
1.177848
1.287407
1.287407
1.222543
1.222543
1.316180
1.316180
1.210868
1.210868
1.228639
1.228639
1.249764
1.249764
1.147696
1.147696
1.238869
1.238869
1.323867
1.323867
1.395949
1.395949
1.254682
1.254682
1.240158
1.240158
1.119387
1.119387
1.293550
1.293550
1.355085
1.355085
1.284032
1.284032
1.353544
1.353544
1.321669
1.321669
1.198420
1.198420
1.118506
1.118506
1.366742
1.366742
1.258677
1.258677
1.269125
1.269125
1.211133
1.211133
1.380536
1.380536
1.184327
1.184327
1.391415
1.391415
1.235577
1.235577
1.190649
1.190649
1.305985
1.305985
1.347022
1.347022
1.343211
1.343211
1.068304
1.068304
1.311196
1.311196
1.125460
1.125460
1.334560
1.334560
1.324853
1.324853
1.385526
1.385526
1.379073
1.379073
1.366577
1.366577
1.204579
1.204579
1.388054
1.388054
1.371434
1.371434
1.398131
1.398131
1.393808
1.393808
1.378757
1.378757
1.393452
1.393452
1.341108
1.341108
1.283830
1.283830
1.311538
1.311538
