1.307239
1.307239
1.151769
1.151769
1.305137
1.305137
1.360815
1.360815
1.387111
1.387111
1.370620
1.370620
1.213401
1.213401
1.198748
1.198748
1.263673
1.263673
1.341394
1.341394
1.321409
1.321409
1.325078
1.325078
1.331897
1.331897
1.366295
1.366295
1.171571
1.171571
1.317172
1.317172
1.399628
1.399628
1.307769
1.307769
1.393525
1.393525
1.327171
1.327171
1.340392
1.340392
1.305862
1.305862
1.368476
1.368476
1.381758
1.381758
1.042328
1.042328
1.155390
1.155390
1.232727
1.232727
1.318829
1.318829
1.351735
1.351735
1.393036
1.393036
1.351388
1.351388
1.240593
1.240593
1.366815
1.366815
1.358750
1.358750
1.383180
1.383180
1.246039
1.246039
1.377223
1.377223
1.210377
1.210377
1.159071
1.159071
1.397621
1.397621
1.322626
1.322626
1.211747
1.211747
1.323481
1.323481
1.333821
1.333821
1.191981
1.191981
1.135268
1.135268
1.365599
1.365599
1.373307
1.373307
1.340751
1.340751
1.368555
1.368555
1.396384
1.396384
1.397111
1.397111
1.336382
1.336382
1.268573
1.268573
1.303883
1.303883
1.385213
1.385213
1.334255
1.334255
1.311345
1.311345
1.117435
1.117435
1.126367
1.126367
1.264490
1.264490
1.284345
1.284345
1.308869
1.308869
1.203913
1.203913
1.213971
1.213971
1.346626
1.346626
1.095216
1.095216
1.284145
1.284145
1.231428
1.231428
1.100163
1.100163
1.320697
1.320697
1.074413
1.074413
1.071252
1.071252
1.344953
1.344953
1.265980
1.265980
1.268743
1.268743
1.271218
1.271218
1.292543
1.292543
1.399188
1.399188
1.256767
1.256767
1.367816
1.367816
1.289143
1.289143
1.360745
1.360745
1.201488
1.201488
1.169572
1.169572
1.253150
1.253150
1.065798
1.065798
1.398980
1.398980
1.214824
1.214824
1.282794
1.282794
1.312401
1.312401
1.262784
1.262784
1.281913
1.281913
1.189875
1.189875
1.279826
1.279826
1.229993
1.229993
