1.332432
1.332432
1.170828
1.170828
1.306528
1.306528
1.318117
1.318117
1.286700
1.286700
1.132482
1.132482
1.034665
1.034665
1.366687
1.366687
1.312384
1.312384
1.350504
1.350504
1.272551
1.272551
1.324284
1.324284
1.181587
1.181587
1.118764
1.118764
1.324811
1.324811
1.391634
1.391634
1.282897
1.282897
1.373264
1.373264
1.395221
1.395221
1.354003
1.354003
1.397032
1.397032
1.390699
1.390699
1.254698
1.254698
1.164859
1.164859
1.388700
1.388700
1.384565
1.384565
1.347621
1.347621
1.254997
1.254997
1.379935
1.379935
1.339010
1.339010
1.358937
1.358937
1.163963
1.163963
1.286523
1.286523
1.343157
1.343157
1.267525
1.267525
1.397322
1.397322
1.304410
1.304410
1.337764
1.337764
1.257098
1.257098
1.363338
1.363338
1.347917
1.347917
1.226254
1.226254
1.270277
1.270277
1.340771
1.340771
1.343927
1.343927
1.310208
1.310208
1.195265
1.195265
1.314983
1.314983
1.121768
1.121768
1.097391
1.097391
1.328957
1.328957
1.319248
1.319248
1.293901
1.293901
1.356131
1.356131
1.255365
1.255365
1.397862
1.397862
1.135069
1.135069
1.378755
1.378755
1.376468
1.376468
1.371707
1.371707
1.268206
1.268206
1.363559
1.363559
1.396992
1.396992
1.387629
1.387629
1.226134
1.226134
1.229055
1.229055
1.249183
1.249183
1.370496
1.370496
1.273308
1.342704
1.273308
1.342704
1.263710
1.263710
1.324859
1.324859
1.171610
1.171610
1.389204
1.389204
1.374343
1.374343
1.374461
1.374461
1.357563
1.357563
1.205156
1.205156
1.349998
1.349998
1.303238
1.303238
1.192537
1.192537
1.303173
1.303173
1.384839
1.384839
1.100383
1.100383
1.389016
1.389016
1.211362
1.211362
1.341695
1.341695
1.275803
1.275803
1.060792
1.060792
1.324652
1.324652
1.194741
1.194741
1.291915
1.291915
1.215354
1.215354
1.287191
1.287191
1.116873
1.116873
1.160914
1.160914
1.375790
1.375790
1.064769
1.064769
1.336749
1.336749
1.363800
1.363800
1.176812
1.176812
1.386540
1.386540
1.057837
1.057837
1.330871
1.330871
1.129400
1.129400
1.379612
1.379612
1.220246
1.220246
1.331109
1.331109
1.302261
1.302261
1.355328
1.355328
1.377444
1.377444
1.339107
1.339107
1.185390
1.185390
1.305594
1.305594
1.166231
1.166231
1.136138
1.136138
1.217291
1.217291
1.323748
1.323748
1.109292
1.109292
1.349823
1.349823
1.348838
1.348838
1.268791
1.268791
1.267629
1.267629
1.373677
1.373677
1.339609
1.339609
