1.377504
1.377504
1.108611
1.108611
1.142590
1.142590
1.298338
1.298338
1.241913
1.241913
1.374736
1.374736
1.276597
1.276597
1.380569
1.380569
1.140967
1.140967
1.310403
1.310403
1.108088
1.108088
1.397103
1.397103
1.213663
1.213663
1.213304
1.213304
1.086008
1.086008
1.336392
1.336392
1.346306
1.346306
1.276963
1.276963
1.391235
1.391235
1.070023
1.070023
1.328867
1.328867
1.373463
1.373463
1.307682
1.307682
1.254879
1.254879
1.315203
1.315203
1.275443
1.275443
1.151467
1.151467
1.367003
1.367003
1.352272
1.352272
1.356586
1.356586
1.377350
1.377350
1.255107
1.255107
1.297390
1.297390
1.361789
1.361789
1.267114
1.267114
1.288224
1.288224
1.283336
1.283336
1.364002
1.364002
1.216981
1.216981
1.228886
1.228886
1.314190
1.314190
1.324052
1.222396
1.324052
1.222396
1.285623
1.285623
1.330252
1.330252
1.323967
1.323967
1.079606
1.079606
1.394691
1.394691
1.291330
1.291330
1.352368
1.352368
1.288659
1.288659
1.327341
1.327341
1.340666
1.340666
1.336173
1.336173
1.200666
1.200666
1.187048
1.187048
1.323921
1.323921
1.349606
1.349606
1.374167
1.374167
1.361107
1.361107
1.394281
1.394281
1.397163
1.397163
1.386301
1.386301
1.299544
1.299544
1.161945
1.161945
1.120146
1.120146
1.345641
1.345641
1.271103
1.271103
1.193688
1.193688
1.179339
1.179339
1.380000
1.380000
1.310913
1.310913
1.282764
1.282764
1.142431
1.142431
1.255015
1.255015
1.135851
1.135851
1.305513
1.305513
1.097977
1.097977
1.106152
1.106152
1.074140
1.074140
1.258478
1.258478
1.380922
1.380922
1.185134
1.185134
1.213402
1.213402
1.269948
1.269948
1.256304
1.256304
1.098647
1.098647
1.311800
1.311800
1.362228
1.362228
1.399937
1.399937
1.310463
1.310463
1.226436
1.226436
1.213808
1.213808
1.066766
1.066766
1.123029
1.123029
1.306370
1.306370
1.343045
1.343045
1.309400
1.309400
1.391984
1.391984
1.219938
1.219938
1.316182
1.316182
1.371202
1.371202
1.153653
1.153653
1.288627
1.288627
1.345868
1.345868
1.336620
1.336620
1.241604
1.241604
1.280283
1.280283
1.190332
1.190332
1.311239
1.311239
1.178265
1.178265
1.336876
1.336876
1.150670
1.150670
1.341757
1.341757
