1.282430
1.282430
1.244730
1.244730
1.359500
1.359500
1.053405
1.053405
1.297950
1.297950
1.152676
1.152676
1.233702
1.233702
1.330675
1.330675
1.351021
1.351021
1.256932
1.256932
1.251834
1.251834
1.391295
1.391295
1.368847
1.368847
1.212367
1.212367
1.277906
1.277906
1.269538
1.269538
1.334076
1.334076
1.279534
1.279534
1.133281
1.133281
1.336792
1.336792
1.385492
1.385492
1.352695
1.352695
1.205751
1.205751
1.360489
1.360489
1.297457
1.297457
1.305123
1.305123
1.028030
1.028030
1.380831
1.380831
1.232303
1.232303
1.194401
1.194401
1.358489
1.358489
1.299358
1.299358
1.330181
1.330181
1.325128
1.325128
1.324510
1.324510
1.088903
1.088903
1.353644
1.353644
1.241929
1.241929
1.106087
1.106087
1.300467
1.300467
1.268413
1.268413
1.265696
1.265696
1.249214
1.249214
1.312308
1.312308
1.387863
1.387863
1.374608
1.374608
1.301639
1.301639
1.046039
1.046039
1.271224
1.271224
1.361360
1.361360
1.277951
1.277951
1.221318
1.221318
1.146585
1.146585
1.337571
1.337571
1.230684
1.230684
1.294394
1.294394
1.162872
1.162872
1.237631
1.237631
1.374154
1.374154
1.283296
1.283296
1.302503
1.302503
1.376278
1.376278
1.080498
1.080498
1.189955
1.355828
1.189955
1.355828
1.320979
1.320979
1.303637
1.303637
1.270773
1.270773
1.355625
1.355625
1.173318
1.173318
1.376737
1.376737
1.232175
1.232175
1.251216
1.251216
1.348775
1.348775
1.254391
1.254391
1.322348
1.322348
1.380472
1.380472
1.371914
1.371914
1.284120
1.284120
1.290731
1.290731
1.302434
1.302434
1.390820
1.390820
1.346472
1.346472
1.358735
1.358735
1.332735
1.332735
1.333867
1.333867
1.382106
1.382106
1.100732
1.100732
1.276685
1.276685
1.320800
1.320800
1.359847
1.359847
1.148120
1.148120
1.265773
1.265773
1.333555
1.333555
1.281413
1.281413
1.352581
1.352581
1.201723
1.201723
1.290897
1.290897
1.393021
1.393021
1.155650
1.155650
1.340227
1.340227
1.335384
1.335384
1.317685
1.317685
1.306126
1.306126
1.277725
1.277725
1.167712
1.384760
1.384760
1.167712
1.287820
1.287820
1.296189
1.296189
1.377920
1.377920
1.286873
1.286873
1.195669
1.195669
1.396183
1.396183
1.380242
1.380242
1.317193
1.317193
1.372529
1.372529
1.170218
1.170218
1.210347
1.210347
1.257819
1.257819
1.164365
1.164365
1.293666
1.293666
1.235500
1.235500
1.126570
1.126570
1.220076
1.220076
1.389571
1.389571
1.326552
1.326552
1.375994
1.375994
1.246088
1.246088
1.377911
1.377911
1.389512
1.389512
1.099552
1.099552
1.196693
1.196693
1.061778
1.061778
1.073856
1.073856
1.309520
1.309520
1.272148
1.272148
1.293718
1.293718
1.242101
1.242101
1.355782
1.355782
1.243130
1.243130
1.326123
1.326123
1.197038
1.197038
1.352500
1.352500
1.233461
1.233461
1.286373
1.286373
1.389271
1.389271
1.256935
1.256935
1.361795
1.361795
1.279294
1.279294
1.160211
1.160211
1.290007
1.290007
1.307068
1.307068
1.183108
1.183108
1.246513
1.246513
1.367198
1.367198
1.304233
1.304233
1.372230
1.372230
1.372138
1.372138
1.382689
1.382689
1.224575
1.224575
1.397071
1.397071
1.332142
1.332142
1.391749
1.391749
1.388998
1.388998
1.280338
1.280338
