1.397984
1.397984
1.392532
1.392532
1.361645
1.361645
1.235659
1.235659
1.397128
1.397128
1.090878
1.090878
1.371887
1.371887
1.303270
1.303270
1.391168
1.391168
1.190546
1.190546
1.392636
1.392636
1.346175
1.346175
1.386524
1.386524
1.390630
1.390630
1.294920
1.294920
1.367115
1.367115
1.286536
1.286536
1.190437
1.190437
1.170233
1.170233
1.351890
1.351890
1.334257
1.334257
1.145638
1.145638
1.270222
1.270222
1.257350
1.257350
1.133007
1.133007
1.248418
1.248418
1.257060
1.257060
1.315550
1.315550
1.373814
1.373814
1.075539
1.075539
1.331965
1.331965
1.333629
1.333629
1.394789
1.394789
1.215108
1.215108
1.110091
1.110091
1.368934
1.368934
1.322362
1.322362
1.318687
1.318687
1.342932
1.342932
1.306098
1.306098
1.261114
1.261114
1.353666
1.353666
1.387789
1.387789
1.183030
1.183030
1.388142
1.388142
1.386951
1.386951
1.372095
1.372095
1.357041
1.357041
1.361765
1.361765
1.196425
1.196425
1.158316
1.158316
1.323366
1.323366
1.392414
1.392414
1.350912
1.350912
1.157148
1.157148
1.329837
1.329837
1.300781
1.300781
1.301706
1.301706
1.097635
1.097635
1.361133
1.361133
1.398435
1.398435
1.296921
1.296921
1.387916
1.387916
1.348043
1.348043
1.360646
1.360646
1.389857
1.389857
1.370449
1.370449
1.338490
1.338490
1.376989
1.376989
1.220884
1.220884
1.239096
1.239096
1.234425
1.234425
1.396795
1.396795
1.331017
1.331017
1.247646
1.247646
1.361772
1.361772
1.241174
1.241174
1.380716
1.380716
1.280450
1.280450
1.377606
1.377606
1.150481
1.150481
1.154752
1.154752
1.274720
1.274720
1.242392
1.242392
1.229576
1.229576
1.241825
1.241825
1.338095
1.338095
1.287235
1.287235
1.244211
1.244211
1.106727
1.106727
1.349503
1.349503
1.351187
1.351187
1.270725
1.270725
1.297862
1.297862
1.306626
1.306626
1.227623
1.227623
1.397267
1.397267
1.380727
1.380727
1.378360
1.378360
1.202670
1.202670
1.355880
1.355880
1.394259
1.394259
1.282244
1.282244
1.250131
1.250131
1.396780
1.396780
1.359028
1.359028
1.307566
1.307566
1.149930
1.149930
1.344209
1.344209
1.229183
1.229183
1.277100
1.277100
1.328465
1.328465
1.279026
1.279026
1.260170
1.260170
1.328931
1.328931
1.054788
1.054788
1.267495
1.267495
1.340898
1.340898
1.254814
1.254814
1.290843
1.290843
1.216035
1.216035
1.351103
1.351103
1.312326
1.312326
1.395221
1.395221
1.304853
1.304853
1.206186
1.206186
1.300547
1.300547
1.135208
1.135208
1.227275
1.227275
1.366377
1.366377
1.377506
1.377506
