1.193813
1.193813
1.159871
1.159871
1.059335
1.059335
1.190444
1.190444
1.353290
1.353290
1.296575
1.296575
1.378990
1.378990
1.353516
1.353516
1.164688
1.164688
1.245858
1.245858
1.260343
1.260343
1.322190
1.322190
1.309172
1.309172
1.171326
1.171326
1.199185
1.199185
1.398881
1.398881
1.235308
1.235308
1.250389
1.250389
1.208484
1.208484
1.163697
1.163697
1.289212
1.289212
1.366168
1.366168
1.093423
1.093423
1.183385
1.183385
1.301525
1.301525
1.265091
1.265091
1.242573
1.242573
1.187624
1.187624
1.245053
1.245053
1.353797
1.353797
1.187936
1.187936
1.261714
1.261714
1.353567
1.353567
1.299219
1.299219
1.328346
1.328346
1.327519
1.327519
1.322286
1.322286
1.242771
1.242771
1.293516
1.293516
1.370915
1.370915
1.389569
1.389569
1.229811
1.229811
1.389230
1.389230
1.315016
1.315016
1.188956
1.188956
1.361957
1.361957
1.372568
1.372568
1.391988
1.391988
1.348688
1.348688
1.365804
1.365804
1.380413
1.380413
1.371770
1.371770
1.284674
1.284674
1.287737
1.287737
1.233290
1.242610
1.242610
1.233290
1.218037
1.218037
1.174515
1.174515
1.116287
1.116287
1.399958
1.399958
1.332990
1.332990
1.272582
1.272582
1.084178
1.084178
1.150859
1.150859
1.223715
1.223715
1.224094
1.224094
1.319171
1.319171
1.107461
1.107461
1.163556
1.163556
1.117313
1.117313
1.271043
1.271043
1.187583
1.187583
1.240615
1.240615
1.301200
1.301200
1.127959
1.127959
1.366884
1.366884
1.215115
1.215115
1.356221
1.356221
1.124987
1.124987
1.260325
1.260325
1.262217
1.262217
1.376942
1.376942
1.106712
1.106712
1.357974
1.357974
1.307786
1.307786
1.240413
1.240413
1.396121
1.396121
1.360851
1.360851
1.265784
1.265784
1.308104
1.308104
1.289413
1.289413
