1.309715
1.309715
1.352327
1.352327
1.387039
1.387039
1.398192
1.398192
1.378726
1.378726
1.130200
1.130200
1.174284
1.174284
1.383305
1.383305
1.342954
1.342954
1.280951
1.280951
1.288177
1.288177
1.362464
1.362464
1.393176
1.393176
1.346592
1.346592
1.230236
1.295177
1.230236
1.295177
1.237365
1.237365
1.256059
1.256059
1.383724
1.383724
1.238394
1.238394
1.164409
1.164409
1.272234
1.272234
1.249802
1.249802
1.346098
1.346098
1.032511
1.032511
1.319594
1.319594
1.366622
1.366622
1.335695
1.335695
1.211616
1.211616
1.271845
1.271845
1.215452
1.215452
1.366281
1.366281
1.241003
1.241003
1.389927
1.389927
1.356285
1.356285
1.241627
1.241627
1.297393
1.297393
1.220698
1.220698
1.358199
1.358199
1.198881
1.198881
1.132978
1.132978
1.361032
1.361032
1.085788
1.085788
1.375108
1.375108
1.143391
1.143391
1.369542
1.369542
1.287202
1.287202
1.231117
1.231117
1.333215
1.333215
1.353223
1.353223
1.351779
1.351779
1.260255
1.260255
1.260367
1.260367
1.368528
1.368528
1.397491
1.397491
1.235084
1.235084
1.129885
1.129885
1.320553
1.320553
1.340243
1.340243
1.369435
1.369435
1.387744
1.387744
1.358492
1.358492
1.090426
1.090426
1.230229
1.230229
1.306992
1.306992
1.255863
1.255863
1.163133
1.163133
1.361246
1.361246
1.375266
1.375266
1.156870
1.156870
1.363989
1.363989
1.368882
1.368882
1.362825
1.362825
1.298377
1.298377
1.321833
1.321833
1.331461
1.331461
1.301835
1.301835
1.239466
1.239466
1.243986
1.243986
1.341494
1.341494
1.363177
1.363177
1.120685
1.120685
1.187805
1.187805
1.350921
1.350921
1.232755
1.232755
1.362191
1.362191
1.366182
1.366182
1.323633
1.323633
1.139930
1.139930
1.052367
1.052367
1.348810
1.348810
1.395925
1.395925
1.106265
1.106265
1.354766
1.354766
1.091788
1.091788
