1.301170
1.301170
1.311001
1.311001
1.273630
1.273630
1.238490
1.238490
1.370980
1.370980
1.359056
1.359056
1.075251
1.075251
1.261199
1.261199
1.391881
1.391881
1.273532
1.273532
1.389225
1.389225
1.393639
1.393639
1.205358
1.205358
1.239801
1.239801
1.160920
1.160920
1.345134
1.345134
1.184738
1.184738
1.371418
1.371418
1.375706
1.375706
1.334010
1.334010
1.284239
1.284239
1.286189
1.286189
1.252707
1.252707
1.179485
1.179485
1.244760
1.244760
1.385885
1.385885
1.178720
1.178720
1.363065
1.363065
1.261178
1.158889
1.158889
1.261178
1.396155
1.396155
1.344692
1.344692
1.121282
1.121282
1.374136
1.374136
1.182271
1.182271
1.195751
1.195751
1.289749
1.289749
1.140759
1.140759
1.161849
1.161849
1.381226
1.381226
1.167215
1.167215
1.391906
1.391906
1.367246
1.367246
1.250374
1.250374
1.131587
1.131587
1.300578
1.300578
1.346450
1.346450
1.398782
1.398782
1.361946
1.361946
1.200379
1.200379
1.204642
1.204642
1.263654
1.263654
1.330149
1.330149
1.334578
1.334578
1.238746
1.238746
1.241848
1.241848
1.301696
1.301696
1.208542
1.208542
1.395194
1.395194
1.387938
1.387938
1.282010
1.282010
1.349200
1.349200
1.335537
1.335537
1.361941
1.361941
1.325264
1.325264
1.073982
1.073982
1.386838
1.386838
1.275141
1.275141
1.314426
1.314426
1.337864
1.337864
1.052525
1.052525
1.257334
1.257334
1.264717
1.264717
1.118184
1.118184
1.388207
1.388207
1.078966
1.078966
1.041203
1.041203
1.347486
1.347486
1.264512
1.264512
1.113318
1.113318
1.347394
1.347394
1.185020
1.185020
1.318572
1.318572
1.312464
1.312464
1.049638
1.049638
1.329201
1.329201
1.339043
1.339043
1.126632
1.126632
1.341882
1.341882
1.295011
1.295011
1.253219
1.253219
1.363423
1.363423
1.388228
1.388228
1.136089
1.136089
1.367964
1.367964
1.243926
1.243926
1.222037
1.222037
1.077121
1.077121
1.327920
1.327920
1.201755
1.201755
1.189972
1.189972
1.277127
1.277127
1.183343
1.183343
1.283930
1.283930
1.272843
1.272843
1.164317
1.164317
1.199790
1.199790
1.382712
1.382712
1.296646
1.296646
1.392818
1.392818
1.382466
1.382466
1.355963
1.355963
1.225581
1.225581
1.183919
1.183919
1.295285
1.295285
1.142646
1.142646
1.107725
1.107725
1.300527
1.300527
1.278279
1.278279
1.291633
1.291633
1.246017
1.246017
1.119032
1.119032
1.244052
1.244052
1.291626
1.291626
1.396705
1.396705
1.204226
1.204226
1.343235
1.343235
1.301811
1.301811
1.316382
1.316382
1.310866
1.310866
1.347159
1.347159
1.315713
1.315713
1.231115
1.231115
1.392847
1.392847
1.280188
1.280188
1.346527
1.346527
1.293895
1.293895
1.148064
1.148064
1.266246
1.266246
1.330993
1.330993
1.307206
1.307206
1.341615
1.341615
1.187170
1.187170
1.392616
1.392616
1.346045
1.346045
1.193830
1.193830
1.315343
1.315343
1.140992
1.140992
1.368247
1.368247
1.290181
1.290181
1.179379
1.179379
1.243782
1.243782
1.289901
1.289901
1.168687
1.168687
1.139539
1.139539
1.379029
1.379029
1.355605
1.355605
1.201091
1.201091
1.120474
1.120474
1.385451
1.385451
1.245527
1.245527
1.392122
1.392122
1.170342
1.170342
1.178564
1.178564
1.233458
1.233458
1.256312
1.256312
1.390671
1.390671
1.363145
1.363145
1.309682
1.309682
1.345599
1.345599
1.128671
1.128671
1.140196
1.140196
1.314369
1.314369
1.204676
1.204676
1.228809
1.228809
1.347364
1.347364
1.203346
1.203346
1.075479
1.075479
1.287855
1.287855
1.358778
1.358778
1.337064
1.337064
1.293044
1.293044
1.049680
1.049680
1.255016
1.255016
1.069921
1.069921
1.360332
1.360332
1.384819
1.384819
