1.199547
1.199547
1.076538
1.076538
1.238307
1.238307
1.382472
1.382472
1.369657
1.369657
1.291073
1.291073
1.089740
1.089740
1.380310
1.380310
1.245277
1.245277
1.299615
1.299615
1.378436
1.378436
1.027256
1.027256
1.383720
1.383720
1.308004
1.308004
1.309069
1.309069
1.329411
1.329411
1.237649
1.237649
1.301070
1.301070
1.288457
1.288457
1.204615
1.204615
1.079801
1.079801
1.381014
1.381014
1.318854
1.318854
1.308669
1.308669
1.371663
1.372936
1.371663
1.372936
1.386909
1.386909
1.213634
1.213634
1.306530
1.306530
1.332634
1.332634
1.264285
1.264285
1.167695
1.167695
1.300663
1.300663
1.332348
1.332348
1.273082
1.273082
1.164888
1.164888
1.333954
1.333954
1.282871
1.282871
1.165751
1.165751
1.347892
1.347892
1.228249
1.228249
1.398352
1.398352
1.360222
1.360222
1.286464
1.286464
1.374175
1.374175
1.379425
1.379425
1.356996
1.356996
1.197163
1.197163
1.268344
1.268344
1.340103
1.340103
1.315485
1.315485
1.232543
1.232543
1.187795
1.187795
1.317843
1.317843
1.096353
1.096353
1.302502
1.302502
1.248942
1.248942
1.238095
1.238095
1.240263
1.240263
1.261742
1.261742
1.244273
1.244273
1.103161
1.103161
1.365252
1.365252
1.378312
1.378312
1.154686
1.154686
1.326081
1.326081
1.283506
1.283506
1.266540
1.266540
1.319904
1.319904
1.239379
1.239379
1.188524
1.188524
1.224767
1.224767
1.357013
1.357013
1.202554
1.202554
1.335206
1.335206
1.364934
1.364934
1.274645
1.274645
1.350233
1.350233
1.251611
1.251611
1.380764
1.380764
1.226563
1.226563
1.377729
1.377729
1.301498
1.301498
1.179768
1.179768
1.056971
1.056971
1.324888
1.324888
1.267816
1.267816
1.389877
1.389877
1.270518
1.270518
1.115834
1.115834
1.279794
1.279794
1.369942
1.369942
1.373720
1.373720
1.108005
1.108005
1.354904
1.354904
1.294155
1.294155
1.242108
1.242108
1.356454
1.356454
1.155655
1.155655
1.313652
1.313652
1.236277
1.236277
1.175119
1.175119
1.342881
1.342881
1.347117
1.347117
1.200791
1.200791
1.277208
1.277208
1.365787
1.365787
1.287945
1.287945
1.293740
1.293740
1.233052
1.233052
1.393067
1.393067
1.245913
1.245913
1.277403
1.277403
1.054717
1.054717
1.040413
1.040413
1.267047
1.267047
1.286919
1.286919
1.063820
1.063820
1.141169
1.141169
1.283648
1.283648
1.394613
1.394613
1.317685
1.317685
1.302787
1.302787
1.126774
1.126774
1.290469
1.290469
1.386952
1.386952
1.395191
1.395191
1.398049
1.398049
1.159887
1.159887
