1.365485
1.365485
1.273509
1.273509
1.362932
1.362932
1.203262
1.203262
1.343575
1.343575
1.363368
1.363368
1.393023
1.393023
1.336778
1.336778
1.033507
1.033507
1.199547
1.199547
1.170712
1.170712
1.200906
1.200906
1.214151
1.214151
1.367628
1.367628
1.164534
1.164534
1.213333
1.213333
1.368421
1.368421
1.351168
1.351168
1.279999
1.279999
1.250463
1.250463
1.351634
1.351634
1.226212
1.226212
1.366829
1.366829
1.378080
1.378080
1.333586
1.333586
1.342326
1.342326
1.383429
1.383429
1.390547
1.390547
1.359783
1.359783
1.253115
1.253115
1.324022
1.324022
1.362200
1.362200
1.388115
1.388115
1.380435
1.380435
1.122229
1.122229
1.303660
1.303660
1.282604
1.282604
1.193356
1.193356
1.343733
1.343733
1.359901
1.359901
1.353888
1.353888
1.099987
1.099987
1.294369
1.294369
1.341967
1.341967
1.361940
1.361940
1.083423
1.083423
1.358431
1.358431
1.171194
1.171194
1.294160
1.294160
1.140895
1.140895
1.334898
1.334898
1.391692
1.391692
1.196189
1.196189
1.240149
1.240149
1.230130
1.230130
1.329202
1.329202
1.215844
1.215844
1.372601
1.372601
1.309738
1.309738
1.268061
1.268061
1.185262
1.185262
1.398003
1.398003
1.059929
1.059929
1.372607
1.372607
1.326439
1.326439
1.175502
1.175502
1.197557
1.197557
1.329164
1.329164
1.198427
1.198427
1.186653
1.186653
1.324605
1.324605
1.378158
1.378158
1.312900
1.312900
1.201915
1.201915
1.262925
1.262925
1.232113
1.232113
1.314171
1.314171
1.237139
1.237139
1.312893
1.312893
1.345036
1.345036
1.256457
1.256457
1.158269
1.158269
1.028840
1.028840
1.244697
1.244697
1.338626
1.338626
1.182823
1.182823
1.383849
1.383849
1.388367
1.388367
1.328974
1.328974
1.257527
1.257527
1.258833
1.258833
1.327993
1.327993
1.279506
1.279506
1.120866
1.120866
1.368626
1.368626
1.250719
1.250719
1.387874
1.387874
1.383971
1.383971
1.292695
1.292695
1.384366
1.384366
1.319371
1.319371
1.226422
1.226422
1.281079
1.281079
1.390815
1.390815
1.263628
1.263628
1.290929
1.290929
1.297419
1.297419
1.240420
1.240420
1.330523
1.330523
1.389696
1.389696
1.279818
1.279818
1.151823
1.151823
1.353039
1.353039
1.365340
1.365340
1.301316
1.301316
1.345368
1.345368
1.206254
1.206254
