1.271755
1.271755
1.274987
1.274987
1.267311
1.325263
1.325263
1.267311
1.296455
1.142272
1.142272
1.296455
1.346189
1.346189
1.245271
1.245271
1.213157
1.213157
1.347380
1.347380
1.386376
1.386376
1.354207
1.354207
1.294322
1.294322
1.381291
1.381291
1.374556
1.374556
1.093455
1.093455
1.320903
1.320903
1.257249
1.257249
1.398956
1.398956
1.181000
1.181000
1.308636
1.308636
1.352511
1.352511
1.281125
1.281125
1.336271
1.336271
1.295961
1.295961
1.287056
1.287056
1.349594
1.349594
1.333394
1.333394
1.214879
1.214879
1.143670
1.143670
1.346165
1.346165
1.139912
1.139912
1.124085
1.124085
1.323460
1.323460
1.282658
1.282658
1.332213
1.332213
1.343325
1.343325
1.393356
1.393356
1.308102
1.308102
1.284543
1.284543
1.134835
1.134835
1.286166
1.286166
1.395861
1.395861
1.354976
1.354976
1.353874
1.353874
1.212715
1.212715
1.390673
1.390673
1.355594
1.355594
1.368753
1.368753
1.228864
1.228864
1.253813
1.253813
1.172567
1.172567
1.391163
1.391163
1.361789
1.361789
1.284131
1.284131
1.171776
1.171776
1.376082
1.376082
1.164822
1.164822
1.173620
1.173620
1.338952
1.338952
1.097095
1.097095
1.099126
1.099126
1.236668
1.236668
1.143935
1.143935
1.310692
1.310692
1.225490
1.225490
1.373410
1.373410
1.304365
1.304365
1.329389
1.329389
1.364837
1.364837
1.152938
1.152938
1.261776
1.261776
1.393100
1.393100
1.277045
1.277045
1.252607
1.252607
1.375875
1.375875
1.336223
1.336223
1.292602
1.292602
1.288736
1.288736
1.353147
1.353147
1.398348
1.398348
1.244461
1.244461
1.197407
1.197407
1.228308
1.228308
1.114493
1.114493
1.199070
1.199070
1.343285
1.343285
1.376675
1.376675
1.326793
1.326793
1.313002
1.313002
1.368335
1.368335
1.193888
1.193888
1.161040
1.161040
1.341273
1.341273
1.116790
1.116790
1.323479
1.323479
1.394330
1.394330
1.399300
1.399300
1.296793
1.296793
1.395810
1.395810
1.389726
1.389726
1.208049
1.208049
1.295300
1.295300
1.323451
1.323451
1.329049
1.329049
1.305677
1.305677
