1.285943
1.285943
1.352911
1.352911
1.164224
1.164224
1.367714
1.367714
1.303465
1.384128
1.384128
1.303465
1.371108
1.371108
1.386344
1.386344
1.307837
1.307837
1.374412
1.374412
1.318622
1.242856
1.318622
1.242856
1.293348
1.293348
1.304243
1.304243
1.340194
1.340194
1.183450
1.183450
1.309673
1.309673
1.268598
1.268598
1.353724
1.353724
1.251612
1.251612
1.319927
1.319927
1.061471
1.061471
1.330263
1.330263
1.231794
1.231794
1.313884
1.313884
1.236655
1.131502
1.131502
1.236655
1.367152
1.367152
1.347645
1.347645
1.349367
1.349367
1.339267
1.339267
1.387857
1.387857
1.375994
1.375994
1.250282
1.250282
1.251866
1.251866
1.328264
1.328264
1.356451
1.356451
1.316339
1.316339
1.343766
1.343766
1.361349
1.361349
1.371640
1.371640
1.385094
1.385094
1.328808
1.328808
1.392747
1.392747
1.311320
1.311320
1.350820
1.350820
1.366236
1.366236
1.094020
1.094020
1.358070
1.358070
1.376103
1.376103
1.399362
1.399362
1.374722
1.374722
1.315005
1.315005
1.186335
1.186335
1.213454
1.213454
1.200938
1.200938
1.140757
1.140757
1.070203
1.070203
1.358344
1.358344
1.398906
1.398906
1.327752
1.327752
1.315291
1.315291
1.256552
1.256552
1.071816
1.071816
1.361228
1.361228
1.224343
1.224343
1.188524
1.188524
1.398239
1.398239
1.254265
1.254265
1.194861
1.194861
1.248951
1.248951
1.293949
1.293949
1.326863
1.326863
1.399381
1.399381
1.308141
1.308141
1.310285
1.310285
1.211416
1.211416
1.304998
1.304998
1.110981
1.110981
1.377157
1.377157
1.350695
1.350695
1.386363
1.386363
1.240630
1.240630
1.193581
1.193581
1.323529
1.323529
1.127738
1.127738
1.325164
1.325164
1.291040
1.291040
1.191127
1.191127
1.335269
1.335269
1.323769
1.323769
1.324439
1.324439
1.287367
1.287367
1.128525
1.128525
1.273536
1.273536
1.219341
1.219341
1.380618
1.380618
1.382879
1.382879
1.396447
1.396447
1.351169
1.351169
1.281260
1.281260
1.228582
1.228582
1.066250
1.066250
1.286962
1.286962
1.230507
1.230507
1.305588
1.305588
1.364876
1.364876
1.388682
1.388682
1.369912
1.369912
1.284931
1.284931
1.281698
1.281698
1.262766
1.262766
1.279800
1.279800
1.306249
1.306249
1.271029
1.271029
1.391902
1.391902
1.380118
1.380118
1.366465
1.366465
1.360859
1.360859
1.318643
1.318643
1.369354
1.369354
1.078506
1.078506
1.041915
1.041915
1.258184
1.258184
1.366079
1.366079
1.393348
1.393348
1.146909
1.146909
1.142537
1.142537
1.145662
1.145662
1.131583
1.131583
1.239552
1.239552
1.028221
1.028221
1.379571
1.379571
1.360582
1.360582
1.368682
1.368682
1.365925
1.365925
1.348156
1.348156
1.368053
1.368053
1.282724
1.282724
1.272236
1.272236
1.294099
1.294099
1.345687
1.345687
1.208822
1.208822
1.335166
1.335166
