1.390699
1.390699
1.358638
1.358638
1.067503
1.067503
1.231687
1.231687
1.357720
1.357720
1.357473
1.357473
1.282415
1.282415
1.351720
1.351720
1.350937
1.350937
1.384615
1.384615
1.344157
1.344157
1.372213
1.372213
1.358533
1.358533
1.339230
1.339230
1.388586
1.388586
1.310451
1.310451
1.327167
1.327167
1.085136
1.085136
1.394336
1.394336
1.387029
1.387029
1.230933
1.230933
1.161184
1.161184
1.372576
1.372576
1.319133
1.319133
1.335328
1.335328
1.325136
1.325136
1.129037
1.129037
1.158839
1.158839
1.279758
1.279758
1.397363
1.397363
1.115995
1.115995
1.387504
1.387504
1.373068
1.373068
1.323516
1.323516
1.386729
1.386729
1.308985
1.308985
1.347823
1.347823
1.300927
1.300927
1.381861
1.381861
1.333460
1.333460
1.322739
1.322739
1.378253
1.378253
1.184144
1.184144
1.347647
1.347647
1.290033
1.290033
1.340604
1.340604
1.148462
1.148462
1.237666
1.237666
1.084801
1.084801
1.328527
1.328527
1.098527
1.098527
1.222700
1.222700
1.273610
1.273610
1.399531
1.399531
1.254383
1.254383
1.282734
1.282734
1.239515
1.239515
1.025894
1.025894
1.099189
1.099189
1.386471
1.386471
1.341381
1.341381
1.246336
1.246336
1.337293
1.337293
1.089395
1.089395
1.272434
1.272434
1.242637
1.242637
1.260769
1.260769
1.376594
1.376594
1.373352
1.373352
1.325184
1.325184
1.371095
1.371095
1.296324
1.296324
1.242501
1.242501
1.184251
1.184251
1.224577
1.224577
1.342766
1.342766
1.242463
1.242463
1.212772
1.212772
1.360182
1.360182
1.366159
1.366159
1.255635
1.255635
1.343880
1.343880
1.238933
1.238933
1.320443
1.320443
1.340634
1.340634
1.297045
1.297045
1.286080
1.286080
1.017670
1.017670
1.334196
1.334196
1.226109
1.226109
1.284982
1.284982
1.252059
1.252059
1.364981
1.364981
1.388282
1.388282
1.382729
1.382729
1.155330
1.155330
1.157288
1.157288
1.118654
1.118654
1.325052
1.325052
1.316990
1.316990
1.298260
1.298260
1.394960
1.394960
1.042261
1.042261
1.261865
1.261865
1.266295
1.266295
1.217895
1.217895
1.384678
1.384678
1.385996
1.385996
1.358716
1.358716
1.361494
1.361494
1.269306
1.269306
1.299714
1.299714
1.399931
1.399931
1.242985
1.242985
1.368058
1.368058
1.188308
1.188308
1.339647
1.339647
1.144325
1.144325
1.097368
1.097368
1.384381
1.384381
1.050499
1.050499
1.242679
1.242679
1.282477
1.282477
1.122405
1.122405
1.336223
1.336223
1.364950
1.364950
1.298143
1.298143
1.209923
1.209923
1.357645
1.357645
1.393191
1.393191
1.387166
1.387166
1.267819
1.267819
1.396180
1.396180
1.251481
1.251481
1.351140
1.351140
1.044900
1.044900
1.338584
1.338584
1.373031
1.373031
1.288394
1.288394
1.379820
1.293119
1.293119
1.379820
1.256568
1.256568
1.040590
1.040590
1.248415
1.248415
1.214202
1.214202
1.359923
1.359923
1.325123
1.325123
1.153702
1.153702
1.162325
1.162325
1.165905
1.165905
1.393158
1.393158
