1.368784
1.368784
1.235485
1.235485
1.390320
1.390320
1.223974
1.223974
1.199742
1.199742
1.330861
1.330861
1.289851
1.289851
1.286295
1.286295
1.381186
1.381186
1.172252
1.172252
1.395340
1.395340
1.356854
1.356854
1.351213
1.351213
1.328186
1.328186
1.340324
1.340324
1.391047
1.391047
1.367441
1.367441
1.391344
1.391344
1.378112
1.378112
1.375917
1.375917
1.381211
1.381211
1.355200
1.355200
1.113065
1.113065
1.083066
1.083066
1.312642
1.312642
1.311345
1.311345
1.393458
1.393458
1.273666
1.273666
1.161860
1.161860
1.392018
1.392018
1.233007
1.233007
1.200564
1.200564
1.278003
1.278003
1.249524
1.249524
1.347954
1.347954
1.216642
1.216642
1.261165
1.261165
1.134511
1.134511
1.105659
1.105659
1.313356
1.313356
1.071296
1.071296
1.356619
1.356619
1.316936
1.316936
1.297826
1.297826
1.377060
1.377060
1.197791
1.197791
1.122778
1.122778
1.217207
1.217207
1.354501
1.354501
1.257869
1.257869
1.367678
1.367678
1.197910
1.371715
1.371715
1.197910
1.046518
1.046518
1.267300
1.267300
1.329811
1.329811
1.241456
1.241456
1.375882
1.375882
1.159814
1.159814
1.292756
1.292756
1.243920
1.243920
1.237682
1.237682
1.385760
1.385760
1.280242
1.280242
1.061907
1.061907
1.340973
1.340973
1.309192
1.309192
1.294919
1.294919
1.199786
1.199786
1.364102
1.364102
1.262236
1.262236
1.297033
1.297033
1.309323
1.309323
1.388183
1.388183
1.368585
1.368585
1.150677
1.150677
1.353039
1.353039
1.240957
1.240957
1.332450
1.332450
1.333146
1.333146
1.236527
1.236527
1.381734
1.381734
1.369535
1.369535
1.053860
1.053860
1.308775
1.308775
1.207259
1.207259
1.270686
1.270686
1.386991
1.386991
1.344963
1.344963
1.240895
1.240895
1.260059
1.260059
1.340007
1.340007
1.297137
1.297137
1.380515
1.380515
1.267587
1.267587
1.350885
1.350885
1.175290
1.175290
1.222593
1.222593
1.290049
1.290049
1.194451
1.194451
1.215943
1.215943
1.213927
1.213927
1.273526
1.273526
1.182675
1.182675
1.052372
1.052372
1.217976
1.217976
1.254020
1.254020
1.302125
1.302125
1.291405
1.291405
1.356658
1.356658
1.399296
1.399296
1.369788
1.369788
1.184595
1.184595
1.293881
1.293881
