1.242637
1.242637
1.380688
1.380688
1.337789
1.337789
1.237524
1.237524
1.391122
1.391122
1.316276
1.316276
1.149513
1.149513
1.310224
1.310224
1.359350
1.359350
1.240341
1.240341
1.163151
1.163151
1.207085
1.207085
1.238549
1.238549
1.373083
1.373083
1.055992
1.055992
1.156415
1.156415
1.399327
1.399327
1.377785
1.377785
1.391610
1.391610
1.367354
1.367354
1.338649
1.338649
1.380528
1.380528
1.249588
1.249588
1.298867
1.298867
1.340477
1.340477
1.346865
1.346865
1.350230
1.350230
1.377382
1.377382
1.339452
1.339452
1.121430
1.121430
1.264699
1.264699
1.299430
1.299430
1.358287
1.358287
1.396865
1.396865
1.384145
1.384145
1.100833
1.100833
1.216657
1.216657
1.301886
1.301886
1.172424
1.172424
1.363770
1.363770
1.316414
1.316414
1.035252
1.035252
1.312123
1.312123
1.121251
1.121251
1.369660
1.369660
1.327772
1.327772
1.373437
1.373437
1.369796
1.369796
1.381922
1.381922
1.349174
1.349174
1.082604
1.082604
1.273702
1.273702
1.135310
1.135310
1.375404
1.375404
1.121780
1.121780
1.388153
1.388153
1.343851
1.343851
1.391651
1.391651
1.223483
1.223483
1.354675
1.354675
1.369867
1.369867
1.128800
1.128800
1.274270
1.274270
1.206149
1.206149
1.164735
1.164735
1.381703
1.381703
1.169861
1.169861
1.212441
1.212441
1.028133
1.028133
1.233734
1.233734
1.079729
1.079729
1.306434
1.306434
1.228951
1.228951
1.240093
1.240093
1.092151
1.092151
1.395410
1.395410
1.358067
1.358067
1.193852
1.193852
1.297974
1.297974
1.263923
1.263923
1.375844
1.375844
1.348538
1.348538
1.331476
1.331476
1.324834
1.324834
1.371668
1.371668
1.248362
1.248362
1.280855
1.280855
1.315566
1.315566
1.207047
1.207047
1.232481
1.232481
1.203951
1.203951
1.386091
1.386091
1.132169
1.132169
1.286341
1.286341
1.394044
1.394044
1.179392
1.179392
1.123308
1.123308
1.082066
1.082066
1.168612
1.168612
1.324518
1.324518
1.152710
1.152710
1.333634
1.333634
1.158142
1.158142
1.307746
1.307746
1.227315
1.227315
1.374728
1.374728
1.297345
1.297345
1.335814
1.335814
1.354666
1.354666
1.271080
1.271080
1.198553
1.198553
1.323522
1.323522
1.320784
1.320784
1.156217
1.156217
1.300040
1.300040
1.365851
1.365851
1.297514
1.297514
1.141453
1.141453
1.252235
1.252235
1.263997
1.263997
