1.333511
1.333511
1.251853
1.251853
1.287118
1.287118
1.373845
1.373845
1.343788
1.192674
1.192674
1.343788
1.294687
1.294687
1.259438
1.259438
1.361943
1.361943
1.320615
1.320615
1.391835
1.391835
1.250151
1.215927
1.250151
1.215927
1.224232
1.224232
1.312304
1.312304
1.342681
1.342681
1.106700
1.106700
1.259899
1.259899
1.313476
1.313476
1.286980
1.286980
1.239515
1.239515
1.388286
1.388286
1.331563
1.331563
1.394792
1.394792
1.189240
1.189240
1.379128
1.379128
1.294438
1.294438
1.141034
1.141034
1.393540
1.393540
1.318357
1.318357
1.324572
1.324572
1.320433
1.320433
1.300498
1.300498
1.225878
1.225878
1.318488
1.318488
1.374850
1.374850
1.383347
1.383347
1.398206
1.398206
1.261784
1.261784
1.135022
1.135022
1.279547
1.279547
1.339211
1.339211
1.318602
1.318602
1.322603
1.322603
1.162709
1.162709
1.321184
1.321184
1.371790
1.371790
1.293431
1.293431
1.058820
1.058820
1.307605
1.307605
1.161298
1.161298
1.311998
1.311998
1.362355
1.362355
1.293862
1.293862
1.213973
1.213973
1.344503
1.344503
1.181344
1.181344
1.024643
1.024643
1.354077
1.354077
1.143698
1.143698
1.075038
1.075038
1.297205
1.297205
1.388810
1.388810
1.214617
1.214617
1.142819
1.142819
1.176005
1.176005
1.395142
1.395142
1.170439
1.170439
1.365118
1.365118
1.251012
1.251012
1.228444
1.228444
1.206043
1.206043
1.371813
1.371813
1.386034
1.386034
1.352014
1.352014
1.328105
1.328105
1.379609
1.379609
1.379694
1.379694
1.393727
1.393727
1.226104
1.226104
1.387088
1.387088
1.231666
1.231666
1.171303
1.171303
1.230605
1.230605
1.304213
1.304213
1.217938
1.217938
1.103622
1.103622
1.201258
1.201258
1.282362
1.282362
1.182519
1.182519
1.112854
1.112854
1.368238
1.368238
1.241594
1.241594
1.356969
1.356969
1.319902
1.319902
1.189160
1.189160
1.305995
1.305995
1.277398
1.277398
1.394416
1.394416
1.367696
1.367696
1.390575
1.390575
1.261096
1.261096
1.078260
1.078260
1.325975
1.325975
1.133663
1.133663
1.259698
1.259698
1.307465
1.307465
1.163766
1.163766
1.318263
1.318263
1.140016
1.140016
1.395427
1.395427
1.334418
1.334418
1.156974
1.156974
1.344593
1.344593
1.365071
1.365071
1.289526
1.289526
1.252350
1.252350
1.243167
1.243167
1.160214
1.160214
1.278352
1.278352
1.118165
1.118165
1.397940
1.397940
1.399882
1.399882
1.349457
1.349457
1.332796
1.332796
1.374783
1.374783
1.388234
1.388234
1.386877
1.386877
