1.360834
1.360834
1.223471
1.223471
1.367106
1.367106
1.340773
1.340773
1.118428
1.118428
1.378134
1.378134
1.057950
1.057950
1.321314
1.321314
1.135379
1.135379
1.252369
1.252369
1.365800
1.365800
1.348942
1.348942
1.278263
1.278263
1.375903
1.375903
1.379796
1.379796
1.103439
1.103439
1.237400
1.237400
1.131122
1.131122
1.386274
1.386274
1.134374
1.134374
1.318689
1.318689
1.331380
1.331380
1.347850
1.347850
1.161892
1.161892
1.274461
1.274461
1.366751
1.366751
1.269542
1.269542
1.142887
1.142887
1.187530
1.187530
1.391926
1.391926
1.063271
1.063271
1.393186
1.393186
1.205468
1.205468
1.270968
1.270968
1.288872
1.288872
1.309817
1.309817
1.375198
1.375198
1.232593
1.232593
1.302378
1.302378
1.290610
1.290610
1.182314
1.182314
1.347848
1.347848
1.367538
1.367538
1.349699
1.349699
1.353140
1.353140
1.106715
1.106715
1.248336
1.248336
1.189749
1.189749
1.364941
1.364941
1.365486
1.365486
1.357514
1.357514
1.238410
1.238410
1.094961
1.094961
1.256510
1.256510
1.369336
1.369336
1.319322
1.319322
1.333287
1.333287
1.239168
1.239168
1.361220
1.361220
1.199397
1.199397
1.226257
1.226257
1.380730
1.380730
1.223223
1.223223
1.339391
1.339391
1.366125
1.366125
1.253446
1.253446
1.252906
1.252906
1.234749
1.234749
1.255157
1.255157
1.397634
1.397634
1.366273
1.366273
1.331500
1.331500
1.224964
1.224964
1.313203
1.313203
1.389937
1.389937
1.213446
1.213446
1.241334
1.241334
1.228009
1.228009
1.120630
1.120630
1.395463
1.395463
1.209926
1.209926
1.343157
1.343157
1.297465
1.297465
1.291442
1.291442
1.289296
1.289296
1.329089
1.329089
1.327152
1.327152
1.335053
1.335053
1.360654
1.360654
1.238449
1.238449
1.330930
1.330930
1.344144
1.344144
1.165016
1.165016
1.342221
1.342221
1.165977
1.165977
1.258872
1.258872
1.381230
1.381230
1.364207
1.364207
1.196787
1.196787
1.332466
1.332466
1.233248
1.233248
1.351454
1.351454
1.397234
1.397234
1.270494
1.270494
1.303731
1.303731
1.206924
1.206924
1.149999
1.149999
1.230285
1.230285
1.134382
1.134382
1.204069
1.204069
1.352248
1.352248
1.187035
1.187035
1.347046
1.347046
1.238232
1.238232
1.345442
1.345442
1.211741
1.211741
1.285682
1.285682
1.329004
1.329004
1.213125
1.213125
1.120335
1.120335
1.179015
1.179015
1.337068
1.337068
1.236847
1.236847
1.306032
1.306032
1.394725
1.394725
1.174625
1.174625
