1.308982
1.308982
1.088412
1.088412
1.262656
1.262656
1.244877
1.244877
1.252703
1.252703
1.302776
1.302776
1.370484
1.370484
1.320344
1.320344
1.357053
1.357053
1.318610
1.318610
1.192086
1.192086
1.271963
1.271963
1.296870
1.296870
1.304903
1.304903
1.047175
1.047175
1.338496
1.338496
1.368068
1.368068
1.266731
1.266731
1.257913
1.257913
1.328660
1.328660
1.377765
1.377765
1.030417
1.030417
1.379447
1.379447
1.354985
1.354985
1.293011
1.293011
1.253946
1.253946
1.266921
1.266921
1.391336
1.391336
1.324736
1.324736
1.373587
1.373587
1.347152
1.347152
1.248977
1.248977
1.047248
1.047248
1.374298
1.374298
1.310430
1.310430
1.367103
1.367103
1.284884
1.284884
1.205738
1.205738
1.307748
1.307748
1.323702
1.323702
1.282299
1.282299
1.259239
1.259239
1.386626
1.386626
1.219227
1.219227
1.202739
1.202739
1.301535
1.301535
1.269168
1.269168
1.306550
1.306550
1.340390
1.340390
1.338113
1.338113
1.099563
1.099563
1.144236
1.144236
1.383009
1.383009
1.344500
1.344500
1.138814
1.138814
1.225855
1.225855
1.228928
1.228928
1.139078
1.139078
1.219747
1.219747
1.282134
1.282134
1.371139
1.371139
1.230876
1.230876
1.114983
1.114983
1.344571
1.344571
1.309730
1.309730
1.332386
1.332386
1.346813
1.346813
1.327088
1.327088
1.350206
1.350206
1.334716
1.334716
1.288995
1.288995
1.270060
1.270060
1.370457
1.370457
1.155288
1.155288
1.104617
1.104617
1.388760
1.388760
1.174097
1.174097
1.392343
1.392343
1.283885
1.283885
1.336998
1.336998
1.372837
1.372837
1.313418
1.313418
1.294742
1.294742
1.323243
1.323243
1.360408
1.360408
1.178949
1.178949
1.251997
1.251997
1.247064
1.247064
1.088056
1.088056
1.250691
1.250691
1.116813
1.116813
1.313957
1.313957
1.225643
1.225643
1.188748
1.188748
1.372532
1.372532
1.067313
1.067313
1.390640
1.390640
1.219738
1.219738
1.279890
1.279890
1.286733
1.286733
1.190417
1.190417
1.221584
1.221584
1.253804
1.253804
1.348145
1.348145
1.140632
1.140632
1.321491
1.321491
