1.143590
1.143590
1.219243
1.219243
1.337129
1.337129
1.390286
1.390286
1.397353
1.397353
1.383217
1.383217
1.343429
1.343429
1.343776
1.343776
1.322559
1.322559
1.176512
1.176512
1.307843
1.307843
1.190542
1.190542
1.173363
1.173363
1.329253
1.329253
1.337083
1.337083
1.380143
1.380143
1.158074
1.158074
1.160415
1.160415
1.206110
1.206110
1.335764
1.335764
1.275046
1.275046
1.309108
1.326458
1.309108
1.326458
1.389566
1.389566
1.355539
1.355539
1.258048
1.258048
1.299634
1.299634
1.215785
1.215785
1.043813
1.043813
1.392495
1.392495
1.280832
1.280832
1.190447
1.190447
1.388791
1.388791
1.333468
1.333468
1.373554
1.373554
1.358087
1.358087
1.325910
1.325910
1.361211
1.361211
1.188587
1.188587
1.183940
1.183940
1.262669
1.262669
1.396891
1.396891
1.381380
1.381380
1.398807
1.398807
1.251677
1.251677
1.208349
1.208349
1.266055
1.266055
1.310945
1.391666
1.310945
1.391666
1.352786
1.352786
1.353645
1.353645
1.304821
1.304821
1.063173
1.063173
1.272608
1.272608
1.259425
1.259425
1.306580
1.306580
1.330330
1.330330
1.397257
1.397257
1.339861
1.339861
1.248625
1.248625
1.385404
1.385404
1.336292
1.336292
1.240123
1.240123
1.391293
1.391293
1.255864
1.255864
1.333955
1.333955
1.274169
1.274169
1.073906
1.073906
1.369657
1.369657
1.158481
1.158481
1.312972
1.312972
1.154699
1.154699
1.365979
1.365979
1.373232
1.373232
1.383276
1.383276
1.244037
1.244037
1.352400
1.352400
1.356586
1.356586
1.334366
1.334366
1.196726
1.196726
1.386595
1.386595
1.238267
1.238267
1.203742
1.203742
1.246335
1.246335
1.064183
1.064183
1.344079
1.344079
1.350328
1.350328
1.364731
1.364731
1.073106
1.073106
1.356604
1.356604
1.262541
1.262541
1.397807
1.397807
1.393485
1.393485
1.394838
1.394838
1.167994
1.167994
1.332972
1.332972
1.327504
1.327504
1.330925
1.330925
1.281223
1.281223
1.362246
1.362246
1.348686
1.348686
1.381677
1.381677
1.331659
1.331659
1.307479
1.307479
1.342068
1.342068
1.328583
1.328583
1.303280
1.303280
1.288111
1.288111
1.369541
1.369541
1.309096
1.309096
1.103346
1.103346
1.094445
1.094445
1.391107
1.391107
1.300058
1.300058
1.357201
1.357201
1.270451
1.270451
1.084688
1.084688
1.220004
1.220004
1.354491
1.354491
1.362519
1.362519
1.196400
1.196400
1.389788
1.389788
1.220650
1.220650
1.308159
1.308159
1.271227
1.271227
1.286719
1.286719
1.319751
1.319751
1.261560
1.261560
1.376190
1.376190
1.328242
1.328242
1.169799
1.169799
1.381696
1.381696
1.276063
1.276063
1.307477
1.307477
1.148555
1.148555
1.355192
1.355192
1.220993
1.220993
1.392735
1.392735
1.364232
1.364232
1.233239
1.256468
1.233239
1.256468
1.253533
1.253533
1.246511
1.246511
