1.349884
1.349884
1.372328
1.372328
1.224905
1.224905
1.389626
1.389626
1.078235
1.078235
1.391944
1.391944
1.208775
1.208775
1.247387
1.247387
1.293290
1.293290
1.364093
1.364093
1.194907
1.194907
1.256268
1.256268
1.056658
1.056658
1.355046
1.355046
1.213633
1.213633
1.386495
1.386495
1.295671
1.295671
1.247016
1.247016
1.288530
1.288530
1.362637
1.362637
1.303675
1.303675
1.385750
1.385750
1.375711
1.375711
1.397988
1.397988
1.308622
1.308622
1.282835
1.282835
1.396747
1.396747
1.328373
1.328373
1.304768
1.304768
1.303367
1.303367
1.274235
1.274235
1.177274
1.177274
1.356219
1.356219
1.327836
1.327836
1.303285
1.303285
1.383869
1.383869
1.397852
1.397852
1.360067
1.360067
1.230194
1.230194
1.345485
1.345485
1.329675
1.067554
1.067554
1.329675
1.396657
1.396657
1.116138
1.116138
1.365242
1.365242
1.312940
1.280477
1.312940
1.280477
1.149863
1.149863
1.360532
1.360532
1.383436
1.383436
1.378175
1.245278
1.378175
1.245278
1.046522
1.046522
1.315206
1.315206
1.330027
1.330027
1.367600
1.367600
1.328633
1.328633
1.118071
1.118071
1.313539
1.313539
1.352833
1.352833
1.372461
1.372461
1.117543
1.117543
1.375838
1.375838
1.240195
1.240195
1.372731
1.372731
1.155736
1.155736
1.282498
1.282498
1.371625
1.371625
1.375941
1.375941
1.101904
1.101904
1.320949
1.320949
1.394195
1.394195
1.286171
1.286171
1.177436
1.177436
1.292474
1.292474
1.179944
1.179944
1.384643
1.384643
1.155450
1.155450
1.051294
1.051294
1.254601
1.254601
1.324984
1.324984
1.272448
1.272448
1.324960
1.324960
1.388906
1.388906
1.349233
1.349233
1.351682
1.351682
1.347428
1.347428
1.282734
1.282734
1.396741
1.396741
1.359896
1.359896
1.347979
1.347979
1.362885
1.362885
1.203503
1.203503
1.354648
1.354648
1.236759
1.236759
1.188295
1.188295
1.354016
1.354016
1.361654
1.361654
1.168915
1.168915
1.307162
1.307162
1.181355
1.181355
1.198779
1.198779
1.399431
1.399431
1.273434
1.273434
1.311200
1.311200
1.307651
1.307651
1.365186
1.365186
1.288917
1.288917
1.294458
1.294458
1.093805
1.093805
1.267180
1.267180
1.293879
1.293879
1.188832
1.188832
1.226529
1.226529
1.355208
1.355208
1.094748
1.094748
1.308617
1.308617
1.289699
1.289699
1.315370
1.315370
1.344750
1.344750
1.167516
1.167516
1.373249
1.373249
1.390273
1.390273
1.322245
1.322245
1.312314
1.312314
1.360885
1.360885
1.311843
1.311843
1.371525
1.371525
1.300441
1.300441
1.214363
1.214363
1.330958
1.330958
1.300817
1.300817
1.360248
1.360248
1.330608
1.330608
1.389921
1.389921
1.133323
1.133323
1.363103
1.363103
1.086680
1.086680
1.100382
1.100382
1.357128
1.357128
1.293798
1.293798
1.270722
1.270722
1.390264
1.390264
1.300047
1.300047
1.224002
1.224002
1.346348
1.346348
1.228477
1.228477
1.374717
1.374717
1.355246
1.355246
1.277829
1.277829
1.227015
1.227015
1.290336
1.290336
1.366815
1.366815
1.331421
1.331421
1.253060
1.253060
1.262433
1.262433
1.220737
1.220737
1.176974
1.176974
1.199435
1.199435
1.391076
1.391076
1.131737
1.131737
1.394929
1.394929
1.369072
1.369072
1.202120
1.202120
1.381998
1.381998
1.294537
1.294537
1.151898
1.151898
1.175827
1.175827
1.276910
1.276910
1.306938
1.306938
