1.282843
1.282843
1.320154
1.285348
1.285348
1.320154
1.143036
1.143036
1.190010
1.190010
1.215944
1.215944
1.189953
1.222060
1.222060
1.189953
1.278661
1.278661
1.220508
1.220508
1.325304
1.325304
1.368830
1.368830
1.209505
1.209505
1.306695
1.306695
1.221529
1.221529
1.239623
1.239623
1.369790
1.197028
1.197028
1.369790
1.384862
1.384862
1.352424
1.352424
1.289115
1.289115
1.390426
1.390426
1.282556
1.282556
1.299290
1.299290
1.108234
1.108234
1.144177
1.144177
1.309591
1.309591
1.119849
1.119849
1.355927
1.355927
1.247230
1.247230
1.321602
1.321602
1.212923
1.212923
1.394234
1.394234
1.220585
1.220585
1.317562
1.317562
1.103369
1.103369
1.308958
1.308958
1.281477
1.281477
1.297045
1.297045
1.197883
1.197883
1.099895
1.099895
1.182969
1.182969
1.257701
1.257701
1.286783
1.286783
1.339720
1.221967
1.221967
1.339720
1.372198
1.372198
1.233567
1.233567
1.214609
1.214609
1.381310
1.381310
1.085578
1.085578
1.324369
1.324369
1.222990
1.222990
1.334653
1.334653
1.273302
1.273302
1.225617
1.225617
1.386406
1.386406
1.376050
1.376050
1.356248
1.356248
1.317833
1.317833
1.244726
1.244726
1.266401
1.266401
1.394789
1.394789
1.315100
1.315100
1.361818
1.361818
1.328503
1.328503
1.059930
1.059930
1.361131
1.361131
1.366246
1.366246
1.157347
1.157347
1.139578
1.139578
1.364702
1.364702
1.112294
1.112294
1.329668
1.329668
1.380710
1.380710
1.137909
1.137909
1.319524
1.319524
1.337791
1.337791
1.198789
1.198789
1.285221
1.285221
1.278676
1.278676
1.362921
1.362921
1.191812
1.191812
1.127040
1.127040
1.210327
1.210327
1.362925
1.362925
1.329546
1.329546
1.300215
1.300215
1.383192
1.383192
1.339556
1.339556
1.178466
1.178466
1.332146
1.332146
1.252128
1.252128
1.202160
1.202160
1.251361
1.251361
1.277978
1.277978
1.270299
1.270299
1.387532
1.387532
1.300824
1.300824
1.325832
1.325832
1.392561
1.392561
1.223996
1.223996
1.397254
1.397254
1.158525
1.158525
1.333056
1.333056
1.345361
1.345361
1.243879
1.243879
1.249050
1.249050
1.357329
1.113553
1.113553
1.357329
1.231624
1.231624
1.175467
1.175467
1.352243
1.352243
1.163651
1.163651
1.275912
1.275912
1.377916
1.377916
1.383153
1.383153
1.380588
1.380588
1.017713
1.017713
1.383088
1.383088
1.387103
1.387103
1.385068
1.385068
1.317990
1.317990
1.173326
1.173326
1.240612
1.240612
1.335739
1.335739
1.208371
1.208371
1.300519
1.300519
1.392776
1.392776
1.240555
1.240555
1.328135
1.328135
1.309972
1.309972
1.023086
1.023086
1.387211
1.387211
1.399153
1.399153
1.394505
1.394505
1.330219
1.330219
1.319164
1.319164
1.373242
1.373242
1.008912
1.008912
1.279022
1.279022
1.324580
1.324580
1.274900
1.274900
1.110399
1.110399
1.318659
1.318659
1.193764
1.193764
1.310558
1.310558
