1.393482
1.393482
1.283883
1.283883
1.105391
1.105391
1.265483
1.265483
1.394241
1.394241
1.373859
1.373859
1.376022
1.376022
1.265264
1.265264
1.315912
1.315912
1.167226
1.167226
1.384962
1.371886
1.257606
1.384962
1.371886
1.257606
1.244310
1.244310
1.322707
1.322707
1.292774
1.292774
1.345319
1.345319
1.337202
1.337202
1.062122
1.062122
1.350990
1.350990
1.353456
1.353456
1.095245
1.095245
1.379325
1.379325
1.343677
1.343677
1.298233
1.298233
1.045557
1.045557
1.237241
1.237241
1.276018
1.276018
1.309820
1.309820
1.384656
1.384656
1.099711
1.099711
1.240970
1.240970
1.174621
1.174621
1.392849
1.392849
1.212795
1.212795
1.155609
1.155609
1.187079
1.187079
1.265781
1.265781
1.374967
1.374967
1.361679
1.361679
1.355065
1.355065
1.394264
1.394264
1.200776
1.200776
1.336860
1.336860
1.305293
1.305293
1.223433
1.223433
1.252556
1.252556
1.309541
1.309541
1.366366
1.366366
1.336173
1.336173
1.398701
1.398701
1.377343
1.377343
1.131652
1.131652
1.138427
1.138427
1.302303
1.302303
1.270570
1.270570
1.398067
1.398067
1.237181
1.237181
1.076373
1.076373
1.264766
1.264766
1.390296
1.390296
1.158644
1.158644
1.053747
1.053747
1.082740
1.082740
1.363196
1.363196
1.374124
1.374124
1.394999
1.394999
1.291845
1.291845
1.284248
1.284248
1.355634
1.355634
1.368598
1.368598
1.097414
1.097414
1.300211
1.300211
1.022615
1.022615
1.191272
1.191272
1.284562
1.284562
1.115449
1.115449
1.038137
1.038137
1.275518
1.275518
1.066255
1.066255
1.365017
1.365017
1.387566
1.387566
1.196914
1.196914
1.340608
1.340608
1.306975
1.306975
1.368788
1.368788
1.326206
1.326206
1.357045
1.357045
1.241883
1.241883
1.286417
1.286417
1.115342
1.115342
1.128691
1.128691
1.350479
1.350479
1.361188
1.361188
1.135412
1.135412
1.051908
1.051908
1.313212
1.313212
1.382391
1.382391
1.322882
1.322882
1.284228
1.284228
1.375339
1.375339
1.245868
1.245868
1.323272
1.323272
1.325118
1.325118
1.049264
1.049264
1.160986
1.160986
1.276562
1.276562
1.364155
1.364155
1.325953
1.325953
1.352631
1.352631
1.315218
1.315218
1.394686
1.394686
1.212552
1.212552
1.389299
1.389299
1.341562
1.341562
1.387081
1.387081
1.288860
1.288860
1.335796
1.335796
1.330072
1.330072
1.344629
1.344629
1.038494
1.038494
1.177576
1.177576
1.232191
1.232191
1.262491
1.262491
1.207364
1.207364
1.325549
1.325549
1.131303
1.131303
1.341544
1.341544
1.111354
1.111354
1.380851
1.380851
1.362898
1.362898
1.159417
1.159417
1.386448
1.386448
1.379102
1.379102
1.360535
1.360535
1.228007
1.228007
1.229197
1.229197
1.192297
1.192297
1.260272
1.260272
1.151422
1.151422
1.385300
1.385300
1.270233
1.270233
1.210912
1.210912
1.351294
1.351294
1.385078
1.385078
1.232431
1.232431
1.116262
1.116262
1.373709
1.373709
1.202791
1.202791
1.290308
1.290308
1.160875
1.160875
1.228266
1.228266
1.305945
1.305945
1.193069
1.193069
1.328522
1.328522
1.209698
1.209698
1.220968
1.220968
1.344932
1.344932
1.348831
1.348831
1.088733
1.088733
1.251171
1.251171
1.141294
1.141294
1.252144
1.252144
1.224608
1.224608
1.394013
1.394013
1.251907
1.251907
1.393898
1.393898
1.369880
1.369880
1.374441
1.374441
1.392846
1.392846
1.357063
1.357063
1.103424
1.103424
1.390594
1.390594
1.306354
1.306354
