1.268205
1.268205
1.344456
1.344456
1.309102
1.309102
1.382626
1.382626
1.395758
1.395758
1.285145
1.394330
1.285145
1.394330
1.343187
1.343187
1.290375
1.290375
1.379502
1.379502
1.392562
1.392562
1.224344
1.224344
1.387055
1.387055
1.234530
1.234530
1.345868
1.345868
1.272406
1.272406
1.253265
1.253265
1.320479
1.320479
1.357304
1.357304
1.322199
1.322199
1.314898
1.314898
1.305445
1.305445
1.264130
1.264130
1.198093
1.198093
1.186846
1.186846
1.254365
1.254365
1.241155
1.241155
1.362809
1.362809
1.331284
1.331284
1.251457
1.251457
1.250017
1.250017
1.123563
1.123563
1.221784
1.221784
1.384558
1.384558
1.366076
1.366076
1.315314
1.315314
1.375454
1.375454
1.334577
1.334577
1.300768
1.300768
1.264242
1.264242
1.210895
1.210895
1.042482
1.042482
1.163295
1.163295
1.259819
1.259819
1.358888
1.358888
1.390294
1.390294
1.305346
1.305346
1.389562
1.389562
1.278779
1.278779
1.396322
1.396322
1.164765
1.164765
1.382169
1.382169
1.326112
1.326112
1.393479
1.393479
1.296819
1.296819
1.047085
1.047085
1.131844
1.131844
1.386298
1.386298
1.256472
1.256472
1.321215
1.321215
1.370792
1.370792
1.057935
1.057935
1.281775
1.281775
1.173832
1.173832
1.336725
1.336725
1.383075
1.383075
1.341209
1.341209
1.337626
1.337626
1.252479
1.252479
1.315019
1.315019
1.164215
1.164215
1.269795
1.269795
1.267460
1.267460
1.373825
1.373825
1.182541
1.182541
1.155070
1.155070
1.386188
1.386188
1.362923
1.362923
1.343566
1.343566
1.356794
1.356794
1.281643
1.281643
1.152436
1.152436
1.360569
1.360569
1.339416
1.339416
1.377592
1.377592
1.088767
1.088767
1.263171
1.263171
1.200149
1.200149
1.252351
1.252351
1.158760
1.158760
1.118807
1.118807
1.329706
1.329706
1.367724
1.367724
1.178638
1.178638
1.365258
1.365258
1.385065
1.385065
1.285598
1.285598
1.268161
1.268161
1.068071
1.068071
1.148285
1.148285
1.162753
1.162753
1.206868
1.206868
1.060826
1.060826
1.378175
1.378175
1.343536
1.343536
1.373262
1.373262
1.290110
1.290110
1.387147
1.387147
1.386284
1.386284
1.199321
1.199321
1.268170
1.268170
1.240448
1.240448
1.296208
1.296208
1.354726
1.354726
1.046694
1.046694
1.272211
1.272211
1.306116
1.306116
1.164843
1.164843
1.180139
1.180139
1.137727
1.137727
1.242836
1.242836
1.176994
1.176994
1.257288
1.257288
1.376043
1.376043
1.221823
1.221823
1.222858
1.222858
1.325088
1.325088
1.160163
1.160163
1.256873
1.256873
1.096982
1.096982
1.299117
1.299117
1.362423
1.362423
1.351454
1.351454
1.140555
1.140555
1.328138
1.328138
1.182797
1.182797
1.385062
1.385062
1.367894
1.367894
1.122114
1.122114
1.152601
1.152601
1.139615
1.139615
1.183285
1.183285
1.395700
1.395700
1.372536
1.372536
1.392504
1.392504
1.283020
1.283020
1.315708
1.315708
1.377890
1.377890
1.351762
1.351762
1.148548
1.148548
1.142071
1.142071
1.237058
1.237058
1.383836
1.383836
1.134719
1.134719
1.227643
1.227643
1.376833
1.376833
1.277137
1.277137
1.397958
1.397958
1.380787
1.380787
1.221590
1.221590
1.311345
1.311345
1.135490
1.135490
1.362458
1.362458
1.346380
1.346380
1.163403
1.163403
