1.103240
1.103240
1.289242
1.289242
1.248673
1.248673
1.381608
1.381608
1.200138
1.200138
1.343510
1.343510
1.392156
1.392156
1.300618
1.300618
1.376783
1.376783
1.303154
1.303154
1.275776
1.275776
1.374729
1.374729
1.247558
1.223601
1.247558
1.223601
1.393004
1.393004
1.283322
1.283322
1.047589
1.047589
1.375113
1.187169
1.375113
1.187169
1.330891
1.330891
1.283096
1.283096
1.206721
1.206721
1.179515
1.179515
1.125853
1.125853
1.371856
1.371856
1.211320
1.211320
1.277585
1.277585
1.317346
1.317346
1.281033
1.281033
1.372038
1.372038
1.225952
1.225952
1.117780
1.117780
1.378685
1.378685
1.292053
1.292053
1.298791
1.298791
1.399121
1.399121
1.381384
1.381384
1.327184
1.327184
1.225388
1.225388
1.086140
1.086140
1.231648
1.231648
1.276936
1.276936
1.342210
1.342210
1.398462
1.398462
1.279988
1.279988
1.163770
1.163770
1.398677
1.398677
1.146126
1.146126
1.394193
1.394193
1.239558
1.239558
1.200132
1.200132
1.286161
1.286161
1.299993
1.299993
1.092256
1.092256
1.197466
1.197466
1.243187
1.243187
1.239539
1.239539
1.333387
1.333387
1.282530
1.282530
1.375865
1.375865
1.391470
1.391470
1.376763
1.376763
1.294318
1.294318
1.393086
1.393086
1.316320
1.316320
1.346180
1.346180
1.256808
1.256808
1.332019
1.332019
1.173437
1.173437
1.244620
1.244620
1.375013
1.375013
1.340768
1.340768
1.116402
1.116402
1.364242
1.364242
1.089702
1.089702
1.265618
1.265618
1.395361
1.395361
1.294935
1.294935
1.171231
1.171231
1.376096
1.376096
1.285686
1.285686
1.274707
1.274707
1.281471
1.281471
1.235950
1.235950
1.255402
1.255402
1.301116
1.301116
1.358565
1.358565
1.381832
1.381832
1.382278
1.382278
1.288626
1.288626
1.321155
1.321155
1.340203
1.340203
1.248099
1.248099
1.375841
1.375841
1.391665
1.391665
1.271459
1.271459
1.258982
1.258982
1.306952
1.306952
1.379514
1.379514
1.272609
1.272609
1.300826
1.300826
1.342356
1.342356
1.368334
1.368334
1.367166
1.367166
1.227181
1.227181
1.182907
1.182907
1.319341
1.319341
1.094964
1.094964
1.305183
1.305183
1.264369
1.264369
1.377116
1.377116
1.261009
1.261009
1.137335
1.137335
1.279180
1.279180
1.301260
1.301260
1.379394
1.379394
1.258509
1.258509
1.124146
1.124146
1.156445
1.156445
1.366759
1.366759
1.399056
1.399056
1.392290
1.392290
1.308349
1.308349
1.307885
1.307885
1.399430
1.399430
1.238524
1.238524
1.191280
1.191280
1.392940
1.392940
1.031450
1.031450
1.366451
1.366451
1.192149
1.192149
1.175935
1.175935
