1.375371
1.375371
1.357983
1.357983
1.306102
1.306102
1.305480
1.305480
1.211042
1.211042
1.389335
1.389335
1.180368
1.180368
1.395616
1.395616
1.207975
1.207975
1.363985
1.363985
1.294164
1.294164
1.318454
1.318454
1.335759
1.335759
1.382712
1.382712
1.357865
1.357865
1.045433
1.045433
1.234303
1.234303
1.348666
1.348666
1.128419
1.128419
1.359745
1.359745
1.317000
1.317000
1.136801
1.136801
1.335874
1.335874
1.304269
1.304269
1.391824
1.391824
1.374669
1.374669
1.300833
1.300833
1.393453
1.393453
1.313247
1.313247
1.333014
1.333014
1.336269
1.336269
1.221509
1.221509
1.366433
1.366433
1.318046
1.318046
1.291383
1.291383
1.226903
1.226903
1.274028
1.274028
1.329962
1.329962
1.379209
1.379209
1.321968
1.321968
1.289604
1.289604
1.234581
1.234581
1.179000
1.179000
1.325957
1.325957
1.238690
1.238690
1.289905
1.289905
1.356528
1.356528
1.287851
1.287851
1.287911
1.287911
1.320462
1.320462
1.397953
1.397953
1.255011
1.255011
1.392853
1.392853
1.239760
1.239760
1.123487
1.123487
1.372191
1.372191
1.159239
1.159239
1.360194
1.360194
1.364133
1.364133
1.382107
1.382107
1.243916
1.243916
1.211293
1.211293
1.083576
1.083576
1.302359
1.302359
1.358134
1.358134
1.159556
1.159556
1.201010
1.201010
1.369068
1.369068
1.175779
1.175779
1.059461
1.059461
1.329490
1.329490
1.380007
1.380007
1.360145
1.360145
1.261188
1.261188
1.357681
1.357681
1.357635
1.357635
1.247752
1.247752
1.323223
1.323223
1.346137
1.346137
1.392961
1.392961
1.324263
1.324263
1.232857
1.232857
1.265210
1.265210
1.298170
1.298170
1.330003
1.330003
1.392772
1.392772
1.360331
1.360331
1.377146
1.377146
1.397921
1.397921
1.213431
1.213431
1.242909
1.242909
1.332632
1.332632
1.370133
1.370133
1.304692
1.304692
1.296933
1.296933
1.250087
1.250087
1.340533
1.340533
1.389138
1.389138
1.359725
1.359725
1.340246
1.340246
1.295622
1.295622
1.379415
1.379415
1.297103
1.297103
1.333703
1.333703
1.368080
1.368080
1.086777
1.086777
1.205285
1.205285
1.291089
1.291089
1.346063
1.346063
1.283540
1.283540
1.338352
1.338352
1.279351
1.279351
1.202669
1.202669
1.370331
1.370331
1.326367
1.326367
1.254082
1.254082
1.396405
1.396405
1.298055
1.298055
1.289896
1.289896
1.397770
1.362087
1.362087
1.397770
1.241639
1.241639
1.340542
1.340542
1.242622
1.242622
1.352677
1.352677
1.338699
1.338699
1.373083
1.373083
1.147370
1.147370
1.172900
1.172900
1.347899
1.347899
1.178778
1.178778
1.375566
1.375566
1.213224
1.213224
1.248505
1.248505
1.167968
1.167968
1.262006
1.262006
1.328214
1.328214
1.214192
1.214192
1.356705
1.356705
1.330767
1.330767
1.289256
1.289256
1.229284
1.229284
1.069339
1.069339
1.196557
1.196557
1.309354
1.309354
1.247533
1.247533
1.370367
1.370367
1.046655
1.046655
1.178739
1.178739
1.078552
1.078552
1.357018
1.357018
1.240528
1.240528
1.208796
1.208796
1.358842
1.358842
1.396079
1.396079
1.241481
1.241481
1.305703
1.305703
1.382393
1.382393
1.214685
1.214685
1.271665
1.271665
1.303610
1.303610
1.248725
1.248725
1.366292
1.366292
1.264544
1.264544
1.308919
1.308919
1.240984
1.240984
1.230494
1.230494
1.346216
1.346216
1.348781
1.348781
1.391701
1.391701
1.260169
1.260169
1.183529
1.183529
1.188095
1.188095
1.027145
1.027145
1.215074
1.215074
1.232888
1.232888
1.327701
1.327701
1.319876
1.319876
1.073921
1.073921
1.294095
1.294095
1.352865
1.352865
1.368123
1.368123
1.267350
1.267350
1.100172
1.100172
1.293057
1.293057
1.213229
1.213229
1.155691
1.155691
1.260507
1.260507
1.264733
1.264733
1.325675
1.325675
1.366867
1.366867
1.194775
1.194775
1.283501
1.283501
1.348683
1.348683
1.154201
1.154201
1.291602
1.291602
1.261733
1.261733
1.223292
1.223292
1.364077
1.364077
1.288042
1.288042
1.360806
1.360806
1.336047
1.336047
1.372531
1.372531
1.312134
1.312134
1.397567
1.397567
1.200466
1.200466
