1.311776
1.311776
1.284236
1.284236
1.378322
1.378322
1.262120
1.262120
1.265081
1.265081
1.320877
1.320877
1.311943
1.311943
1.057670
1.057670
1.395267
1.395267
1.296541
1.296541
1.295737
1.295737
1.147407
1.147407
1.259850
1.259850
1.253282
1.377598
1.253282
1.377598
1.224469
1.224469
1.026820
1.026820
1.260086
1.260086
1.275889
1.275889
1.200533
1.200533
1.192442
1.192442
1.332093
1.332093
1.214989
1.214989
1.252357
1.283265
1.252357
1.283265
1.375729
1.375729
1.166584
1.166584
1.240201
1.240201
1.302781
1.302781
1.242690
1.242690
1.336489
1.336489
1.383214
1.383214
1.351992
1.351992
1.370593
1.370593
1.385513
1.385513
1.189101
1.189101
1.345437
1.345437
1.275800
1.275800
1.399789
1.399789
1.185846
1.185846
1.331640
1.331640
1.113978
1.113978
1.286253
1.286253
1.333947
1.333947
1.338850
1.338850
1.109784
1.109784
1.277168
1.277168
1.338396
1.338396
1.372945
1.372945
1.284173
1.284173
1.247653
1.247653
1.223895
1.223895
1.301339
1.301339
1.302921
1.302921
1.388398
1.388398
1.327281
1.327281
1.258763
1.258763
1.063381
1.063381
1.361177
1.361177
1.333155
1.333155
1.395987
1.395987
1.096056
1.096056
1.053945
1.053945
1.394428
1.394428
1.383653
1.324060
1.324060
1.383653
1.206782
1.206782
1.388503
1.388503
1.383061
1.383061
1.136337
1.136337
1.366522
1.366522
1.267066
1.267066
1.362994
1.229712
1.362994
1.229712
1.375686
1.375686
1.221944
1.221944
1.133765
1.133765
1.243245
1.243245
1.385956
1.385956
1.345549
1.345549
1.337458
1.337458
1.301641
1.301641
1.382351
1.382351
1.330867
1.330867
1.097645
1.097645
1.354100
1.354100
1.365686
1.365686
1.210676
1.210676
1.248970
1.248970
1.317128
1.317128
1.379715
1.379715
1.391546
1.391546
1.293374
1.293374
1.387219
1.387219
1.348141
1.348141
1.367258
1.367258
1.320484
1.320484
1.325113
1.325113
1.353554
1.353554
1.184417
1.184417
1.246611
1.246611
1.309592
1.309592
1.265727
1.265727
1.362516
1.362516
1.373357
1.373357
1.350834
1.350834
1.205824
1.205824
1.187497
1.187497
1.359461
1.359461
1.372961
1.372961
1.366510
1.366510
1.155772
1.155772
1.263269
1.263269
1.365644
1.365644
1.348609
1.348609
1.195733
1.195733
1.365947
1.365947
1.295580
1.295580
1.395889
1.395889
1.263230
1.263230
1.266614
1.266614
1.395303
1.395303
1.037575
1.037575
1.186169
1.186169
1.327623
1.327623
1.166913
1.166913
1.315827
1.315827
1.380017
1.380017
1.169389
1.169389
