1.292900
1.292900
1.147084
1.147084
1.365818
1.365818
1.103187
1.103187
1.310731
1.310731
1.218614
1.218614
1.192880
1.192880
1.370641
1.370641
1.141087
1.141087
1.165345
1.165345
1.266252
1.266252
1.267113
1.267113
1.334677
1.334677
1.299871
1.299871
1.347322
1.347322
1.294937
1.294937
1.389126
1.389126
1.399003
1.399003
1.327811
1.327811
1.263443
1.263443
1.281683
1.281683
1.398744
1.398744
1.378151
1.378151
1.370945
1.370945
1.185069
1.185069
1.366665
1.366665
1.395603
1.395603
1.253165
1.253165
1.395007
1.395007
1.020479
1.020479
1.354670
1.354670
1.355583
1.355583
1.219758
1.219758
1.205521
1.205521
1.343768
1.343768
1.397644
1.397644
1.290672
1.290672
1.372267
1.372267
1.271691
1.271691
1.211547
1.211547
1.069468
1.069468
1.381543
1.381543
1.374546
1.374546
1.259221
1.259221
1.199764
1.199764
1.199049
1.199049
1.326628
1.326628
1.369192
1.369192
1.157120
1.157120
1.345410
1.345410
1.388775
1.388775
1.207950
1.207950
1.356185
1.356185
1.264441
1.264441
1.192751
1.192751
1.234612
1.234612
1.272613
1.272613
1.186504
1.186504
1.311220
1.311220
1.394835
1.394835
1.344406
1.344406
1.393243
1.393243
1.265068
1.265068
1.199899
1.199899
1.239279
1.239279
1.389854
1.389854
1.338438
1.338438
1.256132
1.256132
1.391671
1.391671
1.217905
1.217905
1.333182
1.333182
1.294071
1.294071
1.337487
1.112993
1.112993
1.337487
1.227896
1.227896
1.268553
1.268553
1.244488
1.244488
1.321370
1.321370
1.218601
1.218601
1.391256
1.391256
1.223246
1.223246
1.164759
1.164759
1.293122
1.293122
1.144877
1.144877
1.236786
1.236786
1.353455
1.353455
1.245614
1.245614
1.143009
1.143009
1.278032
1.278032
1.057145
1.057145
1.124652
1.124652
1.360206
1.360206
1.039764
1.039764
1.218529
1.218529
1.288125
1.288125
1.170621
1.170621
1.231372
1.231372
1.188481
1.188481
1.178234
1.178234
1.244296
1.244296
1.246359
1.246359
1.185257
1.185257
1.058625
1.058625
1.366467
1.366467
1.390630
1.390630
1.365094
1.365094
1.375422
1.375422
1.332568
1.332568
1.158518
1.158518
1.310644
1.310644
1.397958
1.397958
1.259454
1.259454
1.364085
1.364085
1.298194
1.298194
1.277254
1.277254
1.282191
1.282191
1.193919
1.193919
1.361375
1.361375
1.136305
1.136305
1.361862
1.361862
1.388565
1.388565
1.313528
1.313528
1.046002
1.046002
1.389157
1.389157
1.134321
1.134321
1.376497
1.376497
