1.324862
1.324862
1.268110
1.268110
1.328757
1.328757
1.365829
1.365829
1.192084
1.192084
1.198740
1.198740
1.339922
1.339922
1.354237
1.354237
1.211030
1.211030
1.200183
1.200183
1.370929
1.370929
1.375628
1.375628
1.366571
1.366571
1.360146
1.360146
1.257458
1.257458
1.042909
1.042909
1.323508
1.323508
1.385671
1.385671
1.282163
1.282163
1.258402
1.258402
1.336988
1.336988
1.279164
1.279164
1.304482
1.304482
1.303393
1.303393
1.160020
1.160020
1.359456
1.359456
1.363828
1.363828
1.055774
1.055774
1.396991
1.396991
1.370049
1.370049
1.394347
1.394347
1.396807
1.396807
1.281486
1.281486
1.306574
1.306574
1.335099
1.335099
1.146014
1.146014
1.314686
1.314686
1.285652
1.285652
1.303469
1.303469
1.275863
1.275863
1.267127
1.267127
1.241474
1.241474
1.330149
1.330149
1.147748
1.147748
1.376578
1.376578
1.369645
1.369645
1.245414
1.245414
1.300733
1.300733
1.176921
1.176921
1.348042
1.348042
1.158997
1.158997
1.158954
1.158954
1.349292
1.349292
1.327879
1.327879
1.386976
1.386976
1.291686
1.291686
1.085104
1.085104
1.057361
1.057361
1.267045
1.267045
1.072334
1.072334
1.322569
1.322569
1.398693
1.398693
1.062894
1.062894
1.180391
1.180391
1.046364
1.046364
1.170072
1.170072
1.190637
1.190637
1.324787
1.324787
1.313011
1.313011
1.304604
1.304604
1.301203
1.301203
1.395139
1.395139
1.160932
1.160932
1.355139
1.355139
1.246192
1.246192
1.330770
1.330770
1.125168
1.125168
1.286032
1.286032
1.272421
1.272421
1.064356
1.064356
1.371780
1.371780
1.359962
1.359962
1.145270
1.145270
