1.277783
1.277783
1.344451
1.344451
1.309420
1.309420
1.136509
1.136509
1.310830
1.310830
1.329357
1.329357
1.185783
1.185783
1.273461
1.273461
1.309229
1.309229
1.265212
1.265212
1.113332
1.113332
1.343036
1.343036
1.386222
1.386222
1.245447
1.245447
1.351760
1.351760
1.055953
1.055953
1.338567
1.338567
1.377567
1.377567
1.242703
1.242703
1.326823
1.326823
1.230333
1.230333
1.352797
1.352797
1.398768
1.398768
1.268448
1.268448
1.380035
1.380035
1.333168
1.280568
1.280568
1.333168
1.295692
1.295692
1.361045
1.361045
1.257346
1.257346
1.346262
1.346262
1.188740
1.188740
1.293380
1.386088
1.386088
1.293380
1.367106
1.367106
1.319108
1.319108
1.089924
1.089924
1.170410
1.170410
1.357612
1.357612
1.361854
1.361854
1.338796
1.338796
1.340801
1.340801
1.103360
1.103360
1.381820
1.381820
1.374038
1.374038
1.378572
1.378572
1.341859
1.341859
1.221607
1.221607
1.394271
1.394271
1.288141
1.288141
1.292864
1.292864
1.399082
1.399082
1.307403
1.307403
1.373397
1.373397
1.048436
1.048436
1.008491
1.008491
1.274901
1.274901
1.344418
1.344418
1.355124
1.355124
1.378372
1.378372
1.089818
1.089818
1.362395
1.362395
1.348529
1.348529
1.151126
1.151126
1.202646
1.202646
1.299168
1.299168
1.247715
1.247715
1.150591
1.150591
1.158554
1.158554
1.164105
1.164105
1.264720
1.264720
1.219934
1.219934
1.193311
1.193311
1.183610
1.183610
1.357077
1.357077
1.326008
1.326008
1.325552
1.325552
1.316737
1.316737
1.318743
1.318743
1.240998
1.240998
1.391735
1.391735
1.380049
1.380049
1.250343
1.250343
1.385231
1.385231
1.149353
1.149353
1.398567
1.398567
1.355368
1.355368
1.108052
1.108052
1.251427
1.251427
1.224808
1.224808
1.390421
1.390421
1.372262
1.372262
1.308508
1.308508
1.368596
1.368596
1.347987
1.347987
1.202799
1.202799
1.237400
1.237400
1.393362
1.393362
1.315603
1.315603
1.240158
1.240158
1.382517
1.382517
1.377826
1.377826
1.255229
1.255229
1.270482
1.270482
1.157415
1.157415
1.321899
1.321899
1.277553
1.277553
1.294886
1.294886
1.177682
1.177682
1.384785
1.384785
1.315675
1.315675
1.324414
1.324414
1.398111
1.398111
1.263459
1.263459
1.350991
1.350991
1.170148
1.170148
1.114425
1.114425
1.183706
1.183706
1.291949
1.291949
1.104333
1.104333
1.368075
1.368075
1.229574
1.229574
1.345545
1.345545
1.210487
1.210487
1.379548
1.379548
