1.281011
1.281011
1.348346
1.348346
1.214829
1.214829
1.263785
1.263785
1.215536
1.215536
1.339682
1.339682
1.229383
1.229383
1.306059
1.306059
1.257154
1.257154
1.303717
1.303717
1.096202
1.096202
1.395477
1.395477
1.353691
1.371843
1.353691
1.371843
1.203362
1.203362
1.360152
1.360152
1.381104
1.381104
1.396791
1.396791
1.205146
1.205146
1.199306
1.199306
1.260993
1.260993
1.338855
1.338855
1.376973
1.376973
1.390523
1.390523
1.281742
1.281742
1.361617
1.361617
1.240919
1.240919
1.342934
1.342934
1.253244
1.253244
1.352442
1.352442
1.246961
1.246961
1.152516
1.152516
1.227527
1.227527
1.262171
1.262171
1.348780
1.348780
1.354128
1.354128
1.318953
1.318953
1.307884
1.307884
1.285208
1.285208
1.344310
1.344310
1.185120
1.185120
1.333025
1.333025
1.349552
1.349552
1.207800
1.207800
1.369817
1.369817
1.340880
1.340880
1.207821
1.207821
1.235282
1.235282
1.253606
1.253606
1.344732
1.344732
1.258607
1.258607
1.112041
1.112041
1.150116
1.150116
1.334707
1.334707
1.284380
1.284380
1.296901
1.296901
1.394090
1.394090
1.321411
1.321411
1.349550
1.349550
1.391720
1.391720
1.384897
1.384897
1.362159
1.362159
1.214093
1.214093
1.369737
1.369737
1.286344
1.286344
1.159475
1.159475
1.123353
1.123353
1.376708
1.376708
1.216436
1.216436
1.249232
1.249232
1.121393
1.121393
1.066039
1.066039
1.273847
1.273847
1.302010
1.302010
1.375894
1.375894
1.362131
1.362131
1.071729
1.071729
1.294956
1.294956
1.264036
1.264036
1.300088
1.300088
1.072826
1.072826
