1.348054
1.348054
1.306072
1.306072
1.275021
1.275021
1.310190
1.310190
1.351544
1.351544
1.315810
1.315810
1.122025
1.122025
1.292935
1.292935
1.370097
1.370097
1.344602
1.344602
1.319850
1.319850
1.298745
1.298745
1.138586
1.138586
1.274900
1.274900
1.342893
1.342893
1.291186
1.291186
1.275694
1.275694
1.189210
1.189210
1.099707
1.099707
1.348276
1.348276
1.221671
1.221671
1.340917
1.340917
1.350618
1.350618
1.317621
1.317621
1.371150
1.371150
1.318741
1.230046
1.230046
1.318741
1.067328
1.067328
1.257817
1.257817
1.385093
1.385093
1.302131
1.302131
1.311773
1.311773
1.335694
1.335694
1.104324
1.104324
1.325518
1.325518
1.376643
1.376643
1.252899
1.252899
1.084095
1.084095
1.154374
1.154374
1.336514
1.336514
1.389151
1.389151
1.345660
1.345660
1.285855
1.285855
1.088026
1.088026
1.330899
1.330899
1.264996
1.264996
1.354671
1.354671
1.376092
1.376092
1.327327
1.327327
1.322888
1.322888
1.377676
1.377676
1.387730
1.387730
1.370104
1.370104
1.232594
1.232594
1.194107
1.194107
1.290113
1.290113
1.374718
1.374718
1.065336
1.065336
1.051950
1.051950
1.208019
1.208019
1.342915
1.342915
1.375341
1.375341
1.328089
1.328089
1.364211
1.364211
1.214151
1.214151
1.200166
1.200166
1.239910
1.239910
1.236232
1.236232
1.302324
1.302324
1.324708
1.324708
1.253826
1.253826
1.369341
1.369341
1.258461
1.258461
1.192455
1.192455
1.392111
1.392111
1.251203
1.251203
1.290090
1.290090
1.357454
1.357454
1.336974
1.336974
1.398121
1.398121
1.098286
1.098286
1.159638
1.159638
1.137116
1.137116
