1.160185
1.160185
1.087926
1.087926
1.250095
1.250095
1.274997
1.274997
1.302423
1.302423
1.384698
1.384698
1.394035
1.394035
1.385306
1.385306
1.312640
1.312640
1.337408
1.337408
1.338030
1.338030
1.278125
1.278125
1.100627
1.100627
1.370999
1.370999
1.266032
1.266032
1.323011
1.323011
1.307581
1.307581
1.377335
1.377335
1.285510
1.285510
1.370924
1.370924
1.162096
1.162096
1.332971
1.332971
1.239399
1.239399
1.288547
1.288547
1.310051
1.310051
1.081535
1.081535
1.103007
1.103007
1.125229
1.125229
1.376358
1.376358
1.353316
1.353316
1.175258
1.175258
1.357950
1.357950
1.384154
1.384154
1.319093
1.319093
1.177976
1.177976
1.256309
1.256309
1.321710
1.321710
1.316479
1.316479
1.296932
1.296932
1.322789
1.322789
1.171819
1.171819
1.391698
1.391698
1.060264
1.060264
1.147334
1.147334
1.272885
1.272885
1.373414
1.373414
1.102341
1.102341
1.342185
1.342185
1.339053
1.339053
1.339358
1.339358
1.187471
1.187471
1.333196
1.333196
1.201485
1.201485
1.281334
1.281334
1.315318
1.315318
1.375517
1.375517
1.388569
1.388569
1.302543
1.302543
1.397756
1.397756
1.302275
1.302275
1.282262
1.282262
1.387865
1.387865
1.371888
1.371888
1.141146
1.141146
1.367033
1.367033
1.180723
1.180723
1.180161
1.180161
1.388458
1.388458
1.326597
1.326597
1.144836
1.144836
1.319558
1.319558
1.298148
1.298148
1.207416
1.207416
1.237387
1.237387
1.384182
1.384182
1.192338
1.192338
1.378743
1.378743
1.147146
1.147146
1.316262
1.316262
1.317849
1.317849
1.382059
1.382059
1.109348
1.109348
1.368373
1.368373
1.313873
1.313873
