1.068890
1.068890
1.190369
1.190369
1.368544
1.368544
1.387396
1.387396
1.115758
1.115758
1.343560
1.343560
1.184053
1.184053
1.093727
1.093727
1.322500
1.322500
1.398485
1.398485
1.275491
1.275491
1.379257
1.379257
1.379821
1.379821
1.364025
1.364025
1.341831
1.341831
1.196032
1.196032
1.366525
1.366525
1.270210
1.270210
1.395432
1.395432
1.061097
1.061097
1.352769
1.352769
1.223158
1.223158
1.356568
1.356568
1.299055
1.299055
1.395469
1.395469
1.252016
1.252016
1.212708
1.212708
1.355126
1.355126
1.368912
1.368912
1.251919
1.251919
1.102546
1.102546
1.241369
1.241369
1.155452
1.155452
1.373901
1.373901
1.370790
1.370790
1.273229
1.273229
1.276698
1.276698
1.364849
1.364849
1.283564
1.283564
1.201781
1.201781
1.348544
1.348544
1.366003
1.366003
1.289091
1.289091
1.282966
1.282966
1.218665
1.218665
1.238201
1.238201
1.118252
1.118252
1.281434
1.281434
1.129584
1.129584
1.329738
1.329738
1.327253
1.327253
1.361602
1.361602
1.216263
1.216263
1.212323
1.212323
1.091686
1.091686
1.154931
1.154931
1.348571
1.348571
1.395855
1.395855
1.289536
1.289536
1.242022
1.242022
1.386625
1.386625
1.340556
1.340556
1.314076
1.314076
1.297688
1.297688
1.110741
1.110741
1.104755
1.104755
1.150437
1.150437
1.308478
1.308478
1.121997
1.121997
1.260306
1.260306
1.266349
1.266349
1.201704
1.201704
1.278714
1.278714
1.253608
1.253608
1.268220
1.268220
1.235752
1.235752
1.211408
1.211408
1.190072
1.190072
1.223477
1.223477
1.260859
1.260859
1.274375
1.274375
1.259552
1.259552
1.382869
1.382869
1.070745
1.070745
1.021108
1.021108
