1.388275
1.323434
1.323434
1.388275
1.291998
1.291998
1.151616
1.151616
1.354763
1.354763
1.370466
1.370466
1.328026
1.328026
1.120663
1.120663
1.399069
1.399069
1.350005
1.350005
1.262724
1.262724
1.126144
1.126144
1.228308
1.228308
1.350682
1.350682
1.264745
1.264745
1.398362
1.398362
1.396228
1.396228
1.039824
1.039824
1.393821
1.393821
1.202458
1.202458
1.232918
1.232918
1.313836
1.313836
1.209446
1.209446
1.232948
1.232948
1.391004
1.391004
1.094719
1.094719
1.289878
1.289878
1.181123
1.181123
1.309414
1.309414
1.124591
1.124591
1.345238
1.345238
1.272324
1.272324
1.239728
1.239728
1.202585
1.202585
1.209343
1.209343
1.324485
1.324485
1.258738
1.258738
1.381465
1.381465
1.253145
1.253145
1.236968
1.236968
1.369431
1.369431
1.252912
1.252912
1.306802
1.306802
1.359636
1.359636
1.317682
1.317682
1.224479
1.224479
1.220607
1.220607
1.367542
1.367542
1.390201
1.390201
1.190716
1.190716
1.357904
1.357904
1.285206
1.285206
1.328003
1.328003
1.348003
1.348003
1.373420
1.373420
1.364832
1.364832
1.307514
1.307514
1.372107
1.372107
1.292232
1.292232
1.359266
1.359266
1.382479
1.382479
1.300521
1.300521
1.361215
1.361215
1.264605
1.264605
1.339546
1.339546
1.217867
1.217867
1.300352
1.300352
1.167555
1.167555
1.384293
1.384293
1.305293
1.305293
1.351259
1.351259
1.255625
1.255625
1.199866
1.199866
1.201253
1.201253
1.328485
1.328485
1.390434
1.390434
1.367870
1.367870
1.337287
1.337287
1.112191
1.112191
1.208675
1.208675
1.314977
1.314977
1.140489
1.140489
1.341624
1.341624
1.177614
1.177614
1.357810
1.357810
1.229754
1.229754
1.310422
1.310422
1.383553
1.383553
1.332915
1.332915
1.187496
1.187496
1.312546
1.312546
1.350734
1.350734
1.240788
1.240788
1.246976
1.246976
1.256844
1.256844
1.370691
1.370691
1.118460
1.118460
1.230955
1.230955
1.243629
1.243629
1.391693
1.391693
1.114361
1.114361
1.393602
1.393602
1.387997
1.387997
1.093037
1.093037
1.325848
1.325848
1.321220
1.321220
1.207476
1.207476
1.277349
1.277349
1.046328
1.046328
