1.353355
1.353355
1.397950
1.397950
1.193347
1.308253
1.193347
1.308253
1.382797
1.382797
1.246778
1.246778
1.315063
1.315063
1.368463
1.368463
1.299549
1.299549
1.141572
1.141572
1.343640
1.343640
1.385027
1.385027
1.354161
1.354161
1.112287
1.112287
1.287756
1.287756
1.293408
1.293408
1.239682
1.239682
1.388781
1.388781
1.288999
1.288999
1.042702
1.042702
1.376530
1.376530
1.388923
1.388923
1.244599
1.244599
1.181291
1.181291
1.381956
1.381956
1.304585
1.304585
1.327079
1.327079
1.360781
1.360781
1.387050
1.387050
1.272874
1.272874
1.337135
1.337135
1.245423
1.245423
1.320717
1.320717
1.141053
1.141053
1.136309
1.136309
1.383343
1.383343
1.206712
1.206712
1.370370
1.370370
1.298652
1.298652
1.172564
1.172564
1.357069
1.357069
1.045860
1.045860
1.344945
1.344945
1.316847
1.316847
1.106723
1.106723
1.344488
1.344488
1.381150
1.381150
1.356681
1.356681
1.292851
1.292851
1.361556
1.361556
1.374763
1.374763
1.264786
1.264786
1.222539
1.222539
1.135353
1.191825
1.191825
1.135353
1.371083
1.371083
1.322260
1.322260
1.362234
1.362234
1.268241
1.268241
1.244233
1.244233
1.338532
1.338532
1.297174
1.297174
1.352445
1.352445
1.238337
1.238337
1.359845
1.359845
1.271578
1.271578
1.272292
1.272292
1.121559
1.121559
1.391038
1.391038
1.326893
1.326893
1.279394
1.279394
1.367033
1.367033
1.306269
1.306269
1.395551
1.395551
1.346418
1.346418
1.359608
1.359608
1.331124
1.331124
1.387306
1.387306
1.335811
1.335811
1.362552
1.362552
1.355988
1.355988
1.267149
1.267149
1.227120
1.227120
1.390910
1.390910
1.138224
1.138224
1.285165
1.285165
1.107426
1.107426
1.337218
1.337218
1.115512
1.115512
1.109116
1.109116
1.391595
1.391595
