1.354235
1.354235
1.364037
1.364037
1.291478
1.291478
1.359535
1.359535
1.131151
1.131151
1.276447
1.276447
1.333525
1.333525
1.337435
1.337435
1.399839
1.399839
1.271278
1.271278
1.335074
1.335074
1.230570
1.230570
1.361557
1.361557
1.259603
1.259603
1.294752
1.294752
1.368765
1.368765
1.177806
1.177806
1.180075
1.180075
1.382927
1.382927
1.393129
1.393129
1.265888
1.265888
1.385077
1.385077
1.263986
1.263986
1.319467
1.319467
1.274318
1.274318
1.304425
1.304425
1.255023
1.255023
1.266583
1.266583
1.296761
1.296761
1.213158
1.213158
1.323209
1.323209
1.376667
1.376667
1.378075
1.378075
1.123393
1.123393
1.194341
1.194341
1.297299
1.297299
1.330350
1.330350
1.377776
1.377776
1.056316
1.056316
1.388228
1.388228
1.205086
1.205086
1.328483
1.328483
1.342527
1.342527
1.398826
1.398826
1.399325
1.399325
1.267710
1.267710
1.392057
1.392057
1.309501
1.309501
1.306533
1.306533
1.370291
1.370291
1.301502
1.301502
1.075122
1.075122
1.351007
1.351007
1.282205
1.282205
1.375920
1.375920
1.246481
1.246481
1.372447
1.372447
1.344466
1.344466
1.111612
1.111612
1.290404
1.290404
1.321004
1.321004
1.353776
1.353776
1.191540
1.191540
1.166910
1.166910
1.311209
1.311209
1.293007
1.293007
1.320774
1.320774
1.360401
1.360401
1.195488
1.195488
1.115934
1.115934
1.243463
1.243463
1.152412
1.152412
1.293966
1.293966
1.141689
1.141689
1.304100
1.304100
1.372596
1.372596
1.283960
1.283960
1.231079
1.231079
1.369508
1.369508
1.215100
1.215100
1.280865
1.280865
1.329908
1.329908
1.394014
1.394014
1.346196
1.346196
1.229772
1.229772
1.371600
1.371600
1.383652
1.383652
1.369321
1.369321
1.371362
1.371362
1.278327
1.278327
1.244024
1.244024
1.259059
1.259059
1.321763
1.321763
1.112593
1.112593
1.153552
1.153552
1.290091
1.290091
1.334964
1.334964
1.361571
1.361571
1.282274
1.282274
1.121148
1.121148
1.295688
1.295688
1.101057
1.101057
1.312601
1.312601
1.372324
1.372324
1.232913
1.232913
1.382995
1.382995
1.388275
1.388275
1.385029
1.385029
1.296197
1.296197
1.311823
1.311823
1.302316
1.302316
1.250837
1.250837
1.135073
1.135073
1.373823
1.373823
1.287845
1.287845
1.296183
1.296183
1.387828
1.387828
1.149622
1.149622
1.369445
1.369445
1.368601
1.368601
1.382090
1.382090
1.360810
1.360810
1.387064
1.387064
1.299105
1.299105
1.381930
1.381930
1.350707
1.350707
1.277735
1.277735
1.185364
1.185364
1.378561
1.378561
1.318624
1.318624
1.232651
1.232651
1.184741
1.184741
1.170185
1.170185
1.188407
1.188407
1.372565
1.372565
1.281786
1.281786
1.361464
1.361464
1.340495
1.340495
1.343413
1.343413
1.085130
1.085130
1.346269
1.346269
1.254678
1.254678
1.390831
1.390831
1.197705
1.197705
