1.312615
1.312615
1.363819
1.363819
1.340732
1.340732
1.266657
1.266657
1.383491
1.383491
1.379503
1.379503
1.127358
1.127358
1.353464
1.353464
1.296074
1.296074
1.392849
1.392849
1.396159
1.396159
1.392652
1.392652
1.391665
1.391665
1.282476
1.282476
1.342386
1.342386
1.268301
1.268301
1.321655
1.321655
1.352347
1.352347
1.329652
1.329652
1.226668
1.226668
1.380005
1.364778
1.364778
1.380005
1.215859
1.215859
1.282823
1.282823
1.151481
1.151481
1.358226
1.358226
1.300865
1.300865
1.347510
1.347510
1.239767
1.239767
1.197932
1.197932
1.261052
1.261052
1.368902
1.368902
1.273343
1.273343
1.373976
1.373976
1.333465
1.333465
1.233565
1.233565
1.345545
1.345545
1.202850
1.202850
1.253147
1.253147
1.214487
1.214487
1.226678
1.226678
1.210991
1.210991
1.223980
1.223980
1.345289
1.345289
1.348895
1.348895
1.283281
1.283281
1.237647
1.237647
1.267688
1.267688
1.324170
1.324170
1.276735
1.276735
1.342976
1.342976
1.349566
1.349566
1.339592
1.339592
1.334737
1.334737
1.392877
1.392877
1.255925
1.255925
1.273073
1.273073
1.302058
1.302058
1.157623
1.157623
1.328766
1.328766
1.262504
1.262504
1.352355
1.352355
1.187062
1.187062
1.118097
1.118097
1.246366
1.246366
1.359973
1.359973
1.183886
1.183886
1.353525
1.353525
1.186765
1.186765
1.360782
1.360782
1.081783
1.081783
1.328697
1.328697
1.206500
1.206500
1.332553
1.332553
1.200154
1.200154
1.191204
1.191204
1.276627
1.276627
1.295223
1.295223
1.323831
1.323831
1.299530
1.299530
1.205421
1.205421
1.364530
1.364530
1.290826
1.290826
1.377130
1.377130
1.177230
1.177230
1.309013
1.309013
1.389459
1.389459
1.361606
1.361606
1.349771
1.349771
1.186844
1.186844
1.393506
1.393506
