1.048688
1.048688
1.298573
1.298573
1.242523
1.242523
1.192889
1.192889
1.311637
1.311637
1.398667
1.398667
1.388057
1.388057
1.145287
1.145287
1.128231
1.128231
1.193547
1.193547
1.273173
1.273173
1.195107
1.195107
1.079467
1.079467
1.383485
1.383485
1.208290
1.208290
1.376374
1.376374
1.281237
1.281237
1.241289
1.241289
1.314271
1.314271
1.079513
1.079513
1.243696
1.243696
1.231601
1.231601
1.113877
1.113877
1.201808
1.201808
1.189856
1.189856
1.231610
1.231610
1.394554
1.394554
1.384391
1.384391
1.092748
1.092748
1.366652
1.366652
1.340037
1.340037
1.294223
1.294223
1.382638
1.382638
1.224498
1.224498
1.316642
1.316642
1.281344
1.281344
1.387779
1.387779
1.238069
1.238069
1.214574
1.214574
1.142931
1.142931
1.085879
1.085879
1.276188
1.276188
1.265745
1.265745
1.347858
1.347858
1.360783
1.360783
1.312898
1.312898
1.125272
1.125272
1.145121
1.145121
1.221594
1.221594
1.322205
1.322205
1.238891
1.238891
1.315366
1.315366
1.205137
1.205137
1.333745
1.333745
1.345454
1.345454
1.369994
1.369994
1.229472
1.229472
1.378275
1.378275
1.373438
1.373438
1.348476
1.348476
1.313664
1.313664
1.301055
1.301055
1.342204
1.342204
1.199897
1.199897
1.216186
1.216186
1.291769
1.291769
1.274771
1.274771
1.095415
1.095415
1.293865
1.293865
1.210504
1.210504
1.062488
1.062488
1.214487
1.214487
1.373134
1.373134
1.368831
1.368831
1.307701
1.307701
1.299176
1.299176
1.294612
1.294612
1.290552
1.290552
1.345855
1.345855
1.072775
1.072775
1.172572
1.172572
1.157459
1.157459
1.367738
1.367738
1.120879
1.120879
1.371599
1.371599
1.294701
1.294701
1.109421
1.109421
1.224926
1.224926
1.353760
1.353760
1.379690
1.379690
1.367636
1.367636
1.381385
1.381385
1.371792
1.371792
1.229068
1.229068
1.249231
1.249231
