1.366520
1.366520
1.087068
1.087068
1.346989
1.346989
1.288194
1.288194
1.358821
1.358821
1.331072
1.226371
1.226371
1.331072
1.360397
1.216201
1.360397
1.216201
1.231803
1.231803
1.254707
1.254707
1.254855
1.254855
1.341703
1.341703
1.320100
1.320100
1.236352
1.236352
1.378707
1.378707
1.377578
1.377578
1.296110
1.296110
1.244629
1.337296
1.244629
1.337296
1.319727
1.319727
1.217218
1.217218
1.383814
1.383814
1.117428
1.117428
1.399023
1.399023
1.294695
1.294695
1.383823
1.383823
1.180303
1.180303
1.393234
1.393234
1.316966
1.316966
1.225433
1.225433
1.351730
1.351730
1.261188
1.261188
1.180718
1.180718
1.308994
1.308994
1.265920
1.265920
1.311451
1.311451
1.284578
1.284578
1.260214
1.260214
1.290928
1.290928
1.353746
1.353746
1.390266
1.390266
1.257275
1.257275
1.139391
1.139391
1.206064
1.206064
1.259001
1.259001
1.298399
1.298399
1.187902
1.187902
1.304507
1.304507
1.348320
1.348320
1.273926
1.273926
1.238028
1.238028
1.387205
1.387205
1.283544
1.283544
1.319386
1.319386
1.342886
1.342886
1.353798
1.353798
1.362662
1.362662
1.364115
1.364115
1.395424
1.395424
1.294509
1.294509
1.201602
1.201602
1.099337
1.099337
1.352926
1.352926
1.313667
1.313667
1.368917
1.368917
1.375296
1.375296
1.376654
1.376654
1.228179
1.228179
1.393928
1.393928
1.339934
1.339934
1.331486
1.331486
1.253357
1.253357
1.312506
1.312506
1.303211
1.303211
1.148818
1.148818
1.170331
1.170331
1.397329
1.397329
1.191161
1.191161
1.232884
1.232884
1.361654
1.361654
1.252352
1.252352
1.339624
1.339624
1.346191
1.346191
1.236726
1.236726
1.398205
1.398205
1.371962
1.371962
1.180086
1.180086
1.344219
1.344219
1.212149
1.212149
1.303762
1.303762
1.278398
1.278398
1.122144
1.122144
1.327698
1.327698
1.221760
1.221760
1.140437
1.140437
1.132318
1.132318
1.391781
1.391781
1.118831
1.118831
1.325870
1.325870
1.288325
1.288325
