1.276663
1.276663
1.120480
1.120480
1.242298
1.242298
1.349938
1.349938
1.326045
1.326045
1.374593
1.374593
1.357904
1.357904
1.360066
1.360066
1.278489
1.278489
1.071263
1.071263
1.298346
1.298346
1.322025
1.322025
1.357058
1.357058
1.335691
1.335691
1.136817
1.136817
1.281773
1.281773
1.175774
1.175774
1.043339
1.043339
1.290137
1.290137
1.075677
1.075677
1.222291
1.222291
1.395127
1.395127
1.393358
1.393358
1.204566
1.204566
1.386288
1.386288
1.391515
1.391515
1.237003
1.237003
1.336627
1.336627
1.297975
1.297975
1.337185
1.337185
1.141450
1.141450
1.304506
1.304506
1.222695
1.222695
1.368096
1.368096
1.341159
1.341159
1.258257
1.258257
1.396410
1.396410
1.346141
1.346141
1.323065
1.323065
1.201509
1.333546
1.201509
1.333546
1.123915
1.123915
1.382409
1.382409
1.287164
1.287164
1.251886
1.251886
1.351114
1.351114
1.358914
1.358914
1.382173
1.382173
1.369073
1.369073
1.345019
1.345019
1.328734
1.328734
1.301294
1.301294
1.346842
1.346842
1.374323
1.374323
1.298485
1.298485
1.383439
1.383439
1.398893
1.398893
1.391458
1.391458
1.390072
1.390072
1.235179
1.235179
1.124012
1.124012
1.354962
1.354962
1.325508
1.325508
1.102929
1.102929
1.288268
1.288268
1.330907
1.330907
1.379380
1.379380
1.347588
1.347588
1.349581
1.349581
1.125711
1.125711
1.187725
1.187725
1.159298
1.159298
