1.375622
1.375622
1.339517
1.339517
1.126093
1.126093
1.270998
1.270998
1.140568
1.140568
1.398711
1.398711
1.389976
1.389976
1.383316
1.383316
1.256041
1.256041
1.380818
1.380818
1.113553
1.113553
1.131038
1.131038
1.163181
1.163181
1.346942
1.346942
1.288004
1.288004
1.321898
1.321898
1.366079
1.366079
1.290022
1.290022
1.309036
1.309036
1.351970
1.351970
1.029131
1.029131
1.231280
1.231280
1.352321
1.352321
1.222531
1.222531
1.305517
1.305517
1.398882
1.398882
1.371505
1.371505
1.235285
1.235285
1.391308
1.391308
1.324689
1.324689
1.024506
1.024506
1.382911
1.382911
1.346912
1.346912
1.171091
1.171091
1.379904
1.379904
1.289438
1.289438
1.268911
1.268911
1.355087
1.355087
1.048654
1.048654
1.271965
1.271965
1.360810
1.360810
1.274275
1.274275
1.323207
1.323207
1.256147
1.256147
1.200814
1.200814
1.311065
1.311065
1.320250
1.320250
1.397141
1.397141
1.299105
1.299105
1.213778
1.213778
1.364040
1.364040
1.129095
1.129095
1.348374
1.348374
1.388698
1.388698
1.267755
1.267755
1.307284
1.307284
1.266898
1.266898
1.195904
1.195904
1.373988
1.373988
1.392409
1.392409
1.297552
1.297552
1.311202
1.311202
1.127266
1.127266
