1.083097
1.083097
1.395188
1.395188
1.227476
1.227476
1.267626
1.267626
1.074727
1.074727
1.175942
1.313581
1.313581
1.175942
1.372385
1.372385
1.374165
1.374165
1.192298
1.192298
1.389040
1.389040
1.296139
1.296139
1.359281
1.359281
1.223889
1.223889
1.216028
1.216028
1.307267
1.307267
1.395633
1.395633
1.220357
1.220357
1.382828
1.382828
1.320447
1.320447
1.188522
1.188522
1.220734
1.220734
1.238442
1.238442
1.363729
1.363729
1.384267
1.384267
1.249395
1.249395
1.338136
1.338136
1.261751
1.261751
1.378899
1.378899
1.392926
1.392926
1.274435
1.274435
1.336106
1.336106
1.385164
1.385164
1.339034
1.339034
1.306522
1.306522
1.014961
1.014961
1.394303
1.394303
1.354148
1.354148
1.295202
1.295202
1.349615
1.349615
1.321036
1.321036
1.255945
1.255945
1.186166
1.186166
1.387099
1.387099
1.296987
1.296987
