1.194962
1.194962
1.183645
1.183645
1.331859
1.331859
1.389640
1.389640
1.133338
1.133338
1.371814
1.371814
1.397034
1.397034
1.282552
1.282552
1.327463
1.327463
1.379295
1.379295
1.353559
1.353559
1.174258
1.174258
1.397454
1.397454
1.353849
1.353849
1.342587
1.342587
1.310775
1.310775
1.379004
1.379004
1.385853
1.385853
1.247723
1.247723
1.181083
1.181083
1.351646
1.351646
1.273448
1.393530
1.393530
1.273448
1.398711
1.398711
1.283947
1.283947
1.362902
1.362902
1.348342
1.348342
1.333947
1.333947
1.299130
1.299130
1.299449
1.299449
1.287637
1.287637
1.336314
1.336314
1.310077
1.310077
1.220321
1.220321
1.394020
1.394020
1.397022
1.397022
1.382370
1.382370
1.390594
1.390594
1.274219
1.274219
1.262676
1.262676
1.269994
1.269994
1.266465
1.266465
1.393074
1.393074
1.294477
1.294477
1.279029
1.279029
1.396718
1.396718
1.364766
1.364766
1.365716
1.365716
1.370362
1.370362
1.269253
1.269253
1.054922
1.054922
1.364401
1.364401
1.218370
1.218370
1.381100
1.381100
1.294074
1.294074
1.324565
1.324565
1.311806
1.311806
1.395462
1.395462
1.347613
1.347613
1.368024
1.368024
1.370775
1.370775
