1.385574
1.385574
1.292178
1.292178
1.388745
1.388745
1.250765
1.250765
1.194964
1.194964
1.263557
1.263557
1.320479
1.320479
1.365250
1.365250
1.389513
1.389513
1.044115
1.044115
1.089664
1.089664
1.190473
1.190473
1.079035
1.079035
1.328347
1.328347
1.306286
1.306286
1.374855
1.374855
1.340920
1.132989
1.132989
1.340920
1.122448
1.122448
1.070409
1.070409
1.391522
1.391522
1.344186
1.344186
1.277753
1.277753
1.227200
1.227200
1.289129
1.289129
1.175395
1.175395
1.363073
1.363073
1.189186
1.189186
1.356170
1.356170
1.365569
1.365569
1.236918
1.236918
1.345762
1.345762
1.195393
1.195393
1.288326
1.288326
1.163558
1.163558
1.361148
1.361148
1.254716
1.254716
1.300562
1.300562
1.250630
1.250630
1.277366
1.277366
1.377071
1.377071
1.398061
1.398061
1.280488
1.280488
1.326734
1.326734
1.268150
1.268150
1.289309
1.289309
1.247054
1.247054
1.128824
1.128824
1.222709
1.222709
1.376350
1.376350
1.261066
1.261066
1.354549
1.354549
1.317230
1.317230
1.220604
1.220604
1.245064
1.245064
1.302586
1.302586
1.130378
1.130378
1.248263
1.248263
1.331641
1.331641
1.320505
1.320505
1.293987
1.293987
1.195924
1.195924
1.351357
1.351357
1.177051
1.177051
1.229763
1.229763
1.383760
1.383760
1.314679
1.314679
1.347917
1.347917
1.024674
1.024674
1.384204
1.384204
1.365437
1.365437
1.389924
1.389924
1.306055
1.306055
1.159168
1.159168
1.372734
1.372734
1.232871
1.232871
1.396623
1.396623
1.328675
1.328675
