1.264447
1.264447
1.084355
1.084355
1.099343
1.099343
1.377842
1.377842
1.336556
1.336556
1.379842
1.379842
1.313260
1.313260
1.172683
1.172683
1.382915
1.382915
1.178466
1.178466
1.368668
1.368668
1.221058
1.221058
1.342801
1.342801
1.125803
1.125803
1.351835
1.351835
1.261011
1.261011
1.237156
1.237156
1.246084
1.246084
1.164947
1.164947
1.180907
1.180907
1.183658
1.183658
1.371626
1.371626
1.323140
1.323140
1.309788
1.309788
1.102352
1.102352
1.041151
1.041151
1.345235
1.345235
1.301109
1.301109
1.191711
1.191711
1.399912
1.399912
1.319756
1.319756
1.245582
1.245582
1.367539
1.367539
1.370314
1.370314
1.289979
1.289979
1.288491
1.288491
1.281649
1.281649
1.301261
1.301261
1.358438
1.358438
1.349030
1.349030
1.176281
1.176281
1.366073
1.366073
1.312762
1.312762
1.204676
1.204676
1.167888
1.167888
1.248560
1.248560
1.391606
1.391606
1.394132
1.394132
1.227252
1.227252
1.380804
1.380804
1.230009
1.230009
1.377573
1.377573
1.311352
1.311352
1.066309
1.066309
1.261303
1.261303
1.133911
1.133911
1.301523
1.301523
1.335012
1.335012
1.180986
1.180986
1.396884
1.396884
1.203106
1.203106
1.342857
1.342857
1.339835
1.339835
1.167355
1.167355
1.137340
1.137340
1.316243
1.316243
1.386163
1.386163
1.171229
1.171229
1.340852
1.340852
1.217946
1.217946
1.371514
1.371514
1.375058
1.375058
1.318653
1.318653
1.383844
1.383844
1.375711
1.375711
1.358480
1.358480
1.343585
1.343585
1.240374
1.240374
1.277974
1.277974
1.395592
1.395592
1.215349
1.215349
1.341672
1.341672
1.286222
1.286222
1.340143
1.340143
1.295764
1.295764
1.301080
1.301080
