1.202202
1.202202
1.236231
1.236231
1.243169
1.243169
1.397628
1.397628
1.279529
1.279529
1.320992
1.320992
1.332312
1.332312
1.316191
1.316191
1.167860
1.167860
1.336729
1.336729
1.289798
1.289798
1.302936
1.302936
1.139204
1.139204
1.392503
1.392503
1.281202
1.281202
1.352033
1.352033
1.370199
1.370199
1.390818
1.390818
1.385693
1.385693
1.324107
1.324107
1.253500
1.253500
1.186867
1.186867
1.360325
1.360325
1.223926
1.223926
1.308895
1.308895
1.386178
1.386178
1.296326
1.296326
1.285716
1.285716
1.386741
1.386741
1.289995
1.289995
1.114933
1.114933
1.348455
1.348455
1.270333
1.270333
1.131766
1.131766
1.397597
1.397597
1.314633
1.314633
1.278250
1.278250
1.233011
1.233011
1.093240
1.093240
1.313153
1.313153
1.364401
1.364401
1.141496
1.141496
1.290092
1.290092
1.235980
1.235980
1.293206
1.293206
1.200271
1.200271
1.309758
1.309758
1.251927
1.251927
1.377681
1.377681
1.329328
1.329328
1.087646
1.087646
1.157205
1.157205
1.348814
1.348814
1.367926
1.367926
1.123793
1.123793
1.300593
1.300593
1.244910
1.244910
