1.368385
1.368385
1.299780
1.299780
1.326639
1.326639
1.299655
1.299655
1.333896
1.333896
1.114610
1.114610
1.392130
1.392130
1.264580
1.264580
1.318637
1.318637
1.312075
1.312075
1.220478
1.220478
1.399081
1.399081
1.330807
1.330807
1.190134
1.190134
1.323917
1.323917
1.294461
1.294461
1.396218
1.396218
1.375171
1.375171
1.229629
1.229629
1.163931
1.163931
1.132029
1.132029
1.323040
1.323040
1.209888
1.209888
1.333585
1.333585
1.217412
1.217412
1.263213
1.263213
1.246759
1.246759
1.236369
1.236369
1.266157
1.266157
1.322404
1.322404
1.254521
1.254521
1.149946
1.149946
1.148807
1.148807
1.193998
1.193998
1.306789
1.306789
1.216293
1.216293
1.177086
1.177086
1.355208
1.355208
1.366522
1.366522
1.389526
1.389526
1.359592
1.359592
1.245385
1.245385
1.327066
1.327066
1.131549
1.131549
1.381908
1.381908
1.339088
1.339088
1.202597
1.202597
1.382801
1.382801
1.323947
1.323947
1.393827
1.393827
1.265316
1.265316
1.232473
1.232473
1.157574
1.157574
1.227330
1.227330
1.295767
1.295767
1.386825
1.386825
1.099161
1.099161
1.196907
1.196907
1.211925
1.211925
1.305022
1.305022
