1.246216
1.246216
1.308933
1.308933
1.259633
1.259633
1.385249
1.259971
1.259971
1.385249
1.113010
1.113010
1.223612
1.223612
1.380196
1.380196
1.396763
1.396763
1.074769
1.074769
1.339776
1.339776
1.263870
1.263870
1.386000
1.386000
1.338730
1.338730
1.378224
1.378224
1.331449
1.331449
1.212479
1.212479
1.373377
1.373377
1.364539
1.364539
1.377475
1.377475
1.194909
1.194909
1.362348
1.362348
1.256549
1.256549
1.144538
1.144538
1.221917
1.221917
1.301586
1.301586
1.382557
1.382557
1.364435
1.364435
1.340813
1.340813
1.386448
1.386448
1.290220
1.290220
1.321978
1.321978
1.391100
1.391100
1.129680
1.129680
1.213505
1.213505
1.141438
1.141438
1.238186
1.238186
1.392978
1.392978
1.234473
1.234473
1.288348
1.288348
1.258030
1.258030
1.124534
1.124534
1.373474
1.373474
1.141424
1.141424
1.321353
1.321353
1.349643
1.349643
1.321670
1.321670
1.108918
1.108918
1.057785
1.057785
1.155595
1.155595
1.293096
1.293096
1.379142
1.379142
1.323839
1.323839
1.387544
1.387544
1.235882
1.235882
1.255234
1.255234
1.364033
1.364033
1.251447
1.251447
1.394788
1.394788
1.340428
1.340428
1.354791
1.354791
1.340438
1.340438
1.320230
1.320230
1.386758
1.386758
