1.369394
1.369394
1.147824
1.147824
1.388716
1.388716
1.305718
1.305718
1.281492
1.281492
1.374542
1.374542
1.314980
1.314980
1.332329
1.332329
1.132188
1.132188
1.395772
1.395772
1.367476
1.367476
1.388447
1.388447
1.346267
1.346267
1.302949
1.302949
1.379483
1.379483
1.261835
1.261835
1.189410
1.189410
1.358195
1.358195
1.379375
1.379375
1.369012
1.369012
1.342279
1.342279
1.239007
1.239007
1.180945
1.180945
1.274923
1.274923
1.097143
1.097143
1.341597
1.341597
1.186959
1.186959
1.396435
1.396435
1.385817
1.385817
1.386736
1.386736
1.199911
1.199911
1.343754
1.343754
1.346086
1.346086
1.128128
1.128128
1.354886
1.354886
1.323765
1.323765
1.256366
1.256366
1.344914
1.344914
1.140315
1.140315
1.290660
1.290660
1.272129
1.272129
1.194017
1.194017
1.334630
1.334630
1.230433
1.230433
1.337768
1.337768
1.272891
1.272891
1.397182
1.397182
1.100303
1.100303
1.315514
1.315514
1.381255
1.381255
1.209002
1.209002
1.300453
1.300453
1.251457
1.251457
1.220382
1.220382
1.197588
1.197588
1.344343
1.344343
1.381406
1.381406
1.387250
1.387250
1.376226
1.376226
1.136780
1.136780
1.293547
1.293547
1.354938
1.354938
1.387116
1.387116
1.152783
1.152783
1.373029
1.373029
1.275463
1.275463
1.355667
1.355667
1.388229
1.388229
1.353493
1.353493
1.380310
1.380310
1.284606
1.284606
1.288550
1.288550
1.379156
1.379156
1.387720
1.387720
1.182132
1.182132
1.300201
1.300201
1.286174
1.286174
1.206174
1.206174
1.275760
1.275760
1.361497
1.361497
1.325625
1.325625
1.399711
1.399711
1.391315
1.391315
