1.331696
1.331696
1.219223
1.219223
1.160284
1.160284
1.359639
1.359639
1.374881
1.374881
1.340568
1.340568
1.155378
1.155378
1.370030
1.370030
1.070171
1.070171
1.231626
1.231626
1.363350
1.363350
1.298948
1.298948
1.330659
1.330659
1.077804
1.077804
1.260900
1.260900
1.310652
1.310652
1.138329
1.138329
1.100213
1.100213
1.322484
1.322484
1.389690
1.389690
1.334657
1.334657
1.366944
1.366944
1.376989
1.376989
1.393377
1.393377
1.282680
1.282680
1.380754
1.380754
1.390238
1.390238
1.216258
1.216258
1.150781
1.150781
1.315303
1.315303
1.128420
1.128420
1.024740
1.024740
1.255161
1.255161
1.229226
1.229226
1.216406
1.216406
1.239867
1.239867
1.074189
1.074189
1.352706
1.352706
1.270901
1.270901
1.367774
1.367774
1.336603
1.336603
1.383134
1.383134
1.122343
1.122343
1.338308
1.338308
1.368667
1.368667
1.065908
1.065908
1.384292
1.384292
1.284591
1.284591
1.114839
1.114839
1.388555
1.388555
1.385705
1.385705
1.127422
1.127422
1.236551
1.236551
1.370884
1.370884
1.354924
1.354924
1.213100
1.213100
1.302785
1.302785
1.372435
1.372435
1.392852
1.392852
1.212396
1.212396
1.229512
1.229512
1.336798
1.336798
1.134394
1.134394
1.339707
1.339707
1.337910
1.337910
1.291587
1.291587
1.369241
1.369241
1.306698
1.306698
1.380063
1.380063
1.289172
1.289172
1.323588
1.323588
