1.371156
1.371156
1.360115
1.360115
1.298158
1.298158
1.317861
1.317861
1.366610
1.366610
1.247408
1.247408
1.384922
1.384922
1.254693
1.254693
1.324018
1.324018
1.389881
1.389881
1.365156
1.365156
1.182212
1.182212
1.351910
1.351910
1.257591
1.257591
1.137341
1.137341
1.342049
1.342049
1.256128
1.256128
1.143973
1.143973
1.357996
1.357996
1.328913
1.328913
1.148615
1.148615
1.388057
1.388057
1.317951
1.317951
1.214825
1.214825
1.385329
1.385329
1.180148
1.180148
1.385650
1.385650
1.338417
1.338417
1.328016
1.328016
1.315348
1.315348
1.027376
1.027376
1.216165
1.216165
1.321452
1.321452
1.288984
1.288984
1.362032
1.362032
1.082326
1.082326
1.330154
1.330154
1.260143
1.260143
1.396887
1.396887
1.391266
1.391266
1.303408
1.303408
1.381796
1.381796
1.308152
1.308152
1.390784
1.390784
1.317843
1.317843
1.338572
1.338572
1.326645
1.326645
1.363135
1.363135
1.301767
1.301767
1.393073
1.393073
1.031199
1.031199
1.265100
1.265100
1.276689
1.276689
1.398145
1.398145
1.305475
1.305475
1.207756
1.207756
1.278466
1.278466
1.382228
1.382228
1.044976
1.044976
1.217583
1.217583
1.098894
1.098894
1.332135
1.332135
1.349279
1.349279
1.339442
1.339442
1.399469
1.399469
1.262403
1.262403
1.363507
1.363507
1.375218
1.375218
1.330433
1.330433
1.377557
1.377557
1.316944
1.316944
1.381325
1.381325
1.274135
1.274135
1.314333
1.314333
1.277551
1.277551
1.249849
1.249849
