1.279879
1.279879
1.326482
1.326482
1.388794
1.388794
1.363875
1.363875
1.235965
1.235965
1.211952
1.211952
1.278620
1.278620
1.374357
1.374357
1.193541
1.193541
1.334503
1.312478
1.334503
1.312478
1.271432
1.271432
1.380856
1.380856
1.145844
1.145844
1.369365
1.369365
1.335696
1.335696
1.222900
1.222900
1.281812
1.281812
1.290083
1.290083
1.257915
1.257915
1.378106
1.378106
1.151241
1.151241
1.388564
1.388564
1.218292
1.218292
1.280549
1.280549
1.396172
1.396172
1.386377
1.386377
1.119452
1.119452
1.342235
1.342235
1.270332
1.270332
1.276664
1.276664
1.383606
1.383606
1.388777
1.388777
1.310426
1.310426
1.224007
1.224007
1.397914
1.397914
1.357336
1.357336
1.274741
1.274741
1.274843
1.274843
1.246587
1.246587
1.372358
1.372358
1.286029
1.286029
1.290677
1.290677
1.367389
1.367389
1.122403
1.122403
1.358370
1.358370
1.167854
1.167854
1.131318
1.131318
1.268390
1.268390
1.284745
1.284745
1.315946
1.315946
1.237148
1.237148
1.378365
1.378365
1.289153
1.289153
1.333293
1.333293
1.022784
1.022784
1.241077
1.241077
1.236582
1.236582
1.300949
1.300949
