1.349521
1.349521
1.312918
1.312918
1.304648
1.304648
1.279717
1.279717
1.390101
1.390101
1.381548
1.381548
1.051177
1.051177
1.265057
1.265057
1.282554
1.282554
1.248760
1.248760
1.280311
1.280311
1.247558
1.247558
1.301442
1.301442
1.251545
1.251545
1.245471
1.245471
1.274352
1.274352
1.381791
1.381791
1.180006
1.180006
1.143727
1.143727
1.389694
1.389694
1.187487
1.187487
1.356807
1.356807
1.211007
1.211007
1.117259
1.117259
1.375372
1.375372
1.331915
1.331915
1.355163
1.355163
1.378347
1.378347
1.326852
1.326852
1.392405
1.392405
1.182973
1.182973
1.360287
1.360287
1.209534
1.209534
1.268436
1.268436
1.356378
1.356378
1.270466
1.270466
1.364966
1.364966
1.362450
1.362450
1.309102
1.309102
1.209899
1.209899
1.380228
1.380228
1.189862
1.189862
1.369174
1.369174
1.364435
1.364435
1.295601
1.295601
1.106327
1.106327
1.345338
1.345338
1.179807
1.179807
1.213674
1.213674
1.344896
1.344896
1.322380
1.322380
1.305469
1.305469
1.136591
1.136591
1.137245
1.137245
1.328890
1.328890
1.392517
1.392517
1.381015
1.381015
1.298346
1.298346
1.322295
1.322295
1.136783
1.136783
1.218532
1.218532
1.301252
1.301252
1.322615
1.322615
1.183880
1.183880
1.308316
1.308316
1.331924
1.331924
1.110618
1.110618
1.376926
1.376926
1.391513
1.391513
1.146104
1.146104
1.333218
1.333218
1.216132
1.216132
1.212637
1.212637
1.387997
1.387997
1.109992
1.109992
1.065641
1.065641
1.099446
1.099446
1.258431
1.258431
1.130307
1.130307
1.375070
1.375070
1.373024
1.373024
1.257602
1.257602
1.034003
1.034003
1.360708
1.360708
1.222111
1.222111
1.303055
1.303055
1.048663
1.048663
1.098114
1.098114
1.167003
1.167003
1.364928
1.364928
1.177033
1.177033
1.313493
1.313493
1.370204
1.370204
1.377404
1.377404
