1.366522
1.366522
1.367719
1.367719
1.396276
1.396276
1.225462
1.225462
1.344222
1.344222
1.287973
1.287973
1.390412
1.390412
1.313248
1.313248
1.259342
1.259342
1.315037
1.315037
1.284749
1.284749
1.270280
1.164692
1.164692
1.270280
1.322491
1.322491
1.328312
1.328312
1.225709
1.225709
1.383729
1.383729
1.398331
1.398331
1.186386
1.186386
1.235728
1.235728
1.230124
1.230124
1.275475
1.275475
1.072293
1.072293
1.253027
1.253027
1.273088
1.273088
1.364149
1.364149
1.316423
1.316423
1.290205
1.290205
1.115271
1.115271
1.304895
1.304895
1.396132
1.396132
1.360950
1.360950
1.254228
1.254228
1.210445
1.210445
1.355790
1.355790
1.371248
1.371248
1.340954
1.340954
1.384308
1.384308
1.232020
1.232020
1.070486
1.070486
1.344448
1.344448
1.106177
1.106177
1.314897
1.314897
1.176849
1.176849
1.274298
1.274298
1.279067
1.279067
1.342735
1.342735
1.241121
1.241121
1.306856
1.306856
1.290015
1.290015
1.099454
1.099454
1.078053
1.078053
1.373668
1.373668
1.378692
1.378692
1.229817
1.229817
1.298242
1.298242
1.183127
1.183127
1.309880
1.309880
1.244359
1.244359
1.364402
1.364402
1.325454
1.325454
1.253552
1.253552
1.231839
1.231839
1.377100
1.377100
1.147482
1.147482
1.382785
1.382785
1.336896
1.336896
1.290326
1.290326
1.372735
1.372735
1.391733
1.391733
1.170377
1.170377
1.198914
1.198914
1.376822
1.376822
1.155835
1.155835
1.262631
1.262631
1.322604
1.322604
1.078564
1.078564
1.230693
1.230693
1.210913
1.210913
1.202463
1.202463
1.373952
1.373952
1.306482
1.306482
1.286914
1.286914
1.391517
1.391517
1.163894
1.163894
1.143319
1.143319
1.202233
1.202233
1.342280
1.342280
1.108872
1.108872
1.117409
1.117409
1.194021
1.194021
1.243295
1.243295
1.290816
1.290816
1.084114
1.084114
1.387626
1.387626
1.360122
1.360122
1.164653
1.164653
1.397667
1.397667
1.295682
1.295682
1.390926
1.390926
1.314892
1.314892
1.171228
1.171228
1.228137
1.228137
1.243806
1.243806
1.163179
1.163179
1.228023
1.228023
1.273282
1.273282
1.174074
1.174074
1.316837
1.316837
1.069208
1.069208
1.155498
1.155498
1.365476
1.365476
1.081655
1.081655
1.198555
1.198555
1.306117
1.306117
1.390982
1.390982
1.287394
1.287394
1.143799
1.143799
1.361398
1.361398
1.277398
1.277398
1.225251
1.225251
1.385368
1.385368
1.383449
1.383449
1.381361
1.381361
1.370661
1.370661
1.271006
1.271006
1.237263
1.237263
1.323146
1.323146
1.264822
1.264822
1.271602
1.271602
1.325120
1.325120
1.274998
1.274998
1.249325
1.249325
1.390791
1.390791
1.324234
1.324234
1.346957
1.346957
1.371538
1.371538
1.374421
1.374421
1.287514
1.287514
1.384439
1.384439
1.048447
1.048447
1.318260
1.318260
1.258435
1.258435
1.342858
1.342858
1.338868
1.338868
1.392275
1.392275
1.299824
1.299824
1.396321
1.396321
1.203486
1.203486
1.344565
1.344565
1.294268
1.294268
1.373140
1.373140
1.141272
1.141272
1.129113
1.129113
1.216024
1.216024
1.128746
1.128746
1.144317
1.144317
1.135972
1.135972
1.303265
1.303265
1.328782
1.328782
1.392725
1.392725
1.299061
1.299061
1.299129
1.299129
1.371867
1.371867
1.143885
1.143885
1.383194
1.383194
1.373941
1.373941
1.145107
1.145107
1.390681
1.390681
1.238374
1.238374
1.332918
1.332918
1.385299
1.385299
1.186430
1.186430
1.347479
1.347479
1.308365
1.308365
1.191494
1.191494
1.211784
1.211784
1.282112
1.282112
1.191323
1.191323
1.084786
1.084786
1.354998
1.354998
1.141339
1.141339
1.236911
1.236911
1.378502
1.378502
1.234894
1.234894
1.365793
1.365793
1.177626
1.177626
1.373303
1.373303
1.302725
1.302725
1.347724
1.347724
1.280268
1.280268
1.232847
1.232847
1.306598
1.306598
1.345607
1.345607
