1.277325
1.277325
1.376133
1.370177
1.370177
1.376133
1.321534
1.321534
1.344678
1.344678
1.213004
1.213004
1.326660
1.326660
1.303857
1.303857
1.115755
1.115755
1.350431
1.350431
1.162927
1.162927
1.301433
1.301433
1.151133
1.151133
1.217709
1.217709
1.399710
1.399710
1.360204
1.360204
1.337860
1.337860
1.381103
1.381103
1.321251
1.321251
1.331738
1.331738
1.221667
1.221667
1.343945
1.343945
1.088822
1.088822
1.273221
1.273221
1.361676
1.361676
1.342886
1.355751
1.342886
1.355751
1.223125
1.223125
1.372899
1.372899
1.028384
1.028384
1.264796
1.264796
1.307791
1.307791
1.174750
1.174750
1.205261
1.205261
1.222871
1.222871
1.182747
1.182747
1.243296
1.243296
1.395409
1.395409
1.318373
1.318373
1.351886
1.351886
1.191224
1.191224
1.377954
1.377954
1.385709
1.385709
1.379994
1.379994
1.335398
1.335398
1.342883
1.342883
1.201061
1.201061
1.378191
1.378191
1.317128
1.317128
1.196786
1.196786
1.315381
1.315381
1.370107
1.370107
1.282680
1.282680
1.293376
1.293376
1.219599
1.219599
1.236275
1.236275
1.275471
1.275471
1.302501
1.302501
1.399223
1.399223
1.170064
1.170064
1.171272
1.171272
1.280681
1.280681
1.364502
1.364502
1.350253
1.350253
1.390301
1.390301
1.342447
1.342447
1.170759
1.170759
1.335444
1.335444
1.386473
1.386473
1.330733
1.330733
1.358161
1.358161
1.189204
1.189204
1.050715
1.050715
1.375427
1.375427
1.301483
1.301483
1.384497
1.384497
1.067039
1.067039
1.121437
1.121437
1.368591
1.368591
1.378561
1.378561
1.263627
1.263627
1.102139
1.102139
1.087253
1.087253
1.392245
1.392245
1.285723
1.285723
1.367245
1.367245
1.264804
1.264804
1.296230
1.296230
1.287976
1.287976
1.178132
1.178132
1.285777
1.285777
1.387748
1.387748
1.121933
1.121933
1.144465
1.144465
1.390822
1.390822
1.194055
1.194055
1.194690
1.194690
1.196231
1.196231
1.328381
1.328381
1.302804
1.302804
1.184656
1.184656
1.211499
1.211499
1.116994
1.116994
1.245584
1.245584
1.381481
1.381481
1.297472
1.297472
1.269209
1.269209
1.054330
1.054330
1.092062
1.092062
1.377193
1.377193
1.347982
1.347982
1.289149
1.289149
1.278233
1.278233
1.337691
1.337691
1.204385
1.204385
1.305741
1.305741
1.262280
1.112216
1.262280
1.112216
1.282497
1.282497
1.261042
1.261042
1.183731
1.183731
1.306858
1.306858
1.276000
1.276000
1.263481
1.263481
1.394183
1.394183
1.344513
1.344513
1.318982
1.318982
1.358276
1.358276
1.391589
1.391589
1.334516
1.334516
1.380173
1.380173
1.367653
1.367653
1.371004
1.371004
1.350091
1.350091
1.325315
1.325315
1.387827
1.387827
1.349376
1.349376
1.347731
1.347731
1.201656
1.201656
1.345088
1.345088
1.174918
1.174918
1.350034
1.350034
1.157758
1.157758
1.244522
1.244522
1.329459
1.329459
1.395084
1.395084
1.391649
1.391649
1.334609
1.334609
1.019888
1.019888
1.038154
1.038154
1.384011
1.384011
1.209390
1.209390
1.346627
1.346627
1.277430
1.277430
1.352549
1.352549
1.153009
1.153009
1.238488
1.238488
1.334195
1.334195
1.327983
1.327983
1.326574
1.326574
1.262170
1.262170
1.310265
1.310265
1.334454
1.334454
1.299349
1.299349
1.096199
1.096199
1.375468
1.375468
1.103793
1.103793
1.385692
1.385692
1.281176
1.281176
1.285770
1.285770
1.196862
1.196862
1.380788
1.380788
1.368311
1.368311
1.388781
1.388781
1.267508
1.267508
1.317127
1.317127
1.347829
1.347829
1.151455
1.151455
1.079392
1.079392
1.350256
1.350256
1.325297
1.325297
1.271542
1.271542
1.377954
1.377954
1.354427
1.354427
1.262236
1.262236
1.365896
1.365896
1.395747
1.395747
1.399817
1.399817
1.071961
1.071961
1.279786
1.279786
1.101784
1.101784
1.119019
1.119019
1.200940
1.200940
1.195573
1.195573
1.359777
1.359777
1.301893
1.301893
1.302094
1.302094
1.363945
1.363945
1.321708
1.321708
1.300163
1.300163
1.315268
1.315268
1.353334
1.353334
1.379739
1.379739
1.392003
1.392003
1.328701
1.328701
