1.342349
1.342349
1.235875
1.235875
1.283968
1.283968
1.397319
1.397319
1.396544
1.396544
1.205776
1.343894
1.343894
1.205776
1.247614
1.247614
1.308213
1.308213
1.304944
1.304944
1.317689
1.317689
1.294006
1.294006
1.397563
1.397563
1.390798
1.390798
1.356865
1.356865
1.300011
1.300011
1.333382
1.333382
1.167504
1.167504
1.277709
1.277709
1.385105
1.385105
1.296159
1.296159
1.242692
1.242692
1.273930
1.273930
1.372907
1.372907
1.236677
1.236677
1.336544
1.336544
1.282645
1.282645
1.241780
1.241780
1.206971
1.206971
1.388166
1.397725
1.397725
1.388166
1.353387
1.353387
1.175789
1.175789
1.335697
1.335697
1.374714
1.374714
1.396670
1.396670
1.336794
1.336794
1.203747
1.203747
1.285127
1.285127
1.390546
1.390546
1.273330
1.273330
1.193321
1.193321
1.364153
1.364153
1.348472
1.348472
1.270955
1.270955
1.292933
1.292933
1.230775
1.230775
1.346577
1.346577
1.365474
1.365474
1.382835
1.382835
1.384344
1.384344
1.283472
1.283472
1.292699
1.292699
1.205228
1.205228
1.369242
1.369242
1.137911
1.137911
1.008984
1.008984
1.073416
1.073416
1.356021
1.356021
1.262405
1.262405
1.221302
1.221302
1.343994
1.343994
1.087610
1.087610
1.210828
1.210828
1.159608
1.159608
1.240860
1.240860
1.065884
1.065884
1.356161
1.356161
1.266694
1.266694
1.178489
1.178489
1.372628
1.372628
1.155613
1.155613
1.344189
1.344189
1.384600
1.384600
1.378707
1.378707
1.253190
1.253190
1.082065
1.082065
1.048265
1.048265
1.346314
1.346314
1.264003
1.264003
1.367590
1.367590
1.278649
1.278649
1.269049
1.269049
1.347628
1.347628
1.251237
1.251237
1.307404
1.307404
1.380575
1.380575
1.162425
1.162425
1.194693
1.194693
1.332896
1.332896
1.264392
1.264392
1.291620
1.291620
1.250208
1.250208
1.313399
1.313399
1.361717
1.361717
1.190285
1.190285
1.310753
1.310753
1.073787
1.073787
1.383805
1.383805
1.351515
1.351515
1.394849
1.394849
1.254173
1.254173
1.298431
1.298431
1.102115
1.102115
1.267930
1.267930
1.343008
1.343008
1.359436
1.359436
1.281936
1.281936
1.281921
1.281921
1.344673
1.344673
1.385934
1.385934
1.211867
1.211867
1.293330
1.293330
1.374503
1.374503
1.172567
1.172567
1.070778
1.070778
1.389822
1.389822
1.251291
1.251291
1.355737
1.355737
1.341249
1.341249
1.196274
1.196274
1.397474
1.397474
1.284708
1.284708
1.317306
1.317306
1.385167
1.094605
1.094605
1.385167
1.339134
1.339134
1.387122
1.387122
1.307716
1.307716
1.393716
1.393716
1.387451
1.387451
1.342684
1.342684
1.151124
1.151124
1.137444
1.137444
1.306086
1.306086
1.178777
1.178777
1.399230
1.399230
1.344968
1.344968
1.356230
1.356230
1.396752
1.396752
