1.291355
1.291355
1.290241
1.290241
1.379270
1.379270
1.304730
1.304730
1.254638
1.254638
1.300266
1.300266
1.192320
1.192320
1.128746
1.128746
1.356650
1.356650
1.173539
1.173539
1.198570
1.198570
1.381250
1.381250
1.280828
1.280828
1.122974
1.122974
1.203442
1.203442
1.230445
1.230445
1.241380
1.241380
1.301250
1.301250
1.348993
1.348993
1.227122
1.227122
1.243265
1.243265
1.353560
1.353560
1.303631
1.303631
1.388755
1.388755
1.329726
1.329726
1.249075
1.249075
1.210456
1.210456
1.258386
1.258386
1.064326
1.064326
1.216441
1.216441
1.383888
1.383888
1.118171
1.118171
1.380215
1.380215
1.248204
1.248204
1.195359
1.195359
1.354743
1.354743
1.262125
1.262125
1.227268
1.227268
1.376076
1.376076
1.344266
1.344266
1.252788
1.252788
1.326829
1.326829
1.291424
1.291424
1.307580
1.307580
1.146150
1.146150
1.343524
1.343524
1.276329
1.276329
1.036059
1.036059
1.138898
1.138898
1.384807
1.384807
1.357278
1.357278
1.274398
1.274398
1.238869
1.238869
1.371759
1.371759
1.284030
1.284030
1.139905
1.139905
1.215063
1.215063
1.322933
1.322933
1.166823
1.166823
1.155870
1.155870
1.359496
1.359496
1.189172
1.189172
1.348006
1.348006
1.303811
1.303811
1.302805
1.302805
1.139292
1.139292
1.190192
1.190192
1.294174
1.294174
1.169128
1.169128
1.266474
1.266474
1.148306
1.148306
1.350633
1.350633
1.292609
1.292609
1.263307
1.263307
1.397924
1.397924
1.234858
1.234858
1.391666
1.391666
1.262193
1.262193
1.167342
1.167342
1.332969
1.332969
1.134522
1.254570
1.134522
1.254570
1.295404
1.295404
1.394785
1.394785
1.355664
1.355664
1.390785
1.390785
1.292637
1.292637
1.198049
1.198049
1.332778
1.332778
1.360100
1.360100
1.075865
1.075865
1.342855
1.342855
1.343412
1.343412
1.342503
1.342503
1.321021
1.321021
1.377437
1.377437
1.254101
1.254101
1.276146
1.276146
1.392195
1.392195
1.273153
1.273153
1.315986
1.315986
1.165990
1.165990
1.316623
1.316623
1.245992
1.245992
1.301724
1.301724
1.329217
1.329217
1.395974
1.395974
1.389688
1.389688
1.363401
1.363401
1.158691
1.158691
1.382927
1.382927
1.354317
1.354317
1.316820
1.316820
1.247646
1.247646
1.339114
1.339114
1.319999
1.319999
1.345600
1.345600
1.250004
1.250004
1.196692
1.196692
1.292190
1.292190
1.302713
1.302713
1.171310
1.171310
1.343198
1.343198
1.382279
1.382279
1.296562
1.296562
1.393250
1.393250
1.339122
1.339122
1.399622
1.399622
1.387106
1.387106
1.238054
1.238054
1.386658
1.386658
1.112014
1.112014
1.176540
1.176540
1.351085
1.351085
1.385835
1.385835
1.248223
1.248223
1.336797
1.336797
1.294840
1.294840
1.334602
1.334602
1.242788
1.242788
1.270530
1.270530
1.100412
1.100412
1.322865
1.322865
1.200785
1.200785
1.293743
1.293743
1.367031
1.367031
1.282949
1.282949
1.252610
1.252610
1.281148
1.281148
1.325220
1.325220
1.290013
1.290013
1.360890
1.360890
1.364056
1.364056
1.237158
1.237158
1.368741
1.368741
1.282226
1.282226
1.348040
1.348040
1.227358
1.227358
1.227751
1.227751
1.281621
1.281621
1.253064
1.253064
1.381375
1.381375
1.372097
1.372097
1.391364
1.391364
1.179997
1.179997
1.283266
1.283266
1.356691
1.356691
1.311183
1.311183
1.314361
1.314361
1.385098
1.385098
1.059354
1.059354
1.310613
1.310613
1.116677
1.116677
1.298312
1.298312
1.364498
1.364498
1.345173
1.345173
1.364139
1.364139
1.263398
1.263398
1.379865
1.379865
