1.381376
1.381376
1.123527
1.123527
1.275046
1.275046
1.147574
1.147574
1.212073
1.212073
1.396351
1.396351
1.129932
1.129932
1.371523
1.371523
1.257627
1.257627
1.294476
1.294476
1.320662
1.320662
1.155981
1.231060
1.155981
1.231060
1.284640
1.284640
1.372457
1.299550
1.299550
1.372457
1.377561
1.377561
1.358699
1.358699
1.328974
1.328974
1.113317
1.113317
1.380572
1.380572
1.329850
1.329850
1.196086
1.196086
1.381491
1.381491
1.187495
1.187495
1.130068
1.130068
1.388815
1.388815
1.118449
1.118449
1.278909
1.278909
1.211192
1.211192
1.304757
1.304757
1.272364
1.272364
1.310279
1.310279
1.272795
1.317207
1.272795
1.317207
1.318448
1.318448
1.370782
1.370782
1.222692
1.222692
1.343624
1.343624
1.346538
1.346538
1.173669
1.173669
1.251436
1.251436
1.344653
1.344653
1.290243
1.290243
1.188450
1.188450
1.384009
1.384009
1.123982
1.123982
1.299036
1.299036
1.273289
1.273289
1.288728
1.288728
1.365281
1.365281
1.200238
1.200238
1.368565
1.368565
1.385204
1.385204
1.177406
1.177406
1.160047
1.160047
1.338175
1.338175
1.127839
1.127839
1.279735
1.279735
1.275973
1.275973
1.283757
1.283757
1.394460
1.394460
1.176272
1.176272
1.299439
1.299439
1.189129
1.189129
1.392305
1.392305
1.366701
1.366701
1.303144
1.303144
1.375586
1.218776
1.375586
1.218776
1.340243
1.340243
1.245927
1.245927
1.269835
1.269835
1.317532
1.317532
1.320367
1.320367
1.384174
1.384174
1.148756
1.148756
1.045205
1.045205
1.295059
1.295059
1.259140
1.259140
1.134397
1.134397
1.346993
1.346993
1.352856
1.352856
1.315024
1.315024
1.253721
1.253721
1.282642
1.282642
1.105632
1.105632
1.286759
1.286759
1.122089
1.122089
1.397851
1.397851
1.260978
1.260978
1.392353
1.392353
1.347292
1.347292
1.131524
1.131524
1.344380
1.344380
1.222591
1.222591
1.167035
1.167035
1.046274
1.046274
1.363522
1.363522
1.227351
1.227351
1.246009
1.246009
1.065020
1.065020
1.150048
1.150048
1.314414
1.314414
1.399220
1.399220
1.255846
1.255846
1.337794
1.337794
1.357999
1.357999
1.308341
1.308341
1.305383
1.305383
1.344998
1.344998
1.266218
1.266218
1.340372
1.340372
1.354720
1.354720
1.384393
1.384393
1.344561
1.344561
1.389293
1.389293
1.399114
1.399114
1.393463
1.393463
1.241250
1.241250
1.394244
1.394244
1.298270
1.298270
1.334771
1.334771
1.341514
1.341514
1.224913
1.224913
1.220656
1.220656
1.331219
1.331219
1.375989
1.375989
1.276141
1.276141
1.392769
1.392769
1.339417
1.339417
1.384938
1.384938
1.396728
1.396728
1.275920
1.275920
1.327847
1.327847
1.199432
1.199432
1.360199
1.360199
1.339002
1.339002
1.368085
1.368085
1.283550
1.283550
1.326642
1.326642
1.301713
1.301713
1.122073
1.122073
1.320605
1.320605
1.365265
1.365265
1.293139
1.293139
1.300512
1.300512
1.032965
1.032965
1.144901
1.144901
1.324876
1.324876
1.247316
1.247316
1.304618
1.304618
1.172701
1.172701
1.307383
1.307383
1.247728
1.247728
1.347963
1.347963
1.206092
1.206092
1.232309
1.232309
1.242701
1.242701
1.176462
1.176462
1.387130
1.387130
1.350929
1.350929
1.207491
1.207491
1.141178
1.141178
1.254624
1.254624
1.103193
1.103193
