1.073945
1.073945
1.380458
1.380458
1.379825
1.379825
1.374655
1.374655
1.198677
1.198677
1.305163
1.305163
1.365820
1.365820
1.208017
1.208017
1.105006
1.105006
1.153745
1.153745
1.352442
1.352442
1.197691
1.197691
1.221515
1.221515
1.132453
1.132453
1.316052
1.316052
1.194830
1.194830
1.383500
1.383500
1.233890
1.233890
1.391968
1.391968
1.282838
1.282838
1.187228
1.187228
1.109175
1.069924
1.069924
1.109175
1.355200
1.355200
1.260085
1.260085
1.246010
1.246010
1.395157
1.395157
1.181229
1.181229
1.378480
1.378480
1.257871
1.257871
1.258893
1.258893
1.129389
1.129389
1.245298
1.245298
1.366665
1.366665
1.159381
1.159381
1.241883
1.241883
1.183263
1.183263
1.249050
1.249050
1.304557
1.304557
1.388679
1.388679
1.176155
1.176155
1.314914
1.314914
1.347447
1.347447
1.269992
1.269992
1.330477
1.330477
1.177627
1.177627
1.392194
1.392194
1.391392
1.391392
1.177665
1.177665
1.290776
1.290776
1.329919
1.390786
1.329919
1.390786
1.376608
1.376608
1.199244
1.199244
1.398784
1.398784
1.272688
1.272688
1.239462
1.239462
1.399679
1.399679
1.079196
1.079196
1.234655
1.234655
1.288764
1.288764
1.282168
1.282168
1.174955
1.174955
1.385307
1.385307
1.249198
1.249198
1.116219
1.116219
1.095787
1.095787
1.143373
1.143373
1.343898
1.343898
1.282621
1.282621
1.060384
1.060384
1.192257
1.192257
1.343640
1.343640
1.165836
1.165836
1.367186
1.367186
1.373999
1.373999
1.343873
1.343873
1.349799
1.349799
1.372838
1.372838
1.318033
1.318033
1.181516
1.181516
1.164095
1.164095
1.332702
1.332702
1.293767
1.293767
1.109781
1.109781
1.228020
1.228020
1.338639
1.338639
1.330316
1.330316
1.093352
1.093352
1.372619
1.372619
1.227793
1.227793
1.369187
1.369187
1.276292
1.276292
1.348563
1.348563
1.329939
1.329939
1.308399
1.308399
1.310531
1.310531
1.241525
1.241525
1.379671
1.379671
1.304715
1.304715
1.313436
1.313436
1.182471
1.182471
1.260465
1.260465
1.365905
1.365905
1.127174
1.127174
1.172880
1.172880
1.274933
1.274933
1.132972
1.132972
1.165042
1.165042
1.288971
1.288971
1.228287
1.228287
1.189232
1.189232
1.397217
1.397217
1.223730
1.223730
1.260566
1.260566
1.272294
1.272294
1.306684
1.306684
1.373464
1.373464
1.297810
1.297810
1.295973
1.295973
1.339825
1.339825
1.251272
1.251272
1.396777
1.396777
1.276047
1.276047
1.279738
1.279738
1.110534
1.110534
1.349854
1.349854
1.376350
1.376350
1.249043
1.249043
1.245367
1.245367
1.350643
1.350643
1.305723
1.305723
1.397132
1.397132
1.306305
1.306305
1.327801
1.327801
1.224172
1.224172
1.231862
1.231862
1.324266
1.324266
1.327458
1.327458
1.367863
1.367863
1.364459
1.364459
1.330909
1.330909
1.394645
1.394645
1.357419
1.357419
1.214750
1.214750
1.360586
1.360586
1.255501
1.255501
1.396987
1.396987
1.307559
1.307559
1.082028
1.082028
1.223328
1.223328
1.241384
1.241384
1.392370
1.392370
1.146858
1.146858
1.392923
1.392923
1.342975
1.342975
1.279917
1.279917
1.331807
1.331807
1.242880
1.242880
1.243701
1.243701
1.242093
1.242093
1.218894
1.218894
1.310096
1.310096
1.201528
1.093641
1.093641
1.201528
1.335366
1.335366
1.064837
1.064837
