1.280676
1.280676
1.164977
1.164977
1.206630
1.206630
1.321423
1.321423
1.203565
1.203565
1.398929
1.398929
1.188673
1.188673
1.334671
1.334671
1.366634
1.366634
1.389984
1.389984
1.358559
1.358559
1.323912
1.323912
1.167392
1.167392
1.148168
1.192386
1.192386
1.148168
1.363177
1.363177
1.376801
1.376801
1.252897
1.252897
1.327728
1.327728
1.369319
1.369319
1.290064
1.290064
1.194184
1.194184
1.355858
1.301697
1.301697
1.355858
1.311830
1.311830
1.203735
1.203735
1.259704
1.259704
1.090297
1.090297
1.197702
1.197702
1.373220
1.373220
1.317742
1.317742
1.270385
1.270385
1.207407
1.207407
1.391150
1.391150
1.296849
1.296849
1.239999
1.239999
1.327551
1.195992
1.195992
1.327551
1.333536
1.333536
1.188594
1.188594
1.303016
1.303016
1.334866
1.334866
1.384758
1.384758
1.349903
1.349903
1.307075
1.307075
1.292287
1.292287
1.113983
1.113983
1.389484
1.389484
1.325412
1.325412
1.256264
1.256264
1.328740
1.328740
1.335403
1.335403
1.339674
1.339674
1.399313
1.183070
1.183070
1.399313
1.373027
1.373027
1.310942
1.310942
1.375104
1.375104
1.319269
1.319269
1.289161
1.289161
1.331720
1.331720
1.385765
1.385765
1.387130
1.387130
1.332065
1.332065
1.369808
1.369808
1.090929
1.090929
1.375859
1.375859
1.332808
1.332808
1.320646
1.320646
1.329168
1.329168
1.380853
1.380853
1.172430
1.395469
1.172430
1.395469
1.346480
1.346480
1.210206
1.210206
1.088694
1.088694
1.342329
1.342329
1.305490
1.305490
1.243016
1.243016
1.093062
1.093062
1.325464
1.325464
1.266577
1.266577
1.366409
1.366409
1.374358
1.374358
1.347342
1.347342
1.199586
1.199586
1.381397
1.381397
1.248039
1.248039
1.068547
1.068547
1.218350
1.218350
1.294354
1.294354
1.129757
1.129757
1.199203
1.199203
1.327645
1.327645
1.119449
1.119449
1.233739
1.233739
1.320286
1.320286
1.221036
1.221036
1.380173
1.380173
1.385634
1.385634
1.390479
1.390479
1.328207
1.328207
1.301187
1.301187
1.397142
1.397142
1.262795
1.262795
1.228876
1.228876
1.385021
1.385021
1.265327
1.265327
1.335908
1.335908
1.325552
1.325552
1.354454
1.354454
1.371626
1.371626
1.344969
1.344969
1.378545
1.378545
1.179104
1.179104
1.385575
1.385575
1.217598
1.217598
1.209817
1.209817
1.120936
1.120936
1.213150
1.213150
1.343619
1.343619
1.285171
1.330725
1.330725
1.285171
1.293661
1.293661
1.389784
1.389784
1.338065
1.338065
1.161630
1.161630
1.251461
1.251461
1.329907
1.329907
1.248029
1.248029
1.384505
1.384505
1.235362
1.235362
1.361187
1.361187
1.373113
1.373113
1.111575
1.111575
1.218769
1.218769
1.380694
1.380694
1.333003
1.333003
1.363244
1.363244
