1.225901
1.225901
1.084187
1.084187
1.254887
1.254887
1.327585
1.327585
1.192919
1.192919
1.161438
1.161438
1.320388
1.320388
1.351419
1.351419
1.243594
1.243594
1.053952
1.261326
1.053952
1.261326
1.330731
1.330731
1.399801
1.152876
1.152876
1.399801
1.325021
1.325021
1.179197
1.179197
1.176188
1.176188
1.306401
1.306401
1.331627
1.331627
1.337999
1.337999
1.292517
1.292517
1.272731
1.272731
1.316379
1.316379
1.323394
1.349192
1.323394
1.349192
1.302583
1.302583
1.205414
1.205414
1.381024
1.381024
1.188425
1.188425
1.148810
1.148810
1.363905
1.363905
1.382919
1.382919
1.065815
1.065815
1.387308
1.387308
1.358565
1.358565
1.381795
1.381795
1.181934
1.181934
1.337432
1.337432
1.213459
1.213459
1.187581
1.187581
1.391921
1.391921
1.242615
1.242615
1.371343
1.371343
1.257059
1.257059
1.060131
1.060131
1.237665
1.237665
1.244661
1.187345
1.187345
1.244661
1.323353
1.323353
1.362024
1.362024
1.153830
1.153830
1.381853
1.381853
1.160396
1.160396
1.154458
1.154458
1.129460
1.129460
1.322665
1.322665
1.296197
1.296197
1.341778
1.341778
1.220706
1.220706
1.347989
1.347989
1.204770
1.204770
1.274687
1.274687
1.309171
1.309171
1.294488
1.294488
1.324809
1.324809
1.140425
1.140425
1.329497
1.329497
1.289024
1.289024
1.379385
1.243756
1.379385
1.243756
1.393234
1.393234
1.296578
1.296578
1.126067
1.126067
1.363101
1.363101
1.389881
1.389881
1.276086
1.276086
1.370789
1.370789
1.340784
1.340784
1.303345
1.303345
1.377995
1.377995
1.077541
1.077541
1.386670
1.386670
1.368881
1.309515
1.368881
1.309515
1.122034
1.122034
1.360974
1.360974
1.357236
1.357236
1.319663
1.319663
1.386957
1.386957
1.258051
1.258051
1.328352
1.328352
1.239412
1.239412
1.370506
1.370506
1.376688
1.376688
1.299517
1.299517
1.268979
1.268979
1.242777
1.242777
1.343953
1.343953
1.310715
1.310715
1.124532
1.124532
1.217588
1.217588
1.118269
1.118269
1.328538
1.328538
1.285742
1.285742
1.072409
1.072409
1.333548
1.333548
1.350777
1.350777
1.394103
1.394103
1.327525
1.327525
1.347167
1.347167
1.396025
1.396025
1.154532
1.154532
1.389437
1.389437
1.308895
1.308895
1.234103
1.234103
1.066905
1.066905
1.125323
1.125323
1.371725
1.371725
1.394892
1.394892
1.346789
1.346789
1.111528
1.111528
1.296111
1.296111
1.242519
1.242519
1.272276
1.272276
1.246917
1.246917
1.167552
1.167552
1.386892
1.386892
1.347518
1.347518
1.162138
1.162138
1.260060
1.260060
1.306270
1.306270
1.140195
1.140195
1.394221
1.394221
1.261342
1.261342
1.390348
1.390348
1.144337
1.144337
1.316043
1.316043
1.391420
1.391420
1.245242
1.245242
1.291617
1.291617
1.386537
1.386537
1.326299
1.326299
1.396618
1.396618
1.347934
1.347934
1.349214
1.349214
1.366278
1.366278
1.311111
1.311111
1.322383
1.322383
1.240606
1.240606
1.068092
1.068092
1.316717
1.316717
1.125401
1.125401
