1.374267
1.374267
1.324193
1.324193
1.340758
1.340758
1.346177
1.346177
1.194165
1.194165
1.360007
1.360007
1.110976
1.110976
1.292269
1.035689
1.292269
1.035689
1.356910
1.356910
1.380106
1.380106
1.378467
1.378467
1.220409
1.220409
1.373951
1.373951
1.384553
1.384553
1.222076
1.222076
1.396373
1.396373
1.306857
1.306857
1.283269
1.283269
1.365755
1.365755
1.381661
1.381661
1.275462
1.275462
1.371961
1.371961
1.395810
1.395810
1.342725
1.342725
1.399616
1.399616
1.308173
1.308173
1.369964
1.369964
1.137941
1.137941
1.202218
1.202218
1.394011
1.394011
1.394707
1.394707
1.325905
1.325905
1.327094
1.327094
1.354249
1.354249
1.359934
1.359934
1.288045
1.288045
1.204283
1.204283
1.361999
1.361999
1.105107
1.105107
1.205741
1.205741
1.125152
1.125152
1.394816
1.394816
1.385644
1.385644
1.386402
1.386402
1.356019
1.356019
1.343365
1.343365
1.121947
1.121947
1.357634
1.357634
1.331289
1.331289
1.384813
1.384813
1.327407
1.327407
1.147569
1.147569
1.300090
1.300090
1.150102
1.150102
1.279493
1.279493
1.270628
1.270628
1.115493
1.115493
1.214613
1.214613
1.224348
1.224348
1.273693
1.273693
1.334198
1.334198
1.307969
1.307969
1.242044
1.242044
1.277276
1.277276
1.391604
1.391604
1.290686
1.290686
1.367373
1.367373
1.311722
1.311722
1.257784
1.272352
1.257784
1.272352
1.216526
1.216526
1.261194
1.399718
1.261194
1.399718
1.106187
1.106187
1.396391
1.396391
1.232318
1.232318
1.336747
1.336747
1.306807
1.306807
1.302394
1.302394
1.366574
1.366574
1.309909
1.309909
1.149787
1.149787
1.333406
1.333406
1.231303
1.231303
1.328136
1.328136
1.233115
1.233115
1.391700
1.391700
1.241522
1.241522
1.294781
1.294781
1.274800
1.274800
1.227360
1.227360
1.056388
1.056388
1.286511
1.286511
1.293355
1.293355
1.061355
1.061355
1.250232
1.250232
1.295989
1.295989
1.172505
1.172505
1.392319
1.392319
1.342097
1.342097
1.204631
1.204631
1.199521
1.199521
1.333469
1.333469
1.384201
1.384201
1.335366
1.335366
1.163390
1.163390
1.335412
1.335412
1.345134
1.345134
1.312445
1.312445
1.367707
1.367707
1.302526
1.302526
1.144510
1.144510
1.302804
1.302804
1.323589
1.323589
1.182121
1.182121
1.081942
1.081942
1.332240
1.332240
1.138106
1.138106
1.306686
1.306686
1.290321
1.290321
1.302274
1.302274
1.339818
1.339818
1.209603
1.209603
1.328664
1.328664
1.376307
1.376307
1.296440
1.296440
1.142768
1.142768
1.367153
1.367153
1.368604
1.368604
1.115988
1.115988
1.392130
1.392130
1.104640
1.104640
1.387053
1.387053
1.238704
1.238704
1.372280
1.372280
1.320128
1.320128
1.231162
1.231162
1.309088
1.309088
1.298563
1.298563
1.120700
1.120700
1.134276
1.134276
1.318691
1.318691
1.278946
1.278946
1.339349
1.339349
1.120723
1.120723
1.397953
1.397953
1.361036
1.361036
1.370963
1.370963
1.152034
1.152034
1.188504
1.188504
1.296916
1.296916
1.292881
1.292881
1.312870
1.312870
1.388034
1.388034
1.312541
1.312541
1.285591
1.285591
1.220202
1.220202
1.392332
1.392332
1.370640
1.370640
