1.222394
1.222394
1.318124
1.318124
1.388440
1.388440
1.381609
1.381609
1.277650
1.277650
1.276959
1.276959
1.260579
1.260579
1.358002
1.358002
1.103211
1.103211
1.054969
1.054969
1.202707
1.202707
1.176960
1.176960
1.385662
1.385662
1.381273
1.381273
1.295861
1.295861
1.311989
1.311989
1.386162
1.386162
1.376749
1.376749
1.312776
1.312776
1.100344
1.100344
1.240922
1.240922
1.215269
1.215269
1.337462
1.337462
1.363935
1.363935
1.375203
1.375203
1.226647
1.226647
1.191621
1.191621
1.101891
1.101891
1.388914
1.388914
1.345517
1.345356
1.345517
1.345356
1.145080
1.145080
1.265907
1.265907
1.166403
1.058291
1.166403
1.058291
1.269946
1.269946
1.320971
1.320971
1.351804
1.351804
1.239661
1.239661
1.294449
1.294449
1.251226
1.251226
1.300064
1.355091
1.355091
1.300064
1.385294
1.385294
1.377022
1.377022
1.326046
1.326046
1.373176
1.373176
1.375028
1.375028
1.370561
1.370561
1.317053
1.317053
1.366651
1.366651
1.104583
1.104583
1.183434
1.183434
1.284626
1.284626
1.277983
1.277983
1.375590
1.375590
1.354643
1.354643
1.272095
1.272095
1.301669
1.301669
1.247354
1.247354
1.183360
1.183360
1.291277
1.291277
1.253987
1.253987
1.299924
1.299924
1.283200
1.283200
1.359799
1.359799
1.226416
1.226416
1.390597
1.390597
1.387125
1.387125
1.236686
1.236686
1.372409
1.372409
1.315868
1.315868
1.368223
1.368223
1.323023
1.323023
1.361258
1.361258
1.215018
1.215018
1.311298
1.311298
1.395051
1.395051
1.197606
1.197606
1.282797
1.282797
1.365627
1.365627
1.322934
1.322934
1.363962
1.363962
1.393624
1.393624
1.318209
1.318209
1.287650
1.287650
1.208023
1.208023
1.323708
1.323708
1.046692
1.046692
1.395163
1.395163
1.260174
1.260174
1.367673
1.367673
1.253249
1.253249
1.251868
1.251868
1.336611
1.336611
1.357574
1.357574
1.313682
1.313682
1.375210
1.375210
1.392870
1.392870
1.237876
1.237876
1.348840
1.348840
1.207685
1.207685
1.303845
1.303845
1.144025
1.144025
1.315518
1.315518
1.193736
1.193736
1.394243
1.394243
1.270377
1.270377
1.385038
1.385038
1.361816
1.361816
1.300633
1.300633
1.156827
1.156827
1.170158
1.170158
1.366452
1.366452
1.353119
1.353119
1.392488
1.392488
1.240800
1.240800
1.381993
1.381993
1.271687
1.271687
1.191522
1.191522
1.347319
1.347319
1.310917
1.310917
1.299590
1.299590
1.353091
1.353091
1.254668
1.254668
1.085610
1.085610
1.042371
1.042371
1.326189
1.326189
1.180111
1.180111
1.397785
1.397785
1.164283
1.164283
1.105367
1.105367
1.304299
1.304299
1.131195
1.131195
1.366694
1.366694
1.333570
1.333570
1.373236
1.373236
1.397482
1.397482
1.183866
1.360615
1.360615
1.183866
1.346904
1.346904
1.349282
1.349282
1.056847
1.056847
1.195586
1.195586
1.290873
1.290873
1.084596
1.084596
1.342449
1.342449
1.306841
1.306841
1.123562
1.123562
1.064284
1.064284
1.293285
1.293285
1.053977
1.053977
1.253761
1.253761
1.151773
1.151773
1.332593
1.332593
1.317580
1.317580
1.307445
1.307445
1.254884
1.254884
1.182992
1.182992
1.370081
1.370081
1.155351
1.155351
1.387255
1.387255
1.336840
1.336840
1.365892
1.365892
1.357787
1.357787
1.094325
1.094325
1.174202
1.174202
1.395759
1.395759
1.271799
1.271799
1.254741
1.254741
1.313892
1.313892
1.327177
1.327177
1.341643
1.341643
1.054330
1.054330
1.348822
1.348822
1.229287
1.229287
1.060901
1.060901
1.336591
1.336591
1.299619
1.299619
1.129864
1.129864
1.306591
1.306591
1.108224
1.108224
1.272019
1.272019
1.389891
1.389891
1.381917
1.381917
1.188752
1.188752
1.387162
1.387162
1.190908
1.190908
1.271745
1.271745
1.391523
1.391523
1.299209
1.299209
1.115695
1.115695
1.383596
1.383596
1.292874
1.292874
1.229225
1.229225
1.139201
1.139201
1.288517
1.288517
1.293469
1.293469
1.191026
1.191026
1.329765
1.329765
1.323859
1.323859
1.249488
1.249488
1.368959
1.368959
1.299034
1.299034
1.378064
1.378064
1.219170
1.219170
1.307019
1.307019
1.312825
1.312825
1.337383
1.337383
1.247820
1.247820
1.247491
1.247491
