1.271333
1.271333
1.156321
1.156321
1.360151
1.244424
1.360151
1.244424
1.346228
1.346228
1.341487
1.341487
1.295116
1.295116
1.343317
1.223928
1.223928
1.343317
1.096491
1.096491
1.194402
1.194402
1.315028
1.315028
1.281650
1.281650
1.369889
1.369889
1.310761
1.310761
1.251798
1.251798
1.262969
1.262969
1.322651
1.322651
1.390237
1.390237
1.371202
1.371202
1.321048
1.321048
1.155870
1.155870
1.399337
1.399337
1.263583
1.263583
1.306050
1.306050
1.299038
1.299038
1.372943
1.372943
1.040460
1.040460
1.315094
1.315094
1.316846
1.316846
1.193819
1.193819
1.203089
1.203089
1.284974
1.284974
1.333483
1.333483
1.200412
1.200412
1.358656
1.358656
1.399496
1.399496
1.399816
1.399816
1.358872
1.358872
1.385749
1.385749
1.346490
1.346490
1.397687
1.397687
1.234899
1.234899
1.378894
1.378894
1.215693
1.215693
1.133212
1.133212
1.301312
1.301312
1.245510
1.245510
1.388876
1.388876
1.062202
1.062202
1.198077
1.198077
1.398358
1.398358
1.335484
1.335484
1.329706
1.329706
1.223450
1.223450
1.164383
1.164383
1.085532
1.085532
1.272377
1.272377
1.311627
1.311627
1.255235
1.255235
1.211056
1.211056
1.056923
1.056923
1.373183
1.373183
1.344741
1.344741
1.363424
1.363424
1.021254
1.021254
1.355238
1.355238
1.390426
1.390426
1.201508
1.201508
1.187637
1.187637
1.297141
1.297141
1.173706
1.173706
1.306304
1.306304
1.227360
1.227360
1.354174
1.354174
1.107230
1.107230
1.129010
1.129010
1.330538
1.330538
1.332643
1.332643
1.381300
1.381300
1.199320
1.199320
1.050764
1.050764
1.383550
1.383550
1.395144
1.395144
1.390617
1.390617
1.302261
1.302261
1.149265
1.149265
1.049631
1.049631
1.236845
1.236845
1.092065
1.092065
1.392828
1.392828
1.273813
1.273813
1.241671
1.241671
1.341055
1.341055
1.239373
1.239373
1.234167
1.234167
1.318792
1.318792
1.312282
1.312282
1.296687
1.296687
1.297082
1.297082
1.366692
1.366692
1.340787
1.340787
1.312281
1.312281
1.276793
1.276793
1.384682
1.384682
1.187244
1.187244
1.143104
1.143104
1.090319
1.090319
1.352001
1.352001
1.152744
1.152744
1.299304
1.299304
1.277419
1.277419
1.097573
1.097573
1.393138
1.393138
1.131976
1.131976
1.138049
1.138049
1.341339
1.341339
1.278394
1.278394
1.284367
1.284367
1.348135
1.348135
1.225837
1.225837
1.397132
1.397132
1.363414
1.363414
1.385329
1.385329
1.341067
1.341067
1.264259
1.264259
1.300946
1.300946
1.110721
1.110721
1.046454
1.046454
1.365648
1.365648
1.377075
1.377075
1.333844
1.333844
1.382106
1.382106
1.143643
1.143643
1.259946
1.259946
1.342248
1.342248
1.272671
1.272671
1.369108
1.369108
1.294300
1.294300
1.365612
1.365612
1.247664
1.247664
1.388899
1.388899
1.386756
1.386756
1.377824
1.377824
1.254554
1.254554
1.322812
1.322812
1.192288
1.192288
1.384624
1.384624
1.269544
1.269544
1.357283
1.357283
1.313336
1.313336
1.300614
1.300614
1.276766
1.276766
1.193592
1.193592
1.364245
1.364245
1.359564
1.359564
1.397994
1.397994
1.390419
1.390419
1.261486
1.261486
1.273261
1.273261
1.261604
1.261604
1.358242
1.358242
1.218627
1.218627
1.059773
1.059773
1.131494
1.131494
