1.256553
1.256553
1.325598
1.325598
1.391973
1.391973
1.276833
1.276833
1.280405
1.280405
1.364390
1.364390
1.388981
1.388981
1.223433
1.223433
1.354226
1.354226
1.323008
1.323008
1.289023
1.289023
1.373698
1.373698
1.319309
1.319309
1.368449
1.368449
1.243500
1.375570
1.375570
1.243500
1.269152
1.269152
1.355237
1.355237
1.354450
1.354450
1.205655
1.205655
1.103485
1.103485
1.390335
1.390335
1.140909
1.380650
1.380650
1.140909
1.206737
1.206737
1.093017
1.093017
1.348941
1.348941
1.320814
1.320814
1.232487
1.232487
1.126292
1.126292
1.276167
1.276167
1.220624
1.220624
1.340209
1.340209
1.358630
1.358630
1.160705
1.160705
1.033919
1.033919
1.092128
1.092128
1.392398
1.392398
1.247160
1.247160
1.323590
1.323590
1.163379
1.163379
1.243404
1.243404
1.148165
1.148165
1.262198
1.262198
1.340166
1.340166
1.307147
1.307147
1.256778
1.256778
1.262843
1.262843
1.277418
1.277418
1.215265
1.215265
1.327083
1.327083
1.387202
1.387202
1.236699
1.236699
1.378781
1.378781
1.263562
1.263562
1.225324
1.225324
1.324284
1.324284
1.196092
1.196092
1.319392
1.319392
1.315849
1.315849
1.384248
1.384248
1.367675
1.367675
1.237545
1.237545
1.382064
1.382064
1.319014
1.319014
1.176760
1.176760
1.388159
1.388159
1.082940
1.082940
1.157386
1.157386
1.376171
1.376171
1.350379
1.350379
1.290320
1.290320
1.153876
1.153876
1.396417
1.383371
1.383371
1.396417
1.363259
1.363259
1.290181
1.290181
1.128659
1.128659
1.293548
1.293548
1.252578
1.252578
1.255151
1.255151
1.357662
1.357662
1.290749
1.290749
1.272205
1.272205
1.251419
1.251419
1.164402
1.164402
1.269678
1.269678
1.261430
1.261430
1.221494
1.221494
1.270163
1.270163
1.329234
1.329234
1.291932
1.291932
1.278625
1.278625
1.308036
1.308036
1.292174
1.292174
1.074703
1.074703
1.176086
1.176086
1.258452
1.258452
1.328301
1.328301
1.370383
1.370383
1.337070
1.337070
1.128134
1.128134
1.113666
1.113666
1.330632
1.330632
1.209475
1.209475
1.388697
1.388697
1.343275
1.343275
1.245620
1.245620
1.226247
1.226247
1.171325
1.171325
1.290144
1.290144
1.082029
1.082029
1.218927
1.218927
1.378967
1.378967
1.272121
1.272121
1.382429
1.382429
1.269164
1.269164
1.383277
1.383277
1.279550
1.279550
1.244358
1.244358
1.333533
1.333533
1.201623
1.201623
1.267542
1.267542
1.076499
1.076499
1.391225
1.391225
1.125030
1.125030
1.218657
1.218657
1.219807
1.219807
1.350997
1.350997
1.363398
1.363398
1.385279
1.385279
1.311761
1.311761
1.320790
1.320790
1.074577
1.074577
1.336132
1.336132
1.095059
1.095059
1.369017
1.369017
1.387599
1.387599
1.376118
1.376118
1.398662
1.398662
1.363027
1.363027
1.341541
1.341541
1.305728
1.305728
1.338836
1.338836
1.395050
1.395050
1.357397
1.357397
1.083344
1.083344
1.342811
1.342811
1.151739
1.151739
1.284664
1.284664
1.156435
1.156435
1.318361
1.318361
1.357027
1.357027
1.390267
1.390267
1.359323
1.359323
1.259814
1.259814
1.268646
1.268646
1.374887
1.374887
1.306620
1.306620
1.362731
1.362731
1.233650
1.233650
1.141395
1.141395
1.359321
1.359321
1.348132
1.348132
1.144924
1.144924
1.355945
1.355945
1.290340
1.290340
1.321284
1.321284
1.372012
1.372012
1.340600
1.340600
