1.144808
1.144808
1.328034
1.328034
1.310090
1.310090
1.331980
1.300651
1.300651
1.331980
1.391674
1.391674
1.367294
1.367294
1.368475
1.368475
1.144332
1.144332
1.254181
1.254181
1.228327
1.228327
1.157740
1.319491
1.157740
1.319491
1.331187
1.331187
1.315986
1.315986
1.391770
1.391770
1.380122
1.380122
1.250524
1.250524
1.323546
1.323546
1.268133
1.268133
1.375707
1.375707
1.378735
1.378735
1.187901
1.187901
1.328827
1.328827
1.375252
1.375252
1.314702
1.314702
1.228494
1.228494
1.386478
1.386478
1.221596
1.221596
1.399041
1.399041
1.319526
1.319526
1.319639
1.319639
1.386771
1.386771
1.384734
1.384734
1.341651
1.341651
1.185299
1.185299
1.321888
1.321888
1.372914
1.372914
1.285646
1.285646
1.319428
1.319428
1.247191
1.282323
1.247191
1.282323
1.253549
1.253549
1.317388
1.317388
1.395039
1.395039
1.257541
1.257541
1.182274
1.182274
1.392696
1.392696
1.380131
1.380131
1.292883
1.292883
1.341529
1.341529
1.348833
1.348833
1.302485
1.302485
1.272626
1.272626
1.395775
1.395775
1.160194
1.160194
1.202641
1.202641
1.265085
1.265085
1.320396
1.320396
1.399632
1.399632
1.368723
1.368723
1.324816
1.324816
1.166510
1.166510
1.319129
1.319129
1.288811
1.288811
1.140067
1.140067
1.391569
1.391569
1.305182
1.305182
1.385659
1.385659
1.122200
1.122200
1.348995
1.348995
1.357253
1.357253
1.385301
1.385301
1.364968
1.364968
1.280357
1.280357
1.374107
1.374107
1.230032
1.230032
1.377540
1.377540
1.370901
1.254920
1.370901
1.254920
1.287441
1.287441
1.370537
1.370537
1.218370
1.218370
1.288242
1.288242
1.381491
1.381491
1.392056
1.392056
1.333971
1.333971
1.313733
1.313733
1.352758
1.352758
1.314782
1.314782
1.111275
1.111275
1.387040
1.387040
1.248790
1.248790
1.324823
1.324823
1.215177
1.215177
1.381108
1.381108
1.398126
1.398126
1.218746
1.218746
1.379452
1.379452
1.378640
1.378640
1.338025
1.338025
1.276526
1.276526
1.191678
1.191678
1.338757
1.338757
1.276806
1.276806
1.074800
1.074800
1.206777
1.206777
1.167547
1.167547
1.296400
1.296400
1.351769
1.351769
1.385018
1.385018
1.159668
1.159668
1.220792
1.220792
1.159626
1.159626
1.107702
1.107702
1.299923
1.291999
1.299923
1.291999
1.309262
1.309262
1.245107
1.245107
1.389043
1.389043
1.158787
1.158787
1.162973
1.162973
1.264573
1.264573
1.069809
1.069809
1.269193
1.269193
1.393834
1.393834
1.397265
1.397265
1.323295
1.323295
1.379285
1.379285
1.329182
1.329182
1.285834
1.285834
1.377214
1.377214
1.353752
1.353752
1.254581
1.254581
1.189523
1.189523
1.249604
1.384547
1.249604
1.384547
1.242455
1.242455
1.375363
1.375363
1.372619
1.372619
1.335185
1.335185
1.376217
1.376217
1.394898
1.394898
1.317844
1.317844
1.299086
1.299086
1.343968
1.343968
1.355917
1.355917
1.331618
1.331618
1.312011
1.312011
1.232144
1.232144
1.382300
1.382300
1.350404
1.350404
1.239593
1.239593
1.254881
1.254881
1.394305
1.394305
1.197693
1.197693
1.304202
1.304202
1.337028
1.337028
1.193966
1.193966
1.302148
1.302148
1.287394
1.287394
1.095665
1.095665
1.206701
1.206701
1.176841
1.176841
1.358219
1.358219
1.341192
1.341192
1.333697
1.333697
1.381416
1.381416
1.358715
1.358715
1.365021
1.365021
1.147431
1.147431
1.287096
1.287096
1.196953
1.196953
1.245445
1.245445
1.065209
1.065209
1.196592
1.196592
1.308508
1.308508
1.388323
1.388323
