1.303933
1.303933
1.341272
1.341272
1.393335
1.393335
1.183539
1.183539
1.248810
1.248810
1.384463
1.384463
1.362915
1.362915
1.293753
1.293753
1.394764
1.394764
1.352571
1.352571
1.222437
1.222437
1.218708
1.218708
1.235114
1.235114
1.392578
1.392578
1.187013
1.187013
1.377768
1.377768
1.367556
1.367556
1.346959
1.346959
1.379786
1.379786
1.293077
1.293077
1.092600
1.092600
1.339736
1.339736
1.274733
1.274733
1.217816
1.217816
1.115276
1.115276
1.234272
1.234272
1.380429
1.380429
1.385968
1.385968
1.083267
1.083267
1.392516
1.392516
1.250235
1.250235
1.377336
1.377336
1.344646
1.344646
1.289452
1.289452
1.267791
1.267791
1.372452
1.372452
1.229500
1.229500
1.394916
1.394916
1.380044
1.380044
1.269266
1.269266
1.096082
1.096082
1.064309
1.064309
1.338210
1.338210
1.376473
1.376473
1.246762
1.246762
1.307723
1.307723
1.134854
1.134854
1.395916
1.395916
1.366595
1.366595
1.330183
1.347618
1.347618
1.330183
1.205717
1.205717
1.287047
1.287047
1.342012
1.342012
1.238276
1.238276
1.220845
1.220845
1.279974
1.279974
1.279660
1.279660
1.286792
1.286792
1.093054
1.093054
1.331318
1.331318
1.389491
1.389491
1.391854
1.391854
1.305017
1.305017
1.280777
1.280777
1.224819
1.224819
1.195758
1.195758
1.323014
1.323014
1.200325
1.200325
1.231885
1.231885
1.383340
1.383340
1.277884
1.277884
1.394408
1.394408
1.192053
1.192053
1.263487
1.263487
1.260436
1.260436
1.390374
1.390374
1.393153
1.393153
1.330052
1.330052
1.286544
1.286544
1.393582
1.393582
1.232157
1.232157
1.361354
1.361354
1.293630
1.293630
1.296346
1.296346
1.158431
1.158431
1.343293
1.343293
1.352860
1.352860
1.260454
1.260454
1.234332
1.234332
1.204487
1.204487
1.388690
1.388690
1.351843
1.351843
1.283379
1.283379
1.344874
1.344874
1.382832
1.382832
1.194542
1.194542
1.287860
1.287860
1.307484
1.307484
1.354132
1.354132
1.306108
1.306108
1.386479
1.386479
1.215602
1.215602
1.340545
1.340545
1.180227
1.180227
1.219903
1.219903
1.249576
1.249576
1.201843
1.201843
1.389461
1.389461
1.241806
1.241806
1.322069
1.322069
1.187599
1.187599
1.291284
1.291284
1.388552
1.388552
1.256758
1.256758
1.329703
1.329703
1.353231
1.353231
1.256848
1.256848
1.210114
1.210114
1.361136
1.361136
1.233754
1.233754
1.398044
1.398044
1.333619
1.333619
1.315827
1.315827
1.195707
1.195707
1.392175
1.392175
1.372150
1.372150
1.352632
1.352632
1.296200
1.296200
1.351310
1.351310
1.306501
1.306501
1.246581
1.246581
1.170226
1.170226
1.357840
1.357840
1.263604
1.263604
1.265952
1.265952
1.293296
1.293296
1.156940
1.156940
1.172801
1.172801
1.081782
1.081782
1.382594
1.382594
1.315548
1.315548
1.323702
1.323702
1.377515
1.377515
1.174483
1.174483
1.380700
1.380700
1.154728
1.154728
1.134669
1.134669
1.303825
1.303825
1.369640
1.369640
1.369518
1.369518
