1.382472
1.382472
1.377944
1.377944
1.219805
1.219805
1.310837
1.310837
1.365043
1.365043
1.199599
1.199599
1.375028
1.375028
1.367537
1.367537
1.214547
1.214547
1.185295
1.185295
1.101405
1.101405
1.245885
1.245885
1.345926
1.345926
1.261735
1.261735
1.336306
1.336306
1.129120
1.129120
1.289702
1.289702
1.335196
1.335196
1.268127
1.268127
1.307583
1.307583
1.201752
1.201752
1.233678
1.233678
1.242000
1.242000
1.368325
1.368325
1.089018
1.089018
1.196134
1.196134
1.163094
1.163094
1.251818
1.251818
1.339642
1.339642
1.397025
1.397025
1.335976
1.335976
1.356851
1.356851
1.373799
1.373799
1.118049
1.118049
1.176686
1.176686
1.168466
1.168466
1.378759
1.378759
1.342298
1.342298
1.398288
1.398288
1.306963
1.306963
1.173722
1.173722
1.214543
1.214543
1.330122
1.330122
