1.388714
1.388714
1.391582
1.391582
1.323780
1.323780
1.312326
1.312326
1.109817
1.109817
1.279064
1.279064
1.240943
1.240943
1.178610
1.178610
1.329176
1.329176
1.306474
1.306474
1.323499
1.323499
1.337876
1.337876
1.344963
1.344963
1.393782
1.393782
1.188818
1.188818
1.239379
1.239379
1.262327
1.262327
1.341883
1.341883
1.112680
1.112680
1.382776
1.382776
1.175932
1.175932
1.342159
1.342159
1.228131
1.228131
1.219673
1.219673
1.185655
1.185655
1.238292
1.238292
1.376699
1.376699
1.375245
1.375245
1.368700
1.368700
1.136992
1.136992
1.373764
1.373764
1.067954
1.067954
1.350688
1.350688
1.166134
1.166134
1.383246
1.383246
1.392083
1.392083
1.377139
1.377139
1.394590
1.394590
1.279038
1.279038
1.369244
1.369244
1.259294
1.259294
1.277243
1.277243
1.261576
1.261576
1.364485
1.364485
1.141031
1.141031
1.319055
1.319055
1.396624
1.396624
1.318801
1.318801
1.349786
1.349786
1.280587
1.280587
1.380123
1.380123
1.285876
1.285876
1.240851
1.240851
1.197267
1.197267
1.346487
1.346487
1.274590
1.274590
1.179870
1.179870
1.136068
1.136068
1.363506
1.363506
1.054450
1.054450
1.368307
1.368307
1.275932
1.275932
1.390570
1.390570
1.382863
1.382863
1.300599
1.300599
1.389110
1.389110
1.137607
1.137607
1.384705
1.384705
1.163055
1.163055
1.361421
1.361421
1.332533
1.332533
1.224300
1.224300
1.367229
1.367229
1.354408
1.354408
1.118270
1.118270
1.252687
1.252687
1.386180
1.386180
1.361305
1.361305
1.366035
1.366035
1.372803
1.372803
1.351215
1.351215
1.231527
1.231527
