1.193418
1.193418
1.291133
1.291133
1.341754
1.341754
1.370734
1.370734
1.396890
1.396890
1.238978
1.238978
1.205953
1.205953
1.211890
1.211890
1.194128
1.194128
1.259380
1.259380
1.369863
1.369863
1.349478
1.349478
1.351378
1.351378
1.316308
1.316308
1.237850
1.237850
1.395535
1.395535
1.375362
1.375362
1.138371
1.138371
1.334500
1.334500
1.288119
1.288119
1.299935
1.299935
1.310178
1.310178
1.258245
1.258245
1.311772
1.311772
1.370501
1.370501
1.183760
1.183760
1.385993
1.385993
1.340982
1.340982
1.162098
1.162098
1.319847
1.319847
1.164478
1.164478
1.237871
1.237871
1.332925
1.332925
1.373215
1.373215
1.269259
1.269259
1.235656
1.235656
1.195751
1.195751
1.300388
1.300388
1.168435
1.168435
1.386740
1.386740
1.290025
1.290025
