1.073229
1.073229
1.104970
1.104970
1.357476
1.357476
1.383776
1.383776
1.310761
1.310761
1.388559
1.388559
1.333767
1.333767
1.337772
1.337772
1.312423
1.312423
1.352489
1.352489
1.263231
1.263231
1.397141
1.397141
1.383682
1.383682
1.368604
1.368604
1.061781
1.061781
1.265210
1.265210
1.260121
1.260121
1.297849
1.297849
1.390515
1.390515
1.365654
1.365654
1.199861
1.199861
1.301148
1.301148
1.225710
1.225710
1.353253
1.353253
1.305576
1.305576
1.393742
1.393742
1.140702
1.140702
1.366606
1.366606
1.355516
1.355516
1.184585
1.184585
1.376490
1.376490
1.303475
1.303475
1.331950
1.331950
1.151594
1.151594
1.166416
1.166416
1.224274
1.224274
1.166245
1.166245
1.311287
1.311287
1.333207
1.333207
1.208060
1.208060
1.290789
1.290789
1.352128
1.352128
1.146110
1.146110
1.345646
1.345646
1.359700
1.359700
1.371073
1.371073
1.344448
1.344448
1.175175
1.175175
1.172779
1.172779
1.093961
1.093961
1.189519
1.189519
1.184481
1.184481
