1.238239
1.238239
1.226432
1.226432
1.127633
1.127633
1.297387
1.297387
1.397010
1.397010
1.393939
1.393939
1.042025
1.042025
1.240204
1.240204
1.335870
1.335870
1.160559
1.160559
1.232361
1.232361
1.358247
1.358247
1.173845
1.173845
1.168339
1.168339
1.212501
1.212501
1.170951
1.170951
1.397974
1.397974
1.306445
1.306445
1.385730
1.385730
1.156735
1.156735
1.359692
1.359692
1.257190
1.257190
1.278557
1.278557
1.215201
1.215201
1.153283
1.153283
1.327612
1.327612
1.244511
1.244511
1.304193
1.304193
1.210238
1.210238
1.351163
1.351163
1.215876
1.215876
1.168958
1.168958
1.302760
1.302760
1.306644
1.306644
1.225085
1.225085
1.325507
1.325507
1.180062
1.180062
1.154585
1.154585
1.285039
1.285039
1.344560
1.344560
1.370848
1.370848
1.108658
1.108658
