1.133428
1.133428
1.279236
1.279236
1.395984
1.395984
1.044398
1.044398
1.231372
1.231372
1.374503
1.374503
1.343107
1.343107
1.318339
1.318339
1.399391
1.399391
1.198533
1.198533
1.346187
1.346187
1.330823
1.330823
1.327727
1.327727
1.193345
1.193345
1.316536
1.316536
1.315276
1.315276
1.202861
1.202861
1.265646
1.265646
1.368998
1.368998
1.097214
1.097214
1.386900
1.386900
1.369246
1.369246
1.383426
1.383426
1.229036
1.229036
1.076449
1.076449
1.164858
1.164858
1.192205
1.192205
1.329212
1.329212
1.228621
1.228621
1.302055
1.302055
1.337798
1.337798
1.272076
1.272076
1.390096
1.390096
1.365281
1.365281
1.074252
1.074252
1.221763
1.221763
1.284447
1.284447
1.257097
1.257097
1.154340
1.154340
