1.150733
1.150733
1.321231
1.102989
1.159325
1.159325
1.102989
1.321231
1.244850
1.244850
1.368671
1.368671
1.346740
1.346740
1.236910
1.236910
1.120814
1.120814
1.392769
1.392769
1.299536
1.299536
1.217941
1.217941
1.309033
1.309033
1.315138
1.315138
1.098608
1.098608
1.377932
1.377932
1.240878
1.240878
1.163215
1.163215
1.259216
1.259216
1.259985
1.259985
1.277699
1.277699
1.291084
1.291084
1.382805
1.382805
1.184974
1.184974
1.302573
1.302573
1.114857
1.114857
1.290794
1.290794
1.302650
1.302650
1.276684
1.276684
1.273709
1.273709
1.317791
1.317791
1.210172
1.210172
1.334738
1.334738
1.224289
1.224289
1.325514
1.325514
1.279224
1.279224
1.110747
1.110747
1.380803
1.380803
1.337720
1.337720
1.267772
1.267772
1.352484
1.352484
1.169686
1.169686
1.187029
1.187029
1.287491
1.287491
1.350845
1.350845
1.332450
1.332450
1.320141
1.320141
1.283774
1.283774
1.345036
1.345036
1.399184
1.399184
