1.241825
1.241825
1.337630
1.337630
1.211218
1.211218
1.350093
1.350093
1.271091
1.271091
1.374974
1.374974
1.342420
1.342420
1.338910
1.338910
1.331839
1.331839
1.300831
1.300831
1.353458
1.353458
1.208465
1.208465
1.027891
1.027891
1.366130
1.366130
1.398779
1.398779
1.394202
1.394202
1.298695
1.298695
1.377385
1.377385
1.255388
1.255388
1.335340
1.335340
1.212944
1.212944
1.251447
1.251447
1.372724
1.372724
1.309488
1.309488
1.114300
1.114300
1.330374
1.330374
1.209276
1.209276
1.337502
1.337502
1.234273
1.234273
1.367301
1.367301
1.299469
1.299469
1.391158
1.391158
1.319206
1.319206
1.088808
1.088808
1.324984
1.324984
1.326655
1.326655
1.264157
1.264157
1.367248
1.367248
1.394133
1.394133
1.335796
1.335796
1.271908
1.271908
1.061668
1.061668
1.365396
1.365396
1.214265
1.214265
1.327764
1.327764
1.378140
1.378140
1.361332
1.361332
1.077882
1.077882
1.248158
1.248158
1.270531
1.270531
1.352661
1.352661
1.387838
1.387838
1.339684
1.339684
1.393770
1.393770
1.316431
1.316431
1.394864
1.394864
