1.236687
1.236687
1.352987
1.352987
1.201550
1.201550
1.127515
1.127515
1.284520
1.284520
1.383159
1.383159
1.258880
1.258880
1.050322
1.050322
1.234554
1.234554
1.362323
1.362323
1.237432
1.237432
1.252260
1.252260
1.367072
1.367072
1.321672
1.321672
1.326064
1.326064
1.188060
1.188060
1.309741
1.309741
1.382480
1.382480
1.388952
1.388952
1.377335
1.377335
1.369425
1.369425
1.355774
1.355774
1.349041
1.349041
1.380849
1.380849
1.277573
1.277573
1.262215
1.262215
1.138066
1.138066
1.370508
1.370508
1.248551
1.248551
1.163656
1.163656
1.332494
1.332494
1.215824
1.215824
1.380879
1.380879
1.077023
1.077023
1.172716
1.172716
1.270702
1.270702
1.276302
1.276302
1.185056
1.185056
1.394898
1.394898
1.382381
1.382381
1.321569
1.321569
1.334750
1.334750
1.161911
1.161911
1.127142
1.127142
1.263588
1.263588
1.180074
1.180074
1.200795
1.200795
1.201678
1.201678
1.395599
1.395599
1.345193
1.345193
1.235883
1.235883
1.279918
1.279918
