1.174087
1.174087
1.140397
1.140397
1.309653
1.309653
1.356045
1.356045
1.295685
1.295685
1.281763
1.281763
1.386448
1.386448
1.274001
1.274001
1.216891
1.216891
1.362150
1.362150
1.366614
1.366614
1.334659
1.334659
1.373973
1.373973
1.249624
1.249624
1.264135
1.264135
1.286559
1.286559
1.213363
1.213363
1.369304
1.369304
1.347149
1.347149
1.287728
1.287728
1.122984
1.122984
1.344810
1.344810
1.271605
1.271605
1.299903
1.299903
1.319461
1.319461
1.364023
1.364023
1.357480
1.357480
1.347893
1.347893
1.239687
1.239687
1.292818
1.292818
1.331890
1.331890
1.290439
1.290439
1.339671
1.339671
1.389175
1.389175
1.375770
1.375770
1.267334
1.267334
1.305035
1.305035
1.371443
1.371443
1.252585
1.252585
1.394649
1.394649
1.356108
1.356108
1.218805
1.218805
1.336282
1.336282
1.355301
1.355301
1.164826
1.164826
1.382462
1.382462
1.267255
1.267255
1.385217
1.385217
1.336576
1.336576
1.333749
1.333749
1.239217
1.239217
1.303814
1.303814
