1.374410
1.374410
1.351235
1.351235
1.325762
1.361766
1.361766
1.325762
1.121151
1.121151
1.356489
1.356489
1.369663
1.369663
1.395483
1.395483
1.175993
1.175993
1.370489
1.370489
1.349682
1.349682
1.213331
1.213331
1.068128
1.068128
1.200446
1.200446
1.346166
1.346166
1.344995
1.344995
1.218613
1.218613
1.089827
1.089827
1.135803
1.135803
1.270839
1.270839
1.214999
1.214999
1.373902
1.373902
1.133833
1.133833
1.367496
1.367496
1.358926
1.358926
1.278134
1.278134
1.148503
1.148503
1.183779
1.183779
1.217372
1.217372
1.277400
1.277400
1.176647
1.176647
1.337330
1.337330
1.348548
1.348548
1.249073
1.249073
1.239403
1.239403
1.386694
1.386694
1.357275
1.357275
1.366198
1.366198
1.360831
1.360831
