1.289085
1.289085
1.360568
1.360568
1.202092
1.202092
1.280243
1.280243
1.375267
1.375267
1.188454
1.188454
1.230730
1.230730
1.260800
1.260800
1.352313
1.352313
1.291377
1.291377
1.217580
1.217580
1.395018
1.395018
1.352686
1.352686
1.227956
1.227956
1.326195
1.326195
1.313063
1.313063
1.154692
1.154692
1.156702
1.156702
1.197216
1.197216
1.309090
1.309090
1.131022
1.131022
1.338377
1.338377
1.334344
1.334344
1.388410
1.388410
1.127198
1.127198
1.222281
1.222281
1.216917
1.216917
1.207597
1.207597
1.374627
1.374627
1.224105
1.224105
1.087314
1.087314
1.221936
1.221936
1.332225
1.332225
1.374645
1.374645
1.284632
1.284632
1.309680
1.309680
1.202132
1.202132
1.300453
1.300453
1.158933
1.158933
1.139310
1.139310
1.389757
1.389757
1.231681
1.231681
1.374463
1.374463
1.215310
1.215310
1.181930
1.181930
