1.358919
1.358919
1.221430
1.221430
1.351677
1.351677
1.279539
1.279539
1.288478
1.288478
1.312545
1.312545
1.302582
1.302582
1.334177
1.334177
1.357611
1.357611
1.323360
1.323360
1.327746
1.327746
1.274014
1.274014
1.378824
1.378824
1.394771
1.394771
1.158042
1.158042
1.208552
1.208552
1.129096
1.129096
1.107207
1.107207
1.356266
1.356266
1.397810
1.397810
1.224128
1.224128
1.371101
1.371101
1.346390
1.346390
1.097786
1.097786
1.206092
1.206092
1.380051
1.380051
1.077768
1.077768
1.093169
1.093169
1.330427
1.330427
1.367469
1.367469
1.359138
1.359138
1.353465
1.353465
1.398139
1.398139
1.330428
1.330428
1.360637
1.360637
1.090803
1.090803
1.202414
1.202414
1.153348
1.153348
1.305630
1.305630
1.204400
1.204400
1.207269
1.207269
