1.399982
1.399982
1.093652
1.093652
1.191873
1.191873
1.353642
1.353642
1.261451
1.261451
1.344262
1.344262
1.386974
1.386974
1.289197
1.289197
1.389821
1.370921
1.370921
1.389821
1.141128
1.141128
1.275704
1.275704
1.089756
1.089756
1.399887
1.399887
1.368452
1.368452
1.240839
1.240839
1.160046
1.160046
1.351951
1.351951
1.179233
1.179233
1.293362
1.293362
1.045059
1.045059
1.178730
1.178730
1.174030
1.174030
1.365911
1.365911
1.377699
1.377699
1.182436
1.182436
1.374098
1.374098
1.273634
1.273634
1.234208
1.234208
1.396716
1.396716
1.344151
1.344151
1.334085
1.334085
1.323021
1.323021
1.361169
1.361169
1.307622
1.307622
1.279247
1.279247
1.189225
1.189225
1.336853
1.336853
1.252779
1.252779
1.375864
1.375864
1.147247
1.147247
1.315884
1.315884
1.386667
1.386667
1.364650
1.364650
1.196538
1.196538
1.187762
1.187762
1.202744
1.202744
1.187467
1.187467
1.222646
1.222646
1.164386
1.164386
1.348761
1.348761
1.371505
1.371505
1.343471
1.343471
1.040493
1.040493
1.147756
1.147756
1.373309
1.373309
1.378006
1.378006
