1.149738
1.149738
1.218160
1.218160
1.295261
1.295261
1.291648
1.291648
1.078413
1.078413
1.248027
1.248027
1.314473
1.314473
1.393619
1.393619
1.093201
1.093201
1.083179
1.083179
1.306631
1.306631
1.228263
1.228263
1.144970
1.144970
1.210425
1.210425
1.367669
1.367669
1.372084
1.372084
1.138544
1.138544
1.222095
1.222095
1.327797
1.327797
1.131766
1.131766
1.174460
1.174460
1.270163
1.270163
1.337160
1.337160
1.337640
1.337640
1.119392
1.119392
1.326470
1.326470
1.345761
1.345761
1.316606
1.316606
1.097642
1.097642
1.212037
1.212037
1.260803
1.260803
1.270145
1.270145
1.226838
1.226838
1.395982
1.395982
1.388983
1.388983
1.361809
1.361809
1.373946
1.373946
1.245887
1.245887
1.361272
1.361272
1.365172
1.365172
1.226267
1.226267
1.371701
1.371701
1.307875
1.307875
1.269682
1.269682
1.199885
1.199885
1.349996
1.349996
1.387117
1.387117
1.307135
1.307135
1.133728
1.133728
1.305628
1.305628
1.168880
1.168880
1.357949
1.357949
1.322338
1.322338
1.359903
1.359903
1.275542
1.275542
1.146973
1.146973
1.369434
1.369434
1.320168
1.320168
1.130554
1.130554
1.379397
1.379397
1.151837
1.151837
1.388519
1.388519
1.303549
1.303549
1.368844
1.368844
1.162658
1.162658
1.217326
1.217326
1.394050
1.394050
1.127095
1.127095
1.128118
1.128118
1.186215
1.186215
1.308489
1.308489
1.234197
1.234197
1.384249
1.384249
1.338757
1.338757
1.391464
1.391464
1.391255
1.391255
1.124525
1.124525
1.374122
1.374122
1.225723
1.225723
1.242363
1.242363
1.135950
1.135950
1.229198
1.229198
1.397872
1.397872
1.296150
1.296150
1.362857
1.362857
1.336649
1.336649
