1.368342
1.368342
1.328650
1.328650
1.260729
1.260729
1.378709
1.378709
1.319090
1.319090
1.345465
1.345465
1.181773
1.181773
1.276882
1.276882
1.370791
1.370791
1.249668
1.249668
1.323581
1.323581
1.392470
1.392470
1.147241
1.147241
1.210123
1.210123
1.328853
1.328853
1.356591
1.210387
1.210387
1.356591
1.332730
1.332730
1.294207
1.294207
1.357357
1.357357
1.153922
1.153922
1.259447
1.259447
1.350287
1.350287
1.297415
1.297415
1.351779
1.351779
1.376541
1.376541
1.329965
1.329965
1.197924
1.197924
1.334396
1.334396
1.305429
1.305429
1.322787
1.322787
1.125731
1.125731
1.243194
1.243194
1.199586
1.199586
1.353538
1.353538
1.381441
1.381441
1.079289
1.079289
1.124275
1.124275
1.396917
1.396917
1.364662
1.364662
1.136900
1.136900
1.158841
1.158841
1.383769
1.383769
1.388056
1.388056
1.288707
1.288707
1.318980
1.318980
1.331217
1.331217
1.225001
1.225001
1.279049
1.279049
1.355565
1.355565
1.380313
1.380313
1.395036
1.395036
1.320729
1.320729
1.221989
1.221989
1.254885
1.254885
1.304002
1.304002
1.398232
1.398232
1.364702
1.364702
1.249022
1.249022
1.336178
1.336178
1.292623
1.292623
1.392570
1.392570
1.361511
1.361511
1.322703
1.322703
1.361609
1.361609
1.386835
1.386835
1.068334
1.068334
1.358591
1.358591
1.180999
1.180999
1.270781
1.270781
1.365968
1.365968
1.324560
1.324560
1.258422
1.258422
1.309635
1.309635
1.359700
1.359700
1.372916
1.372916
1.187992
1.187992
1.186745
1.186745
1.050710
1.050710
1.392724
1.392724
1.336826
1.336826
1.319279
1.319279
1.210467
1.210467
1.308995
1.308995
