1.274236
1.274236
1.247605
1.247605
1.358475
1.358475
1.311616
1.311616
1.396975
1.396975
1.174306
1.174306
1.154578
1.154578
1.191696
1.191696
1.359521
1.359521
1.355807
1.355807
1.045055
1.045055
1.321306
1.321306
1.201773
1.201773
1.252344
1.252344
1.242021
1.242021
1.365834
1.365834
1.269603
1.269603
1.272562
1.272562
1.189010
1.189010
1.394064
1.394064
1.216230
1.216230
1.115480
1.115480
1.387503
1.387503
1.313571
1.313571
1.310763
1.310763
1.370196
1.370196
1.387812
1.387812
1.192603
1.192603
1.329487
1.329487
1.169254
1.169254
1.280145
1.280145
1.224931
1.224931
1.152186
1.152186
1.197563
1.197563
1.374048
1.374048
1.352737
1.352737
1.353803
1.353803
1.226184
1.226184
1.187172
1.187172
1.360100
1.360100
1.197983
1.197983
1.300545
1.300545
1.084762
1.084762
1.335492
1.335492
1.081976
1.081976
1.383297
1.383297
1.341998
1.341998
1.377717
1.377717
1.385546
1.385546
1.268737
1.268737
1.381691
1.381691
1.357783
1.357783
1.392225
1.392225
1.363012
1.363012
1.337162
1.337162
1.160450
1.160450
1.188028
1.188028
1.368484
1.368484
1.333111
1.333111
1.173037
1.173037
1.283005
1.283005
1.163943
1.163943
1.315406
1.315406
1.370051
1.370051
1.120579
1.120579
1.239624
1.239624
1.149248
1.149248
1.360201
1.360201
1.349557
1.349557
1.349463
1.349463
1.355738
1.355738
1.123310
1.123310
1.248092
1.248092
1.399875
1.399875
1.167895
1.167895
1.318850
1.318850
1.198828
1.198828
1.325570
1.325570
1.183388
1.183388
1.321563
1.321563
1.189852
1.189852
1.323150
1.323150
1.266539
1.266539
1.303860
1.303860
1.351052
1.351052
1.273507
1.273507
1.282159
1.282159
1.287418
1.287418
1.371453
1.371453
1.351794
1.351794
