1.174074
1.174074
1.115902
1.115902
1.376587
1.376587
1.249969
1.249969
1.323014
1.323014
1.341570
1.341570
1.362042
1.362042
1.378351
1.378351
1.213968
1.213968
1.125639
1.125639
1.314517
1.314517
1.221532
1.221532
1.174645
1.174645
1.285016
1.285016
1.351771
1.351771
1.319190
1.319190
1.200012
1.200012
1.397254
1.397254
1.364210
1.364210
1.397404
1.397404
1.121730
1.121730
1.153502
1.153502
1.229967
1.229967
1.297134
1.297134
1.163113
1.163113
1.115194
1.115194
1.288759
1.288759
1.360090
1.360090
1.298912
1.298912
1.395077
1.395077
1.361058
1.361058
1.360881
1.360881
1.392810
1.392810
1.126484
1.126484
1.276166
1.276166
1.240486
1.240486
1.384163
1.384163
1.346873
1.346873
1.368805
1.368805
1.269674
1.269674
1.248243
1.248243
1.266221
1.266221
1.326426
1.326426
1.271663
1.271663
1.114871
1.114871
1.159951
1.159951
1.354798
1.354798
1.346226
1.346226
1.300390
1.300390
1.341111
1.341111
1.373322
1.373322
1.271316
1.271316
1.377983
1.377983
1.399920
1.399920
1.372373
1.372373
1.288633
1.288633
1.190360
1.190360
1.249231
1.249231
1.355368
1.355368
1.166403
1.166403
1.271845
1.271845
1.335729
1.335729
1.313618
1.313618
1.124022
1.124022
1.345632
1.345632
1.255280
1.255280
1.253068
1.253068
1.119631
1.341277
1.119631
1.341277
1.360926
1.360926
1.260033
1.260033
1.205237
1.205237
1.271959
1.271959
1.304118
1.304118
1.392853
1.392853
1.312867
1.312867
1.216973
1.216973
1.292412
1.292412
1.052785
1.052785
1.367242
1.367242
1.300109
1.300109
1.109529
1.109529
1.307468
1.307468
1.375879
1.375879
1.118663
1.118663
1.295674
1.295674
1.340988
1.340988
1.165227
1.165227
1.317539
1.317539
