1.396960
1.396960
1.214728
1.214728
1.335074
1.335074
1.396554
1.396554
1.293879
1.293879
1.299169
1.299169
1.247090
1.247090
1.223051
1.223051
1.333440
1.333440
1.364016
1.364016
1.195593
1.195593
1.266870
1.266870
1.217795
1.217795
1.374427
1.374427
1.089416
1.089416
1.183793
1.183793
1.309557
1.309557
1.337441
1.337441
1.319287
1.319287
1.361734
1.361734
1.261888
1.261888
1.394091
1.394091
1.353513
1.353513
1.126437
1.126437
1.301336
1.301336
1.364044
1.364044
1.206763
1.206763
1.178506
1.178506
1.357196
1.357196
1.224251
1.224251
1.165418
1.165418
1.179895
1.179895
1.266123
1.266123
1.315693
1.315693
1.308858
1.308858
1.169404
1.169404
1.315508
1.315508
1.202972
1.202972
1.257278
1.257278
1.134424
1.134424
1.165306
1.165306
1.286680
1.286680
1.264870
1.264870
1.393641
1.393641
1.168869
1.168869
1.305922
1.305922
1.090367
1.090367
1.383752
1.383752
1.316182
1.316182
1.391734
1.391734
1.167963
1.167963
1.262377
1.262377
1.359537
1.359537
1.343889
1.343889
1.381596
1.381596
1.206393
1.206393
1.383574
1.383574
1.103807
1.103807
1.363270
1.363270
1.259734
1.259734
1.303588
1.303588
1.312421
1.312421
1.325758
1.325758
1.094988
1.094988
1.220520
1.220520
1.383160
1.383160
1.337836
1.337836
1.092437
1.092437
1.152321
1.152321
1.397638
1.397638
1.017267
1.017267
1.297874
1.297874
1.125259
1.125259
1.167995
1.167995
1.330358
1.330358
