1.390854
1.390854
1.236577
1.236577
1.269279
1.269279
1.006793
1.006793
1.379179
1.379179
1.352258
1.352258
1.087052
1.087052
1.231041
1.231041
1.326458
1.326458
1.236393
1.236393
1.320781
1.320781
1.107741
1.107741
1.124415
1.124415
1.252512
1.252512
1.335411
1.335411
1.268413
1.268413
1.084164
1.084164
1.229397
1.229397
1.103989
1.103989
1.105550
1.105550
1.386153
1.386153
1.310805
1.310805
1.398317
1.060724
1.060724
1.398317
1.271397
1.271397
1.321677
1.321677
1.377170
1.377170
1.271284
1.271284
1.257125
1.257125
1.371294
1.371294
1.329786
1.329786
1.033567
1.033567
1.293650
1.293650
1.196099
1.196099
1.356803
1.356803
1.355608
1.355608
1.173382
1.173382
1.386501
1.386501
1.283105
1.283105
1.246836
1.246836
1.187723
1.187723
1.317526
1.317526
1.396157
1.396157
1.261257
1.261257
1.338728
1.338728
1.183361
1.183361
1.318403
1.318403
1.398080
1.398080
1.248478
1.248478
1.164559
1.164559
1.351776
1.351776
1.221920
1.221920
1.335930
1.335930
1.353993
1.353993
1.323581
1.323581
1.231093
1.231093
1.337599
1.337599
1.372793
1.372793
1.399973
1.399973
1.128845
1.128845
1.197506
1.197506
1.274084
1.274084
1.198998
1.198998
1.191096
1.191096
1.245422
1.245422
1.301490
1.301490
1.333303
1.333303
1.300803
1.300803
1.229817
1.229817
1.313345
1.313345
