1.283401
1.283401
1.330015
1.330015
1.327785
1.327785
1.299335
1.299335
1.332915
1.332915
1.133197
1.133197
1.398665
1.398665
1.153558
1.153558
1.324490
1.324490
1.349276
1.349276
1.230089
1.230089
1.269974
1.269974
1.352740
1.352740
1.197332
1.197332
1.270933
1.270933
1.361698
1.361698
1.365333
1.365333
1.331367
1.392100
1.392100
1.331367
1.372450
1.372450
1.216782
1.216782
1.313839
1.313839
1.231273
1.231273
1.340658
1.340658
1.311349
1.311349
1.272465
1.272465
1.399390
1.399390
1.376276
1.340390
1.340390
1.376276
1.369223
1.369223
1.275871
1.275871
1.288627
1.288627
1.283451
1.283451
1.337831
1.337831
1.373990
1.373990
1.340946
1.340946
1.216047
1.216047
1.286261
1.286261
1.331899
1.331899
1.111363
1.111363
1.272761
1.272761
1.282072
1.282072
1.336276
1.336276
1.110790
1.110790
1.345475
1.345475
1.266063
1.266063
1.212821
1.212821
1.129466
1.129466
1.391244
1.380796
1.391244
1.380796
1.374093
1.374093
1.351732
1.351732
1.381585
1.381585
1.175693
1.175693
1.320979
1.320979
1.338399
1.338399
1.372418
1.372418
1.318792
1.318792
1.163193
1.163193
1.333073
1.333073
1.311250
1.311250
1.307706
1.307706
1.343545
1.343545
1.125553
1.125553
1.195235
1.195235
1.281364
1.281364
1.389444
1.389444
1.352597
1.352597
1.379414
1.379414
1.243726
1.243726
1.376597
1.376597
1.304103
1.304103
1.238155
1.238155
1.288975
1.288975
1.369777
1.369777
1.129531
1.129531
1.363595
1.363595
1.250587
1.250587
1.384246
1.384246
1.368540
1.368540
1.262855
1.262855
1.390907
1.390907
1.386999
1.386999
1.278391
1.278391
1.090844
1.090844
1.248712
1.248712
1.383819
1.383819
1.375278
1.375278
1.384632
1.384632
1.113319
1.113319
1.373551
1.373551
1.301916
1.301916
1.384958
1.384958
1.138520
1.138520
1.292625
1.292625
1.135438
1.135438
1.399456
1.399456
1.322051
1.322051
1.383863
1.383863
1.346669
1.346669
1.399226
1.399226
1.236156
1.236156
1.325348
1.325348
1.199408
1.199408
1.228402
1.228402
1.381271
1.381271
1.130325
1.130325
1.358542
1.358542
1.175172
1.175172
1.204457
1.204457
1.270341
1.270341
