1.326788
1.326788
1.269295
1.269295
1.333350
1.333350
1.397474
1.397474
1.290006
1.290006
1.287383
1.287383
1.299173
1.299173
1.369263
1.369263
1.372529
1.372529
1.222058
1.222058
1.378620
1.378620
1.057268
1.057268
1.336300
1.336300
1.364735
1.364735
1.348414
1.348414
1.165707
1.165707
1.318942
1.318942
1.180236
1.180236
1.312871
1.312871
1.283921
1.283921
1.215700
1.379279
1.215700
1.379279
1.217248
1.217248
1.302672
1.302672
1.235117
1.235117
1.364546
1.364546
1.206956
1.206956
1.282166
1.282166
1.266261
1.266261
1.287943
1.287943
1.329919
1.329919
1.238225
1.100320
1.238225
1.100320
1.261687
1.261687
1.231063
1.231063
1.343012
1.343012
1.348156
1.348156
1.387804
1.387804
1.226795
1.226795
1.342748
1.342748
1.329899
1.329899
1.205431
1.205431
1.139120
1.139120
1.345566
1.345566
1.280672
1.280672
1.342375
1.342375
1.296165
1.296165
1.390311
1.390311
1.344374
1.344374
1.334566
1.334566
1.274213
1.274213
1.305893
1.305893
1.391822
1.391822
1.048913
1.048913
1.388630
1.388630
1.340094
1.340094
1.330574
1.330574
1.377315
1.377315
1.267598
1.267598
1.317883
1.317883
1.190406
1.190406
1.324572
1.324572
1.232502
1.232502
1.347625
1.347625
1.319654
1.319654
