1.347206
1.347206
1.330651
1.330651
1.209874
1.209874
1.223729
1.223729
1.314868
1.314868
1.359802
1.359802
1.259859
1.259859
1.378822
1.378822
1.301432
1.301432
1.346685
1.346685
1.073359
1.073359
1.160221
1.160221
1.207144
1.207144
1.170857
1.170857
1.259082
1.259082
1.387150
1.387150
1.151424
1.151424
1.334256
1.334256
1.399100
1.399100
1.177142
1.177142
1.216775
1.216775
1.292516
1.292516
1.306105
1.306105
1.259503
1.259503
1.212996
1.212996
1.345505
1.345505
1.331309
1.331309
1.373967
1.373967
1.078650
1.078650
1.253405
1.253405
1.398089
1.398089
1.280910
1.280910
1.285137
1.285137
1.075750
1.075750
1.377109
1.377109
1.302187
1.302187
1.374824
1.374824
1.332646
1.332646
1.325118
1.325118
1.358273
1.358273
1.339875
1.339875
1.185835
1.185835
1.301432
1.301432
1.365559
1.365559
1.343343
1.343343
1.291031
1.291031
1.281919
1.281919
1.293911
1.293911
1.327088
1.327088
1.336768
1.336768
1.250067
1.250067
1.381071
1.381071
1.169310
1.169310
1.226791
1.226791
1.220844
1.220844
1.374186
1.374186
1.373818
1.373818
1.266237
1.266237
1.326342
1.326342
1.353152
1.353152
1.142152
1.142152
1.344124
1.344124
1.265608
1.265608
1.319892
1.319892
1.346175
1.346175
1.233652
1.233652
1.327432
1.327432
1.376052
1.376052
1.379280
1.379280
1.227317
1.227317
1.306181
1.306181
1.398231
1.398231
1.385145
1.385145
1.330274
1.330274
1.398746
1.398746
1.246595
1.246595
1.304197
1.304197
1.211448
1.211448
1.363127
1.363127
1.331884
1.331884
1.305559
1.305559
1.330583
1.330583
1.114924
1.114924
1.058578
1.058578
1.089814
1.089814
1.282267
1.282267
1.261723
1.261723
1.247405
1.247405
1.220327
1.220327
1.389646
1.389646
1.372197
1.372197
1.353258
1.353258
1.104900
1.104900
1.330915
1.330915
1.107743
1.107743
1.397228
1.397228
1.220061
1.220061
1.382827
1.382827
1.208313
1.208313
1.353948
1.353948
1.239070
1.239070
1.108355
1.108355
1.342454
1.342454
1.167893
1.167893
1.108841
1.108841
1.229358
1.229358
1.355794
1.355794
1.286358
1.286358
1.202381
1.202381
1.397319
1.397319
1.339024
1.339024
1.179525
1.179525
1.368089
1.368089
1.315652
1.315652
1.378341
1.378341
1.358262
1.358262
1.133944
1.133944
1.239442
1.239442
1.197613
1.197613
1.386301
1.386301
1.256174
1.256174
1.330723
1.330723
1.297782
1.297782
1.176875
1.176875
