1.323208
1.323208
1.221976
1.221976
1.383046
1.383046
1.331678
1.331678
1.341545
1.341545
1.340595
1.340595
1.309239
1.309239
1.279392
1.087232
1.087232
1.279392
1.329143
1.329143
1.348747
1.348747
1.387882
1.387882
1.364812
1.364812
1.116119
1.116119
1.260923
1.260923
1.096298
1.096298
1.304349
1.304349
1.378661
1.378661
1.046359
1.046359
1.339615
1.339615
1.373804
1.373804
1.321332
1.321332
1.277461
1.277461
1.258110
1.258110
1.077410
1.077410
1.376721
1.376721
1.331189
1.331189
1.364561
1.364561
1.006507
1.006507
1.347430
1.347430
1.310759
1.310759
1.192415
1.192415
1.388601
1.388601
1.373340
1.373340
1.328768
1.328768
1.322671
1.322671
1.381029
1.381029
1.065977
1.065977
1.245033
1.245033
1.361214
1.361214
1.042660
1.042660
1.399786
1.399786
1.336198
1.336198
1.317264
1.317264
1.238817
1.238817
1.082750
1.082750
1.220132
1.220132
1.389326
1.389326
1.237258
1.237258
1.319079
1.319079
1.283999
1.283999
1.304927
1.304927
1.314381
1.314381
1.023761
1.023761
1.366993
1.366993
1.333840
1.333840
1.372528
1.372528
1.265580
1.265580
1.385111
1.385111
1.078147
1.078147
1.181086
1.181086
1.345540
1.345540
1.268583
1.268583
1.323815
1.323815
1.273691
1.273691
1.354667
1.354667
1.251009
1.251009
1.273734
1.273734
1.381185
1.381185
1.171433
1.171433
1.389215
1.389215
1.353083
1.353083
1.294076
1.294076
1.216461
1.216461
1.338306
1.338306
1.162064
1.162064
1.380050
1.380050
1.281932
1.281932
