1.193775
1.193775
1.285098
1.285098
1.314460
1.314460
1.393344
1.393344
1.348030
1.348030
1.324299
1.324299
1.059657
1.059657
1.381921
1.381921
1.232139
1.232139
1.246854
1.246854
1.381967
1.381967
1.182979
1.182979
1.362857
1.362857
1.353905
1.353905
1.272522
1.272522
1.281526
1.281526
1.356488
1.356488
1.097129
1.097129
1.330147
1.330147
1.263170
1.263170
1.136978
1.136978
1.373624
1.373624
1.276956
1.276956
1.073108
1.073108
1.309703
1.309703
1.243213
1.243213
1.277423
1.277423
1.384959
1.384959
1.388788
1.388788
1.258701
1.258701
1.338217
1.338217
1.118820
1.118820
1.397379
1.397379
1.152609
1.152609
1.172740
1.172740
1.363217
1.363217
1.185314
1.185314
1.201417
1.201417
1.150619
1.150619
1.242765
1.242765
1.378759
1.378759
1.318358
1.318358
1.377224
1.377224
1.357553
1.357553
1.304960
1.304960
1.176883
1.176883
1.227649
1.227649
1.280115
1.280115
1.368386
1.368386
1.287183
1.287183
1.305669
1.305669
1.310491
1.310491
1.165899
1.165899
1.290662
1.290662
1.283467
1.283467
1.218498
1.218498
1.189125
1.189125
1.383459
1.383459
1.383278
1.383278
1.190739
1.190739
1.228084
1.228084
1.242794
1.242794
1.388130
1.388130
1.242502
1.242502
