1.394831
1.394831
1.342845
1.342845
1.344471
1.344471
1.135011
1.135011
1.361410
1.361410
1.149487
1.149487
1.257641
1.257641
1.397905
1.397905
1.296888
1.296888
1.123815
1.123815
1.277456
1.277456
1.304327
1.304327
1.384062
1.384062
1.371625
1.371625
1.389484
1.389484
1.124231
1.124231
1.022427
1.022427
1.394694
1.394694
1.187517
1.280024
1.280024
1.187517
1.344477
1.344477
1.379590
1.379590
1.089592
1.089592
1.216410
1.216410
1.254520
1.254520
1.266936
1.305149
1.266936
1.305149
1.242369
1.242369
1.171584
1.171584
1.204985
1.204985
1.247190
1.247190
1.240647
1.240647
1.341562
1.341562
1.349204
1.349204
1.197667
1.197667
1.341785
1.341785
1.211333
1.211333
1.244076
1.244076
1.363500
1.363500
1.297733
1.297733
1.304116
1.304116
1.301183
1.301183
1.278973
1.278973
1.376711
1.376711
1.147268
1.147268
1.040391
1.040391
1.141191
1.141191
1.259439
1.259439
1.381140
1.381140
1.321984
1.321984
1.219669
1.219669
1.366757
1.366757
1.287015
1.287015
1.261008
1.261008
1.190723
1.190723
1.167557
1.167557
1.172960
1.172960
1.260133
1.260133
1.367494
1.367494
1.283144
1.283144
1.107106
1.107106
1.338423
1.338423
1.099671
1.099671
1.180692
1.180692
1.334804
1.334804
1.227556
1.227556
1.178198
1.178198
1.362398
1.362398
1.117343
1.117343
1.175370
1.175370
1.196243
1.196243
1.349334
1.349334
1.077672
1.077672
1.313659
1.313659
1.364469
1.364469
1.231284
1.231284
1.352548
1.352548
1.390633
1.390633
1.135519
1.135519
1.281925
1.281925
1.382900
1.382900
1.366261
1.366261
1.128959
1.128959
1.392797
1.392797
1.275865
1.275865
1.241405
1.241405
1.187540
1.187540
1.348140
1.348140
1.253182
1.253182
1.323897
1.323897
1.128522
1.128522
1.238446
1.238446
1.335960
1.335960
1.311200
1.311200
1.317435
1.317435
1.372362
1.372362
1.399255
1.399255
1.137746
1.137746
1.257224
1.257224
1.353453
1.353453
1.368186
1.368186
1.163093
1.163093
