1.276539
1.276539
1.329706
1.329706
1.343719
1.343719
1.032445
1.032445
1.358990
1.358990
1.350189
1.350189
1.081907
1.081907
1.201716
1.201716
1.159307
1.159307
1.320455
1.320455
1.303291
1.303291
1.296446
1.296446
1.122778
1.122778
1.080881
1.080881
1.143964
1.143964
1.321042
1.321042
1.197401
1.197401
1.340997
1.340997
1.282119
1.282119
1.335452
1.335452
1.317231
1.317231
1.364468
1.364468
1.152562
1.152562
1.124769
1.124769
1.395333
1.395333
1.395128
1.395128
1.268279
1.268279
1.335554
1.335554
1.314285
1.314285
1.355821
1.355821
1.391844
1.391844
1.290251
1.290251
1.359615
1.359615
1.199007
1.199007
1.226416
1.226416
1.190631
1.190631
1.329268
1.329268
1.396631
1.396631
1.199000
1.199000
1.323016
1.323016
1.084676
1.084676
1.283264
1.283264
1.216786
1.216786
1.179995
1.179995
1.332552
1.332552
1.092812
1.092812
1.199572
1.199572
1.212186
1.212186
1.386153
1.386153
1.260861
1.260861
1.150819
1.150819
1.197093
1.197093
1.159357
1.159357
1.336251
1.336251
1.331876
1.331876
1.332001
1.332001
1.365761
1.365761
1.323802
1.323802
1.143856
1.143856
1.388579
1.388579
1.162477
1.162477
1.374492
1.374492
1.367866
1.367866
1.347390
1.347390
1.383031
1.383031
1.399363
1.399363
1.344886
1.344886
1.311806
1.311806
1.314209
1.314209
1.354971
1.354971
1.367847
1.367847
1.120377
1.120377
1.190069
1.190069
1.325220
1.325220
1.393012
1.393012
1.182199
1.182199
1.207570
1.207570
1.071752
1.071752
1.332173
1.332173
1.291310
1.291310
1.247120
1.247120
1.164227
1.164227
1.071351
1.071351
