1.356244
1.356244
1.303130
1.303130
1.292699
1.292699
1.145713
1.145713
1.257963
1.257963
1.215503
1.215503
1.093837
1.093837
1.193008
1.193008
1.269869
1.269869
1.264022
1.264022
1.311127
1.311127
1.204944
1.204944
1.361143
1.361143
1.340667
1.340667
1.079420
1.079420
1.252924
1.252924
1.210468
1.210468
1.395829
1.395829
1.335682
1.335682
1.303600
1.303600
1.261628
1.261628
1.333270
1.072520
1.333270
1.072520
1.397310
1.397310
1.373354
1.373354
1.092315
1.092315
1.164119
1.164119
1.189245
1.189245
1.335342
1.335342
1.206314
1.206314
1.348023
1.348023
1.309028
1.309028
1.365690
1.365690
1.260096
1.260096
1.201912
1.201912
1.359561
1.359561
1.392358
1.392358
1.398732
1.398732
1.392054
1.392054
1.076654
1.076654
1.342466
1.342466
1.068765
1.068765
1.310024
1.310024
1.280211
1.280211
1.288874
1.288874
1.381125
1.381125
1.357949
1.357949
1.398956
1.398956
1.112971
1.112971
1.316615
1.316615
1.362826
1.362826
1.263063
1.263063
1.394734
1.394734
1.244284
1.244284
1.186754
1.186754
1.374681
1.374681
1.237559
1.237559
1.367420
1.367420
1.190985
1.190985
1.230708
1.230708
1.149884
1.149884
1.256667
1.256667
1.309012
1.309012
1.380657
1.380657
1.363144
1.363144
1.244730
1.244730
1.393721
1.393721
1.045625
1.045625
1.307506
1.307506
1.215395
1.215395
1.345067
1.345067
1.397818
1.397818
1.321760
1.321760
1.279963
1.279963
1.389184
1.389184
1.294938
1.294938
1.298840
1.298840
1.245017
1.245017
1.383520
1.383520
1.386411
1.386411
1.364435
1.364435
1.196445
1.196445
1.373411
1.373411
1.310083
1.310083
1.096924
1.096924
