1.327322
1.327322
1.117691
1.117691
1.199322
1.233877
1.233877
1.199322
1.324828
1.324828
1.079843
1.079843
1.366017
1.366017
1.272445
1.272445
1.329039
1.329039
1.263541
1.263541
1.348358
1.348358
1.173801
1.173801
1.231013
1.231013
1.205371
1.205371
1.251625
1.251625
1.353930
1.353930
1.293514
1.293514
1.224485
1.224485
1.329927
1.329927
1.251013
1.251013
1.379685
1.379685
1.358192
1.358192
1.090118
1.090118
1.089181
1.089181
1.338945
1.338945
1.395436
1.372528
1.395436
1.372528
1.155114
1.155114
1.319602
1.319602
1.277874
1.277874
1.134101
1.134101
1.383176
1.383176
1.217802
1.217802
1.080962
1.080962
1.388126
1.388126
1.339128
1.339128
1.251514
1.251514
1.136548
1.136548
1.364828
1.364828
1.302790
1.302790
1.393571
1.393571
1.399057
1.399057
1.170245
1.170245
1.264880
1.264880
1.339845
1.339845
1.325689
1.325689
1.363625
1.363625
1.378981
1.378981
1.247387
1.247387
1.254974
1.254974
1.228049
1.228049
1.233964
1.233964
1.380843
1.380843
1.290437
1.290437
1.083560
1.083560
1.055642
1.055642
1.315853
1.315853
1.327608
1.327608
1.193879
1.193879
1.274055
1.274055
1.207928
1.207928
1.337904
1.337904
1.185499
1.185499
1.327554
1.327554
1.246685
1.246685
1.324868
1.324868
1.353928
1.353928
1.375181
1.375181
1.373649
1.373649
1.268022
1.268022
1.359436
1.359436
1.308491
1.308491
1.313614
1.313614
1.326702
1.326702
1.358432
1.358432
1.333331
1.333331
1.393509
1.393509
1.268575
1.268575
1.394941
1.394941
1.069212
1.069212
1.396965
1.396965
1.349630
1.349630
1.334226
1.334226
1.162526
1.162526
1.139899
1.139899
1.202874
1.202874
1.304436
1.304436
1.310853
1.310853
1.055778
1.055778
1.221903
1.221903
1.203309
1.203309
1.358469
1.358469
1.334325
1.334325
1.220253
1.220253
1.327268
1.327268
1.077478
1.077478
1.350407
1.350407
1.208020
1.208020
1.079604
1.079604
