1.308001
1.308001
1.252146
1.252146
1.246993
1.246993
1.221970
1.221970
1.393500
1.393500
1.330662
1.330662
1.308854
1.308854
1.392578
1.392578
1.273344
1.273344
1.310777
1.310777
1.261801
1.261801
1.267168
1.267168
1.236739
1.236739
1.388570
1.388570
1.299227
1.299227
1.350864
1.350864
1.306537
1.306537
1.359777
1.359777
1.375075
1.375075
1.321024
1.321024
1.261602
1.261602
1.350075
1.350075
1.261960
1.261960
1.388555
1.388555
1.176048
1.176048
1.188952
1.188952
1.122885
1.122885
1.372496
1.372496
1.361129
1.361129
1.025145
1.025145
1.289715
1.289715
1.357943
1.357943
1.210165
1.210165
1.382691
1.382691
1.146756
1.146756
1.284417
1.284417
1.225429
1.225429
1.326431
1.326431
1.381888
1.381888
1.280623
1.280623
1.365272
1.365272
1.114687
1.114687
1.381805
1.381805
1.186740
1.186740
1.383996
1.383996
1.303657
1.303657
1.365108
1.365108
1.303035
1.303035
1.384433
1.384433
1.290215
1.290215
1.247943
1.247943
1.183694
1.183694
1.363439
1.363439
1.297407
1.297407
1.307880
1.307880
1.391563
1.391563
1.272186
1.272186
1.352627
1.352627
1.267207
1.267207
1.310886
1.335456
1.335456
1.310886
1.359011
1.359011
1.318188
1.318188
1.202853
1.202853
1.346514
1.346514
1.250463
1.250463
1.117303
1.117303
1.352053
1.352053
1.397754
1.397754
1.351026
1.351026
1.198534
1.198534
1.298310
1.298310
1.381561
1.381561
1.319028
1.319028
1.389770
1.389770
1.300780
1.300780
1.232102
1.232102
1.364003
1.364003
1.363474
1.363474
1.132474
1.132474
1.328371
1.328371
1.388423
1.388423
1.274580
1.274580
1.393053
1.393053
1.348386
1.348386
1.254123
1.254123
1.376509
1.376509
1.214151
1.214151
1.145043
1.145043
1.335449
1.335449
1.385226
1.385226
1.194153
1.194153
1.206978
1.206978
1.317727
1.317727
1.379109
1.379109
1.261323
1.261323
1.391632
1.391632
1.288421
1.288421
1.364577
1.364577
1.325108
1.325108
1.276263
1.276263
1.287429
1.287429
1.321902
1.321902
1.372676
1.372676
1.217454
1.217454
1.305507
1.305507
1.332125
1.332125
1.376188
1.376188
1.334794
1.334794
