1.133508
1.133508
1.396538
1.264355
1.264355
1.396538
1.387847
1.387847
1.334757
1.334757
1.310571
1.310571
1.332280
1.332280
1.095581
1.095581
1.220532
1.220532
1.182861
1.182861
1.391204
1.391204
1.360907
1.360907
1.377928
1.377928
1.302719
1.302719
1.304990
1.304990
1.301415
1.301415
1.340944
1.340944
1.198891
1.198891
1.106633
1.106633
1.356904
1.356904
1.373919
1.373919
1.392951
1.392951
1.149265
1.149265
1.375869
1.375869
1.325643
1.325643
1.272628
1.272628
1.374545
1.374545
1.346054
1.346054
1.126644
1.126644
1.395790
1.395790
1.309043
1.309043
1.111617
1.111617
1.156273
1.156273
1.244033
1.244033
1.143804
1.143804
1.210744
1.210744
1.286630
1.286630
1.227525
1.227525
1.239991
1.239991
1.268188
1.268188
1.297535
1.297535
1.192551
1.192551
1.335389
1.335389
1.184549
1.184549
1.314049
1.314049
1.385787
1.385787
1.272240
1.272240
1.334405
1.334405
1.173658
1.122916
1.173658
1.122916
1.247297
1.247297
1.201992
1.201992
1.355414
1.355414
1.025355
1.025355
1.264657
1.264657
1.337008
1.337008
1.222800
1.222800
1.240067
1.240067
1.208503
1.208503
1.236448
1.236448
1.121344
1.121344
1.393513
1.393513
1.081657
1.081657
1.164873
1.164873
1.335520
1.335520
1.160916
1.160916
1.224106
1.224106
1.295522
1.295522
1.375584
1.375584
1.280291
1.280291
1.380234
1.380234
1.311837
1.311837
1.280476
1.280476
1.274840
1.274840
1.371280
1.371280
1.214668
1.214668
1.122588
1.122588
1.337431
1.337431
1.251232
1.251232
1.114439
1.114439
1.239522
1.239522
1.314273
1.314273
1.385297
1.385297
1.286180
1.286180
1.356834
1.356834
1.160866
1.160866
1.159708
1.159708
1.308109
1.308109
1.314764
1.314764
1.143344
1.143344
1.277813
1.277813
1.374782
1.374782
1.340983
1.340983
1.222536
1.222536
1.091811
1.091811
1.380793
1.380793
1.336219
1.336219
1.319143
1.319143
1.093875
1.093875
1.305931
1.305931
1.340216
1.340216
1.376009
1.376009
1.362148
1.362148
1.164631
1.164631
1.267090
1.267090
1.363850
1.363850
1.360685
1.360685
1.301382
1.301382
1.295238
1.295238
1.295366
1.295366
1.364433
1.364433
1.321873
1.321873
1.240382
1.240382
1.318888
1.318888
1.349726
1.349726
1.160821
1.160821
1.381159
1.381159
1.239345
1.239345
1.171894
1.171894
1.326303
1.326303
1.180157
1.180157
1.370200
1.370200
1.182747
1.182747
1.294196
1.294196
1.377513
1.377513
