1.374813
1.374813
1.203930
1.203930
1.304028
1.304028
1.333700
1.333700
1.313564
1.313564
1.366592
1.366592
1.399903
1.399903
1.280360
1.280360
1.308211
1.308211
1.316474
1.316474
1.302919
1.302919
1.362272
1.362272
1.367561
1.367561
1.141262
1.141262
1.395467
1.395467
1.322736
1.322736
1.152041
1.152041
1.246808
1.246808
1.336524
1.336524
1.213131
1.213131
1.365652
1.365652
1.331746
1.331746
1.376723
1.376723
1.333128
1.333128
1.398270
1.398270
1.374289
1.374289
1.141581
1.141581
1.099436
1.099436
1.251040
1.251040
1.357477
1.357477
1.211879
1.211879
1.361912
1.361912
1.304217
1.304217
1.201716
1.201716
1.327456
1.327456
1.357196
1.357196
1.259723
1.259723
1.308569
1.308569
1.378430
1.378430
1.351130
1.351130
1.330207
1.330207
1.340191
1.340191
1.285314
1.285314
1.238063
1.238063
1.319062
1.319062
1.060378
1.060378
1.214858
1.214858
1.304891
1.304891
1.306069
1.306069
1.354395
1.354395
1.381009
1.381009
1.251272
1.251272
1.349716
1.349716
1.312289
1.312289
1.312784
1.312784
1.163615
1.163615
1.396863
1.396863
1.229907
1.229907
1.300604
1.300604
1.392307
1.392307
1.289429
1.289429
1.208612
1.208612
1.367526
1.367526
1.372734
1.372734
1.256692
1.256692
1.338375
1.338375
1.294342
1.294342
1.327314
1.327314
1.250407
1.250407
1.332167
1.332167
1.207967
1.207967
1.085771
1.085771
1.386260
1.386260
1.323992
1.323992
1.335727
1.335727
1.260430
1.260430
1.316487
1.316487
1.079847
1.079847
1.267529
1.267529
1.304621
1.304621
1.264368
1.264368
1.280861
1.280861
1.346147
1.346147
1.366345
1.366345
1.376352
1.376352
1.384035
1.384035
1.040647
1.040647
1.323196
1.323196
1.300181
1.300181
1.215085
1.215085
1.276695
1.276695
1.383802
1.383802
1.341588
1.341588
1.351587
1.351587
1.314095
1.314095
1.377132
1.377132
1.372768
1.372768
1.388874
1.388874
1.120933
1.120933
1.250872
1.250872
1.325499
1.325499
1.310258
1.310258
1.223821
1.223821
1.157607
1.157607
1.315787
1.315787
1.382060
1.382060
1.114662
1.114662
1.139259
1.139259
1.287807
1.287807
1.373755
1.373755
1.339417
1.339417
1.367760
1.367760
1.290209
1.290209
1.192116
1.192116
1.283156
1.283156
1.035590
1.035590
1.329915
1.329915
1.221193
1.221193
1.286386
1.286386
1.168849
1.168849
1.349969
1.349969
1.361660
1.361660
1.363669
1.363669
1.389027
1.389027
1.189834
1.189834
1.258836
1.258836
1.285839
1.285839
1.286189
1.286189
1.292574
1.292574
1.102189
1.102189
1.343477
1.343477
1.335528
1.335528
1.252840
1.252840
1.160803
1.160803
1.206978
1.206978
1.366073
1.366073
1.279506
1.279506
1.126571
1.126571
1.335110
1.335110
1.231175
1.231175
1.314114
1.314114
1.076672
1.076672
1.379059
1.379059
