1.379455
1.379455
1.291958
1.291958
1.243096
1.243096
1.106056
1.106056
1.360991
1.360991
1.236984
1.236984
1.268734
1.268734
1.234404
1.234404
1.358403
1.358403
1.342986
1.342986
1.248666
1.248666
1.382495
1.382495
1.273478
1.273478
1.226163
1.226163
1.369593
1.369593
1.364387
1.364387
1.143540
1.143540
1.356682
1.356682
1.349288
1.349288
1.225542
1.225542
1.237202
1.237202
1.039847
1.039847
1.302914
1.302914
1.381699
1.381699
1.393570
1.393570
1.364101
1.364101
1.349329
1.349329
1.187849
1.187849
1.241559
1.241559
1.399913
1.399913
1.191190
1.191190
1.133227
1.133227
1.145479
1.145479
1.190928
1.190928
1.153151
1.237121
1.237121
1.153151
1.186720
1.186720
1.355943
1.355943
1.223309
1.223309
1.384566
1.384566
1.347961
1.330762
1.347961
1.330762
1.123244
1.123244
1.339892
1.339892
1.195820
1.195820
1.223234
1.223234
1.289664
1.289664
1.277097
1.277097
1.396116
1.396116
1.183589
1.183589
1.382976
1.382976
1.323088
1.323088
1.359087
1.359087
1.291365
1.291365
1.314129
1.314129
1.386584
1.386584
1.206164
1.206164
1.287933
1.287933
1.203624
1.203624
1.273347
1.273347
1.145804
1.145804
1.320913
1.320913
1.187098
1.187098
1.385833
1.385833
1.359093
1.359093
1.278861
1.278861
1.281714
1.281714
1.200317
1.200317
1.224298
1.224298
1.285483
1.285483
1.377512
1.377512
1.263066
1.263066
1.364945
1.364945
1.272113
1.232668
1.232668
1.272113
1.396530
1.396530
1.363021
1.363021
1.317053
1.317053
1.220508
1.220508
1.125695
1.125695
1.214030
1.214030
1.175969
1.175969
1.335438
1.335438
1.310442
1.310442
1.286982
1.286982
1.346304
1.346304
1.355195
1.355195
1.362724
1.362724
1.376158
1.376158
1.302921
1.302921
1.187595
1.187595
1.330531
1.330531
1.362570
1.362570
1.365579
1.365579
1.391900
1.391900
1.350581
1.350581
1.339387
1.339387
1.387583
1.387583
1.316383
1.316383
1.380716
1.380716
1.344171
1.344171
1.368280
1.368280
1.265282
1.265282
1.278207
1.278207
1.130734
1.130734
1.163715
1.163715
1.202677
1.202677
1.332874
1.332874
1.389982
1.389982
1.394472
1.394472
