1.371243
1.371243
1.321594
1.343131
1.343131
1.321594
1.297189
1.297189
1.234504
1.234504
1.178205
1.178205
1.282240
1.282240
1.291333
1.291333
1.221834
1.221834
1.195207
1.195207
1.311580
1.311580
1.348943
1.348943
1.139353
1.139353
1.383499
1.383499
1.392660
1.392660
1.164302
1.164302
1.285721
1.285721
1.224573
1.224573
1.360070
1.360070
1.217192
1.217192
1.352998
1.352998
1.336147
1.336147
1.397646
1.397646
1.383880
1.383880
1.281890
1.281890
1.359425
1.359425
1.271606
1.271606
1.156466
1.156466
1.333076
1.333076
1.389692
1.389692
1.274857
1.274857
1.371988
1.371988
1.341696
1.341696
1.386167
1.386167
1.367252
1.367252
1.274867
1.274867
1.288191
1.288191
1.257732
1.257732
1.041300
1.041300
1.381975
1.381975
1.345352
1.345352
1.346458
1.346458
1.355739
1.355739
1.246385
1.246385
1.090265
1.090265
1.300047
1.300047
1.390191
1.390191
1.322125
1.322125
1.369371
1.369371
1.366357
1.366357
1.325198
1.325198
1.396396
1.396396
1.224269
1.224269
1.377363
1.377363
1.298366
1.298366
1.351249
1.351249
1.115621
1.115621
1.365621
1.365621
1.354887
1.354887
1.373845
1.373845
1.317644
1.317644
1.387097
1.387097
1.047387
1.047387
1.269079
1.269079
1.335744
1.335744
1.107681
1.107681
1.283010
1.283010
1.168339
1.168339
1.329371
1.329371
1.358504
1.358504
1.270845
1.270845
1.314035
1.314035
1.344534
1.344534
1.161950
1.161950
1.316562
1.316562
1.219443
1.219443
1.330593
1.330593
1.367741
1.367741
1.396494
1.396494
1.214829
1.214829
1.233693
1.233693
1.396399
1.396399
1.112080
1.112080
1.356388
1.356388
1.221122
1.221122
1.352229
1.294024
1.294024
1.352229
1.302590
1.302590
1.257198
1.257198
1.289580
1.289580
1.343220
1.343220
1.147848
1.147848
1.341042
1.341042
1.390359
1.390359
1.342939
1.342939
1.248488
1.248488
1.265673
1.265673
