1.035876
1.035876
1.315337
1.315337
1.281168
1.281168
1.399304
1.399304
1.387921
1.387921
1.283250
1.283250
1.378073
1.378073
1.344443
1.344443
1.260978
1.260978
1.223166
1.223166
1.260382
1.260382
1.126811
1.126811
1.227043
1.227043
1.391693
1.391693
1.150289
1.150289
1.382709
1.382709
1.352731
1.352731
1.306505
1.306505
1.381495
1.381495
1.083341
1.083341
1.299617
1.299617
1.267850
1.267850
1.301569
1.301569
1.383429
1.383429
1.340775
1.340775
1.367752
1.367752
1.388867
1.388867
1.295188
1.295188
1.286033
1.286033
1.191252
1.191252
1.261103
1.261103
1.306550
1.306550
1.328329
1.328329
1.360760
1.360760
1.198967
1.198967
1.068232
1.068232
1.212368
1.212368
1.388518
1.388518
1.366086
1.366086
1.297384
1.297384
1.261401
1.261401
1.336182
1.336182
1.201272
1.201272
1.296255
1.296255
1.282153
1.282153
1.191354
1.191354
1.365145
1.365145
1.347512
1.347512
1.171502
1.171502
1.323517
1.323517
1.391972
1.391972
1.387482
1.387482
1.385506
1.385506
1.395212
1.395212
1.171257
1.171257
1.234840
1.234840
1.350543
1.350543
1.226456
1.226456
1.335245
1.335245
1.229174
1.229174
1.285793
1.285793
1.293782
1.293782
1.219311
1.219311
1.343711
1.343711
1.367511
1.367511
1.393200
1.393200
1.350447
1.350447
1.237306
1.237306
1.340343
1.340343
1.243276
1.243276
1.384353
1.384353
1.399559
1.399559
1.191442
1.191442
1.333580
1.333580
1.328004
1.328004
1.360135
1.360135
1.174627
1.174627
1.390472
1.390472
1.374261
1.374261
1.218435
1.218435
1.398382
1.398382
1.331093
1.331093
1.287155
1.287155
1.215239
1.215239
1.395139
1.395139
1.217624
1.217624
1.260701
1.260701
1.255187
1.255187
1.390497
1.390497
1.366593
1.366593
1.203955
1.203955
1.279261
1.279261
1.196402
1.196402
1.076749
1.076749
1.200013
1.200013
1.380977
1.380977
1.349579
1.349579
1.089431
1.089431
1.367639
1.367639
1.207411
1.207411
1.267061
1.267061
1.081536
1.081536
1.176044
1.176044
1.320092
1.320092
1.088990
1.088990
1.361933
1.361933
1.270353
1.270353
1.364108
1.364108
1.083207
1.083207
1.376562
1.376562
1.341116
1.341116
1.343545
1.343545
1.253931
1.253931
1.387102
1.387102
1.304088
1.304088
1.359040
1.359040
1.301687
1.301687
1.176332
1.176332
1.272402
1.272402
1.298741
1.298741
1.301587
1.301587
1.332669
1.332669
1.297388
1.297388
1.308343
1.308343
1.240764
1.240764
1.209786
1.209786
1.271617
1.271617
1.358467
1.358467
1.381108
1.381108
1.370503
1.370503
1.347889
1.347889
1.172496
1.172496
1.132172
1.132172
1.170593
1.170593
1.329683
1.329683
1.372434
1.372434
1.380274
1.380274
1.276673
1.276673
1.280338
1.280338
1.246184
1.246184
1.284145
1.284145
1.342208
1.342208
1.295352
1.295352
1.216516
1.216516
1.266319
1.266319
1.242882
1.242882
1.308584
1.308584
1.303963
1.303963
1.388693
1.388693
1.308742
1.308742
