1.374748
1.374748
1.266272
1.266272
1.382738
1.382738
1.330051
1.330051
1.345421
1.345421
1.213695
1.213695
1.184580
1.184580
1.347800
1.347800
1.342720
1.342720
1.303929
1.303929
1.316880
1.316880
1.288490
1.288490
1.377724
1.377724
1.359808
1.359808
1.187386
1.187386
1.214784
1.214784
1.307921
1.307921
1.146628
1.146628
1.309994
1.309994
1.327284
1.327284
1.217962
1.217962
1.354126
1.354126
1.104393
1.104393
1.173363
1.173363
1.158135
1.177478
1.177478
1.158135
1.328837
1.328837
1.351858
1.351858
1.386977
1.386977
1.301938
1.301938
1.324268
1.324268
1.284973
1.284973
1.117300
1.117300
1.379300
1.379300
1.261047
1.261047
1.328279
1.328279
1.225490
1.225490
1.190833
1.190833
1.392729
1.392729
1.295405
1.295405
1.314576
1.314576
1.305296
1.305296
1.233499
1.233499
1.306547
1.306547
1.313743
1.313743
1.371295
1.371295
1.281151
1.281151
1.314840
1.314840
1.272460
1.272460
1.223572
1.223572
1.385798
1.385798
1.093068
1.093068
1.399360
1.399360
1.251226
1.251226
1.349630
1.349630
1.229237
1.229237
1.334414
1.334414
1.394216
1.394216
1.397452
1.397452
1.326933
1.326933
1.257090
1.257090
1.325047
1.325047
1.258058
1.258058
1.134343
1.134343
1.278398
1.278398
1.347033
1.347033
1.273830
1.273830
1.145793
1.145793
1.123682
1.123682
1.257208
1.257208
1.343576
1.343576
1.302061
1.302061
1.393287
1.393287
1.117280
1.117280
1.338436
1.338436
1.347030
1.347030
1.289300
1.289300
1.380816
1.380816
1.335926
1.335926
1.208936
1.208936
1.384560
1.384560
1.286965
1.286965
1.202322
1.202322
1.184347
1.184347
1.238684
1.238684
1.393520
1.393520
1.397705
1.397705
1.198699
1.198699
1.243305
1.243305
1.139843
1.139843
1.353352
1.353352
1.259765
1.259765
1.355088
1.355088
1.388596
1.388596
1.300953
1.300953
1.094518
1.094518
1.243991
1.243991
1.177979
1.177979
1.327775
1.327775
1.229461
1.229461
1.337004
1.337004
1.305504
1.305504
1.312249
1.312249
1.329907
1.329907
1.294516
1.294516
1.313027
1.313027
1.328152
1.328152
1.263474
1.263474
1.109739
1.109739
1.384007
1.384007
1.183972
1.183972
1.191777
1.191777
1.166713
1.166713
1.331759
1.331759
1.190236
1.190236
1.376074
1.376074
1.309789
1.309789
1.275729
1.275729
1.339098
1.339098
1.217367
1.217367
1.363262
1.363262
1.176071
1.176071
1.220184
1.220184
1.332997
1.332997
