1.134639
1.134639
1.337956
1.337956
1.264025
1.264025
1.365480
1.365480
1.398453
1.398453
1.260164
1.260164
1.308936
1.308936
1.363397
1.363397
1.289982
1.289982
1.368172
1.368172
1.335679
1.335679
1.285911
1.285911
1.284734
1.284734
1.371045
1.371045
1.281709
1.281709
1.264080
1.264080
1.399487
1.399487
1.389740
1.389740
1.324886
1.324886
1.344206
1.344206
1.371928
1.371928
1.337105
1.337105
1.164948
1.164948
1.279687
1.279687
1.397892
1.397892
1.377924
1.377924
1.276666
1.276666
1.380349
1.380349
1.287341
1.287341
1.226223
1.226223
1.357428
1.357428
1.307624
1.307624
1.359130
1.359130
1.216709
1.216709
1.052032
1.052032
1.149008
1.149008
1.393775
1.393775
1.353852
1.353852
1.224176
1.224176
1.214133
1.214133
1.388567
1.388567
1.314839
1.314839
1.182614
1.182614
1.146835
1.146835
1.320035
1.320035
1.397762
1.397762
1.386531
1.386531
1.355660
1.355660
1.356543
1.356543
1.363684
1.363684
1.377126
1.377126
1.350070
1.350070
1.309783
1.309783
1.369288
1.369288
1.347925
1.347925
1.333782
1.333782
1.154663
1.154663
1.299274
1.299274
1.120249
1.120249
1.240301
1.240301
1.282050
1.282050
1.176677
1.176677
1.272296
1.272296
1.384433
1.384433
1.378010
1.378010
1.375637
1.375637
1.385909
1.385909
1.337720
1.337720
1.385933
1.385933
1.081117
1.081117
1.368568
1.368568
1.360406
1.360406
1.399776
1.399776
1.148016
1.148016
1.349057
1.349057
1.355459
1.355459
1.372327
1.372327
1.198779
1.198779
1.370897
1.370897
1.238514
1.238514
1.382341
1.382341
1.286333
1.286333
1.301520
1.301520
1.387339
1.387339
1.262069
1.262069
1.245545
1.245545
1.093336
1.093336
1.374882
1.374882
1.342415
1.342415
1.286315
1.286315
1.313185
1.313185
1.296038
1.296038
1.298967
1.298967
1.297015
1.297015
1.296856
1.296856
1.139878
1.139878
1.384160
1.384160
1.309339
1.309339
1.323111
1.323111
1.396387
1.396387
1.264730
1.264730
1.263900
1.263900
1.155508
1.155508
1.389277
1.389277
1.333644
1.333644
1.352638
1.352638
1.305242
1.305242
1.242220
1.242220
1.300439
1.300439
1.216748
1.216748
