1.109711
1.109711
1.372890
1.372890
1.238685
1.238685
1.374965
1.374965
1.363597
1.363597
1.275541
1.275541
1.388739
1.388739
1.338889
1.338889
1.208835
1.208835
1.325512
1.325512
1.321545
1.321545
1.399418
1.399418
1.344621
1.344621
1.183340
1.183340
1.331799
1.331799
1.182241
1.182241
1.368852
1.368852
1.090261
1.090261
1.330111
1.330111
1.326052
1.326052
1.374001
1.374001
1.316072
1.316072
1.228619
1.228619
1.384083
1.384083
1.347627
1.347627
1.107760
1.107760
1.174620
1.174620
1.368590
1.368590
1.119016
1.119016
1.330631
1.330631
1.381552
1.381552
1.342016
1.342016
1.383020
1.383020
1.349298
1.349298
1.266558
1.266558
1.308506
1.308506
1.264063
1.264063
1.254691
1.254691
1.249284
1.249284
1.262315
1.262315
1.073243
1.073243
1.178873
1.178873
1.091312
1.091312
1.275386
1.275386
1.397109
1.397109
1.378746
1.378746
1.238104
1.238104
1.146270
1.146270
1.364838
1.364838
1.199284
1.199284
1.150831
1.150831
1.359040
1.359040
1.120757
1.120757
1.156453
1.156453
1.366445
1.366445
1.346385
1.346385
1.249343
1.249343
1.337707
1.337707
1.188167
1.188167
1.170642
1.170642
1.238393
1.238393
1.378201
1.378201
1.246533
1.246533
1.330390
1.330390
1.192640
1.192640
1.261633
1.261633
1.064624
1.064624
1.163609
1.163609
1.381007
1.381007
1.288562
1.288562
1.282312
1.282312
1.108429
1.108429
1.223783
1.223783
1.160891
1.160891
1.105573
1.105573
1.395075
1.395075
1.285556
1.285556
1.231703
1.231703
1.363443
1.363443
1.262059
1.262059
1.324269
1.324269
1.363710
1.363710
1.323171
1.323171
1.286418
1.286418
1.390810
1.390810
1.168799
1.168799
1.308071
1.308071
1.299010
1.299010
1.349486
1.349486
1.272478
1.272478
1.116644
1.116644
1.285850
1.285850
1.209704
1.209704
1.328713
1.328713
1.259283
1.259283
1.341635
1.341635
1.359418
1.359418
1.314547
1.314547
1.302170
1.302170
1.364988
1.364988
1.249293
1.249293
1.371853
1.371853
1.389129
1.389129
1.364298
1.364298
1.394399
1.394399
1.354771
1.354771
1.313512
1.313512
1.241008
1.241008
1.327901
1.327901
1.359982
1.359982
1.179346
1.179346
1.263796
1.263796
1.394350
1.394350
1.249059
1.249059
1.147437
1.147437
1.373468
1.373468
1.371139
1.371139
1.297348
1.297348
1.329441
1.329441
1.346885
1.346885
1.337592
1.337592
1.070654
1.070654
1.278758
1.278758
1.381959
1.381959
1.263376
1.263376
