1.316354
1.316354
1.323453
1.323453
1.395773
1.395773
1.331168
1.331168
1.237339
1.237339
1.382516
1.382516
1.332964
1.332964
1.174448
1.174448
1.054098
1.054098
1.320446
1.320446
1.252844
1.252844
1.232022
1.232022
1.217065
1.217065
1.034583
1.034583
1.329768
1.329768
1.326429
1.326429
1.396914
1.396914
1.397365
1.397365
1.362781
1.362781
1.036572
1.036572
1.310625
1.310625
1.173515
1.173515
1.354159
1.354159
1.050592
1.050592
1.159784
1.159784
1.380769
1.380769
1.372656
1.372656
1.247253
1.247253
1.224977
1.224977
1.306994
1.306994
1.116305
1.116305
1.230604
1.230604
1.375427
1.375427
1.391261
1.391261
1.213300
1.213300
1.052767
1.052767
1.331797
1.331797
1.233827
1.233827
1.315944
1.315944
1.269838
1.269838
1.213517
1.213517
1.293977
1.293977
1.325579
1.325579
1.286457
1.286457
1.301160
1.301160
1.207659
1.207659
1.351204
1.351204
1.386863
1.386863
1.328613
1.328613
1.218294
1.218294
1.356850
1.356850
1.395165
1.395165
1.374506
1.374506
1.285073
1.285073
1.243944
1.243944
1.357149
1.357149
1.356158
1.356158
1.381071
1.381071
1.389372
1.389372
1.320616
1.320616
1.143834
1.143834
1.148121
1.148121
1.391783
1.391783
1.329833
1.329833
1.396753
1.396753
1.375557
1.375557
1.398297
1.398297
1.085033
1.085033
1.376071
1.376071
1.255943
1.255943
1.351857
1.351857
1.387745
1.387745
1.380065
1.380065
1.372610
1.372610
1.235988
1.235988
1.252997
1.252997
1.380686
1.380686
1.078621
1.078621
1.112087
1.112087
1.236632
1.236632
