1.398486
1.398486
1.191650
1.191650
1.077478
1.077478
1.255079
1.255079
1.373360
1.373360
1.118376
1.319048
1.118376
1.319048
1.388243
1.388243
1.385594
1.385594
1.335906
1.335906
1.122836
1.122836
1.227474
1.227474
1.310636
1.310636
1.030440
1.030440
1.223447
1.223447
1.282448
1.282448
1.336335
1.336335
1.256749
1.256749
1.393437
1.393437
1.324828
1.324828
1.316997
1.316997
1.318582
1.318582
1.319926
1.319926
1.252012
1.252012
1.380508
1.380508
1.398890
1.398890
1.319459
1.319459
1.309702
1.309702
1.223042
1.223042
1.291277
1.291277
1.321838
1.321838
1.082949
1.082949
1.379503
1.379503
1.340364
1.340364
1.370852
1.370852
1.324658
1.324658
1.285713
1.285713
1.309882
1.309882
1.340969
1.340969
1.286449
1.286449
1.136397
1.136397
1.238661
1.238661
1.158421
1.158421
1.240963
1.240963
1.256396
1.256396
1.322351
1.322351
1.305665
1.305665
1.374151
1.374151
1.306199
1.306199
1.372531
1.372531
1.153968
1.153968
1.129478
1.129478
1.338879
1.338879
1.360671
1.360671
1.356921
1.356921
1.380984
1.380984
1.307729
1.307729
1.376186
1.376186
1.378951
1.293654
1.293654
1.378951
1.361733
1.361733
1.208249
1.208249
1.073416
1.073416
1.319221
1.319221
1.305405
1.305405
1.197755
1.197755
1.077201
1.077201
1.386390
1.386390
1.255991
1.255991
1.310334
1.310334
1.103704
1.103704
1.391646
1.391646
1.291600
1.291600
1.396233
1.396233
1.389828
1.389828
1.293026
1.293026
1.195598
1.195598
1.342938
1.342938
1.306883
1.306883
1.386617
1.386617
1.310526
1.310526
1.284761
1.284761
1.183662
1.183662
1.353556
1.353556
1.283806
1.283806
1.379446
1.379446
1.392569
1.392569
1.245762
1.245762
1.278436
1.278436
1.388909
1.388909
1.385655
1.385655
1.361453
1.361453
1.310523
1.310523
1.343795
1.343795
1.317913
1.317913
1.068179
1.068179
1.298255
1.298255
1.209763
1.209763
1.110646
1.110646
1.387613
1.387613
1.361077
1.361077
1.358076
1.358076
1.338556
1.338556
1.365887
1.365887
1.283812
1.283812
1.373971
1.373971
1.294860
1.294860
