1.363549
1.363549
1.304443
1.304443
1.228517
1.228517
1.390355
1.390355
1.258382
1.258382
1.342028
1.342028
1.246286
1.246286
1.293645
1.293645
1.209255
1.209255
1.340282
1.340282
1.252214
1.252214
1.108168
1.108168
1.271733
1.271733
1.368564
1.368564
1.332423
1.332423
1.220154
1.220154
1.391183
1.391183
1.243374
1.243374
1.266875
1.266875
1.291934
1.291934
1.134888
1.134888
1.389696
1.389696
1.324214
1.324214
1.189988
1.189988
1.255715
1.255715
1.367736
1.367736
1.025911
1.025911
1.354456
1.354456
1.368642
1.368642
1.319980
1.319980
1.353408
1.353408
1.268721
1.268721
1.376345
1.376345
1.112482
1.112482
1.314639
1.314639
1.360208
1.360208
1.309426
1.309426
1.383175
1.383175
1.355434
1.355434
1.136837
1.136837
1.313669
1.313669
1.383946
1.383946
1.361950
1.361950
1.384919
1.384919
1.329096
1.329096
1.397163
1.397163
1.103552
1.103552
1.320869
1.320869
1.302833
1.302833
1.371521
1.371521
1.312758
1.312758
1.176564
1.176564
1.252312
1.252312
1.267647
1.267647
1.390605
1.390605
1.396359
1.396359
1.329460
1.329460
1.305495
1.305495
1.315242
1.315242
1.354504
1.354504
1.354445
1.354445
1.293452
1.293452
1.370161
1.370161
1.297431
1.297431
1.057956
1.057956
1.380332
1.380332
1.331376
1.331376
1.203428
1.203428
1.249303
1.249303
1.334212
1.334212
1.354548
1.354548
1.396417
1.396417
1.398676
1.398676
1.289796
1.289796
1.391639
1.391639
1.112025
1.112025
1.243056
1.243056
1.236664
1.236664
1.347534
1.347534
1.286655
1.286655
1.172069
1.172069
1.285626
1.285626
1.314147
1.314147
1.353577
1.353577
1.303995
1.303995
1.398247
1.398247
1.339004
1.339004
1.370390
1.370390
1.253012
1.253012
1.341069
1.341069
1.170399
1.170399
1.307855
1.307855
1.180704
1.180704
1.127792
1.127792
1.304429
1.304429
1.105249
1.105249
1.326212
1.326212
1.386254
1.386254
1.333833
1.333833
1.206624
1.206624
1.374864
1.374864
