1.238891
1.238891
1.341482
1.341482
1.201069
1.201069
1.393600
1.393600
1.146525
1.146525
1.300374
1.300374
1.334004
1.334004
1.227496
1.227496
1.201542
1.201542
1.378488
1.378488
1.272434
1.272434
1.377167
1.377167
1.382068
1.382068
1.354550
1.354550
1.392158
1.392158
1.371951
1.371951
1.330148
1.330148
1.142786
1.142786
1.060589
1.381422
1.381422
1.060589
1.291719
1.291719
1.244483
1.244483
1.395365
1.395365
1.373710
1.373710
1.362878
1.362878
1.370199
1.370199
1.266748
1.266748
1.333596
1.333596
1.108920
1.108920
1.277581
1.277581
1.290094
1.290094
1.294102
1.294102
1.259794
1.259794
1.192325
1.192325
1.368048
1.368048
1.343918
1.343918
1.348665
1.348665
1.293884
1.293884
1.197233
1.197233
1.120360
1.120360
1.149864
1.149864
1.317943
1.317943
1.315134
1.315134
1.325829
1.325829
1.336736
1.336736
1.106621
1.106621
1.326577
1.155175
1.155175
1.326577
1.167835
1.167835
1.215645
1.215645
1.393676
1.393676
1.362070
1.362070
1.349644
1.349644
1.385984
1.385984
1.296589
1.296589
1.368494
1.368494
1.299589
1.299589
1.398326
1.398326
1.100515
1.100515
1.079146
1.079146
1.346034
1.346034
1.360639
1.360639
1.378288
1.378288
1.278793
1.278793
1.251927
1.251927
1.274714
1.274714
1.166040
1.166040
1.316423
1.316423
1.309979
1.309979
1.045399
1.045399
1.297597
1.297597
