1.293448
1.293448
1.347748
1.347748
1.379909
1.379909
1.367755
1.367755
1.115212
1.115212
1.253472
1.253472
1.325234
1.325234
1.293502
1.293502
1.306908
1.306908
1.370556
1.370556
1.278495
1.278495
1.348200
1.348200
1.328274
1.328274
1.391722
1.391722
1.354898
1.354898
1.251076
1.251076
1.386552
1.386552
1.255132
1.255132
1.188944
1.188944
1.355644
1.355644
1.398308
1.398308
1.071120
1.071120
1.236904
1.236904
1.330112
1.330112
1.299837
1.299837
1.383178
1.383178
1.142760
1.142760
1.289795
1.289795
1.311683
1.311683
1.279154
1.279154
1.227493
1.227493
1.257120
1.257120
1.391657
1.391657
1.294205
1.294205
1.069084
1.069084
1.369382
1.369382
1.305239
1.305239
1.330585
1.330585
1.352474
1.352474
1.292447
1.292447
1.380257
1.380257
1.314817
1.314817
1.167829
1.167829
1.261091
1.261091
1.316366
1.316366
1.267065
1.267065
1.376658
1.376658
1.374225
1.374225
1.280646
1.280646
1.357892
1.357892
1.364950
1.364950
1.315486
1.315486
1.377567
1.377567
1.344723
1.344723
1.398780
1.398780
1.019996
1.019996
1.371892
1.371892
1.114161
1.114161
1.388085
1.388085
1.328032
1.328032
1.243313
1.243313
1.218047
1.218047
1.320361
1.320361
1.096438
1.096438
1.145019
1.145019
1.205807
1.205807
1.371574
1.371574
1.181882
1.181882
1.329352
1.329352
1.332352
1.332352
1.149082
1.149082
1.289158
1.289158
1.389614
1.389614
1.378884
1.378884
1.354546
1.354546
1.324936
1.324936
1.332036
1.332036
1.189756
1.189756
1.350694
1.350694
1.160681
1.160681
1.152650
1.152650
1.308373
1.308373
1.066092
1.066092
1.368489
1.368489
1.251312
1.251312
1.254614
1.254614
1.366249
1.366249
1.145255
1.145255
1.063642
1.063642
1.221199
1.221199
1.267871
1.267871
1.379967
1.379967
1.398841
1.398841
1.396796
1.396796
1.257803
1.257803
1.386268
1.386268
1.134792
1.134792
1.308829
1.308829
1.387707
1.387707
1.349436
1.349436
1.298522
1.298522
1.348806
1.348806
1.242947
1.242947
1.242355
1.242355
1.331989
1.331989
1.322749
1.322749
1.327099
1.327099
1.245350
1.245350
1.246533
1.246533
1.310234
1.310234
1.153472
1.153472
1.133017
1.133017
1.208477
1.208477
1.334320
1.334320
1.262162
1.262162
1.353162
1.353162
1.397781
1.397781
1.041388
1.041388
1.371878
1.371878
1.256515
1.256515
1.314498
1.314498
1.350763
1.350763
1.291036
1.291036
1.231999
1.231999
1.222345
1.222345
1.172639
1.172639
1.399915
1.399915
1.264757
1.264757
1.284145
1.284145
1.396752
1.396752
1.223744
1.223744
1.254706
1.254706
1.295037
1.295037
