1.347689
1.347689
1.371663
1.371663
1.315670
1.315670
1.307056
1.307056
1.306467
1.306467
1.341536
1.341536
1.358886
1.358886
1.315723
1.315723
1.281813
1.281813
1.281415
1.281415
1.214302
1.214302
1.277424
1.277424
1.394584
1.394584
1.273672
1.273672
1.395365
1.395365
1.307242
1.307242
1.292585
1.292585
1.110980
1.110980
1.288000
1.288000
1.359342
1.359342
1.042657
1.042657
1.395239
1.395239
1.345159
1.345159
1.382671
1.382671
1.291986
1.291986
1.163703
1.163703
1.224774
1.224774
1.214013
1.214013
1.391508
1.391508
1.090123
1.090123
1.362172
1.362172
1.174635
1.174635
1.251512
1.251512
1.217993
1.217993
1.273169
1.273169
1.316038
1.316038
1.315543
1.315543
1.306560
1.306560
1.200585
1.200585
1.144030
1.144030
1.035472
1.035472
1.056912
1.056912
1.377501
1.377501
1.179597
1.179597
1.269347
1.269347
1.387761
1.387761
1.167308
1.167308
1.214542
1.214542
1.366779
1.366779
1.315208
1.315208
1.070371
1.070371
1.095661
1.095661
1.078626
1.078626
1.135624
1.135624
1.326051
1.326051
1.184936
1.184936
1.374736
1.374736
1.398369
1.398369
1.345878
1.345878
1.295377
1.295377
1.277987
1.277987
1.070940
1.070940
1.373585
1.373585
1.221077
1.221077
1.287063
1.287063
1.316007
1.316007
1.328802
1.328802
1.315077
1.315077
1.317498
1.317498
1.393547
1.393547
1.186485
1.186485
1.132674
1.132674
1.338812
1.338812
1.158216
1.158216
1.259395
1.259395
1.330170
1.330170
1.393208
1.393208
1.370956
1.370956
1.305347
1.305347
1.286593
1.286593
1.302406
1.302406
1.299786
1.299786
1.205113
1.205113
