1.214515
1.214515
1.350758
1.350758
1.337998
1.337998
1.116766
1.116766
1.305307
1.305307
1.222227
1.222227
1.056289
1.056289
1.375490
1.375490
1.395383
1.395383
1.220034
1.220034
1.399263
1.399263
1.365442
1.365442
1.286446
1.286446
1.300878
1.300878
1.103837
1.103837
1.388152
1.388152
1.387991
1.387991
1.388045
1.388045
1.137966
1.137966
1.368588
1.368588
1.359276
1.359276
1.353573
1.353573
1.371128
1.371128
1.175360
1.230080
1.230080
1.175360
1.286586
1.286586
1.160827
1.160827
1.381423
1.381423
1.339518
1.339518
1.337305
1.337305
1.391122
1.391122
1.215423
1.215423
1.302402
1.302402
1.340347
1.340347
1.039222
1.039222
1.392903
1.392903
1.357728
1.357728
1.380460
1.380460
1.329375
1.329375
1.353577
1.353577
1.358503
1.358503
1.263907
1.263907
1.388472
1.388472
1.257863
1.257863
1.344233
1.344233
1.317769
1.317769
1.193783
1.193783
1.375757
1.375757
1.291335
1.291335
1.232784
1.232784
1.333066
1.333066
1.251427
1.251427
1.357893
1.357893
1.106943
1.106943
1.235847
1.235847
1.134378
1.134378
1.357537
1.357537
1.317003
1.317003
1.208370
1.208370
1.170269
1.170269
1.323134
1.323134
1.334041
1.334041
1.252983
1.252983
1.339630
1.339630
1.399904
1.399904
1.209576
1.209576
1.265748
1.265748
1.358756
1.358756
1.311896
1.311896
1.308866
1.308866
1.267787
1.267787
1.351057
1.351057
1.293455
1.293455
1.269104
1.269104
1.399489
1.399489
1.380083
1.380083
1.268432
1.268432
1.169642
1.169642
1.249500
1.249500
1.163976
1.163976
1.374597
1.374597
1.212197
1.212197
1.399247
1.399247
1.370230
1.370230
1.318639
1.318639
1.329571
1.329571
1.378229
1.378229
