1.195604
1.195604
1.157085
1.157085
1.378753
1.378753
1.116965
1.116965
1.360983
1.360983
1.358615
1.306012
1.306012
1.358615
1.328782
1.328782
1.379621
1.379621
1.383242
1.383242
1.316907
1.316907
1.240171
1.240171
1.249723
1.249723
1.384512
1.384512
1.218961
1.218961
1.309095
1.309095
1.141963
1.141963
1.258177
1.258177
1.391948
1.391948
1.225862
1.225862
1.204589
1.204589
1.376730
1.376730
1.207903
1.207903
1.183598
1.183598
1.143134
1.143134
1.272385
1.272385
1.336211
1.182348
1.182348
1.336211
1.320456
1.320456
1.383459
1.383459
1.230967
1.230967
1.374016
1.374016
1.126223
1.126223
1.292122
1.292122
1.349773
1.349773
1.327504
1.327504
1.371365
1.371365
1.142850
1.142850
1.183606
1.183606
1.259443
1.259443
1.208775
1.208775
1.189218
1.189218
1.164183
1.164183
1.239062
1.239062
1.354448
1.354448
1.328802
1.328802
1.352346
1.352346
1.257585
1.257585
1.232123
1.232123
1.101564
1.101564
1.194397
1.194397
1.277926
1.277926
1.326287
1.326287
1.307181
1.307181
1.378952
1.378952
1.315072
1.315072
1.298855
1.298855
1.154573
1.154573
1.300320
1.300320
1.132225
1.132225
1.332627
1.332627
1.261915
1.261915
1.383499
1.383499
1.328902
1.328902
1.211275
1.211275
1.275243
1.275243
1.196961
1.196961
1.196591
1.196591
1.264419
1.264419
1.369299
1.369299
1.271353
1.271353
1.251846
1.251846
1.308414
1.308414
1.171034
1.171034
1.350058
1.350058
1.086761
1.086761
1.297127
1.297127
1.365405
1.365405
1.030654
1.030654
1.330307
1.330307
1.196784
1.196784
1.363179
1.363179
1.397537
1.397537
1.339798
1.339798
1.020453
1.020453
1.309801
1.309801
1.375246
1.375246
1.222813
1.222813
1.391208
1.391208
1.107233
1.107233
1.311742
1.311742
1.361812
1.361812
1.351256
1.351256
1.384056
1.384056
1.346064
1.346064
1.151516
1.151516
1.139073
1.139073
