1.328729
1.328729
1.335386
1.335386
1.317754
1.317754
1.289771
1.289771
1.310370
1.310370
1.329203
1.329203
1.108559
1.108559
1.381326
1.381326
1.242729
1.242729
1.294585
1.294585
1.352397
1.352397
1.065548
1.065548
1.355580
1.355580
1.155118
1.155118
1.391889
1.391889
1.350951
1.350951
1.108540
1.108540
1.175554
1.175554
1.314995
1.314995
1.298539
1.298539
1.398476
1.398476
1.238656
1.238656
1.270331
1.270331
1.368520
1.368520
1.042984
1.042984
1.231869
1.231869
1.177823
1.177823
1.396330
1.396330
1.315265
1.315265
1.341555
1.341555
1.361104
1.361104
1.370000
1.370000
1.387209
1.387209
1.310266
1.310266
1.112246
1.112246
1.153817
1.153817
1.347584
1.347584
1.302595
1.302595
1.301480
1.301480
1.356483
1.356483
1.231595
1.231595
1.286780
1.286780
1.197994
1.197994
1.354679
1.354679
1.294647
1.294647
1.194872
1.194872
1.171893
1.081615
1.171893
1.081615
1.173706
1.173706
1.303402
1.303402
1.373542
1.373542
1.393738
1.393738
1.352703
1.352703
1.228219
1.228219
1.389983
1.389983
1.110935
1.110935
1.369035
1.369035
1.352654
1.352654
1.287114
1.287114
1.231594
1.231594
1.213632
1.213632
1.174751
1.174751
1.246877
1.246877
1.367411
1.367411
1.286752
1.286752
1.215412
1.215412
1.303343
1.303343
1.290910
1.290910
1.357229
1.357229
1.381055
1.381055
1.064811
1.064811
1.332938
1.332938
1.339371
1.339371
1.382634
1.382634
1.357484
1.357484
1.306036
1.306036
1.269951
1.269951
1.379680
1.379680
1.186459
1.186459
