1.380823
1.380823
1.234658
1.234658
1.372158
1.372158
1.385791
1.385791
1.329208
1.329208
1.200203
1.200203
1.354527
1.354527
1.313662
1.313662
1.266714
1.266714
1.087075
1.087075
1.339088
1.339088
1.301668
1.301668
1.259134
1.259134
1.338522
1.338522
1.279351
1.279351
1.364539
1.364539
1.379926
1.379926
1.226684
1.226684
1.200270
1.200270
1.347244
1.347244
1.279836
1.279836
1.236961
1.236961
1.120964
1.120964
1.361539
1.361539
1.342851
1.342851
1.219152
1.219152
1.203870
1.203870
1.266116
1.266116
1.266886
1.266886
1.248632
1.248632
1.219411
1.219411
1.382848
1.382848
1.306044
1.306044
1.296152
1.296152
1.351106
1.351106
1.215957
1.215957
1.341181
1.341181
1.389602
1.389602
1.318636
1.318636
1.348643
1.348643
1.151233
1.151233
1.077336
1.077336
1.254084
1.254084
1.220105
1.220105
1.224398
1.224398
1.248024
1.248024
1.372487
1.372487
1.399639
1.399639
1.372934
1.372934
1.361532
1.361532
1.341076
1.341076
1.314672
1.314672
1.073161
1.073161
1.349042
1.349042
1.228656
1.228656
1.340785
1.340785
1.211811
1.211811
1.201119
1.201119
1.364889
1.364889
1.239602
1.239602
1.379232
1.379232
1.388901
1.388901
1.384245
1.384245
1.143831
1.143831
1.364866
1.364866
1.103668
1.103668
1.099838
1.099838
1.312412
1.312412
1.363163
1.363163
1.315797
1.315797
1.358679
1.358679
1.215653
1.215653
1.212007
1.212007
1.101252
1.101252
1.153946
1.153946
1.071434
1.071434
1.384287
1.384287
1.220051
1.220051
1.351453
1.351453
1.326523
1.326523
1.300727
1.300727
1.145458
1.145458
1.387493
1.387493
1.068631
1.068631
1.381825
1.381825
1.348241
1.348241
1.088979
1.088979
1.280152
1.280152
1.265395
1.265395
1.331344
1.331344
1.102230
1.102230
1.348561
1.348561
1.050333
1.050333
1.362746
1.362746
1.219149
1.219149
1.362753
1.362753
1.116319
1.116319
1.346247
1.346247
1.379774
1.379774
1.260240
1.260240
1.273825
1.273825
1.098596
1.098596
1.374432
1.374432
1.326007
1.326007
1.249584
1.249584
1.201823
1.201823
1.310045
1.310045
1.186470
1.186470
1.270246
1.270246
1.149055
1.149055
1.379397
1.379397
1.098414
1.098414
1.310200
1.310200
1.241278
1.241278
1.134211
1.134211
1.087177
1.087177
