1.368913
1.368913
1.150970
1.150970
1.375599
1.375599
1.236487
1.236487
1.383279
1.383279
1.366800
1.366800
1.346486
1.346486
1.331530
1.331530
1.218131
1.218131
1.257184
1.257184
1.350678
1.350678
1.223518
1.223518
1.227434
1.227434
1.363559
1.363559
1.293051
1.293051
1.287282
1.287282
1.354053
1.354053
1.332338
1.332338
1.222373
1.222373
1.264687
1.264687
1.316525
1.316525
1.292147
1.292147
1.245176
1.245176
1.399866
1.399866
1.167235
1.167235
1.378257
1.378257
1.389469
1.389469
1.254823
1.254823
1.161651
1.161651
1.303707
1.303707
1.388111
1.388111
1.339862
1.339862
1.307645
1.307645
1.396219
1.396219
1.392695
1.392695
1.291509
1.291509
1.229305
1.229305
1.350291
1.350291
1.313535
1.313535
1.258735
1.258735
1.269313
1.269313
1.373580
1.373580
1.299979
1.299979
1.311436
1.311436
1.330313
1.330313
1.298054
1.298054
1.347092
1.347092
1.270923
1.270923
1.370048
1.370048
1.057722
1.057722
1.382257
1.382257
1.083392
1.083392
1.287280
1.287280
1.220087
1.220087
1.346358
1.346358
1.245937
1.245937
1.174707
1.174707
1.253085
1.253085
1.303790
1.303790
1.376996
1.376996
1.207780
1.207780
1.250325
1.250325
1.233600
1.233600
1.366015
1.366015
1.197722
1.197722
1.218484
1.218484
1.369797
1.369797
1.363550
1.363550
1.306014
1.306014
1.350091
1.350091
1.175154
1.175154
1.331682
1.331682
1.318818
1.318818
1.389242
1.389242
1.263408
1.263408
1.293091
1.293091
1.238681
1.238681
1.399854
1.399854
1.358144
1.358144
1.388375
1.388375
1.325145
1.325145
1.328235
1.328235
1.364483
1.364483
1.398969
1.398969
1.379759
1.379759
1.316444
1.316444
1.169676
1.169676
1.299554
1.299554
1.293962
1.293962
1.343661
1.343661
1.230214
1.230214
1.191186
1.191186
1.078765
1.078765
1.361334
1.361334
1.264804
1.264804
1.198357
1.198357
