1.157470
1.157470
1.295018
1.295018
1.389767
1.389767
1.245881
1.245881
1.172347
1.172347
1.356992
1.356992
1.319031
1.319031
1.259863
1.259863
1.122509
1.122509
1.374114
1.374114
1.270908
1.270908
1.223930
1.223930
1.264501
1.264501
1.147302
1.147302
1.214386
1.214386
1.299070
1.299070
1.289478
1.289478
1.382445
1.382445
1.270127
1.270127
1.159966
1.159966
1.290730
1.290730
1.319967
1.319967
1.386474
1.386474
1.281318
1.281318
1.356768
1.356768
1.051844
1.051844
1.035380
1.035380
1.181824
1.181824
1.208325
1.208325
1.312632
1.312632
1.326930
1.326930
1.295517
1.295517
1.293022
1.293022
1.340681
1.340681
1.394688
1.394688
1.219308
1.219308
1.367481
1.367481
1.156612
1.156612
1.376552
1.376552
1.308118
1.308118
1.303012
1.303012
1.221346
1.221346
1.380274
1.380274
1.318182
1.318182
1.066438
1.066438
1.380398
1.380398
1.296218
1.296218
1.338751
1.338751
1.210541
1.210541
1.331902
1.331902
1.097015
1.097015
1.286571
1.286571
1.390243
1.390243
1.360065
1.360065
1.324187
1.324187
1.325525
1.325525
1.363498
1.363498
1.371914
1.371914
1.274266
1.274266
1.295140
1.295140
1.311326
1.311326
1.287874
1.287874
1.053756
1.053756
1.394550
1.394550
1.296886
1.296886
1.107646
1.107646
1.134607
1.134607
1.181076
1.181076
1.296412
1.296412
1.110106
1.110106
1.070918
1.070918
1.226948
1.226948
1.322741
1.322741
1.341700
1.341700
1.187356
1.187356
1.321658
1.321658
1.395488
1.395488
1.215267
1.215267
1.146136
1.146136
1.219136
1.219136
1.339924
1.339924
1.172836
1.172836
1.376187
1.376187
1.340680
1.340680
