1.388452
1.388452
1.359728
1.359728
1.090929
1.090929
1.350744
1.350744
1.120414
1.120414
1.340597
1.212815
1.212815
1.340597
1.311156
1.311156
1.383246
1.383246
1.384666
1.384666
1.362540
1.362540
1.147574
1.147574
1.162284
1.162284
1.292244
1.292244
1.320005
1.320005
1.317190
1.317190
1.390564
1.390564
1.326791
1.326791
1.385770
1.385770
1.359703
1.359703
1.291059
1.291059
1.293788
1.355883
1.355883
1.293788
1.321101
1.321101
1.352134
1.352134
1.329528
1.329528
1.326799
1.326799
1.329217
1.329217
1.179675
1.385931
1.179675
1.385931
1.170976
1.170976
1.271132
1.271132
1.395394
1.395394
1.338068
1.338068
1.257967
1.257967
1.317158
1.317158
1.396046
1.396046
1.303847
1.303847
1.205312
1.348369
1.205312
1.348369
1.253469
1.253469
1.152037
1.152037
1.394455
1.394455
1.270273
1.270273
1.194636
1.194636
1.396756
1.396756
1.281993
1.281993
1.197790
1.197790
1.232550
1.232550
1.272175
1.272175
1.340239
1.193557
1.193557
1.340239
1.275973
1.275973
1.393016
1.393016
1.271036
1.271036
1.390849
1.390849
1.234911
1.234911
1.235670
1.235670
1.304487
1.304487
1.307342
1.307342
1.163314
1.163314
1.263305
1.263305
1.288638
1.288638
1.399021
1.399021
1.236263
1.236263
1.397235
1.081708
1.081708
1.397235
1.313588
1.313588
1.310117
1.310117
1.248003
1.248003
1.175914
1.175914
1.314855
1.314855
1.307970
1.307970
1.245248
1.083431
1.245248
1.083431
1.317057
1.341945
1.341945
1.317057
1.363217
1.363217
1.133786
1.133786
1.258525
1.258525
1.395869
1.395869
1.226299
1.226299
1.095719
1.095719
1.364711
1.364711
1.282837
1.282837
1.306505
1.306505
1.367172
1.367172
1.341200
1.341200
1.322150
1.322150
1.354814
1.354814
1.387844
1.387844
1.216249
1.216249
1.323256
1.323256
1.157799
1.157799
1.345937
1.345937
1.116971
1.116971
1.331287
1.331287
1.154248
1.154248
1.250107
1.250107
1.296312
1.296312
1.369171
1.369171
1.333400
1.333400
1.158472
1.158472
1.387231
1.387231
1.370736
1.370736
1.247569
1.247569
1.307646
1.307646
1.367446
1.367446
1.368323
1.368323
1.381625
1.381625
1.275655
1.275655
1.203127
1.203127
1.343782
1.343782
1.353808
1.353808
1.116789
1.315715
1.116789
1.315715
1.269056
1.269056
1.356600
1.356600
1.224194
1.224194
1.387324
1.387324
1.293629
1.293629
1.315823
1.315823
1.197589
1.197589
1.213229
1.213229
1.374739
1.374739
1.326271
1.326271
1.338892
1.338892
1.379382
1.379382
1.304434
1.304434
1.341306
1.341306
1.252291
1.252291
1.162183
1.162183
1.386483
1.386483
1.313749
1.313749
1.128299
1.128299
1.359627
1.359627
1.395369
1.395369
1.240606
1.240606
1.332363
1.322166
1.322166
1.332363
1.289161
1.289161
1.148719
1.148719
1.320475
1.320475
1.206948
1.206948
1.242273
1.242273
1.225668
1.225668
1.329637
1.329637
1.377814
1.377814
1.397040
1.397040
1.109446
1.109446
1.317670
1.317670
1.358681
1.358681
1.124780
1.124780
1.373817
1.373817
1.306365
1.306365
1.281686
1.281686
1.385140
1.385140
1.249602
1.249602
1.358767
1.358767
1.339838
1.339838
1.339947
1.339947
1.342498
1.342498
1.361780
1.361780
1.239932
1.239932
1.294137
1.294137
1.301108
1.301108
1.370911
1.370911
1.308239
1.308239
1.357347
1.357347
1.263363
1.263363
1.359441
1.359441
1.294670
1.294670
1.300213
1.300213
1.285813
1.285813
1.391055
1.391055
1.364407
1.364407
1.318423
1.329914
1.329914
1.318423
1.372872
1.319929
1.319929
1.372872
1.287431
1.287431
1.284560
1.247465
1.284560
1.247465
1.385845
1.385845
1.374787
1.374787
1.340462
1.387461
1.387461
1.340462
1.125571
1.125571
1.224603
1.224603
1.380978
1.380978
1.192323
1.192323
1.398275
1.398275
1.229825
1.229825
1.375839
1.375839
1.365147
1.365147
1.328819
1.083300
1.328819
1.083300
1.377341
1.377341
1.302003
1.302003
1.253336
1.253336
1.264126
1.264126
1.278026
1.278026
1.373908
1.373908
1.337421
1.337421
1.218478
1.218478
1.394005
1.394005
1.136557
1.136557
1.117842
1.117842
1.186327
1.186327
1.252834
1.252834
1.291922
1.369099
1.369099
1.291922
1.333945
1.333945
1.214455
1.214455
1.392173
1.392173
1.240802
1.240802
1.243629
1.243629
1.287488
1.287488
1.397552
1.397552
1.359918
1.359918
1.189300
1.189300
1.356703
1.356703
1.291605
1.291605
1.202326
1.202326
1.343206
1.343206
1.274318
1.274318
1.140336
1.140336
1.096470
1.096470
1.207308
1.207308
1.305478
1.305478
1.116698
1.116698
1.320176
1.320176
1.312781
1.168975
1.168975
1.312781
1.236870
1.236870
1.171081
1.171081
1.353369
1.353369
1.389240
1.389240
1.394113
1.394113
1.369806
1.369806
1.317660
1.317660
1.055904
1.055904
1.334861
1.334861
1.318714
1.318714
1.337020
1.288446
1.337020
1.288446
1.395856
1.395856
1.280422
1.280422
1.204609
1.204609
1.286612
1.286612
1.390964
1.390964
1.385069
1.385069
1.361109
1.361109
1.256371
1.362763
1.256371
1.362763
1.193445
1.193445
1.379069
1.379069
1.152911
1.152911
1.332087
1.332087
1.354702
1.354702
1.177751
1.177751
1.340315
1.340315
1.178512
1.178512
1.296796
1.296796
1.379694
1.379694
1.286106
1.286106
1.197568
1.197568
1.273286
1.273286
1.394175
1.394175
1.230267
1.230267
1.363195
1.363195
1.364204
1.364204
1.359990
1.359990
1.120794
1.120794
1.180250
1.180250
1.300145
1.300145
1.376534
1.376534
1.392474
1.392474
1.388210
1.388210
1.380455
1.380455
1.300331
1.300331
1.106676
1.106676
1.133396
1.133396
1.310238
1.310238
1.198684
1.198684
1.077149
1.285715
1.285715
1.077149
1.343054
1.343054
1.193046
1.193046
1.118230
1.118230
1.271253
1.271253
1.257785
1.257785
1.134201
1.371747
1.134201
1.371747
1.166426
1.166426
1.259010
1.259010
1.243800
1.243800
1.380617
1.380617
1.250859
1.250859
1.287647
1.287647
1.397213
1.397213
1.146496
1.146496
1.332562
1.332562
1.252479
1.252479
1.339477
1.339477
1.377996
1.377996
1.195083
1.195083
1.345227
1.345227
1.257974
1.257974
1.294623
1.294623
1.259587
1.259587
1.397107
1.397107
1.344062
1.269570
1.269570
1.344062
1.348263
1.348263
1.377322
1.377322
1.342986
1.342986
1.349751
1.349751
1.305424
1.305424
1.083086
1.083086
1.346733
1.346733
1.144449
1.144449
1.247186
1.247186
1.307129
1.307129
1.343042
1.343042
1.354247
1.354247
1.163908
1.163908
1.172158
1.172158
1.394147
1.394147
1.305181
1.305181
1.104298
1.104298
1.310906
1.310906
1.127024
1.127024
1.392456
1.392456
1.224048
1.224048
1.286720
1.286720
1.244149
1.244149
1.320560
1.320560
1.302957
1.302957
1.332903
1.332903
1.294786
1.294786
1.228153
1.228153
1.337491
1.337491
1.134541
1.134541
1.319680
1.319680
1.354452
1.354452
1.383773
1.383773
1.369482
1.369482
1.054692
1.054692
1.340177
1.340177
1.321741
1.321741
1.211668
1.211668
1.367976
1.367976
1.312648
1.312648
1.243840
1.243840
1.215401
1.215401
1.283898
1.283898
1.128152
1.128152
1.110485
1.110485
1.339723
1.339723
1.379842
1.379842
1.331952
1.331952
1.385711
1.385711
1.329788
1.329788
1.352083
1.352083
1.239108
1.239108
1.396483
1.396483
1.056821
1.056821
1.104266
1.104266
1.297195
1.297195
1.316392
1.316392
1.243702
1.243702
1.390606
1.390606
1.312023
1.312023
1.189982
1.189982
1.397019
1.397019
1.238705
1.238705
1.325541
1.325541
1.299832
1.185806
1.299832
1.185806
1.269755
1.269755
1.283001
1.283001
1.375521
1.375521
1.376139
1.376139
1.195923
1.195923
1.087536
1.087536
1.337288
1.337288
1.084465
1.084465
1.341220
1.341220
1.307006
1.307006
1.371358
1.371358
1.383854
1.383854
1.287705
1.287705
1.185058
1.185058
1.228641
1.228641
1.175528
1.175528
1.100891
1.100891
1.272533
1.272533
1.148073
1.148073
1.347898
1.347898
1.386027
1.386027
1.218026
1.218026
1.392029
1.392029
1.287127
1.287127
1.135609
1.135609
1.354327
1.354327
1.317639
1.317639
1.125637
1.125637
1.200022
1.200022
1.271592
1.271592
1.293478
1.293478
