1.379824
1.379824
1.258151
1.258151
1.368743
1.368743
1.300221
1.300221
1.113064
1.113064
1.329122
1.009810
1.009810
1.329122
1.374357
1.374357
1.363618
1.363618
1.361174
1.361174
1.330349
1.330349
1.376094
1.376094
1.366703
1.366703
1.306359
1.181903
1.306359
1.181903
1.369039
1.369039
1.267084
1.267084
1.221982
1.221982
1.297243
1.297243
1.280237
1.280237
1.243344
1.243344
1.186608
1.186608
1.362078
1.362078
1.311013
1.311013
1.236318
1.236318
1.303180
1.303180
1.310702
1.310702
1.293036
1.293036
1.240626
1.240626
1.293420
1.301616
1.293420
1.301616
1.031072
1.031072
1.396683
1.396683
1.294321
1.294321
1.302196
1.302196
1.360678
1.360678
1.394014
1.394014
1.264416
1.264416
1.234522
1.234522
1.318233
1.318233
1.355012
1.355012
1.308664
1.308664
1.357247
1.357247
1.395294
1.395294
1.114592
1.114592
1.286659
1.306603
1.286659
1.306603
1.115494
1.115494
1.287563
1.287563
1.106656
1.106656
1.344812
1.344812
1.378123
1.378123
1.303180
1.303180
1.227642
1.227642
1.172653
1.172653
1.334554
1.334554
1.263682
1.263682
1.375848
1.375848
1.283411
1.283411
1.260817
1.260817
1.342316
1.342316
1.208486
1.208486
1.134708
1.134708
1.343771
1.343771
1.389700
1.389700
1.238777
1.238777
1.268376
1.268376
1.258810
1.258810
1.079285
1.079285
1.362203
1.362203
1.077674
1.077674
1.309793
1.309793
1.340486
1.340486
1.092537
1.092537
1.367956
1.367956
1.298489
1.298489
1.344934
1.344934
1.398692
1.293857
1.398692
1.293857
1.092537
1.092537
1.352938
1.352938
1.390810
1.390810
1.340625
1.340625
1.387201
1.387201
1.392038
1.392038
1.236956
1.236956
1.302543
1.302543
1.363697
1.222103
1.222103
1.363697
1.380877
1.380877
1.391240
1.391240
1.322051
1.322051
1.269846
1.269846
1.330275
1.330275
1.032931
1.032931
1.390895
1.390895
1.366184
1.366184
1.346920
1.346920
1.190242
1.190242
1.388792
1.388792
1.378450
1.378450
1.364606
1.364606
1.287482
1.287482
1.247082
1.247082
1.399158
1.399158
1.205065
1.205065
1.335927
1.335927
1.248942
1.248942
1.148547
1.148547
1.327462
1.327462
1.348047
1.348047
1.176804
1.176804
1.362523
1.362523
1.230043
1.230043
1.284610
1.284610
1.358228
1.358228
1.226020
1.226020
1.315782
1.315782
1.167915
1.167915
1.394302
1.394302
1.263705
1.263705
1.304824
1.304824
1.139116
1.139116
1.327177
1.327177
1.353255
1.353255
1.158067
1.158067
1.260815
1.260815
1.233230
1.233230
1.360583
1.360583
1.352699
1.352699
1.261471
1.261471
1.382349
1.382349
1.262136
1.262136
1.270520
1.270520
1.108869
1.108869
1.158757
1.350497
1.158757
1.350497
1.059489
1.059489
1.222743
1.222743
1.384899
1.384899
1.383404
1.383404
1.156726
1.156726
1.362032
1.362032
1.290354
1.290354
1.375509
1.375509
1.177252
1.177252
1.362091
1.362091
1.232289
1.090058
1.090058
1.232289
1.388362
1.388362
1.351448
1.351448
1.385426
1.385426
1.273191
1.273191
1.040231
1.040231
1.330835
1.330835
1.139341
1.139341
1.320897
1.320897
1.326458
1.326458
1.266747
1.266747
1.337136
1.337136
1.329064
1.329064
1.345655
1.345655
1.328407
1.328407
1.243055
1.243055
1.153762
1.153762
1.383926
1.383926
1.239351
1.239351
1.294440
1.294440
1.340638
1.290464
1.340638
1.290464
1.351152
1.351152
1.278910
1.278910
1.299448
1.299448
1.278202
1.278202
1.325087
1.325087
1.273282
1.273282
1.351083
1.351083
1.308193
1.308193
1.232998
1.232998
1.348637
1.348637
1.227934
1.227934
1.009482
1.009482
1.121324
1.121324
1.355246
1.355246
1.118550
1.118550
1.372847
1.099093
1.372847
1.099093
1.303054
1.303054
1.332381
1.332381
1.394362
1.394362
1.292597
1.292597
1.341926
1.341926
1.350784
1.350784
1.221602
1.221602
1.180923
1.180923
1.012356
1.012356
1.336126
1.336126
1.246248
1.246248
1.382968
1.382968
1.364727
1.364727
1.333834
1.333834
1.198365
1.198365
1.330451
1.330451
1.165289
1.165289
1.114218
1.114218
1.223220
1.223220
1.366746
1.366746
1.252157
1.252157
1.180896
1.180896
1.156822
1.156822
1.154483
1.154483
1.379158
1.379158
1.160131
1.160131
1.334064
1.334064
1.056576
1.056576
1.184104
1.184104
1.368429
1.368429
1.385282
1.385282
1.317917
1.317917
1.397351
1.397351
1.232404
1.232404
1.242705
1.378116
1.242705
1.378116
1.386907
1.386907
1.333338
1.333338
1.142700
1.142700
1.312176
1.312176
1.192152
1.192152
1.386012
1.170775
1.386012
1.170775
1.342565
1.342565
1.345492
1.345492
1.274614
1.274614
1.336008
1.336008
1.141915
1.383377
1.141915
1.383377
1.160387
1.160387
1.269940
1.269940
1.304299
1.304299
1.260455
1.260455
1.250585
1.250585
1.177515
1.177515
1.309891
1.309891
1.307522
1.307522
1.173975
1.173975
1.269641
1.269641
1.382601
1.382601
1.230688
1.230688
1.356833
1.278842
1.278842
1.356833
1.123004
1.123004
1.192345
1.192345
1.274184
1.274184
1.381362
1.381362
1.314541
1.314541
1.329594
1.329594
1.352530
1.352530
1.197945
1.197945
1.216380
1.216380
1.384803
1.384803
1.349957
1.349957
1.314609
1.314609
1.046215
1.046215
1.345005
1.345005
1.370672
1.370672
1.297954
1.297954
1.333845
1.333845
1.155044
1.155044
1.241866
1.241866
1.356074
1.356074
1.383113
1.383113
1.352741
1.352741
1.290856
1.290856
1.353627
1.353627
1.237639
1.237639
1.310177
1.310177
1.174712
1.174712
1.288947
1.288947
1.243101
1.243101
1.271027
1.271027
1.310828
1.310828
1.269424
1.269424
1.057186
1.057186
1.328076
1.328076
1.151649
1.151649
1.208162
1.208162
1.062993
1.062993
1.185551
1.185551
1.358032
1.358032
1.394835
1.394835
1.289920
1.289920
1.293791
1.293791
1.335767
1.335767
1.318969
1.318969
1.264641
1.264641
1.325674
1.325674
1.324979
1.324979
1.116546
1.116546
1.087174
1.087174
1.265989
1.265989
1.230728
1.230728
1.099029
1.099029
1.285798
1.285798
1.272372
1.272372
1.241508
1.241508
1.217637
1.217637
1.029727
1.029727
1.341233
1.341233
1.312759
1.312759
1.291551
1.291551
1.304082
1.304082
1.262141
1.262141
1.184315
1.184315
1.348426
1.348426
1.388611
1.388611
1.290832
1.290832
1.339262
1.339262
1.342565
1.342565
1.266444
1.266444
1.290825
1.290825
1.389540
1.389540
1.219898
1.219898
1.220247
1.220247
1.248266
1.248266
1.335065
1.335065
1.132356
1.132356
1.385280
1.385280
1.310840
1.310840
1.355556
1.355556
1.300589
1.300589
1.394117
1.394117
1.368082
1.368082
1.382431
1.382431
1.192456
1.192456
1.391963
1.391963
1.354202
1.354202
1.386604
1.386604
1.246632
1.246632
1.121584
1.121584
1.104198
1.104198
1.207898
1.207898
1.263152
1.263152
1.385206
1.385206
1.188049
1.188049
1.250648
1.250648
1.257549
1.257549
1.148787
1.148787
1.258150
1.258150
1.096246
1.096246
1.209270
1.209270
1.192079
1.192079
1.358808
1.358808
1.136665
1.136665
1.319069
1.319069
1.324586
1.324586
1.213643
1.213643
1.353901
1.353901
1.256685
1.256685
1.196364
1.196364
1.398011
1.398011
1.131381
1.131381
1.072558
1.072558
1.242912
1.242912
1.362155
1.362155
1.378792
1.378792
1.350312
1.350312
1.266088
1.266088
1.308278
1.308278
1.224803
1.224803
1.201630
1.201630
1.226554
1.226554
