1.289831
1.289831
1.228901
1.228901
1.069230
1.264428
1.069230
1.264428
1.151183
1.151183
1.210783
1.210783
1.325777
1.325777
1.380144
1.380144
1.206991
1.206991
1.174708
1.174708
1.294487
1.294487
1.315386
1.315386
1.201653
1.201653
1.239776
1.239776
1.355132
1.355132
1.379554
1.379554
1.072587
1.072587
1.307997
1.307997
1.199365
1.199365
1.368253
1.368253
1.300089
1.300089
1.348934
1.348934
1.396578
1.396578
1.376238
1.376238
1.197543
1.312602
1.197543
1.312602
1.371813
1.371813
1.366849
1.366849
1.317699
1.394886
1.394886
1.317699
1.279486
1.279486
1.175995
1.175995
1.223311
1.223311
1.261829
1.261829
1.108980
1.108980
1.172293
1.172293
1.220685
1.220685
1.394743
1.394743
1.327946
1.327946
1.381520
1.381520
1.335496
1.335496
1.254501
1.254501
1.142015
1.142015
1.324044
1.324044
1.372402
1.372402
1.355312
1.355312
1.228125
1.241080
1.241080
1.228125
1.381855
1.381855
1.399191
1.399191
1.326151
1.326151
1.339374
1.339374
1.219328
1.219328
1.378384
1.378384
1.246085
1.246085
1.323526
1.323526
1.357184
1.357184
1.130100
1.130100
1.241195
1.241195
1.307797
1.307797
1.368375
1.368375
1.134932
1.134932
1.275064
1.275064
1.391591
1.391591
1.293619
1.293619
1.390474
1.390474
1.296738
1.296738
1.319700
1.319700
1.252329
1.252329
1.053146
1.196161
1.196161
1.053146
1.325648
1.231604
1.231604
1.325648
1.296284
1.296284
1.266886
1.266886
1.146223
1.146223
1.386093
1.386093
1.382323
1.382323
1.075916
1.075916
1.284817
1.284817
1.351774
1.351774
1.189877
1.189877
1.106351
1.106351
1.289041
1.289041
1.161483
1.161483
1.180720
1.180720
1.345625
1.345625
1.184076
1.184076
1.330074
1.330074
1.235703
1.235703
1.223465
1.223465
1.387338
1.329196
1.329196
1.387338
1.309773
1.309773
1.153905
1.153905
1.383244
1.383244
1.359118
1.359118
1.334986
1.334986
1.209817
1.209817
1.262017
1.262017
1.112911
1.112911
1.286811
1.286811
1.251099
1.251099
1.338237
1.338237
1.148281
1.148281
1.061801
1.061801
1.251950
1.251950
1.145285
1.145285
1.386018
1.386018
1.239232
1.239232
1.359144
1.359144
1.399902
1.399902
1.230288
1.230288
1.293622
1.293622
1.272653
1.272653
1.186513
1.186513
1.365297
1.365297
1.282969
1.282969
1.380857
1.380857
1.355075
1.355075
1.395098
1.395098
1.323835
1.323835
1.265362
1.265362
1.370834
1.371852
1.371852
1.370834
1.296598
1.296598
1.294991
1.294991
1.339843
1.339843
1.343949
1.343949
1.352177
1.286080
1.286080
1.352177
1.383203
1.373171
1.373171
1.383203
1.164071
1.164071
1.361518
1.361518
1.294237
1.294237
1.271878
1.271878
1.262707
1.262707
1.227758
1.227758
1.313162
1.313162
1.292197
1.292197
1.272117
1.272117
1.345386
1.259074
1.259074
1.345386
1.289043
1.289043
1.175068
1.175068
1.198035
1.198035
1.397889
1.397889
1.264802
1.264802
1.087770
1.087770
1.345177
1.161986
1.161986
1.345177
1.212613
1.064626
1.212613
1.064626
1.280884
1.280884
1.186456
1.186456
1.194854
1.194854
1.357527
1.357527
1.338525
1.338525
1.278884
1.278884
1.267027
1.267027
1.355931
1.355931
1.152869
1.152869
1.317872
1.317872
1.146736
1.146736
1.323386
1.323386
1.331260
1.331260
1.336301
1.336301
1.340150
1.340150
1.294111
1.294111
1.184392
1.184392
1.383569
1.383569
1.375597
1.375597
1.226167
1.220188
1.220188
1.226167
1.338260
1.338260
1.330376
1.330376
1.264815
1.331211
1.331211
1.264815
1.328136
1.328136
1.386826
1.386826
1.081237
1.081237
1.332832
1.332832
1.338970
1.338970
1.303173
1.302777
1.302777
1.303173
1.188948
1.188948
1.258853
1.258853
1.387179
1.387179
1.358998
1.358998
1.201868
1.201868
1.328636
1.328636
1.362230
1.362230
1.046358
1.046358
1.300322
1.300322
1.310001
1.310001
1.365110
1.365110
1.146693
1.146693
1.020080
1.380089
1.020080
1.380089
1.178799
1.178799
1.083637
1.083637
1.382202
1.382202
1.147923
1.147923
1.274906
1.274906
1.269945
1.269945
1.369197
1.369197
1.364570
1.364570
1.347281
1.347281
1.238673
1.238673
1.195597
1.195597
1.207025
1.207025
1.393704
1.393704
1.263768
1.263768
1.380335
1.380335
1.396270
1.396270
1.358663
1.358663
1.318796
1.276572
1.318796
1.276572
1.102976
1.102976
1.184298
1.184298
1.255997
1.255997
1.396955
1.396955
1.274707
1.274707
1.345193
1.345193
1.180231
1.180231
1.365699
1.365699
1.326143
1.326143
1.368098
1.368098
1.150184
1.150184
1.326940
1.326940
1.013615
1.013615
1.173024
1.173024
1.270997
1.270997
1.197284
1.197284
1.093959
1.093959
1.369957
1.369957
1.206851
1.206851
1.160769
1.160769
1.381551
1.381551
1.282966
1.282966
1.328543
1.328543
1.281260
1.281260
1.208191
1.208191
1.258985
1.258985
1.272187
1.272187
1.389272
1.389272
1.398046
1.398046
1.399770
1.399770
1.369181
1.369181
1.291430
1.291430
1.336350
1.336350
1.396795
1.396795
1.384571
1.384571
1.315470
1.315470
1.365993
1.365993
1.277520
1.277520
1.362863
1.362863
1.372956
1.372956
1.363536
1.363536
1.212890
1.212890
1.223308
1.223308
1.340609
1.340609
1.363752
1.363752
1.366147
1.254326
1.254326
1.366147
1.243261
1.243261
1.243032
1.243032
1.353011
1.353011
1.371753
1.371753
1.113572
1.113572
1.197997
1.197997
1.308247
1.308247
1.131673
1.131673
1.387668
1.387668
1.266674
1.266674
1.151312
1.151312
1.279654
1.279654
1.320094
1.320094
1.360652
1.360652
1.254611
1.254611
1.260102
1.260102
1.374318
1.374318
1.374020
1.374020
1.307587
1.307587
1.365727
1.365727
1.303591
1.303591
1.146477
1.146477
1.305262
1.305262
1.398712
1.398712
1.328065
1.328065
1.356191
1.356191
1.376366
1.376366
1.228793
1.228793
1.264714
1.264714
1.386914
1.386914
1.329833
1.329833
1.275514
1.275514
1.320002
1.320002
1.101571
1.101571
1.272314
1.272314
1.117350
1.117350
1.353285
1.353285
1.367902
1.367902
1.392954
1.392954
1.395272
1.395272
1.339406
1.180036
1.339406
1.180036
1.388743
1.388743
1.099917
1.099917
1.319530
1.319530
1.361229
1.361229
1.300443
1.300443
1.361454
1.361454
1.317334
1.317334
1.381738
1.381738
1.383767
1.383767
1.398940
1.398940
1.300306
1.300306
1.348665
1.348665
1.379838
1.379838
1.342309
1.342309
1.333475
1.333475
1.073007
1.073007
1.269042
1.269042
1.337074
1.337074
1.083279
1.083279
1.202305
1.202305
1.253268
1.253268
1.362714
1.362714
1.211602
1.211602
1.360815
1.360815
1.204848
1.204848
1.372279
1.372279
1.125601
1.125601
1.298657
1.298657
1.247022
1.247022
1.260396
1.260396
1.297948
1.297948
1.336090
1.336090
1.367989
1.367989
1.204072
1.204072
1.220692
1.220692
1.396383
1.396383
1.395147
1.395147
1.378908
1.378908
1.399666
1.399666
1.312823
1.312823
1.163687
1.163687
1.384518
1.342748
1.342748
1.384518
1.279061
1.279061
1.133058
1.133058
1.188948
1.188948
1.231872
1.231872
1.346270
1.346270
1.339817
1.339817
1.342150
1.342150
1.318274
1.318274
1.374804
1.374804
1.270081
1.270081
1.302466
1.302466
1.241111
1.241111
1.162214
1.162214
1.315314
1.315314
1.053153
1.053153
1.169064
1.169064
1.284691
1.284691
1.355701
1.355701
1.203269
1.203269
1.387678
1.387678
1.198847
1.198847
1.387926
1.387926
1.383885
1.383885
1.316718
1.316718
1.361469
1.361469
1.299874
1.299874
1.344384
1.344384
1.263224
1.263224
1.108101
1.108101
1.231683
1.231683
1.313921
1.313921
1.257046
1.257046
1.272078
1.272078
1.343917
1.343917
1.296679
1.296679
1.114550
1.114550
1.388254
1.388254
1.390030
1.390030
1.286963
1.286963
1.146120
1.146120
1.184714
1.184714
1.339963
1.339963
1.190408
1.190408
1.375897
1.375897
1.290570
1.290570
1.281811
1.281811
1.139244
1.139244
1.242175
1.242175
1.121806
1.121806
1.390364
1.390364
1.389249
1.389249
1.139512
1.139512
1.129975
1.129975
1.206954
1.206954
1.212264
1.212264
1.191914
1.191914
1.226361
1.226361
1.359905
1.359905
1.290214
1.290214
1.318250
1.318250
1.331267
1.331267
1.362117
1.362117
1.276390
1.276390
1.101939
1.101939
1.309918
1.309918
1.302226
1.302226
1.094806
1.094806
1.102939
1.102939
1.284158
1.284158
1.388522
1.388522
1.377116
1.377116
1.132854
1.132854
1.398265
1.398265
1.313057
1.313057
1.113537
1.113537
1.371974
1.371974
1.309081
1.309081
1.157706
1.157706
1.274197
1.274197
1.323952
1.323952
1.086848
1.086848
1.295894
1.295894
1.351462
1.351462
1.303350
1.303350
1.221609
1.221609
1.195513
1.195513
1.149257
1.149257
1.248105
1.248105
1.344617
1.344617
1.337836
1.337836
1.362468
1.362468
1.362659
1.362659
1.272919
1.272919
1.398547
1.398547
1.114450
1.114450
1.235658
1.235658
1.218895
1.218895
1.323323
1.323323
1.325235
1.325235
1.223440
1.223440
1.399777
1.399777
1.334371
1.334371
1.161492
1.161492
1.278913
1.278913
1.080033
1.080033
1.337332
1.337332
1.275311
1.275311
1.394224
1.394224
1.333323
1.333323
1.336516
1.336516
1.077092
1.077092
1.178622
1.178622
1.359107
1.359107
1.115924
1.115924
1.080175
1.080175
1.171028
1.171028
1.097545
1.097545
1.333249
1.333249
1.317950
1.317950
