1.253783
1.253783
1.357402
1.357402
1.200340
1.200340
1.056358
1.056358
1.243265
1.243265
1.233691
1.155660
1.233691
1.155660
1.387470
1.387470
1.289769
1.289769
1.357609
1.357609
1.094326
1.094326
1.366664
1.328519
1.366664
1.328519
1.370724
1.370724
1.196628
1.196628
1.347409
1.347409
1.371531
1.371531
1.216250
1.216250
1.385981
1.385981
1.364002
1.364002
1.142355
1.142355
1.168132
1.168132
1.206993
1.206993
1.147097
1.204674
1.204674
1.147097
1.392665
1.392665
1.287428
1.287428
1.213543
1.213543
1.159783
1.159783
1.212666
1.212666
1.341136
1.341136
1.128723
1.128723
1.223344
1.223344
1.233757
1.233757
1.168865
1.168865
1.221506
1.221506
1.286490
1.286490
1.208999
1.208999
1.273788
1.273788
1.331819
1.331819
1.127706
1.127706
1.319245
1.319245
1.346864
1.346864
1.352986
1.352986
1.168915
1.168915
1.224832
1.224832
1.172697
1.172697
1.098249
1.098249
1.207459
1.207459
1.377407
1.377407
1.174586
1.174586
1.313103
1.313103
1.306569
1.306569
1.305470
1.375646
1.375646
1.305470
1.329504
1.329504
1.297682
1.297682
1.306176
1.306176
1.350450
1.350450
1.353176
1.353176
1.306482
1.306482
1.259565
1.259565
1.371833
1.371833
1.280938
1.280938
1.396041
1.396041
1.202916
1.202916
1.098642
1.098642
1.364144
1.364144
1.194540
1.194540
1.239690
1.239690
1.275012
1.275012
1.153639
1.153639
1.391433
1.391433
1.306842
1.306842
1.074232
1.074232
1.192021
1.192021
1.237312
1.237312
1.390006
1.390006
1.332114
1.332114
1.367465
1.367465
1.396270
1.396270
1.240105
1.240105
1.360619
1.050312
1.360619
1.050312
1.276767
1.276767
1.219896
1.219896
1.176214
1.176214
1.388730
1.388730
1.147768
1.147768
1.254593
1.254593
1.295130
1.295130
1.137891
1.137891
1.189854
1.189854
1.293855
1.293855
1.317656
1.317656
1.290214
1.290214
1.285816
1.285816
1.347817
1.347817
1.173076
1.173076
1.199953
1.199953
1.293305
1.293305
1.279879
1.279879
1.383034
1.383034
1.398788
1.398788
1.067004
1.067004
1.387710
1.387710
1.246708
1.246708
1.199456
1.199456
1.047936
1.047936
1.239223
1.239223
1.215191
1.215191
1.374494
1.374494
1.109629
1.109629
1.369117
1.369117
1.283406
1.283406
1.115358
1.115358
1.231985
1.231985
1.281075
1.324956
1.281075
1.324956
1.246131
1.246131
1.325425
1.325425
1.173545
1.173545
1.189392
1.189392
1.264695
1.264695
1.179717
1.179717
1.283495
1.283495
1.292390
1.292390
1.366861
1.366861
1.067511
1.067511
1.288321
1.333448
1.288321
1.333448
1.368298
1.368298
1.159019
1.159019
1.270302
1.270302
1.379178
1.379178
1.371681
1.371681
1.371678
1.371678
1.105979
1.105979
1.173110
1.173110
1.184689
1.184689
1.290759
1.290759
1.370854
1.370854
1.105363
1.105363
1.163020
1.163020
1.387247
1.387247
1.194597
1.194597
1.155478
1.155478
1.273554
1.273554
1.312804
1.312804
1.214935
1.214935
1.261659
1.261659
1.278467
1.278467
1.381136
1.381136
1.324119
1.324119
1.358173
1.358173
1.089777
1.089777
1.220633
1.220633
1.340108
1.340108
1.115372
1.115372
1.137369
1.137369
1.327409
1.327409
1.377433
1.377433
1.363787
1.363787
1.328853
1.328853
1.174931
1.174931
1.356541
1.356541
1.389802
1.389802
1.107329
1.107329
1.258084
1.258084
1.282656
1.282656
1.295470
1.295470
1.242648
1.242648
1.182608
1.182608
1.398837
1.398837
1.311305
1.311305
1.338967
1.338967
1.360512
1.360512
1.391225
1.391225
1.295720
1.295720
1.286825
1.286825
1.286034
1.286034
1.346235
1.255092
1.346235
1.255092
1.187481
1.187481
1.338252
1.338252
1.348867
1.348867
1.224101
1.224101
1.258237
1.258237
1.259259
1.259259
1.365132
1.365132
1.345395
1.345395
1.085808
1.085808
1.113316
1.113316
1.312428
1.312428
1.260910
1.260910
1.324328
1.324328
1.364498
1.364498
1.386920
1.386920
1.306960
1.306960
1.306762
1.306762
1.273140
1.273140
1.338050
1.338050
1.201234
1.201234
1.214281
1.214281
1.109645
1.109645
1.386558
1.386558
1.352268
1.352268
1.217773
1.217773
1.305923
1.305923
1.387958
1.387958
1.347400
1.347400
1.322524
1.322524
1.169030
1.169030
1.385832
1.385832
1.224918
1.224918
1.145108
1.145108
1.136704
1.136704
1.178376
1.178376
1.356219
1.356219
1.375193
1.375193
1.396299
1.396299
1.335606
1.335606
1.328183
1.328183
1.201716
1.201716
1.385341
1.385341
1.181063
1.181063
1.356905
1.356905
1.167142
1.167142
1.314504
1.314504
1.132901
1.132901
1.347369
1.347369
1.343250
1.343250
1.294013
1.294013
1.252184
1.252184
1.337892
1.337892
1.141786
1.141786
1.110859
1.110859
1.389240
1.389240
1.378642
1.378642
1.120554
1.120554
1.358700
1.358700
1.248239
1.248239
1.387302
1.387302
1.316643
1.316643
1.260032
1.260032
1.157699
1.157699
1.241282
1.241282
1.385756
1.385756
1.191938
1.191938
1.395333
1.395333
1.370108
1.370108
1.099062
1.099062
1.177052
1.177052
1.173101
1.173101
1.394329
1.394329
1.263957
1.263957
1.349667
1.349667
1.382483
1.382483
1.360392
1.360392
1.270767
1.270767
1.384398
1.384398
1.026165
1.026165
1.358346
1.358346
1.329647
1.329647
1.335314
1.335314
1.331627
1.331627
1.334581
1.334581
1.311597
1.311597
1.395457
1.395457
1.233721
1.233721
1.176534
1.176534
1.366298
1.366298
1.329342
1.329342
1.204111
1.204111
1.263517
1.263517
1.258015
1.258015
1.317887
1.317887
1.312984
1.312984
1.196819
1.196819
1.321466
1.321466
1.245956
1.245956
1.341227
1.341227
1.216954
1.216954
1.395727
1.230114
1.230114
1.395727
1.370288
1.370288
1.263984
1.263984
1.208512
1.208512
1.309692
1.309692
1.019207
1.019207
1.315491
1.315491
1.379333
1.379333
1.361159
1.361159
1.060250
1.060250
1.378296
1.378296
1.062477
1.062477
1.214372
1.214372
1.260468
1.260468
1.170186
1.170186
1.388588
1.388588
1.210840
1.210840
1.354935
1.354935
1.398935
1.398935
1.277133
1.277133
1.256589
1.256589
1.379753
1.379753
1.376989
1.376989
1.303320
1.303320
1.319238
1.319238
1.106631
1.106631
1.220661
1.220661
1.399608
1.399608
1.328449
1.328449
1.220347
1.220347
1.121056
1.121056
1.202145
1.202145
1.317029
1.317029
1.146046
1.146046
1.282914
1.282914
1.368688
1.368688
1.383272
1.383272
1.149682
1.149682
1.380581
1.380581
1.374196
1.374196
