1.305786
1.305786
1.375467
1.375467
1.113178
1.113178
1.318886
1.318886
1.307925
1.307925
1.262368
1.190336
1.190336
1.262368
1.372204
1.372204
1.096868
1.096868
1.323446
1.324400
1.323446
1.324400
1.319934
1.319934
1.070843
1.070843
1.296203
1.296203
1.105723
1.105723
1.120700
1.120700
1.289298
1.289298
1.375353
1.375353
1.318044
1.318044
1.398478
1.238627
1.398478
1.238627
1.389331
1.389331
1.338922
1.338922
1.141222
1.141222
1.359101
1.342940
1.359101
1.342940
1.272975
1.272975
1.289866
1.289866
1.380519
1.283765
1.380519
1.283765
1.283214
1.283214
1.046976
1.046976
1.144215
1.144215
1.168782
1.168782
1.322787
1.322787
1.234931
1.234931
1.240326
1.240326
1.178091
1.244614
1.244614
1.178091
1.366895
1.366895
1.122471
1.226907
1.122471
1.226907
1.234654
1.234654
1.117395
1.117395
1.379861
1.379861
1.374269
1.374269
1.301647
1.255483
1.301647
1.255483
1.343011
1.343011
1.374583
1.374583
1.249285
1.249285
1.223280
1.146597
1.223280
1.146597
1.314391
1.344703
1.314391
1.344703
1.318023
1.318023
1.350229
1.350229
1.233163
1.233163
1.274180
1.274180
1.386204
1.386204
1.342010
1.342010
1.374295
1.374295
1.280459
1.280459
1.298667
1.298667
1.313588
1.313588
1.333562
1.333562
1.315180
1.315180
1.370361
1.370361
1.349258
1.349258
1.080225
1.080225
1.213023
1.213023
1.390154
1.390154
1.371750
1.371750
1.348737
1.348737
1.228114
1.228114
1.337077
1.337077
1.286929
1.286929
1.112667
1.112667
1.287073
1.329639
1.287073
1.329639
1.156065
1.156065
1.390812
1.390812
1.235803
1.235803
1.120136
1.120136
1.184089
1.184089
1.114592
1.114592
1.344667
1.344667
1.276482
1.276482
1.348748
1.348748
1.365021
1.365021
1.120609
1.120609
1.180071
1.180071
1.174943
1.174943
1.125706
1.125706
1.303263
1.303263
1.395599
1.395599
1.168132
1.168132
1.343664
1.343664
1.310700
1.310700
1.165360
1.165360
1.123385
1.123385
1.305522
1.305522
1.359123
1.359123
1.197756
1.197756
1.186437
1.186437
1.107424
1.107424
1.178257
1.178257
1.384576
1.384576
1.334479
1.334479
1.391763
1.391763
1.362242
1.362242
1.273424
1.273424
1.393022
1.393022
1.038195
1.038195
1.332385
1.332385
1.325398
1.325398
1.392037
1.392037
1.397411
1.397411
1.198451
1.198451
1.280945
1.280945
1.296053
1.296053
1.230982
1.250873
1.230982
1.250873
1.340275
1.340275
1.330181
1.330181
1.347930
1.136467
1.347930
1.136467
1.317045
1.317045
1.386462
1.386462
1.182850
1.182850
1.384221
1.384221
1.197809
1.197809
1.347190
1.347190
1.351431
1.351431
1.327203
1.327203
1.235820
1.235820
1.280759
1.280759
1.323698
1.323698
1.294660
1.294660
1.313395
1.313395
1.257864
1.257864
1.295120
1.295120
1.309515
1.309515
1.204161
1.204161
1.326536
1.326536
1.368513
1.368513
1.342328
1.342328
1.287887
1.287887
1.276130
1.276130
1.354141
1.354141
1.088845
1.088845
1.386353
1.386353
1.235289
1.235289
1.279587
1.279587
1.262116
1.262116
1.031908
1.031908
1.328988
1.328988
1.185534
1.185534
1.284648
1.284648
1.322821
1.322821
1.397969
1.397969
1.382644
1.382644
1.137724
1.137724
1.286899
1.286899
1.371013
1.371013
1.286984
1.286984
1.042733
1.042733
1.381378
1.381378
1.249610
1.249610
1.291864
1.291864
1.156802
1.156802
1.244264
1.244264
1.313898
1.313898
1.267127
1.267127
1.190350
1.190350
1.269518
1.269518
1.350682
1.350682
1.058153
1.058153
1.397506
1.397506
1.282585
1.282585
1.332098
1.332098
1.205642
1.205642
1.389870
1.389870
1.317794
1.317794
1.390115
1.184989
1.390115
1.184989
1.361366
1.361366
1.175071
1.175071
1.226160
1.226160
1.130626
1.130626
1.359156
1.359156
1.273067
1.273067
1.186493
1.186493
1.301891
1.301891
1.343485
1.343485
1.331935
1.331935
1.361511
1.361511
1.367082
1.367082
1.266818
1.266818
1.327123
1.327123
1.388223
1.388223
1.310767
1.310767
1.198059
1.198059
1.308804
1.308804
1.261873
1.261873
1.345969
1.345969
1.073880
1.073880
1.352904
1.352904
1.384594
1.384594
1.226948
1.226948
1.398282
1.398282
1.373666
1.373666
1.243490
1.243490
1.272450
1.272450
1.246463
1.246463
1.282591
1.282591
1.373605
1.373605
1.373101
1.373101
1.292275
1.292275
1.138405
1.138405
1.258063
1.258063
1.367854
1.367854
1.240338
1.240338
1.108651
1.108651
1.184237
1.184237
1.284793
1.284793
1.137052
1.137052
1.278264
1.278264
1.353415
1.353415
1.281436
1.281436
1.257559
1.257559
1.292269
1.292269
1.353845
1.353845
1.382786
1.382786
1.182610
1.182610
1.206327
1.206327
1.355183
1.355183
1.165799
1.317663
1.165799
1.317663
1.356221
1.356221
1.369917
1.369917
1.202446
1.202446
1.312628
1.312628
1.200513
1.200513
1.123573
1.123573
1.118108
1.347866
1.347866
1.118108
1.315029
1.315029
1.210032
1.210032
1.238690
1.238690
1.272310
1.272310
1.273222
1.273222
1.342156
1.342156
1.355475
1.355475
1.259072
1.259072
1.358307
1.358307
1.297034
1.297034
1.337278
1.337278
1.261697
1.261697
1.344333
1.344333
1.330784
1.330784
1.396090
1.396090
1.341470
1.341470
1.225583
1.225583
1.368866
1.368866
1.336491
1.336491
1.343285
1.343285
1.260491
1.260491
1.377335
1.377335
1.390995
1.390995
1.354275
1.354275
1.254190
1.254190
1.266890
1.266890
1.344957
1.344957
1.354131
1.354131
1.390356
1.390356
1.271615
1.271615
1.368048
1.368048
1.197936
1.197936
1.333268
1.333268
1.326010
1.326010
1.234705
1.234705
1.137912
1.137912
1.322374
1.322374
1.192844
1.192844
1.186803
1.186803
1.059423
1.059423
1.290798
1.290798
1.355157
1.355157
1.099366
1.099366
1.325280
1.325280
1.351969
1.351969
1.264333
1.264333
1.263454
1.263454
1.388466
1.388466
1.366189
1.366189
1.307147
1.307147
1.352721
1.352721
1.387885
1.387885
1.338682
1.338682
1.215706
1.215706
1.359249
1.359249
1.286315
1.286315
1.324128
1.324128
1.396164
1.396164
1.130566
1.130566
1.306636
1.306636
1.347694
1.347694
1.107270
1.107270
1.344632
1.344632
1.398295
1.398295
1.296885
1.296885
1.291378
1.291378
1.312616
1.312616
1.321195
1.321195
1.329341
1.329341
1.214259
1.214259
1.326124
1.326124
1.131613
1.131613
1.145071
1.145071
1.354564
1.354564
1.047990
1.047990
1.389678
1.389678
1.347723
1.347723
1.161638
1.161638
1.303718
1.303718
1.281874
1.281874
1.305568
1.305568
1.245469
1.245469
1.115729
1.115729
1.211743
1.211743
1.287777
1.287777
1.051232
1.051232
1.092074
1.092074
1.302239
1.302239
1.308028
1.308028
1.337095
1.337095
1.331285
1.331285
1.267834
1.267834
1.284695
1.284695
1.165506
1.165506
1.186660
1.186660
1.287699
1.287699
1.276609
1.276609
1.308621
1.308621
1.310102
1.310102
1.186725
1.186725
1.390669
1.390669
1.348389
1.348389
1.369379
1.369379
1.398249
1.398249
1.157708
1.157708
1.343845
1.343845
1.288899
1.288899
1.079211
1.079211
1.335112
1.335112
1.265729
1.265729
1.365928
1.365928
1.267497
1.267497
1.349854
1.349854
1.373110
1.373110
1.038744
1.038744
1.399268
1.399268
1.263092
1.263092
1.287158
1.287158
1.376562
1.376562
1.335678
1.335678
1.229026
1.229026
1.226412
1.226412
1.221794
1.221794
1.321888
1.321888
1.200028
1.200028
1.315461
1.315461
1.352479
1.352479
1.347084
1.347084
1.116456
1.116456
1.213727
1.213727
1.366581
1.366581
1.368545
1.368545
1.383015
1.383015
1.392012
1.392012
1.157185
1.157185
1.244129
1.244129
1.387828
1.387828
1.331545
1.331545
1.395261
1.395261
1.355417
1.355417
1.315787
1.315787
1.262729
1.262729
1.310415
1.310415
1.315822
1.315822
1.350606
1.350606
1.358490
1.358490
1.166715
1.166715
1.392785
1.392785
1.358835
1.358835
1.342062
1.342062
1.319039
1.319039
1.310410
1.310410
1.119149
1.119149
1.332573
1.332573
1.378477
1.378477
1.170463
1.170463
1.217821
1.217821
1.093288
1.093288
1.208947
1.208947
1.235847
1.235847
1.379976
1.379976
1.339355
1.339355
1.284008
1.284008
1.258432
1.258432
1.327842
1.327842
1.383152
1.383152
1.218101
1.218101
1.139064
1.139064
1.115960
1.115960
1.355802
1.355802
1.288321
1.288321
1.234404
1.234404
1.248813
1.248813
1.322297
1.322297
1.217778
1.217778
1.200174
1.200174
1.301199
1.301199
1.286141
1.286141
1.381360
1.381360
1.264815
1.264815
1.350178
1.350178
1.399521
1.399521
1.350682
1.350682
1.294480
1.294480
1.228277
1.228277
1.399742
1.399742
1.326034
1.326034
1.326148
1.326148
1.302028
1.302028
1.338173
1.338173
1.377210
1.377210
1.120020
1.120020
1.366450
1.366450
