1.181463
1.181463
1.398992
1.398992
1.290991
1.290991
1.363191
1.247405
1.363191
1.247405
1.088929
1.088929
1.372903
1.372903
1.302220
1.302220
1.346872
1.346872
1.310293
1.240591
1.310293
1.240591
1.083510
1.083510
1.319397
1.319397
1.290735
1.290735
1.258772
1.258772
1.364829
1.364829
1.187849
1.187849
1.185385
1.344334
1.185385
1.344334
1.214709
1.221715
1.221715
1.214709
1.327770
1.184787
1.184787
1.327770
1.389038
1.294661
1.389038
1.294661
1.234153
1.234153
1.329530
1.329530
1.365032
1.365032
1.189410
1.189410
1.218724
1.218724
1.314507
1.314507
1.379971
1.379971
1.262155
1.262155
1.206150
1.206150
1.328945
1.328945
1.391149
1.333919
1.333919
1.391149
1.376821
1.376821
1.324452
1.324452
1.169999
1.169999
1.341222
1.341222
1.187725
1.187725
1.231768
1.231768
1.343733
1.343733
1.372957
1.372957
1.202232
1.223586
1.202232
1.223586
1.206935
1.206935
1.177366
1.177366
1.284715
1.284715
1.193563
1.193563
1.394903
1.394903
1.353513
1.353513
1.365932
1.365932
1.368372
1.368372
1.361837
1.361837
1.223929
1.265855
1.223929
1.265855
1.259627
1.259627
1.388400
1.388400
1.139470
1.139470
1.392017
1.392017
1.347123
1.347123
1.231568
1.231568
1.222989
1.222989
1.383550
1.383550
1.342819
1.342819
1.342441
1.342441
1.329780
1.329780
1.388871
1.388871
1.215287
1.215287
1.252437
1.252437
1.181844
1.181844
1.266508
1.266508
1.302959
1.302959
1.262062
1.262062
1.250089
1.250089
1.379922
1.379922
1.386861
1.386861
1.193828
1.193828
1.172707
1.172707
1.397563
1.397563
1.251126
1.251126
1.085252
1.085252
1.338710
1.338710
1.264920
1.264920
1.298344
1.298344
1.370008
1.370008
1.155002
1.155002
1.351711
1.351711
1.316300
1.316300
1.033682
1.033682
1.241604
1.241604
1.125020
1.125020
1.104802
1.104802
1.240215
1.240215
1.194960
1.043082
1.194960
1.043082
1.016450
1.016450
1.184873
1.184873
1.086621
1.086621
1.337968
1.337968
1.109023
1.186303
1.109023
1.186303
1.377284
1.377284
1.228355
1.228355
1.248429
1.248429
1.234307
1.234307
1.265994
1.265994
1.370641
1.370641
1.374160
1.374160
1.302765
1.302765
1.070563
1.070563
1.360683
1.360683
1.346683
1.346683
1.285392
1.285392
1.218723
1.218723
1.391258
1.391258
1.304278
1.304278
1.333299
1.333299
1.388429
1.388429
1.375184
1.375184
1.078784
1.078784
1.352492
1.352492
1.307239
1.307239
1.350713
1.350713
1.398810
1.398810
1.239753
1.239753
1.378650
1.113978
1.378650
1.113978
1.099574
1.099574
1.048101
1.048101
1.202001
1.202001
1.373878
1.373878
1.162516
1.162516
1.245187
1.245187
1.378306
1.378306
1.305183
1.305183
1.137117
1.137117
1.203506
1.203506
1.336923
1.336923
1.252851
1.252851
1.212187
1.212187
1.156115
1.156115
1.371878
1.371878
1.325940
1.325940
1.085254
1.085254
1.185744
1.185744
1.257457
1.257457
1.205265
1.205265
1.178585
1.376287
1.376287
1.178585
1.364914
1.364914
1.262531
1.262531
1.398299
1.329068
1.329068
1.398299
1.233219
1.233219
1.232082
1.232082
1.377899
1.377899
1.226518
1.210393
1.210393
1.226518
1.123162
1.123162
1.328729
1.328729
1.275391
1.275391
1.276600
1.177607
1.276600
1.177607
1.280037
1.280037
1.190245
1.190245
1.051615
1.051615
1.228155
1.228155
1.307416
1.307416
1.233102
1.233102
1.335184
1.335184
1.206137
1.233838
1.206137
1.233838
1.371468
1.371468
1.376399
1.376399
1.221117
1.221117
1.321312
1.321312
1.222269
1.222269
1.341039
1.341039
1.343533
1.343533
1.285652
1.285652
1.166738
1.166738
1.251463
1.251463
1.323736
1.323736
1.284743
1.284743
1.348906
1.348906
1.318526
1.318526
1.300801
1.300801
1.179297
1.179297
1.341647
1.341647
1.354134
1.354134
1.134467
1.134467
1.277161
1.277161
1.300535
1.300535
1.224015
1.224015
1.236211
1.236211
1.190261
1.190261
1.365415
1.365415
1.315900
1.315900
1.322141
1.322141
1.284205
1.284205
1.082244
1.082244
1.313133
1.313133
1.317390
1.317390
1.034369
1.034369
1.240434
1.240434
1.348469
1.348469
1.279383
1.279383
1.345507
1.345507
1.126408
1.126408
1.329455
1.329455
1.375071
1.375071
1.206575
1.206575
1.302275
1.302275
1.141404
1.141404
1.294394
1.294394
1.302284
1.302284
1.242120
1.242120
1.239367
1.239367
1.261998
1.261998
1.243356
1.243356
1.310533
1.310533
1.111645
1.111645
1.143899
1.143899
1.311633
1.311633
1.300727
1.300727
1.341812
1.341812
1.151011
1.151011
1.273991
1.273991
1.365494
1.365494
1.165720
1.165720
1.241134
1.241134
1.322990
1.322990
1.309672
1.309672
1.331218
1.331218
1.282710
1.282710
1.388068
1.388068
1.396310
1.396310
1.289566
1.289566
1.363870
1.363870
1.217572
1.217572
1.352217
1.352217
1.389282
1.389282
1.232563
1.232563
1.354614
1.354614
1.130034
1.130034
1.290701
1.290701
1.398542
1.398542
1.354709
1.354709
1.165818
1.165818
1.271093
1.271093
1.349577
1.349577
1.290243
1.290243
1.302183
1.302183
1.185301
1.185301
1.317661
1.317661
1.375388
1.375388
1.397433
1.397433
1.168379
1.168379
1.168352
1.168352
1.299940
1.299940
1.260764
1.260764
1.293957
1.293957
1.231843
1.283976
1.283976
1.231843
1.152264
1.152264
1.382536
1.382536
1.159599
1.159599
1.351293
1.351293
1.117444
1.117444
1.097867
1.097867
1.393728
1.220822
1.220822
1.393728
1.279743
1.279743
1.334214
1.334214
1.260037
1.260037
1.236435
1.236435
1.213190
1.213190
1.203370
1.203370
1.392661
1.392661
1.207324
1.207324
1.319406
1.319406
1.377704
1.377704
1.335667
1.335667
1.093014
1.093014
1.247063
1.247063
1.360320
1.360320
1.382479
1.382479
1.383726
1.383726
1.304691
1.304691
1.389437
1.389437
1.320299
1.320299
1.382726
1.382726
1.236844
1.236844
1.292427
1.292427
1.362531
1.362531
1.372790
1.372790
1.322798
1.322798
1.384895
1.384895
1.197879
1.197879
1.346345
1.346345
1.095647
1.095647
1.348427
1.348427
1.397741
1.397741
1.023452
1.023452
1.345662
1.345662
1.329803
1.329803
1.331582
1.331582
1.379256
1.379256
1.354795
1.354795
1.333766
1.333766
1.381134
1.381134
1.283641
1.283641
1.398568
1.398568
1.223571
1.223571
1.314245
1.314245
1.363712
1.363712
1.395239
1.395239
1.316201
1.316201
1.177403
1.177403
1.321776
1.321776
1.395812
1.395812
1.139169
1.139169
1.256923
1.256923
1.278225
1.278225
1.372150
1.372150
1.259926
1.259926
1.386017
1.386017
1.307617
1.307617
1.323674
1.323674
1.240614
1.240614
1.098629
1.098629
1.355607
1.355607
1.224946
1.224946
1.398340
1.398340
1.029710
1.029710
1.340045
1.340045
1.379325
1.379325
1.378625
1.378625
1.218176
1.218176
1.206114
1.206114
1.094786
1.094786
1.359163
1.359163
1.121499
1.121499
1.349149
1.349149
1.373867
1.373867
1.098804
1.098804
1.049317
1.049317
1.312839
1.312839
1.239388
1.239388
1.372437
1.372437
1.342227
1.342227
1.371916
1.371916
1.101367
1.101367
1.188865
1.188865
1.286488
1.286488
1.278382
1.278382
1.309659
1.309659
1.344109
1.344109
1.335854
1.335854
1.147897
1.147897
1.309954
1.309954
1.356992
1.356992
1.202113
1.202113
1.242405
1.242405
1.368054
1.368054
1.343732
1.343732
1.060630
1.060630
1.199176
1.199176
1.297341
1.297341
1.194326
1.194326
1.395090
1.395090
1.215899
1.215899
