1.310459
1.310459
1.390399
1.390399
1.322369
1.314022
1.314022
1.300762
1.322369
1.300762
1.395244
1.395244
1.241660
1.241660
1.250363
1.250363
1.379318
1.379318
1.380149
1.380149
1.181322
1.181322
1.347809
1.347809
1.308963
1.055873
1.157544
1.055873
1.157544
1.308963
1.375597
1.204345
1.375597
1.204345
1.197948
1.197948
1.334621
1.334621
1.204083
1.204083
1.154703
1.080726
1.154703
1.080726
1.267521
1.267521
1.399785
1.399785
1.270843
1.270843
1.162109
1.162109
1.283781
1.283781
1.291698
1.291698
1.366936
1.366936
1.336885
1.336885
1.189389
1.189389
1.370644
1.370644
1.149189
1.149189
1.373595
1.373595
1.370988
1.370988
1.288091
1.288091
1.398857
1.398857
1.095921
1.095921
1.212408
1.212408
1.310227
1.310227
1.392065
1.392065
1.287793
1.287793
1.318081
1.173461
1.173461
1.318081
1.216054
1.356686
1.216054
1.260896
1.356686
1.260896
1.290528
1.290528
1.273428
1.273428
1.376071
1.276974
1.376071
1.276974
1.215577
1.215577
1.130091
1.130091
1.344590
1.344590
1.095921
1.095921
1.166706
1.166706
1.373722
1.373722
1.341149
1.341149
1.267344
1.308921
1.308921
1.267344
1.263771
1.263771
1.350306
1.350306
1.132578
1.132578
1.313119
1.313119
1.156997
1.156997
1.312438
1.312438
1.398518
1.368842
1.368842
1.398518
1.189891
1.189891
1.228559
1.228559
1.387052
1.387052
1.163656
1.163656
1.358415
1.358415
1.335171
1.335171
1.396449
1.396449
1.395236
1.395236
1.144528
1.144528
1.294360
1.294360
1.382888
1.382888
1.241014
1.241014
1.369696
1.369696
1.360897
1.360897
1.217989
1.217989
1.265350
1.265350
1.380874
1.380874
1.294756
1.294756
1.300530
1.157131
1.099733
1.099733
1.157131
1.300530
1.329751
1.329751
1.314821
1.314821
1.079648
1.079648
1.381114
1.381114
1.399586
1.399586
1.325189
1.325189
1.325316
1.325316
1.326058
1.326058
1.393616
1.351946
1.393616
1.351946
1.338256
1.338256
1.310683
1.310683
1.356623
1.356623
1.320070
1.320070
1.373662
1.373662
1.354234
1.354234
1.170369
1.170369
1.162381
1.162381
1.290967
1.325987
1.325987
1.290967
1.169382
1.169382
1.244224
1.244224
1.392747
1.392747
1.390150
1.390150
1.191956
1.191956
1.165380
1.165380
1.236881
1.236881
1.193858
1.396548
1.396548
1.193858
1.201699
1.201699
1.257098
1.257098
1.310153
1.310153
1.249817
1.249817
1.081071
1.081071
1.386457
1.252680
1.386457
1.252680
1.216945
1.216945
1.363988
1.363988
1.301395
1.301395
1.265073
1.265073
1.394541
1.394541
1.256214
1.256214
1.284354
1.284354
1.398815
1.398815
1.340585
1.340585
1.152401
1.152401
1.373336
1.373336
1.282943
1.282943
1.132524
1.132524
1.283865
1.283865
1.317022
1.317022
1.244395
1.244395
1.181140
1.181140
1.305518
1.305518
1.255020
1.255020
1.174887
1.375835
1.174887
1.375835
1.270642
1.270642
1.270951
1.270951
1.236879
1.236879
1.351846
1.351846
1.387191
1.387191
1.230726
1.230726
1.336001
1.336001
1.265593
1.265593
1.224583
1.224583
1.299173
1.299173
1.224551
1.224551
1.294060
1.294060
1.396018
1.396018
1.351601
1.351601
1.398312
1.398312
1.118531
1.118531
1.273005
1.273005
1.239014
1.239014
1.318454
1.318454
1.349477
1.349477
1.388453
1.388453
1.346812
1.346812
1.211735
1.211735
1.192596
1.192596
1.318013
1.318013
1.188274
1.188274
1.312478
1.312478
1.351656
1.351656
1.371806
1.371806
1.327740
1.327740
1.345235
1.345235
1.399991
1.399991
1.282697
1.282697
1.151757
1.151757
1.214116
1.214116
1.342942
1.342942
1.355610
1.355610
1.369467
1.369467
1.304118
1.304118
1.185038
1.185038
1.383169
1.383169
1.393754
1.393754
1.302762
1.302762
1.214343
1.214343
1.343200
1.343200
1.186132
1.186132
1.386874
1.386874
1.348711
1.348711
1.349915
1.349915
1.329763
1.329763
1.077876
1.077876
1.272330
1.272330
1.284992
1.284992
1.225861
1.225861
1.391941
1.391941
1.375949
1.375949
1.126871
1.126871
1.365579
1.365579
1.388698
1.388698
1.246361
1.246361
1.330599
1.330599
1.298220
1.298220
1.290957
1.156092
1.156092
1.290957
1.358969
1.358969
1.234961
1.234961
1.385700
1.385700
1.387585
1.387585
1.163932
1.163932
1.342091
1.342091
1.361223
1.361223
1.399077
1.399077
1.373623
1.373623
1.281632
1.281632
1.374186
1.374186
1.278015
1.278015
1.210642
1.210642
1.187822
1.346648
1.346648
1.187822
1.273188
1.273188
1.262432
1.262432
1.145679
1.145679
1.323279
1.323279
1.124473
1.124473
1.340381
1.340381
1.126374
1.126374
1.125416
1.125416
1.287379
1.287379
1.281302
1.281302
1.380242
1.380242
1.214757
1.214757
1.134310
1.134310
1.291357
1.396161
1.291357
1.396161
1.342524
1.342524
1.370697
1.370697
1.201116
1.201116
1.372488
1.372488
1.279034
1.279034
1.344907
1.344907
1.243978
1.314158
1.243978
1.314158
1.399950
1.399950
1.362428
1.362428
1.384538
1.384538
1.283802
1.283802
1.336092
1.336092
1.261272
1.314399
1.314399
1.261272
1.099138
1.099138
1.362271
1.362271
1.314848
1.314848
1.357316
1.357316
1.323993
1.323993
1.320018
1.183686
1.183686
1.320018
1.356682
1.356682
1.284527
1.284527
1.313378
1.313378
1.187552
1.187552
1.311114
1.311114
1.109287
1.109287
1.346877
1.346877
1.124010
1.124010
1.275055
1.275055
1.259871
1.259871
1.222787
1.222787
1.364653
1.185371
1.364653
1.185371
1.336278
1.336278
1.237965
1.237965
1.284898
1.284898
1.371634
1.371634
1.188946
1.188946
1.173789
1.173789
1.201369
1.201369
1.366356
1.366356
1.300081
1.300081
1.374737
1.374737
1.397111
1.397111
1.333441
1.333441
1.318282
1.318282
1.203603
1.203603
1.277343
1.277343
1.285722
1.285722
1.232295
1.232295
1.310591
1.310591
1.327202
1.327202
1.319597
1.319597
1.340641
1.340641
1.265763
1.265763
1.388470
1.388470
1.289669
1.289669
1.396428
1.396428
1.306189
1.306189
1.156802
1.156802
1.350791
1.350791
1.386408
1.386408
1.284085
1.284085
1.326554
1.326554
1.307494
1.307494
1.139382
1.139382
1.276846
1.276846
1.078530
1.078530
1.281077
1.281077
1.255862
1.255862
1.390224
1.390224
1.104033
1.104033
1.176690
1.176690
1.356225
1.356225
1.352976
1.352976
1.375730
1.375730
1.349344
1.349344
1.247905
1.247905
1.304650
1.304650
1.381797
1.381797
1.260514
1.260514
1.309474
1.309474
1.258264
1.258264
1.382784
1.382784
1.139432
1.139432
1.200324
1.200324
1.271526
1.271526
1.365158
1.365158
1.258557
1.258557
1.374469
1.374469
1.368797
1.368797
1.143455
1.143455
1.290756
1.290756
1.037842
1.037842
1.289322
1.289322
1.211709
1.211709
1.364705
1.364705
1.115423
1.115423
1.366686
1.366686
1.346860
1.346860
1.168907
1.168907
1.336940
1.336940
1.289383
1.289383
1.389651
1.389651
1.327011
1.327011
1.372434
1.372434
1.168092
1.168092
1.329818
1.329818
1.372691
1.372691
1.227641
1.227641
1.399767
1.399767
1.377771
1.377771
1.113202
1.113202
1.339977
1.339977
1.312951
1.312951
1.204843
1.204843
1.275048
1.275048
1.399705
1.399705
1.341055
1.341055
1.363217
1.063776
1.063776
1.363217
1.318406
1.318406
1.238807
1.238807
1.258915
1.258915
1.118638
1.118638
1.284886
1.284886
1.396389
1.396389
1.332878
1.332878
1.354234
1.354234
1.344663
1.344663
1.323155
1.323155
1.361525
1.361525
1.149769
1.149769
1.269810
1.269810
1.324993
1.324993
1.210598
1.210598
1.171857
1.171857
1.303006
1.303006
1.347232
1.347232
1.340105
1.340105
1.393039
1.393039
1.275447
1.275447
1.206186
1.206186
1.281566
1.281566
1.306991
1.306991
1.361597
1.361597
1.384384
1.384384
1.315338
1.315338
1.211428
1.211428
1.180790
1.180790
1.313570
1.313570
1.250602
1.250602
1.292546
1.292546
1.383736
1.383736
1.109139
1.109139
1.384706
1.384706
1.372877
1.372877
1.369172
1.369172
1.241698
1.241698
1.336014
1.336014
1.274436
1.274436
1.081463
1.081463
1.362579
1.362579
1.216379
1.216379
1.367023
1.367023
