1.328350
1.328350
1.383348
1.383348
1.396693
1.396693
1.237317
1.237317
1.354150
1.354150
1.237216
1.237216
1.358847
1.358847
1.193168
1.303114
1.193168
1.303114
1.363292
1.363292
1.219445
1.219445
1.192709
1.192709
1.343007
1.343007
1.238571
1.264738
1.238571
1.264738
1.334296
1.334296
1.173346
1.173346
1.284474
1.284474
1.124018
1.124018
1.367650
1.367650
1.235540
1.235540
1.043764
1.043764
1.397554
1.397554
1.329469
1.347151
1.329469
1.347151
1.269050
1.269050
1.385908
1.238802
1.238802
1.385908
1.367912
1.367912
1.172670
1.172670
1.373640
1.373640
1.338330
1.338330
1.267216
1.337874
1.267216
1.337874
1.396543
1.295293
1.396543
1.295293
1.283316
1.283316
1.241350
1.241350
1.327103
1.327103
1.304288
1.054160
1.304288
1.054160
1.334093
1.334093
1.200339
1.200339
1.388805
1.388805
1.380587
1.380587
1.186196
1.186196
1.327920
1.327920
1.355229
1.355229
1.371717
1.371717
1.311278
1.311278
1.212387
1.212387
1.382904
1.382904
1.388965
1.388965
1.388668
1.388668
1.211965
1.211965
1.399501
1.399501
1.386884
1.386884
1.301252
1.301252
1.279371
1.279371
1.266556
1.266556
1.390887
1.369830
1.390887
1.369830
1.349231
1.349231
1.140329
1.140329
1.306477
1.306477
1.304647
1.295873
1.295873
1.304647
1.309532
1.309532
1.355882
1.355882
1.299074
1.299074
1.323594
1.323594
1.347125
1.347125
1.333404
1.333404
1.397908
1.397908
1.111517
1.111517
1.345212
1.345212
1.369798
1.369798
1.311900
1.311900
1.388432
1.388432
1.338245
1.338245
1.267552
1.267552
1.325071
1.325071
1.353648
1.353648
1.187657
1.187657
1.102682
1.102682
1.366931
1.366931
1.088052
1.088052
1.341196
1.341196
1.374309
1.374309
1.369092
1.369092
1.271521
1.271521
1.254170
1.254170
1.394693
1.394693
1.226758
1.226758
1.115511
1.115511
1.202027
1.202027
1.290225
1.290225
1.332256
1.332256
1.283663
1.283663
1.244068
1.244068
1.060464
1.060464
1.382907
1.382907
1.354875
1.354875
1.235576
1.235576
1.174023
1.081039
1.174023
1.319491
1.081039
1.319491
1.392209
1.392209
1.246875
1.246875
1.110198
1.110198
1.242169
1.242169
1.141132
1.141132
1.117986
1.117986
1.315089
1.315089
1.186447
1.186447
1.173138
1.173138
1.296926
1.296926
1.305510
1.305510
1.167489
1.167489
1.264241
1.264241
1.291334
1.291334
1.163261
1.163261
1.287400
1.287400
1.191384
1.191384
1.232440
1.232440
1.365462
1.365462
1.252673
1.252673
1.352016
1.352016
1.263434
1.263434
1.366744
1.366744
1.299159
1.299159
1.395968
1.395968
1.307361
1.307361
1.202820
1.202820
1.362673
1.362673
1.208434
1.208434
1.326483
1.326483
1.258624
1.258624
1.260087
1.260087
1.263450
1.263450
1.322889
1.322889
1.270248
1.270248
1.209387
1.209387
1.316488
1.316488
1.369823
1.369823
1.173222
1.173222
1.120243
1.120243
1.262528
1.262528
1.319496
1.319496
1.123226
1.123226
1.323333
1.323333
1.350087
1.350087
1.287560
1.287560
1.397781
1.397781
1.292285
1.292285
1.324781
1.324781
1.308593
1.308593
1.388619
1.388619
1.366664
1.366664
1.377557
1.377557
1.324996
1.324996
1.365360
1.365360
1.305630
1.305630
1.327905
1.327905
1.396936
1.396936
1.150407
1.150407
1.363307
1.363307
1.237915
1.237915
1.294141
1.294141
1.297732
1.297732
1.093003
1.093003
1.392432
1.392432
1.141738
1.141738
1.357067
1.357067
1.368231
1.368231
1.078025
1.078025
1.300833
1.300833
1.040552
1.040552
1.312662
1.312662
1.380945
1.380945
1.236849
1.236849
1.303826
1.303826
1.321934
1.321934
1.282626
1.391516
1.391516
1.282626
1.303216
1.303216
1.237237
1.237237
1.242395
1.242395
1.276350
1.276350
1.144100
1.144100
1.375715
1.375715
1.285800
1.285800
1.294559
1.294559
1.248745
1.248745
1.392312
1.392312
1.363275
1.363275
1.301860
1.301860
1.331259
1.331259
1.382167
1.382167
1.326417
1.326417
1.213906
1.213906
1.312315
1.312315
1.333396
1.333396
1.362882
1.362882
1.337067
1.337067
1.318052
1.318052
1.179538
1.179538
1.309839
1.309839
1.296115
1.296115
1.162801
1.162801
1.358926
1.358926
1.207655
1.207655
1.245610
1.245610
1.090936
1.090936
1.374908
1.374908
1.397375
1.397375
1.197054
1.340673
1.340673
1.197054
1.299739
1.299739
1.266320
1.266320
1.346548
1.346548
1.099238
1.099238
1.353747
1.353747
1.295988
1.295988
1.306656
1.306656
1.291690
1.291690
1.365763
1.365763
1.378301
1.378301
1.340022
1.340022
1.315970
1.315970
1.397973
1.397973
1.084862
1.084862
1.346056
1.346056
1.397320
1.397320
1.371132
1.371132
1.312793
1.312793
1.185305
1.185305
1.263005
1.263005
1.234163
1.234163
1.346303
1.346303
1.304257
1.304257
1.375837
1.375837
1.206329
1.206329
1.372791
1.372791
1.239099
1.239099
1.279121
1.279121
1.351355
1.351355
1.238443
1.238443
1.349268
1.349268
1.362417
1.362417
1.380027
1.380027
1.353201
1.353201
1.232654
1.232654
1.284944
1.284944
1.366088
1.366088
1.388062
1.388062
1.385474
1.385474
1.138806
1.138806
1.370013
1.370013
1.145563
1.145563
1.331615
1.331615
1.354528
1.354528
1.323470
1.323470
1.398436
1.398436
1.399460
1.399460
1.254205
1.254205
1.391485
1.391485
1.231069
1.231069
1.210354
1.210354
1.256566
1.256566
1.303597
1.303597
1.233476
1.233476
1.304955
1.304955
1.371884
1.371884
1.236933
1.236933
1.339716
1.339716
1.221042
1.221042
1.391953
1.391953
1.235570
1.235570
1.035404
1.035404
1.351601
1.351601
1.199405
1.199405
1.146029
1.146029
1.372935
1.372935
1.263204
1.263204
1.380273
1.380273
1.197364
1.197364
1.304160
1.304160
1.319904
1.319904
1.306812
1.306812
1.266220
1.266220
1.273355
1.273355
1.300077
1.300077
1.084628
1.084628
1.355826
1.355826
1.157915
1.157915
1.368190
1.368190
1.348584
1.348584
1.188618
1.188618
1.324950
1.324950
1.393776
1.393776
1.167007
1.167007
1.160393
1.160393
1.354878
1.354878
1.303904
1.303904
1.279235
1.279235
1.377663
1.377663
1.139288
1.139288
1.252174
1.252174
1.394879
1.394879
1.326259
1.326259
1.351418
1.351418
1.380552
1.380552
1.377958
1.377958
1.300394
1.300394
1.205969
1.205969
1.325680
1.325680
1.261717
1.261717
1.296108
1.296108
1.375500
1.375500
1.048721
1.048721
1.399786
1.399786
1.387720
1.387720
1.300872
1.300872
1.173063
1.173063
1.270709
1.270709
1.144342
1.144342
1.268828
1.268828
1.384098
1.384098
1.323759
1.323759
1.315676
1.315676
1.372728
1.372728
1.023771
1.023771
1.040877
1.040877
1.350357
1.350357
1.038563
1.038563
1.386361
1.386361
1.307970
1.307970
1.309363
1.309363
1.069048
1.069048
1.309400
1.309400
1.231299
1.231299
1.301216
1.301216
1.363647
1.363647
1.140386
1.140386
1.290663
1.290663
1.209462
1.209462
1.398040
1.398040
1.388303
1.388303
1.392995
1.392995
1.181042
1.181042
1.351448
1.351448
1.341194
1.341194
1.152370
1.152370
1.025847
1.025847
1.385759
1.385759
1.394253
1.394253
1.332551
1.332551
1.267637
1.267637
1.284723
1.284723
1.381162
1.381162
1.106509
1.106509
1.391292
1.391292
1.316230
1.316230
1.182144
1.182144
1.241847
1.241847
1.376257
1.376257
1.220127
1.220127
1.159823
1.159823
1.195684
1.195684
1.289009
1.289009
1.261953
1.261953
1.363545
1.258695
1.258695
1.363545
1.126575
1.126575
1.173903
1.173903
1.286060
1.286060
1.286085
1.286085
1.334670
1.334670
1.349466
1.349466
1.372000
1.372000
1.334468
1.334468
1.353975
1.353975
1.399547
1.399547
1.321960
1.321960
1.288087
1.288087
1.272122
1.272122
