1.350810
1.350810
1.218750
1.218750
1.352922
1.352922
1.325131
1.325131
1.255158
1.255158
1.334024
1.290438
1.213283
1.213283
1.290438
1.334024
1.369515
1.377235
1.369515
1.377235
1.374991
1.374991
1.220742
1.220742
1.333432
1.333432
1.236441
1.236441
1.369744
1.369744
1.365040
1.365040
1.309238
1.309238
1.151862
1.151862
1.323795
1.323795
1.300097
1.300097
1.376341
1.376341
1.158411
1.158411
1.301563
1.301563
1.264327
1.264327
1.317153
1.317153
1.232366
1.232366
1.299374
1.299374
1.383279
1.383279
1.398429
1.398429
1.329611
1.329611
1.253420
1.253420
1.267161
1.267161
1.366035
1.366035
1.080353
1.080353
1.317759
1.317759
1.317400
1.317400
1.280631
1.280631
1.390415
1.390415
1.287494
1.287494
1.089597
1.089597
1.355293
1.355293
1.360018
1.360018
1.386719
1.386719
1.090292
1.090292
1.323682
1.212940
1.129618
1.129618
1.212940
1.323682
1.359087
1.359087
1.085741
1.085741
1.195154
1.195154
1.259239
1.259239
1.257729
1.257729
1.063019
1.063019
1.360948
1.360948
1.390308
1.390308
1.337848
1.337848
1.353925
1.353925
1.348598
1.348598
1.289715
1.289715
1.216119
1.216119
1.287234
1.287234
1.111842
1.111842
1.307588
1.307588
1.314860
1.314860
1.368993
1.368993
1.283689
1.283689
1.391811
1.391811
1.225573
1.225573
1.273199
1.273199
1.373746
1.373746
1.372359
1.372359
1.289078
1.289078
1.074252
1.074252
1.366536
1.366536
1.199182
1.199182
1.243602
1.243602
1.346598
1.346598
1.346987
1.346987
1.139331
1.139331
1.204210
1.204210
1.235542
1.235542
1.387926
1.387926
1.295843
1.295843
1.291644
1.291644
1.302291
1.302291
1.315388
1.315388
1.396879
1.396879
1.310557
1.310557
1.268553
1.268553
1.372718
1.372718
1.273623
1.378883
1.273623
1.378883
1.366364
1.366364
1.301720
1.301720
1.184802
1.184802
1.241555
1.241555
1.307607
1.307607
1.383053
1.383053
1.366815
1.366815
1.140743
1.140743
1.354894
1.354894
1.199996
1.199996
1.276835
1.276835
1.270098
1.270098
1.378548
1.281144
1.378548
1.281144
1.366884
1.366884
1.310310
1.310310
1.384351
1.384351
1.378647
1.378647
1.088190
1.088190
1.372348
1.372348
1.276052
1.276052
1.320330
1.320330
1.213099
1.213099
1.334926
1.334926
1.380798
1.380798
1.243883
1.245302
1.243883
1.245302
1.362446
1.362446
1.394635
1.394635
1.302806
1.302806
1.116434
1.116434
1.371094
1.371094
1.385358
1.385358
1.345376
1.345376
1.334781
1.334781
1.336513
1.336513
1.262787
1.262787
1.314157
1.314157
1.297639
1.297639
1.101013
1.101013
1.395185
1.395185
1.277462
1.277462
1.282859
1.282859
1.288689
1.288689
1.266567
1.266567
1.344293
1.344293
1.287061
1.287061
1.179138
1.179138
1.340833
1.340833
1.378419
1.378419
1.221370
1.221370
1.396573
1.396573
1.316516
1.316516
1.358890
1.358890
1.389340
1.389340
1.387653
1.387653
1.379551
1.379551
1.226415
1.226415
1.227754
1.227754
1.093225
1.093225
1.383576
1.383576
1.271144
1.271144
1.253638
1.253638
1.392232
1.392232
1.345363
1.345363
1.342681
1.342681
1.321860
1.321860
1.119376
1.119376
1.370139
1.370139
1.198605
1.198605
1.324153
1.324153
1.126697
1.126697
1.308004
1.270888
1.270888
1.308004
1.168029
1.168029
1.202777
1.202777
1.277798
1.277798
1.191441
1.191441
1.200710
1.200710
1.353006
1.353006
1.319979
1.319979
1.305558
1.305558
1.108076
1.108076
1.331639
1.331639
1.340712
1.340712
1.211166
1.211166
1.307990
1.307990
1.289748
1.289748
1.356578
1.356578
1.160590
1.160590
1.387914
1.387914
1.161480
1.161480
1.299233
1.299233
1.255617
1.255617
1.176203
1.176203
1.253793
1.253793
1.344304
1.344304
1.267746
1.267746
1.161913
1.161913
1.286419
1.286419
1.354812
1.354812
1.258595
1.258595
1.338507
1.338507
1.106286
1.106286
1.075177
1.075177
1.295621
1.295621
1.303916
1.303916
1.096881
1.096881
1.164405
1.164405
1.332378
1.332378
1.392842
1.392842
1.172682
1.172682
1.322956
1.322956
1.269777
1.269777
1.316997
1.316997
1.207285
1.207285
1.334607
1.334607
1.261361
1.261361
1.280205
1.280205
1.195085
1.195085
1.361777
1.361777
1.360691
1.360691
1.270410
1.270410
1.315621
1.315621
1.338142
1.338142
1.116505
1.116505
1.335101
1.335101
1.120289
1.120289
1.395867
1.395867
1.321976
1.321976
1.319079
1.319079
1.106321
1.106321
1.373251
1.373251
1.248149
1.248149
1.285324
1.285324
1.278035
1.278035
1.022967
1.022967
1.238977
1.238977
1.363916
1.363916
1.089142
1.089142
1.058707
1.058707
1.394594
1.394594
1.347394
1.347394
1.158950
1.158950
1.320961
1.320961
1.067682
1.067682
1.380134
1.380134
1.249403
1.249403
1.361914
1.361914
1.375469
1.372347
1.375469
1.372347
1.285934
1.285934
1.301423
1.301423
1.282988
1.282988
1.268055
1.188806
1.268055
1.188806
1.392835
1.392835
1.341591
1.341591
1.263236
1.263236
1.068020
1.068020
1.360771
1.360771
1.394172
1.394172
1.383720
1.383720
1.058962
1.058962
1.225093
1.225093
1.119874
1.119874
1.275142
1.275142
1.078390
1.078390
1.203367
1.203367
1.230088
1.230088
1.224689
1.224689
1.179505
1.179505
1.314778
1.314778
1.350839
1.350839
1.362527
1.362527
1.353032
1.353032
1.300467
1.300467
1.285209
1.285209
1.343579
1.343579
1.375448
1.375448
1.325849
1.325849
1.241992
1.241992
1.385425
1.385425
1.361311
1.361311
1.330245
1.330245
1.292795
1.292795
1.364250
1.364250
1.302339
1.302339
1.078804
1.078804
1.357342
1.357342
1.390505
1.390505
1.238167
1.238167
1.280596
1.280596
1.285701
1.285701
1.394163
1.394163
1.377139
1.377139
1.240864
1.240864
1.264927
1.264927
1.194411
1.194411
1.313979
1.313979
1.214963
1.214963
1.108614
1.108614
1.203849
1.203849
1.389738
1.389738
1.340322
1.340322
1.210474
1.210474
1.271854
1.271854
1.325783
1.325783
1.292550
1.292550
1.302444
1.302444
1.058348
1.058348
1.246697
1.246697
1.362145
1.362145
1.370565
1.370565
1.198574
1.198574
1.250207
1.250207
1.220285
1.220285
1.294022
1.294022
1.213360
1.213360
1.332900
1.332900
1.153127
1.153127
1.368492
1.368492
1.259440
1.259440
1.373314
1.373314
1.311855
1.311855
1.360235
1.360235
1.336463
1.336463
1.251521
1.251521
1.239602
1.239602
1.322117
1.322117
1.185964
1.185964
1.379733
1.379733
1.219543
1.219543
1.272710
1.272710
1.275470
1.275470
1.271003
1.271003
1.378395
1.378395
1.297835
1.297835
1.279279
1.279279
1.266939
1.266939
1.334224
1.334224
1.358603
1.358603
1.344434
1.344434
1.179714
1.179714
1.342152
1.342152
1.184922
1.184922
1.193238
1.193238
1.305739
1.305739
