1.190630
1.190630
1.389185
1.389185
1.300855
1.300855
1.346931
1.346931
1.388713
1.388713
1.315936
1.346217
1.346217
1.315936
1.237893
1.237893
1.128766
1.128766
1.188112
1.188112
1.261592
1.261592
1.207890
1.207890
1.304758
1.304758
1.221810
1.221810
1.331235
1.331235
1.372810
1.170340
1.170340
1.372810
1.076479
1.076479
1.374578
1.374578
1.219271
1.219271
1.217290
1.217290
1.365752
1.365752
1.384367
1.384367
1.246232
1.246232
1.317812
1.317812
1.310960
1.301653
1.310960
1.301653
1.202379
1.202379
1.257459
1.257459
1.329712
1.329712
1.267758
1.267758
1.342035
1.342035
1.339872
1.339872
1.332246
1.332246
1.144429
1.144429
1.162830
1.162830
1.369998
1.369998
1.392009
1.392009
1.369405
1.369405
1.158870
1.158870
1.340268
1.340268
1.350642
1.350642
1.265596
1.265596
1.154030
1.154030
1.382903
1.382903
1.215835
1.215835
1.385606
1.385606
1.234832
1.234832
1.293954
1.293954
1.252798
1.252798
1.088912
1.088912
1.176604
1.176604
1.230574
1.268447
1.268447
1.230574
1.275254
1.275254
1.098152
1.098152
1.344626
1.344626
1.221866
1.221866
1.143375
1.143375
1.354199
1.354199
1.361889
1.388910
1.361889
1.388910
1.011028
1.011028
1.365766
1.326816
1.326816
1.365766
1.320662
1.320662
1.292023
1.292023
1.383906
1.383906
1.294395
1.294395
1.340805
1.340805
1.188307
1.188307
1.177098
1.353599
1.353599
1.177098
1.307524
1.307524
1.296177
1.350904
1.350904
1.296177
1.314095
1.314095
1.382687
1.382687
1.348942
1.348942
1.349404
1.349404
1.366976
1.366976
1.300191
1.300191
1.395859
1.395859
1.200689
1.200689
1.171703
1.171703
1.300712
1.300712
1.252926
1.252926
1.110856
1.110856
1.392729
1.392729
1.314520
1.314520
1.195994
1.195994
1.294849
1.294849
1.382106
1.382106
1.181906
1.181906
1.113804
1.113804
1.134535
1.134535
1.322747
1.322747
1.254357
1.254357
1.396857
1.396857
1.153867
1.153867
1.273059
1.273059
1.150910
1.150910
1.359192
1.359192
1.308787
1.308787
1.332731
1.332731
1.220129
1.220129
1.200666
1.200666
1.262705
1.262705
1.323401
1.082323
1.082323
1.323401
1.320252
1.320252
1.391870
1.391870
1.358865
1.358865
1.319297
1.319297
1.224816
1.224816
1.370146
1.370146
1.089150
1.089150
1.334541
1.334541
1.377828
1.377828
1.318746
1.318746
1.245354
1.245354
1.050016
1.050016
1.351941
1.351941
1.356393
1.356393
1.256335
1.256335
1.389480
1.389480
1.238727
1.238727
1.366404
1.366404
1.330862
1.330862
1.265591
1.265591
1.129023
1.129023
1.387093
1.387093
1.278101
1.278101
1.332238
1.332238
1.184495
1.184495
1.126752
1.341141
1.126752
1.341141
1.322499
1.322499
1.287615
1.287615
1.373855
1.373855
1.291915
1.291915
1.195093
1.195093
1.250316
1.250316
1.236072
1.236072
1.349873
1.349873
1.327425
1.327425
1.039644
1.039644
1.219118
1.219118
1.217478
1.217478
1.341446
1.341446
1.246732
1.246732
1.047759
1.047759
1.331108
1.331108
1.347019
1.347019
1.102544
1.102544
1.335691
1.335691
1.244896
1.244896
1.391427
1.391427
1.258832
1.258832
1.308084
1.308084
1.356425
1.356425
1.329439
1.329439
1.157008
1.157008
1.355331
1.355331
1.247694
1.247694
1.255652
1.255652
1.211979
1.211979
1.131081
1.131081
1.354745
1.354745
1.096611
1.096611
1.282749
1.197643
1.282749
1.197643
1.309675
1.309675
1.261159
1.261159
1.357201
1.357201
1.301646
1.301646
1.393146
1.393146
1.394737
1.394737
1.151088
1.151088
1.339735
1.339735
1.394052
1.394052
1.285935
1.285935
1.386209
1.386209
1.363489
1.363489
1.267512
1.267512
1.283870
1.283870
1.217084
1.217084
1.368873
1.368873
1.244381
1.346965
1.346965
1.244381
1.251773
1.251773
1.231339
1.231339
1.264141
1.264141
1.378933
1.378933
1.250379
1.250379
1.332643
1.332643
1.168832
1.168832
1.302877
1.302877
1.160798
1.160798
1.176430
1.176430
1.125867
1.125867
1.396578
1.396578
1.362880
1.362880
1.291374
1.291374
1.280370
1.280370
1.227262
1.227262
1.198942
1.362019
1.198942
1.362019
1.276931
1.276931
1.217079
1.217079
1.052897
1.052897
1.200235
1.130155
1.200235
1.130155
1.348153
1.348153
1.250180
1.250180
1.331237
1.331237
1.149209
1.149209
1.317885
1.317885
1.363402
1.363402
1.248111
1.248111
1.391379
1.391379
1.055082
1.055082
1.398417
1.398417
1.370635
1.370635
1.329324
1.329324
1.067531
1.067531
1.368422
1.368422
1.044944
1.044944
1.375272
1.375272
1.159890
1.159890
1.375652
1.375652
1.362970
1.362970
1.352910
1.352910
1.303462
1.303462
1.301017
1.301017
1.382033
1.382033
1.301672
1.301672
1.368081
1.368081
1.305327
1.305327
1.342839
1.342839
1.300248
1.300248
1.040482
1.040482
1.153057
1.153057
1.282247
1.282247
1.223760
1.223760
1.357981
1.357981
1.330282
1.330282
1.396859
1.396859
1.119343
1.119343
1.312365
1.312365
1.365861
1.210846
1.365861
1.210846
1.226549
1.226549
1.386874
1.386874
1.220883
1.220883
1.311887
1.311887
1.067400
1.067400
1.155479
1.155479
1.333399
1.333399
1.390319
1.390319
1.290708
1.290708
1.273133
1.273133
1.293985
1.293985
1.231297
1.231297
1.228643
1.228643
1.226883
1.226883
1.387647
1.387647
1.394541
1.394541
1.333116
1.333116
1.226460
1.226460
1.369042
1.369042
1.325972
1.325972
1.282847
1.282847
1.388908
1.388908
1.319392
1.319392
1.393928
1.393928
1.385483
1.385483
1.146775
1.146775
1.221851
1.221851
1.216953
1.216953
1.397745
1.397745
1.367095
1.367095
1.308317
1.308317
1.346901
1.346901
1.394631
1.394631
1.357371
1.357371
1.320987
1.320987
1.200137
1.200137
1.364216
1.364216
1.298456
1.298456
1.268481
1.268481
1.327162
1.327162
1.362664
1.362664
1.327457
1.327457
1.318534
1.318534
1.172516
1.172516
1.376159
1.376159
1.190450
1.190450
1.370855
1.370855
1.374338
1.374338
1.267677
1.267677
1.103370
1.103370
1.248195
1.248195
1.396594
1.396594
1.379803
1.379803
1.081277
1.081277
1.393565
1.393565
1.344418
1.344418
1.250739
1.250739
1.149643
1.149643
1.226774
1.226774
1.363214
1.363214
1.248925
1.248925
1.346570
1.346570
1.348688
1.348688
1.332993
1.332993
1.364086
1.364086
