1.019935
1.019935
1.311176
1.311176
1.359348
1.359348
1.238639
1.238639
1.226795
1.226795
1.359569
1.345047
1.345047
1.262880
1.359569
1.262880
1.283754
1.283754
1.301651
1.301651
1.247086
1.286243
1.286243
1.247086
1.126903
1.126903
1.364364
1.399010
1.399010
1.364364
1.240489
1.240489
1.332477
1.332477
1.272131
1.272131
1.104035
1.104035
1.214678
1.214678
1.348451
1.348451
1.332256
1.332256
1.276407
1.276407
1.279772
1.279772
1.346050
1.346050
1.295328
1.295328
1.376077
1.352419
1.376077
1.352419
1.269664
1.112825
1.112825
1.269664
1.200109
1.200109
1.389542
1.389542
1.367239
1.367239
1.388913
1.388913
1.240034
1.240034
1.059328
1.059328
1.351540
1.351540
1.168663
1.168663
1.376438
1.376438
1.336937
1.336937
1.307277
1.307277
1.377464
1.377464
1.263625
1.263625
1.266468
1.266468
1.399019
1.277984
1.399019
1.277984
1.175955
1.175955
1.281136
1.281136
1.331274
1.331274
1.391888
1.391888
1.321353
1.321353
1.388442
1.388442
1.276393
1.276393
1.362798
1.362798
1.344621
1.344621
1.337987
1.337987
1.336252
1.336252
1.248889
1.248889
1.375943
1.375943
1.370171
1.370171
1.381835
1.381835
1.089012
1.089012
1.267173
1.267173
1.300075
1.300075
1.213854
1.213854
1.262478
1.262478
1.336627
1.336627
1.262879
1.262879
1.358796
1.358796
1.350329
1.350329
1.390996
1.390996
1.382259
1.382259
1.188320
1.188320
1.321281
1.321281
1.162362
1.162362
1.192854
1.192854
1.315554
1.315554
1.384071
1.384071
1.300500
1.300500
1.234644
1.234644
1.212402
1.212402
1.384091
1.384091
1.187479
1.187479
1.399512
1.399512
1.302598
1.302598
1.269065
1.269065
1.165630
1.165630
1.221818
1.221818
1.300238
1.300238
1.298504
1.298504
1.332919
1.332919
1.353635
1.353635
1.372322
1.372322
1.378390
1.378390
1.327549
1.327549
1.389012
1.196007
1.150428
1.196007
1.150428
1.389012
1.269629
1.269629
1.112284
1.112284
1.249001
1.249001
1.207428
1.207428
1.155379
1.317069
1.317069
1.155379
1.306468
1.306468
1.355411
1.355411
1.351152
1.351152
1.393269
1.393269
1.070030
1.070030
1.318771
1.318771
1.110996
1.110996
1.157182
1.157182
1.348868
1.348868
1.049819
1.049819
1.151662
1.151662
1.304938
1.304938
1.274029
1.274029
1.039308
1.039308
1.290484
1.290484
1.278807
1.278807
1.290888
1.290888
1.311836
1.311836
1.365232
1.365232
1.389916
1.389916
1.162526
1.162526
1.322229
1.322229
1.394895
1.394895
1.285260
1.285260
1.325103
1.325103
1.366864
1.366864
1.376268
1.376268
1.348010
1.348010
1.287826
1.287826
1.256148
1.256148
1.341016
1.341016
1.349370
1.349370
1.099015
1.099015
1.134430
1.134430
1.303031
1.303031
1.228371
1.228371
1.389433
1.389433
1.209488
1.209488
1.388877
1.388877
1.326085
1.326085
1.397047
1.397047
1.302166
1.302166
1.174444
1.174444
1.356124
1.356124
1.131122
1.131122
1.388785
1.388785
1.341642
1.341642
1.318129
1.318129
1.313843
1.313843
1.289220
1.289220
1.321483
1.321483
1.321954
1.321954
1.378388
1.378388
1.295302
1.295302
1.216053
1.216053
1.322343
1.322343
1.304260
1.304260
1.353636
1.353636
1.083020
1.083020
1.200688
1.200688
1.375962
1.375962
1.343442
1.343442
1.389079
1.389079
1.289074
1.289074
1.383910
1.383910
1.157364
1.157364
1.170316
1.170316
1.136056
1.136056
1.391931
1.391931
1.303272
1.303272
1.342318
1.342318
1.324120
1.324120
1.317141
1.317141
1.365799
1.365799
1.323693
1.323693
1.303824
1.303824
1.282217
1.282217
1.319315
1.319315
1.353754
1.353754
1.293101
1.293101
1.316229
1.316229
1.372225
1.372225
1.180916
1.180916
1.344478
1.344478
1.300988
1.300988
1.254585
1.254585
1.046485
1.046485
1.328419
1.328419
1.356379
1.356379
1.299978
1.299978
1.376712
1.376712
1.253167
1.253167
1.212418
1.212418
1.189271
1.189271
1.315678
1.315678
1.323844
1.323844
1.204824
1.204824
1.203205
1.203205
1.335825
1.335825
1.295726
1.295726
1.310774
1.310774
1.246506
1.246506
1.388807
1.388807
1.118291
1.118291
1.331565
1.331565
1.141506
1.141506
1.330494
1.330494
1.099763
1.099763
1.350169
1.350169
1.287331
1.287331
1.207734
1.207734
1.366976
1.366976
1.144709
1.144709
1.381562
1.381562
1.356749
1.356749
1.323894
1.323894
1.200391
1.200391
1.381327
1.381327
1.365417
1.365417
1.027486
1.027486
1.288292
1.288292
1.256802
1.256802
1.312408
1.312408
1.396953
1.396953
1.254975
1.254975
1.352554
1.352554
1.316490
1.316490
1.104832
1.104832
1.211949
1.211949
1.249803
1.249803
1.305199
1.305199
1.318075
1.318075
1.297513
1.297513
1.293991
1.293991
1.370595
1.370595
1.260007
1.260007
1.268085
1.268085
1.367959
1.367959
1.385422
1.385422
1.231344
1.231344
1.249802
1.249802
1.330911
1.330911
1.135833
1.135833
1.268675
1.268675
1.271328
1.271328
1.267516
1.267516
1.350140
1.350140
1.360308
1.360308
1.269873
1.269873
1.379059
1.379059
1.271040
1.271040
1.152189
1.152189
1.276029
1.276029
1.226737
1.226737
1.205096
1.205096
1.239984
1.239984
1.277657
1.277657
1.394529
1.394529
1.342031
1.342031
1.190335
1.190335
1.342586
1.342586
1.339268
1.339268
1.395348
1.395348
1.285408
1.285408
1.176406
1.176406
1.109844
1.109844
1.345020
1.345020
1.095506
1.095506
1.179392
1.179392
1.261317
1.261317
1.308261
1.308261
1.212968
1.212968
1.014032
1.014032
1.380741
1.380741
1.263132
1.263132
1.277784
1.277784
1.324438
1.324438
1.029792
1.029792
1.261784
1.261784
1.234851
1.234851
1.362605
1.362605
1.149845
1.149845
1.295659
1.295659
1.319367
1.319367
1.303962
1.303962
1.317565
1.317565
1.193766
1.193766
1.330857
1.330857
1.284634
1.284634
1.209562
1.209562
1.356988
1.356988
1.398670
1.398670
1.271795
1.271795
1.239788
1.239788
1.270448
1.270448
1.228538
1.228538
1.262416
1.262416
1.140820
1.140820
1.225980
1.225980
1.381135
1.381135
1.152656
1.152656
1.303353
1.303353
1.179024
1.179024
1.208647
1.208647
1.297898
1.297898
1.376498
1.376498
1.279953
1.279953
1.044682
1.044682
1.392644
1.392644
1.263010
1.263010
1.394285
1.394285
1.345355
1.345355
1.290427
1.290427
1.299546
1.299546
1.214988
1.214988
1.166677
1.166677
1.354446
1.354446
1.097496
1.097496
1.395395
1.395395
1.350303
1.350303
1.249938
1.249938
1.326652
1.326652
1.313382
1.313382
1.398270
1.398270
1.225044
1.225044
1.387484
1.387484
1.306844
1.306844
1.151174
1.151174
1.394536
1.394536
1.352360
1.352360
1.395638
1.395638
1.395310
1.395310
1.168006
1.168006
1.299078
1.299078
1.265059
1.265059
1.182626
1.182626
1.160163
1.160163
1.151423
1.151423
1.184693
1.184693
1.225010
1.225010
1.304925
1.304925
1.306585
1.306585
1.196293
1.196293
1.306861
1.306861
1.208902
1.208902
1.249096
1.249096
1.327394
1.327394
1.220298
1.220298
1.288153
1.288153
1.251184
1.251184
1.213010
1.213010
1.370035
1.370035
1.326621
1.326621
1.314832
1.314832
1.309843
1.309843
1.179783
1.179783
1.219558
1.219558
1.224195
1.224195
1.390508
1.390508
1.242177
1.242177
1.344121
1.344121
1.295603
1.295603
1.395800
1.395800
1.370201
1.370201
1.130694
1.130694
1.164334
1.164334
1.218490
1.218490
1.237060
1.237060
1.146734
1.146734
1.381982
1.381982
1.257594
1.257594
1.165688
1.165688
1.207061
1.207061
1.259453
1.259453
1.398899
1.398899
1.391080
1.391080
1.396235
1.396235
1.207649
1.207649
1.307859
1.307859
1.369358
1.369358
1.398784
1.398784
1.315367
1.315367
1.108611
1.108611
1.378549
1.378549
1.380630
1.380630
1.344176
1.344176
1.374723
1.374723
1.209705
1.209705
1.341339
1.341339
1.240654
1.240654
1.349481
1.349481
1.396334
1.396334
1.273751
1.273751
1.319013
1.319013
1.076557
1.076557
1.312418
1.312418
1.246683
1.246683
1.040517
1.040517
1.383829
1.383829
1.306568
1.306568
1.103665
1.103665
1.303306
1.303306
1.205364
1.205364
1.177029
1.177029
1.110313
1.110313
1.241015
1.241015
1.162123
1.162123
1.275301
1.275301
1.383328
1.383328
