1.348431
1.348431
1.368640
1.368640
1.293246
1.293246
1.289531
1.321427
1.321427
1.289531
1.344722
1.344722
1.282597
1.282597
1.287108
1.287108
1.396397
1.396397
1.382470
1.382470
1.291713
1.291713
1.218209
1.218209
1.134603
1.134603
1.142341
1.142341
1.242574
1.242574
1.150892
1.150892
1.246886
1.246886
1.253849
1.253849
1.165024
1.165024
1.378932
1.047997
1.378932
1.047997
1.259562
1.259562
1.202030
1.202030
1.170313
1.170313
1.297321
1.297321
1.369367
1.329755
1.369367
1.329755
1.106735
1.106735
1.359728
1.359728
1.335073
1.335073
1.384090
1.384090
1.285426
1.285426
1.393756
1.393756
1.383309
1.383309
1.309583
1.309583
1.251389
1.292234
1.292234
1.251389
1.290326
1.290326
1.286568
1.286568
1.344125
1.344125
1.355697
1.355697
1.261527
1.261527
1.390996
1.338938
1.338938
1.390996
1.199430
1.199430
1.239663
1.239663
1.307107
1.307107
1.388967
1.388967
1.271069
1.271069
1.187813
1.356575
1.356575
1.187813
1.166283
1.166283
1.283515
1.283515
1.355764
1.355764
1.229889
1.229889
1.099959
1.099959
1.305619
1.342661
1.305619
1.342661
1.095463
1.145696
1.095463
1.145696
1.358649
1.358649
1.378357
1.378357
1.299885
1.269298
1.299885
1.269298
1.375156
1.375156
1.187511
1.187511
1.367185
1.358285
1.358285
1.367185
1.375826
1.375826
1.240589
1.240589
1.358477
1.358477
1.393997
1.393997
1.304368
1.304368
1.270982
1.270982
1.110698
1.278231
1.300932
1.278231
1.300932
1.110698
1.334158
1.334158
1.161237
1.161237
1.306932
1.306932
1.398556
1.398556
1.396577
1.396577
1.193996
1.193996
1.263114
1.021810
1.021810
1.263114
1.358634
1.358634
1.146191
1.146191
1.307040
1.307040
1.354232
1.354232
1.224074
1.224074
1.326767
1.326767
1.156750
1.156750
1.318426
1.318426
1.225999
1.194403
1.225999
1.194403
1.388612
1.388612
1.335333
1.335333
1.270709
1.270709
1.386384
1.386384
1.179352
1.179352
1.170330
1.170330
1.380867
1.380867
1.257936
1.257936
1.318008
1.318008
1.195728
1.179085
1.195728
1.179085
1.353118
1.353118
1.253595
1.253595
1.280220
1.280220
1.303006
1.303006
1.271165
1.271165
1.381107
1.381107
1.373313
1.373313
1.354864
1.354864
1.185189
1.185189
1.347811
1.347811
1.239209
1.239209
1.393898
1.393898
1.311429
1.311429
1.162180
1.162180
1.386832
1.386832
1.219656
1.219656
1.286647
1.286647
1.219272
1.219272
1.395105
1.395105
1.220162
1.220162
1.347406
1.347406
1.328002
1.328002
1.299885
1.299885
1.288521
1.288521
1.311896
1.311896
1.355533
1.355533
1.288830
1.288830
1.146433
1.146433
1.396697
1.396697
1.294063
1.294063
1.371754
1.331492
1.371754
1.331492
1.390267
1.390267
1.287685
1.287685
1.330201
1.330201
1.366383
1.366383
1.221680
1.221680
1.079828
1.079828
1.380535
1.380535
1.384626
1.384626
1.196074
1.152457
1.196074
1.152457
1.307804
1.307804
1.242921
1.242921
1.313198
1.313198
1.362609
1.362609
1.388901
1.388901
1.348104
1.297187
1.297187
1.348104
1.186754
1.276506
1.186754
1.276506
1.309670
1.309670
1.382614
1.382614
1.067097
1.067097
1.348389
1.348389
1.117723
1.117723
1.165039
1.165039
1.341814
1.341814
1.241666
1.241666
1.231965
1.231965
1.359683
1.359683
1.230051
1.230051
1.379672
1.379672
1.397981
1.336420
1.336420
1.397981
1.308997
1.308997
1.074124
1.074124
1.079844
1.079844
1.363710
1.363710
1.249933
1.249933
1.365833
1.365833
1.268535
1.268535
1.392976
1.392976
1.392144
1.392144
1.253038
1.253038
1.259483
1.259483
1.398852
1.398852
1.260987
1.260987
1.269804
1.269804
1.341837
1.341837
1.283212
1.283212
1.267928
1.267928
1.255874
1.255874
1.389375
1.389375
1.167020
1.167020
1.316094
1.316094
1.391288
1.391288
1.125413
1.125413
1.364881
1.364881
1.204527
1.204527
1.394577
1.372821
1.372821
1.394577
1.293886
1.293886
1.364583
1.364583
1.175345
1.175345
1.256933
1.256933
1.350013
1.350013
1.398513
1.398513
1.319903
1.319903
1.207206
1.207206
1.233565
1.233565
1.273455
1.273455
1.064879
1.064879
1.292036
1.292036
1.219035
1.219035
1.381513
1.381513
1.352846
1.352846
1.293116
1.293116
1.387404
1.387404
1.382670
1.382670
1.276714
1.276714
1.325489
1.325489
1.214541
1.214541
1.373804
1.373804
1.179431
1.179431
1.073507
1.073507
1.089300
1.089300
1.357846
1.357846
1.293794
1.293794
1.332438
1.332438
1.325744
1.325744
1.236739
1.236739
1.397851
1.397851
1.392339
1.392339
1.285006
1.285006
1.367570
1.367570
1.352681
1.352681
1.315521
1.315521
1.342875
1.342875
1.104258
1.104258
1.190754
1.190754
1.361869
1.361869
1.323413
1.323413
1.358058
1.358058
1.302802
1.302802
1.136871
1.136871
1.279638
1.279638
1.364557
1.364557
1.383373
1.383373
1.374721
1.374721
1.313653
1.313653
1.007659
1.007659
1.303130
1.303130
1.277794
1.277794
1.261483
1.261483
1.395237
1.395237
1.345987
1.345987
1.270813
1.270813
1.106015
1.106015
1.267769
1.267769
1.294205
1.294205
1.326785
1.326785
1.312025
1.312025
1.157581
1.157581
1.273314
1.273314
1.347231
1.347231
1.045491
1.045491
1.373754
1.373754
1.294026
1.294026
1.350929
1.260567
1.350929
1.260567
1.380011
1.380011
1.344312
1.344312
1.273012
1.273012
1.197259
1.197259
1.386507
1.386507
1.313635
1.313635
1.227079
1.227079
1.096315
1.096315
1.338178
1.338178
1.038579
1.038579
1.234478
1.234478
1.271391
1.271391
1.375986
1.375986
1.379671
1.379671
1.348176
1.348176
1.314949
1.314949
1.335898
1.335898
1.351793
1.351793
1.342301
1.342301
1.148304
1.148304
1.378653
1.378653
1.392247
1.392247
1.177575
1.177575
1.384809
1.384809
1.293057
1.293057
1.348385
1.348385
1.379580
1.379580
1.389685
1.389685
1.327261
1.327261
1.142029
1.142029
1.175037
1.175037
1.324591
1.324591
1.299104
1.299104
1.222483
1.222483
1.311102
1.311102
1.256297
1.256297
1.379870
1.379870
1.268254
1.303148
1.303148
1.268254
1.340424
1.340424
1.309860
1.309860
1.199118
1.199118
1.269463
1.269463
1.112358
1.112358
1.366197
1.366197
1.300760
1.300760
1.367435
1.367435
1.200352
1.200352
1.306954
1.306954
1.390475
1.390475
1.387718
1.387718
1.382445
1.382445
1.238914
1.238914
1.277665
1.277665
1.330246
1.330246
1.158068
1.158068
1.343515
1.343515
1.269927
1.269927
1.235220
1.235220
1.227471
1.227471
1.238568
1.238568
1.366598
1.366598
1.397572
1.397572
1.293063
1.293063
1.253802
1.253802
1.260255
1.260255
1.191151
1.191151
1.327324
1.327324
1.385827
1.385827
1.334245
1.334245
1.298057
1.298057
1.332022
1.332022
1.333104
1.333104
1.395664
1.395664
1.104496
1.104496
1.196025
1.196025
1.398087
1.398087
1.139290
1.139290
1.272785
1.272785
1.315075
1.315075
1.332210
1.332210
1.280332
1.280332
1.380768
1.380768
1.337566
1.337566
1.092820
1.092820
1.366597
1.366597
1.387374
1.387374
1.307793
1.307793
1.343394
1.343394
1.342191
1.342191
1.224388
1.224388
1.385945
1.385945
1.366023
1.366023
1.235771
1.235771
1.115479
1.115479
1.198320
1.198320
1.354147
1.354147
1.395819
1.395819
1.237429
1.237429
1.278806
1.278806
1.258767
1.258767
1.190292
1.190292
1.245801
1.245801
1.399690
1.399690
1.291291
1.291291
1.384105
1.384105
1.286673
1.286673
1.261437
1.261437
1.317696
1.317696
1.359785
1.359785
1.203608
1.203608
1.179971
1.179971
1.328170
1.328170
1.302817
1.302817
1.377529
1.377529
1.322337
1.322337
1.381950
1.381950
1.262533
1.262533
1.199156
1.199156
1.313753
1.313753
1.204725
1.204725
1.208581
1.208581
1.361272
1.361272
1.336653
1.336653
1.321522
1.321522
1.385852
1.385852
1.150771
1.150771
1.280962
1.280962
1.286743
1.286743
1.369489
1.369489
1.069735
1.069735
1.331977
1.331977
1.277015
1.277015
1.181302
1.181302
1.398480
1.398480
1.223595
1.223595
1.378236
1.378236
1.133012
1.133012
1.245385
1.245385
1.337684
1.337684
1.379121
1.379121
1.083374
1.083374
1.162552
1.162552
1.390195
1.390195
1.272879
1.272879
1.367887
1.367887
1.320839
1.320839
1.334709
1.334709
1.062024
1.062024
1.222913
1.222913
1.141901
1.141901
1.314073
1.314073
1.393853
1.393853
1.278747
1.278747
1.144967
1.144967
1.230441
1.230441
1.375558
1.375558
1.221791
1.221791
