1.114354
1.114354
1.321587
1.321587
1.375568
1.375568
1.387847
1.387847
1.299105
1.299105
1.283048
1.283048
1.314178
1.314178
1.383594
1.383594
1.399510
1.399510
1.308441
1.308441
1.251291
1.251291
1.272744
1.272744
1.338031
1.338031
1.384866
1.384866
1.338778
1.338778
1.331905
1.331905
1.278038
1.278038
1.316279
1.316279
1.253845
1.253845
1.145354
1.145354
1.283605
1.283605
1.330273
1.330273
1.381612
1.381612
1.171208
1.171208
1.268432
1.268432
1.383389
1.383389
1.384676
1.384676
1.392550
1.392550
1.318040
1.318040
1.042529
1.042529
1.386854
1.386854
1.380122
1.380122
1.328241
1.328241
1.390518
1.390518
1.353732
1.392966
1.353732
1.392966
1.159328
1.159328
1.340927
1.340927
1.294647
1.294647
1.376531
1.376531
1.385293
1.202579
1.385293
1.202579
1.238623
1.238623
1.299339
1.299339
1.314475
1.329350
1.314475
1.329350
1.353088
1.353088
1.267663
1.267663
1.212693
1.212693
1.282667
1.378033
1.378033
1.282667
1.267844
1.267844
1.186277
1.186277
1.379503
1.293358
1.379503
1.293358
1.376594
1.376594
1.351280
1.351280
1.396125
1.396125
1.280180
1.280180
1.319414
1.319414
1.335342
1.335342
1.047807
1.047807
1.129928
1.129928
1.239847
1.239847
1.370722
1.370722
1.111062
1.111062
1.257151
1.135659
1.257151
1.135659
1.389075
1.389075
1.292775
1.292775
1.136178
1.332995
1.136178
1.332995
1.330852
1.330852
1.165413
1.121818
1.121818
1.165413
1.215283
1.215283
1.245365
1.245365
1.270741
1.364644
1.364644
1.270741
1.264874
1.264874
1.374542
1.374542
1.106385
1.106385
1.323968
1.323968
1.326163
1.260093
1.260093
1.326163
1.320245
1.320245
1.351708
1.351708
1.121106
1.121106
1.249666
1.290435
1.249666
1.290435
1.351088
1.351088
1.245838
1.352453
1.352453
1.245838
1.390898
1.390898
1.329656
1.329656
1.186759
1.186759
1.356324
1.356324
1.331959
1.331959
1.204629
1.204629
1.269029
1.269029
1.349560
1.349560
1.257090
1.257090
1.316999
1.268700
1.316999
1.268700
1.380037
1.380037
1.370096
1.370096
1.270115
1.270115
1.379632
1.379632
1.356578
1.356578
1.194924
1.194924
1.277598
1.277598
1.376069
1.376069
1.378850
1.378850
1.333817
1.333817
1.289157
1.289157
1.334139
1.334139
1.308751
1.308751
1.215769
1.215769
1.303659
1.303659
1.209376
1.078060
1.209376
1.078060
1.295976
1.295976
1.357208
1.357208
1.314859
1.314859
1.250688
1.250688
1.234707
1.234707
1.307547
1.307547
1.367146
1.367146
1.376126
1.376126
1.363197
1.363197
1.316327
1.316327
1.384831
1.384831
1.324180
1.324180
1.379449
1.379449
1.363299
1.363299
1.290563
1.290563
1.391385
1.391385
1.330214
1.330214
1.376183
1.376183
1.376023
1.376023
1.330536
1.330536
1.294551
1.294551
1.138357
1.138357
1.154208
1.154208
1.288117
1.288117
1.184149
1.184149
1.235897
1.235897
1.318768
1.318768
1.267621
1.267621
1.303240
1.303240
1.098586
1.098586
1.387702
1.387702
1.250249
1.250249
1.361339
1.361339
1.175539
1.175539
1.265276
1.265276
1.397494
1.397494
1.262621
1.262621
1.270932
1.270932
1.191191
1.191191
1.345719
1.345719
1.336700
1.336700
1.324444
1.324444
1.328402
1.328402
1.319274
1.319274
1.362122
1.362122
1.384743
1.384743
1.064566
1.064566
1.358081
1.358081
1.261488
1.261488
1.263533
1.263533
1.387313
1.387313
1.240584
1.240584
1.236896
1.236896
1.219355
1.369821
1.219355
1.369821
1.368722
1.368722
1.270630
1.270630
1.104732
1.148267
1.148267
1.104732
1.191376
1.191376
1.290315
1.290315
1.213226
1.213226
1.359428
1.359428
1.135080
1.135080
1.236998
1.236998
1.228515
1.228515
1.158200
1.158200
1.164211
1.164211
1.374761
1.374761
1.368060
1.368060
1.342640
1.342640
1.243448
1.243448
1.276820
1.276820
1.369782
1.369782
1.229419
1.229419
1.390929
1.390929
1.399324
1.399324
1.355066
1.355066
1.273019
1.273019
1.381811
1.381811
1.196865
1.196865
1.399724
1.399724
1.267154
1.267154
1.187200
1.187200
1.325667
1.325667
1.325039
1.325039
1.246669
1.246669
1.160730
1.160730
1.281196
1.281196
1.267154
1.267154
1.131382
1.131382
1.266493
1.266493
1.351394
1.351394
1.096338
1.096338
1.391135
1.391135
1.378508
1.378508
1.212346
1.212346
1.295728
1.295728
1.379796
1.379796
1.344395
1.344395
1.392749
1.392749
1.347971
1.347971
1.386552
1.386552
1.217615
1.217615
1.388901
1.388901
1.345346
1.345346
1.380618
1.380618
1.366891
1.366891
1.161506
1.161506
1.382931
1.382931
1.062088
1.062088
1.194299
1.194299
1.391277
1.391277
1.350684
1.350684
1.357012
1.357012
1.097651
1.097651
1.368366
1.368366
1.206502
1.206502
1.381901
1.381901
1.228233
1.228233
1.320762
1.320762
1.110494
1.110494
1.343046
1.343046
1.120825
1.120825
1.357300
1.357300
1.347347
1.347347
1.342077
1.342077
1.353481
1.353481
1.337770
1.337770
1.200200
1.200200
1.369207
1.369207
1.353542
1.353542
1.385385
1.385385
1.337871
1.337871
1.289650
1.289650
1.366702
1.366702
1.310476
1.310476
1.102974
1.102974
1.370241
1.370241
1.212308
1.212308
1.350343
1.350343
1.286633
1.286633
1.091819
1.091819
1.375046
1.375046
1.329840
1.329840
1.307914
1.307914
1.121384
1.121384
1.168957
1.168957
1.306208
1.306208
1.361016
1.361016
1.110205
1.110205
1.362584
1.362584
1.253023
1.253023
1.363424
1.363424
1.268555
1.268555
1.278354
1.278354
1.367308
1.367308
1.352469
1.352469
1.195376
1.195376
1.288151
1.288151
1.393501
1.393501
1.082495
1.082495
1.362027
1.362027
1.303909
1.303909
1.292145
1.292145
1.233177
1.233177
1.347791
1.347791
1.300941
1.300941
1.392988
1.392988
1.334214
1.334214
1.133099
1.133099
1.286700
1.286700
1.100628
1.100628
1.299519
1.299519
1.348320
1.348320
1.073689
1.073689
1.146442
1.146442
1.378362
1.378362
1.268150
1.268150
1.394561
1.394561
1.288495
1.288495
1.159962
1.159962
1.070545
1.070545
1.189599
1.189599
1.335159
1.335159
1.275460
1.275460
1.340921
1.340921
1.300403
1.300403
1.396964
1.396964
1.362037
1.362037
1.149393
1.149393
1.325846
1.325846
1.359987
1.359987
1.205926
1.205926
1.287011
1.287011
1.239760
1.239760
1.171321
1.171321
1.071414
1.071414
1.299696
1.299696
1.345306
1.345306
1.320731
1.320731
1.390462
1.390462
1.246074
1.246074
1.148562
1.148562
1.353037
1.353037
1.298099
1.298099
1.235722
1.235722
1.180187
1.180187
1.262495
1.262495
1.368307
1.368307
1.283860
1.283860
1.304499
1.304499
1.299708
1.299708
1.256267
1.256267
1.229715
1.229715
1.261631
1.261631
1.292856
1.292856
1.311254
1.311254
1.216691
1.216691
1.252959
1.252959
1.399978
1.399978
1.152703
1.152703
1.310289
1.310289
1.317149
1.317149
1.219195
1.219195
1.116137
1.116137
1.398278
1.398278
1.273295
1.273295
1.235235
1.235235
1.128244
1.128244
1.082430
1.082430
1.274190
1.274190
1.394455
1.394455
1.381151
1.381151
1.127027
1.127027
1.327169
1.327169
1.252069
1.252069
1.345520
1.345520
1.311687
1.311687
1.328246
1.328246
1.057624
1.057624
1.367870
1.367870
1.347286
1.347286
1.348556
1.348556
1.332176
1.332176
1.357153
1.357153
1.329483
1.329483
1.312312
1.312312
1.315452
1.315452
1.191505
1.191505
1.335835
1.335835
1.397795
1.397795
1.352142
1.352142
1.391395
1.391395
1.266285
1.266285
1.369854
1.369854
1.230473
1.230473
1.177444
1.177444
1.384868
1.384868
1.383096
1.383096
1.303127
1.303127
1.299160
1.299160
1.062578
1.062578
1.191793
1.191793
1.296078
1.296078
1.247711
1.247711
1.246978
1.246978
1.156215
1.156215
1.317201
1.317201
1.328507
1.328507
1.217303
1.217303
1.387542
1.387542
1.257894
1.257894
1.359884
1.359884
1.201650
1.201650
1.185456
1.185456
1.324700
1.324700
1.161569
1.161569
1.118428
1.118428
1.273416
1.273416
1.140341
1.140341
1.098432
1.098432
1.245158
1.245158
1.357410
1.357410
1.340857
1.340857
1.301454
1.301454
1.169139
1.169139
1.351658
1.351658
1.221760
1.221760
1.371138
1.371138
1.178766
1.178766
1.393906
1.393906
1.273693
1.273693
1.266991
1.266991
1.386349
1.386349
1.296475
1.296475
1.358788
1.358788
1.263553
1.263553
1.264360
1.264360
1.387208
1.387208
1.332737
1.332737
1.347750
1.347750
1.225824
1.225824
1.297014
1.297014
1.283112
1.283112
1.323820
1.323820
1.104853
1.104853
1.332154
1.332154
1.076871
1.076871
1.081432
1.081432
1.236565
1.236565
1.324738
1.324738
1.179222
1.179222
1.255520
1.255520
1.222322
1.222322
1.349488
1.349488
1.361301
1.361301
1.389686
1.389686
1.369419
1.369419
1.308724
1.308724
1.380258
1.380258
1.204651
1.204651
1.285798
1.285798
1.219453
1.219453
1.230670
1.230670
1.339840
1.339840
1.027520
1.027520
1.083648
1.083648
1.304748
1.304748
1.122635
1.122635
1.192124
1.192124
1.042988
1.042988
1.090711
1.090711
1.254383
1.254383
1.114704
1.114704
1.110028
1.110028
1.203624
1.203624
1.110329
1.110329
1.052224
1.052224
1.189008
1.189008
1.101565
1.101565
1.298240
1.298240
1.070816
1.152139
1.152139
1.070816
1.327026
1.327026
1.332728
1.332728
1.111535
1.111535
1.391060
1.391060
1.313680
1.278869
1.278869
1.313680
1.382313
1.382313
1.144038
1.144038
1.246386
1.246386
1.382389
1.382389
1.165834
1.165834
1.098785
1.098785
1.377741
1.377741
1.328800
1.328800
1.329493
1.329493
1.324228
1.324228
1.340876
1.340876
1.327071
1.327071
1.271611
1.271611
