1.279493
1.279493
1.320391
1.320391
1.395435
1.047429
1.246307
1.246307
1.395435
1.047429
1.332798
1.332798
1.059728
1.059728
1.331656
1.331656
1.362009
1.362009
1.286780
1.286780
1.157083
1.318543
1.318543
1.157083
1.236901
1.236901
1.324716
1.324716
1.062024
1.062024
1.013752
1.013752
1.235380
1.240029
1.235380
1.240029
1.387413
1.387413
1.224609
1.391163
1.391163
1.224609
1.025763
1.025763
1.046017
1.046017
1.210400
1.210400
1.101204
1.101204
1.060788
1.060788
1.380462
1.380462
1.325444
1.325444
1.280833
1.280833
1.284721
1.284721
1.382447
1.382447
1.335940
1.335940
1.151532
1.151532
1.372140
1.240062
1.372140
1.240062
1.207293
1.207293
1.325276
1.325276
1.324210
1.324210
1.360459
1.360459
1.264368
1.264368
1.374603
1.374603
1.396675
1.396675
1.122591
1.122591
1.251758
1.251758
1.280410
1.280410
1.261749
1.261749
1.336301
1.336301
1.397003
1.397003
1.340897
1.340897
1.089320
1.089320
1.355340
1.355340
1.052356
1.052356
1.091479
1.091479
1.346343
1.346343
1.233754
1.381330
1.233754
1.381330
1.239501
1.239501
1.268288
1.268288
1.216536
1.358216
1.358216
1.216536
1.389491
1.389491
1.344951
1.344951
1.200663
1.200663
1.217368
1.217368
1.263910
1.263910
1.381732
1.381732
1.240074
1.240074
1.320244
1.367909
1.367909
1.320244
1.371671
1.371671
1.139413
1.224628
1.224628
1.139413
1.140756
1.140756
1.238350
1.238350
1.361085
1.361085
1.257189
1.257189
1.232020
1.232020
1.218394
1.208330
1.218394
1.208330
1.397071
1.397071
1.393398
1.393398
1.110400
1.110400
1.200530
1.200530
1.273435
1.273435
1.319773
1.319773
1.360376
1.360376
1.320693
1.320693
1.241459
1.241459
1.170746
1.170746
1.326007
1.326007
1.282808
1.282808
1.347044
1.347044
1.276343
1.276343
1.204799
1.204799
1.399434
1.399434
1.241867
1.241867
1.226232
1.226232
1.108353
1.108353
1.320819
1.320819
1.390745
1.390745
1.361372
1.361372
1.091308
1.091308
1.206593
1.206593
1.398487
1.398487
1.250882
1.250882
1.337093
1.337093
1.223479
1.223479
1.150198
1.150198
1.292100
1.292100
1.186221
1.186221
1.197968
1.197968
1.277526
1.277526
1.187742
1.260803
1.260803
1.187742
1.167326
1.167326
1.252315
1.252315
1.218420
1.218420
1.340989
1.340989
1.181545
1.181545
1.376671
1.376671
1.339106
1.339106
1.251948
1.251948
1.158343
1.158343
1.204037
1.204037
1.338462
1.130594
1.338462
1.130594
1.363333
1.363333
1.377589
1.377589
1.149244
1.149244
1.337716
1.337716
1.184345
1.184345
1.150652
1.150652
1.256394
1.256394
1.300228
1.300228
1.376669
1.376669
1.309870
1.309870
1.220452
1.220452
1.366673
1.366673
1.141562
1.141562
1.138743
1.138743
1.216500
1.216500
1.280985
1.280985
1.384289
1.384289
1.389595
1.389595
1.279183
1.279183
1.318585
1.318585
1.384929
1.384929
1.209289
1.209289
1.118684
1.316901
1.316901
1.118684
1.398241
1.398241
1.324441
1.319721
1.319721
1.324441
1.216542
1.216542
1.321509
1.321509
1.301777
1.301777
1.296907
1.296907
1.308775
1.308775
1.349648
1.246995
1.246995
1.349648
1.322915
1.322915
1.225849
1.225849
1.345178
1.345178
1.219821
1.219821
1.338942
1.338942
1.157169
1.157169
1.088768
1.088768
1.306388
1.306388
1.391764
1.391764
1.246348
1.246348
1.255210
1.255210
1.306075
1.306075
1.253255
1.253255
1.180773
1.180773
1.267526
1.267526
1.198253
1.198253
1.232764
1.232764
1.344303
1.344303
1.087115
1.087115
1.236310
1.236310
1.335834
1.335834
1.275979
1.275979
1.297151
1.297151
1.326424
1.326424
1.319878
1.319878
1.234919
1.234919
1.203384
1.203384
1.320412
1.320412
1.148707
1.148707
1.270393
1.270393
1.304239
1.304239
1.097004
1.097004
1.355250
1.327408
1.355250
1.327408
1.329775
1.329775
1.236722
1.236722
1.205638
1.205638
1.250995
1.250995
1.280170
1.280170
1.376756
1.376756
1.379150
1.379150
1.090978
1.090978
1.327208
1.327208
1.349072
1.349072
1.381755
1.381755
1.300262
1.300262
1.392590
1.392590
1.208310
1.208310
1.317123
1.317123
1.231504
1.231504
1.357476
1.357476
1.142578
1.142578
1.352735
1.352735
1.263000
1.263000
1.347719
1.347719
1.293647
1.293647
1.367117
1.367117
1.311903
1.311903
1.366616
1.366616
1.306016
1.306016
1.308202
1.308202
1.287743
1.287743
1.341144
1.341144
1.397941
1.397941
1.286446
1.286446
1.398710
1.398710
1.340282
1.340282
1.261228
1.261228
1.299422
1.299422
1.397935
1.397935
1.387043
1.387043
1.378814
1.378814
1.057247
1.057247
1.329171
1.329171
1.378733
1.378733
1.344230
1.344230
1.348541
1.348541
1.395762
1.395762
1.270794
1.270794
1.205159
1.205159
1.336191
1.336191
1.350936
1.350936
1.249816
1.249816
1.349520
1.349520
1.399670
1.308484
1.399670
1.308484
1.151105
1.151105
1.354416
1.354416
1.344527
1.344527
1.238433
1.238433
1.247485
1.247485
1.330096
1.330096
1.099917
1.099917
1.158475
1.158475
1.395437
1.395437
1.342988
1.342988
1.248894
1.248894
1.289077
1.289077
1.297211
1.297211
1.360663
1.360663
1.123093
1.123093
1.238367
1.238367
1.211953
1.211953
1.231848
1.231848
1.391330
1.391330
1.393695
1.393695
1.281075
1.281075
1.330528
1.330528
1.317130
1.317130
1.264950
1.264950
1.200835
1.200835
1.334046
1.334046
1.063437
1.063437
1.292140
1.292140
1.101439
1.101439
1.394803
1.394803
1.138475
1.138475
1.365690
1.365690
1.344436
1.344436
1.328094
1.328094
1.312059
1.312059
1.138142
1.138142
1.348051
1.348051
1.361301
1.361301
1.199635
1.199635
1.283062
1.283062
1.195072
1.195072
1.305236
1.305236
1.240355
1.240355
1.142613
1.142613
1.243912
1.243912
1.331270
1.331270
1.155311
1.155311
1.050757
1.050757
1.369511
1.369511
1.277621
1.277621
1.258656
1.258656
1.386880
1.386880
1.189400
1.189400
1.320745
1.320745
1.382435
1.382435
1.273235
1.273235
1.249996
1.249996
1.346765
1.346765
1.312171
1.312171
1.297312
1.297312
1.268138
1.268138
1.168234
1.168234
1.371442
1.371442
1.325614
1.325614
1.328130
1.328130
1.357828
1.357828
1.368668
1.368668
1.295390
1.295390
1.297270
1.297270
1.120820
1.120820
1.396562
1.396562
1.296446
1.296446
1.380836
1.380836
1.376152
1.376152
1.241699
1.241699
1.375496
1.375496
1.398144
1.398144
1.261581
1.261581
1.136546
1.136546
1.329518
1.329518
1.204594
1.204594
1.144270
1.144270
1.325294
1.325294
1.251673
1.251673
1.354462
1.354462
1.232204
1.232204
1.363656
1.363656
1.329751
1.329751
1.262552
1.262552
1.248893
1.248893
1.378150
1.378150
1.380697
1.380697
1.391610
1.391610
1.166703
1.166703
1.386682
1.386682
1.366079
1.366079
1.300954
1.300954
1.289348
1.289348
1.165185
1.165185
1.253671
1.253671
1.347315
1.347315
1.244361
1.244361
1.178713
1.178713
1.374443
1.374443
1.340392
1.340392
1.372042
1.372042
1.381329
1.381329
1.335629
1.335629
1.353692
1.353692
1.365535
1.365535
1.353482
1.353482
1.357557
1.357557
1.073496
1.073496
1.298816
1.298816
1.294623
1.294623
1.399645
1.399645
1.069879
1.069879
1.177140
1.177140
1.361199
1.361199
1.340598
1.340598
1.214793
1.214793
1.273182
1.273182
1.062588
1.062588
1.056313
1.056313
1.283988
1.283988
1.323498
1.323498
1.230352
1.230352
1.174690
1.174690
1.291995
1.291995
1.368471
1.368471
1.354419
1.354419
1.384674
1.384674
1.178743
1.178743
1.183507
1.183507
1.330185
1.330185
1.359395
1.359395
1.373376
1.373376
1.283819
1.283819
1.213476
1.213476
1.377034
1.377034
1.320460
1.320460
1.338621
1.338621
1.350955
1.350955
1.174479
1.174479
1.324330
1.324330
1.331811
1.331811
1.288318
1.288318
1.346963
1.346963
1.054746
1.054746
1.321324
1.321324
1.281238
1.281238
1.048288
1.048288
1.239851
1.239851
1.376522
1.376522
1.368047
1.368047
1.272312
1.272312
1.048662
1.048662
1.338413
1.338413
1.259165
1.259165
1.371965
1.371965
1.107238
1.107238
1.089940
1.089940
1.356155
1.356155
1.391648
1.391648
1.365630
1.365630
