1.229971
1.229971
1.323334
1.323334
1.368740
1.368740
1.356145
1.356145
1.308270
1.308270
1.334422
1.398729
1.334422
1.310297
1.310297
1.398729
1.383289
1.383289
1.249980
1.249980
1.343085
1.343085
1.202271
1.202271
1.117127
1.117127
1.231847
1.231847
1.312593
1.312593
1.268734
1.294522
1.268734
1.294522
1.389333
1.389333
1.332095
1.332095
1.267365
1.267365
1.346296
1.346296
1.231952
1.231952
1.340578
1.340578
1.200040
1.200040
1.390817
1.390817
1.274312
1.274312
1.270183
1.270183
1.317753
1.317753
1.362733
1.362733
1.331920
1.331920
1.199695
1.199695
1.344608
1.344608
1.239552
1.239552
1.296568
1.296568
1.364154
1.364154
1.251441
1.251441
1.375803
1.375803
1.038882
1.038882
1.380052
1.380052
1.237849
1.102658
1.102658
1.237849
1.254420
1.254420
1.367383
1.375610
1.367383
1.375610
1.395078
1.395078
1.318735
1.318735
1.269404
1.188966
1.188966
1.269404
1.305829
1.305829
1.319949
1.319949
1.356734
1.356734
1.358045
1.358045
1.292255
1.292255
1.302778
1.302778
1.185112
1.185112
1.249112
1.249112
1.387376
1.387376
1.276350
1.276350
1.220287
1.220287
1.311195
1.311195
1.348558
1.348558
1.273001
1.273001
1.096575
1.096575
1.355468
1.355468
1.266895
1.266895
1.352010
1.327943
1.352010
1.327943
1.212909
1.212909
1.313301
1.313301
1.393355
1.392969
1.393355
1.392969
1.357257
1.357257
1.263999
1.263999
1.395697
1.395697
1.325569
1.325569
1.138816
1.272727
1.047770
1.272727
1.138816
1.047770
1.325541
1.325541
1.230264
1.230264
1.282457
1.282457
1.244195
1.244195
1.298081
1.298081
1.379117
1.379117
1.158619
1.158619
1.272846
1.272846
1.359104
1.236365
1.359104
1.236365
1.324332
1.324332
1.181936
1.181936
1.188431
1.188431
1.372940
1.372940
1.350464
1.350464
1.213480
1.213480
1.169807
1.169807
1.345289
1.345289
1.397852
1.397852
1.353272
1.353272
1.183962
1.183962
1.203742
1.203742
1.259905
1.259905
1.393177
1.393177
1.334782
1.270327
1.270327
1.334782
1.390135
1.390135
1.381851
1.381851
1.278996
1.278996
1.379638
1.379638
1.351080
1.351080
1.159463
1.159463
1.369201
1.249871
1.369201
1.249871
1.141569
1.141569
1.352616
1.352616
1.096062
1.096062
1.315463
1.315463
1.316809
1.316809
1.118314
1.118314
1.242339
1.377027
1.377027
1.242339
1.350096
1.350096
1.358692
1.358692
1.282750
1.282750
1.313258
1.313258
1.315472
1.315472
1.340588
1.340588
1.308819
1.308819
1.098410
1.098410
1.399498
1.399498
1.259708
1.259708
1.248878
1.248878
1.277646
1.277646
1.077509
1.077509
1.201315
1.201315
1.398314
1.398314
1.347583
1.347583
1.368419
1.368419
1.303332
1.303332
1.248979
1.267475
1.248979
1.267475
1.324414
1.324414
1.366803
1.366803
1.218215
1.218215
1.296283
1.296283
1.337644
1.337644
1.079158
1.079158
1.337181
1.337181
1.390889
1.390889
1.325411
1.325411
1.208678
1.208678
1.336838
1.336838
1.365142
1.365142
1.399856
1.399856
1.191660
1.191660
1.375439
1.375439
1.384633
1.384633
1.280761
1.280761
1.356012
1.356012
1.084960
1.084960
1.265425
1.265425
1.356414
1.356414
1.207141
1.207141
1.324190
1.360296
1.360296
1.324190
1.383179
1.383179
1.283762
1.283762
1.363025
1.363025
1.179694
1.179694
1.213173
1.213173
1.304272
1.304272
1.351244
1.351244
1.198283
1.198283
1.108298
1.108298
1.353468
1.353468
1.328314
1.328314
1.338768
1.338768
1.359850
1.359850
1.397830
1.397830
1.386448
1.386448
1.391702
1.391702
1.303801
1.303801
1.054513
1.054513
1.379630
1.379630
1.309169
1.309169
1.388740
1.388740
1.215044
1.215044
1.325824
1.325824
1.293823
1.293823
1.359541
1.359541
1.325041
1.325041
1.258607
1.148757
1.148757
1.258607
1.381850
1.381850
1.390514
1.390514
1.307859
1.307859
1.196531
1.196531
1.225159
1.225159
1.323865
1.323865
1.326441
1.326441
1.296232
1.296232
1.302110
1.392319
1.302110
1.392319
1.245142
1.245142
1.023378
1.023378
1.116117
1.116117
1.331125
1.331125
1.091975
1.091975
1.320555
1.320555
1.356189
1.356189
1.374339
1.374339
1.355448
1.355448
1.222128
1.222128
1.384682
1.384682
1.341866
1.341866
1.108773
1.108773
1.391733
1.391733
1.241481
1.241481
1.297306
1.297306
1.346102
1.346102
1.325856
1.325856
1.219130
1.219130
1.238820
1.238820
1.376676
1.376676
1.150137
1.150137
1.180703
1.180703
1.391688
1.391688
1.369845
1.369845
1.395270
1.395270
1.318779
1.318779
1.399965
1.399965
1.335015
1.395022
1.395022
1.335015
1.391961
1.391961
1.360022
1.360022
1.338507
1.338507
1.392627
1.392627
1.357438
1.357438
1.176441
1.176441
1.194976
1.194976
1.260325
1.260325
1.272820
1.272820
1.378683
1.378683
1.385408
1.385408
1.271626
1.271626
1.345421
1.345421
1.172697
1.340875
1.172697
1.340875
1.373967
1.373967
1.260559
1.260559
1.153090
1.153090
1.180538
1.180538
1.137585
1.137585
1.211870
1.211870
1.391105
1.391105
1.180332
1.180332
1.261973
1.261973
1.214694
1.214694
1.366163
1.366163
1.315193
1.315193
1.356453
1.356453
1.354752
1.354752
1.277600
1.277600
1.209623
1.209623
1.394694
1.394694
1.204585
1.204585
1.232895
1.232895
1.197428
1.197428
1.142349
1.142349
1.230295
1.230295
1.091111
1.091111
1.250199
1.250199
1.272442
1.272442
1.304331
1.304331
1.137288
1.137288
1.207445
1.207445
1.142193
1.142193
1.192215
1.192215
1.328777
1.328777
1.155298
1.155298
1.146994
1.146994
1.391183
1.391183
1.350604
1.350604
1.341831
1.341831
1.112891
1.112891
1.311132
1.311132
1.335741
1.335741
1.175215
1.175215
1.365718
1.321142
1.321142
1.365718
1.084760
1.084760
1.398955
1.398955
1.325387
1.325387
1.049340
1.049340
1.250355
1.376004
1.376004
1.250355
1.170002
1.170002
1.352483
1.352483
1.315943
1.315943
1.352804
1.352804
1.268144
1.268144
1.342890
1.342890
1.343160
1.343160
1.375661
1.375661
1.208922
1.208922
1.387346
1.387346
1.252579
1.252579
1.384518
1.384518
1.289375
1.289375
1.366384
1.366384
1.066714
1.066714
1.253944
1.253944
1.287677
1.287677
1.396108
1.396108
1.390750
1.390750
1.398748
1.398748
1.253678
1.253678
1.243199
1.243199
1.367209
1.367209
1.391282
1.391282
1.351437
1.351437
1.315488
1.315488
1.297346
1.297346
1.137513
1.137513
1.358784
1.358784
1.188003
1.188003
1.383695
1.383695
1.264992
1.264992
1.281603
1.281603
1.302659
1.302659
1.326133
1.326133
1.296680
1.296680
1.171381
1.171381
1.360072
1.360072
1.320325
1.320325
1.052515
1.052515
1.352110
1.352110
1.389192
1.389192
1.218828
1.218828
1.269940
1.269940
1.387099
1.387099
1.128869
1.128869
1.336602
1.336602
1.310038
1.310038
1.160931
1.160931
1.119340
1.119340
1.383679
1.383679
1.205926
1.205926
1.109867
1.109867
1.327358
1.327358
1.328088
1.328088
1.398428
1.398428
1.359471
1.359471
1.125702
1.125702
1.394471
1.394471
1.295249
1.295249
1.288675
1.288675
1.298562
1.298562
1.313858
1.313858
1.351367
1.351367
1.386602
1.386602
1.179862
1.179862
1.371331
1.371331
1.274594
1.274594
1.331560
1.331560
1.051837
1.051837
1.200386
1.200386
1.344046
1.344046
1.364266
1.364266
1.380098
1.380098
1.382359
1.382359
1.317037
1.317037
1.281803
1.281803
1.225285
1.225285
1.350332
1.350332
1.384797
1.384797
1.398779
1.398779
1.258290
1.258290
1.342377
1.342377
1.397249
1.397249
1.385073
1.385073
1.044963
1.044963
1.292764
1.292764
1.125296
1.125296
1.364526
1.364526
1.191167
1.191167
1.257615
1.257615
1.082610
1.082610
1.133296
1.133296
1.335763
1.335763
1.227245
1.227245
1.388081
1.388081
1.148069
1.148069
1.215850
1.215850
1.317987
1.317987
1.286109
1.286109
1.337488
1.337488
1.258474
1.258474
1.209635
1.209635
1.324580
1.324580
1.297634
1.297634
1.355677
1.355677
1.393944
1.393944
1.375892
1.375892
1.215816
1.215816
1.318911
1.318911
1.356780
1.356780
1.131523
1.131523
1.377192
1.377192
1.195235
1.195235
1.146481
1.146481
1.386996
1.386996
1.291976
1.291976
1.382674
1.382674
1.167919
1.167919
1.180534
1.180534
1.352897
1.352897
1.280819
1.280819
1.257528
1.257528
1.312461
1.312461
1.223036
1.251639
1.223036
1.251639
1.303434
1.303434
1.390347
1.390347
1.325110
1.325110
1.381865
1.381865
1.086923
1.086923
1.165662
1.165662
1.245557
1.245557
1.215948
1.215948
1.303100
1.303100
1.153705
1.153705
1.096575
1.096575
1.184785
1.184785
1.397978
1.397978
1.256306
1.256306
1.327144
1.327144
1.214362
1.214362
1.358014
1.358014
1.354516
1.354516
1.309492
1.309492
1.277300
1.277300
1.285267
1.285267
1.356014
1.356014
1.357980
1.357980
1.178920
1.178920
1.392924
1.392924
1.292737
1.292737
1.366999
1.366999
1.332455
1.332455
1.356445
1.356445
1.238039
1.238039
1.225052
1.225052
1.306785
1.306785
1.036322
1.036322
1.390600
1.390600
1.186058
1.186058
1.201910
1.201910
1.354995
1.354995
1.212790
1.212790
1.307713
1.307713
1.286496
1.286496
1.262855
1.262855
1.236694
1.236694
1.304227
1.304227
1.109011
1.109011
1.259690
1.259690
1.252634
1.252634
1.335168
1.335168
1.244740
1.244740
1.266843
1.266843
1.397584
1.397584
1.224299
1.224299
1.321461
1.321461
1.318121
1.318121
1.306401
1.306401
1.199737
1.199737
1.238047
1.238047
1.175925
1.175925
1.268624
1.268624
1.383948
1.383948
1.105295
1.105295
1.287538
1.287538
1.099710
1.099710
1.368301
1.368301
1.168786
1.168786
1.372402
1.372402
1.325170
1.325170
1.374285
1.374285
1.397963
1.397963
1.165090
1.165090
1.157425
1.157425
1.396324
1.396324
1.089688
1.089688
1.171383
1.171383
1.300652
1.300652
1.024966
1.024966
1.337043
1.337043
1.379882
1.379882
