1.205676
1.205676
1.377428
1.377428
1.364053
1.364053
1.329074
1.274867
1.274867
1.329074
1.170327
1.170327
1.288486
1.296515
1.288486
1.296515
1.307452
1.307452
1.253144
1.253144
1.128213
1.128213
1.212878
1.212878
1.343261
1.343261
1.389181
1.389181
1.334631
1.300600
1.300600
1.334631
1.366601
1.366601
1.386811
1.386811
1.288069
1.110851
1.110851
1.288069
1.369254
1.395984
1.395984
1.369254
1.334832
1.334832
1.388503
1.336157
1.336157
1.388503
1.137262
1.067191
1.137262
1.348375
1.067191
1.348375
1.188887
1.188887
1.399266
1.399266
1.319736
1.319736
1.249721
1.249721
1.210751
1.210751
1.118711
1.118711
1.282229
1.282229
1.332422
1.332422
1.355278
1.355278
1.145116
1.145116
1.256685
1.256685
1.337984
1.392580
1.077508
1.337984
1.077508
1.345250
1.345250
1.392580
1.238639
1.282804
1.282804
1.238639
1.070808
1.070808
1.374247
1.374247
1.271506
1.223653
1.223653
1.271506
1.356161
1.356161
1.324474
1.324474
1.304974
1.299690
1.299690
1.304974
1.274310
1.274310
1.376636
1.376636
1.395178
1.395178
1.304663
1.304663
1.334684
1.334684
1.318208
1.318208
1.348436
1.348436
1.198054
1.198054
1.316615
1.316615
1.211912
1.211912
1.185229
1.185229
1.224707
1.224707
1.079530
1.079530
1.394808
1.394808
1.315182
1.315182
1.384941
1.384941
1.272754
1.272754
1.279861
1.279861
1.180046
1.180046
1.342254
1.342254
1.147792
1.147792
1.368998
1.368998
1.266235
1.361688
1.361688
1.219866
1.219866
1.266235
1.332471
1.332471
1.141631
1.288491
1.141631
1.288491
1.220293
1.220293
1.334472
1.334472
1.359151
1.359151
1.197675
1.197675
1.350702
1.350702
1.335903
1.335903
1.283322
1.283322
1.392756
1.392756
1.350185
1.350185
1.385382
1.385382
1.140216
1.140216
1.388026
1.388026
1.308003
1.308003
1.193509
1.193509
1.265929
1.265929
1.375297
1.375297
1.392582
1.392582
1.335809
1.335809
1.375704
1.292950
1.292950
1.375704
1.171696
1.171696
1.310639
1.310639
1.232324
1.232324
1.217682
1.217682
1.359909
1.359909
1.328022
1.328022
1.080352
1.080352
1.329705
1.329705
1.337721
1.333208
1.333208
1.337721
1.392335
1.392335
1.322637
1.322637
1.108206
1.108206
1.278195
1.278195
1.375751
1.375751
1.367471
1.367471
1.169180
1.169180
1.104995
1.104995
1.360498
1.360498
1.341891
1.042195
1.341891
1.042195
1.309510
1.309510
1.376217
1.376217
1.331897
1.331897
1.344750
1.344750
1.276906
1.276906
1.260705
1.260705
1.246095
1.246095
1.223302
1.223302
1.339787
1.339787
1.358237
1.358237
1.146951
1.146951
1.349273
1.349273
1.124797
1.124797
1.301695
1.301695
1.172113
1.393035
1.393035
1.172113
1.230821
1.230821
1.350216
1.350216
1.138290
1.138290
1.134452
1.298166
1.298166
1.134452
1.372758
1.372758
1.363305
1.363305
1.207888
1.207888
1.399640
1.399640
1.241245
1.241245
1.366453
1.366453
1.343251
1.343251
1.237254
1.237254
1.346283
1.346283
1.318594
1.318594
1.367533
1.367533
1.088055
1.088055
1.358588
1.358588
1.262174
1.262174
1.133093
1.133093
1.315549
1.315549
1.367107
1.367107
1.250193
1.250193
1.340155
1.340155
1.224360
1.224360
1.158285
1.158285
1.362116
1.362116
1.383985
1.383985
1.313774
1.313774
1.398427
1.398427
1.208607
1.208607
1.220214
1.220214
1.043112
1.043112
1.169311
1.169311
1.263204
1.263204
1.308958
1.308958
1.370209
1.370209
1.348667
1.348667
1.288346
1.288346
1.103923
1.103923
1.178033
1.178033
1.222889
1.302388
1.222889
1.302388
1.397758
1.397758
1.197768
1.197768
1.391255
1.391255
1.275459
1.275459
1.269194
1.269194
1.285155
1.285155
1.340909
1.340909
1.151517
1.151517
1.174440
1.174440
1.200349
1.200349
1.240587
1.240587
1.298275
1.298275
1.299993
1.299993
1.378243
1.138553
1.378243
1.138553
1.102962
1.102962
1.382083
1.382083
1.346957
1.346957
1.230935
1.230935
1.297999
1.297999
1.282584
1.282584
1.398451
1.398451
1.375443
1.375443
1.307807
1.307807
1.242023
1.242023
1.296975
1.296975
1.104031
1.104031
1.339952
1.339952
1.396005
1.225907
1.396005
1.225907
1.271030
1.271030
1.236156
1.236156
1.393054
1.393054
1.305471
1.305471
1.392363
1.392363
1.375539
1.375539
1.157716
1.157716
1.362844
1.362844
1.381178
1.381178
1.356276
1.356276
1.189686
1.189686
1.236707
1.236707
1.098278
1.098278
1.377171
1.377171
1.327944
1.327944
1.079046
1.079046
1.381492
1.381492
1.321264
1.321264
1.362410
1.310692
1.310692
1.362410
1.321786
1.321786
1.168657
1.168657
1.341839
1.341839
1.342841
1.342841
1.266085
1.266085
1.116369
1.116369
1.163795
1.163795
1.361814
1.361814
1.362944
1.362944
1.127822
1.127822
1.197666
1.264187
1.264187
1.197666
1.355355
1.355355
1.270267
1.270267
1.045967
1.045967
1.303415
1.303415
1.230046
1.230046
1.063711
1.063711
1.281721
1.281721
1.385048
1.385048
1.228100
1.228100
1.353085
1.353085
1.332433
1.332433
1.284184
1.284184
1.392261
1.392261
1.394954
1.394954
1.246461
1.246461
1.342814
1.342814
1.376229
1.376229
1.222570
1.222570
1.323221
1.323221
1.352178
1.352178
1.238512
1.238512
1.358461
1.358461
1.379002
1.379002
1.228779
1.228779
1.361426
1.361426
1.228080
1.228080
1.326425
1.326425
1.384135
1.384135
1.343851
1.343851
1.281925
1.281925
1.200003
1.200003
1.192053
1.192053
1.246726
1.246726
1.371643
1.371643
1.307788
1.307788
1.236258
1.236258
1.156254
1.156254
1.332686
1.332686
1.339179
1.339179
1.280831
1.280831
1.364080
1.364080
1.373924
1.373924
1.373288
1.347423
1.347423
1.373288
1.241991
1.241991
1.173397
1.173397
1.249302
1.249302
1.206810
1.206810
1.332112
1.332112
1.205405
1.205405
1.328753
1.328753
1.328440
1.328440
1.160663
1.160663
1.208222
1.208222
1.143363
1.143363
1.387729
1.387729
1.263141
1.263141
1.264055
1.264055
1.371073
1.371073
1.274551
1.274551
1.371005
1.371005
1.169682
1.169682
1.330119
1.330119
1.134893
1.134893
1.219701
1.219701
1.322217
1.322217
1.325864
1.325864
1.053750
1.053750
1.026580
1.026580
1.345863
1.345863
1.128130
1.128130
1.332020
1.332020
1.125901
1.125901
1.258869
1.258869
1.206649
1.206649
1.341472
1.341472
1.387609
1.387609
1.250415
1.250415
1.362600
1.362600
1.229743
1.229743
1.393820
1.393820
1.331034
1.331034
1.332049
1.332049
1.362993
1.362993
1.352105
1.352105
1.364942
1.364942
1.321845
1.321845
1.140230
1.140230
1.396931
1.396931
1.272788
1.272788
1.185629
1.185629
1.225645
1.225645
1.366870
1.366870
1.398870
1.398870
1.378023
1.378023
1.193172
1.193172
1.126846
1.126846
1.119383
1.119383
1.389850
1.389850
1.337819
1.337819
1.317449
1.317449
1.114261
1.114261
1.256660
1.256660
1.093309
1.093309
1.202979
1.202979
1.391721
1.391721
1.207212
1.207212
1.090673
1.090673
1.142492
1.142492
1.308333
1.308333
1.377072
1.377072
1.204452
1.204452
1.294513
1.294513
1.235077
1.235077
1.323745
1.323745
1.256862
1.256862
1.329276
1.329276
1.301920
1.301920
1.222407
1.222407
1.360235
1.360235
1.335547
1.335547
1.363987
1.363987
1.273991
1.273991
1.094799
1.094799
1.311553
1.311553
1.333050
1.333050
1.232624
1.232624
1.361141
1.361141
1.372949
1.372949
1.209488
1.209488
1.393464
1.393464
1.314544
1.314544
1.238688
1.238688
1.302643
1.302643
1.152965
1.152965
1.368278
1.368278
1.284543
1.284543
1.299319
1.299319
1.182752
1.182752
1.147460
1.147460
1.292642
1.292642
1.268838
1.268838
1.385214
1.385214
1.385105
1.385105
1.193032
1.193032
1.312310
1.312310
1.260481
1.260481
1.277501
1.277501
1.392929
1.392929
1.224926
1.224926
1.222825
1.222825
1.208415
1.208415
1.172559
1.172559
1.319704
1.319704
1.373283
1.373283
1.142711
1.142711
1.321348
1.321348
1.018799
1.018799
1.366342
1.366342
1.123067
1.123067
1.363738
1.363738
1.324674
1.324674
1.291421
1.291421
1.256310
1.256310
1.230409
1.230409
1.378732
1.378732
1.350427
1.350427
