1.366275
1.366275
1.281662
1.281662
1.291753
1.291753
1.219809
1.217935
1.219809
1.217935
1.278555
1.278555
1.386425
1.386425
1.379512
1.379512
1.247868
1.247868
1.385833
1.385833
1.375481
1.375481
1.350032
1.350032
1.272993
1.272993
1.380913
1.380913
1.234539
1.234539
1.348765
1.348765
1.235043
1.235043
1.014566
1.014566
1.317524
1.317524
1.362006
1.362006
1.195386
1.195386
1.298937
1.298937
1.210660
1.210660
1.374891
1.374891
1.393552
1.393552
1.390203
1.390203
1.190949
1.324504
1.190949
1.324504
1.251399
1.251399
1.273533
1.138284
1.138284
1.273533
1.230774
1.230774
1.188209
1.188209
1.368890
1.368890
1.381259
1.381259
1.268256
1.268256
1.276312
1.276312
1.293212
1.293212
1.353353
1.353353
1.240659
1.240659
1.095818
1.095818
1.100881
1.100881
1.075914
1.300678
1.075914
1.300678
1.340354
1.340354
1.296179
1.296179
1.051414
1.051414
1.067041
1.122722
1.067041
1.122722
1.389043
1.389043
1.319227
1.319227
1.154786
1.154786
1.282259
1.282259
1.335092
1.343623
1.335092
1.343623
1.307083
1.388420
1.307083
1.388420
1.375307
1.375307
1.216199
1.247462
1.216199
1.247462
1.271424
1.271424
1.399428
1.399428
1.258772
1.258772
1.280195
1.280195
1.231828
1.231828
1.284448
1.284448
1.384402
1.384402
1.231611
1.352371
1.231611
1.352371
1.272323
1.272323
1.287063
1.287063
1.318890
1.318890
1.261341
1.261341
1.178241
1.178241
1.333416
1.333416
1.166215
1.166215
1.292718
1.292718
1.394519
1.223362
1.394519
1.223362
1.246033
1.246033
1.276511
1.276511
1.318722
1.318722
1.355258
1.355258
1.147612
1.170996
1.170996
1.147612
1.048831
1.048831
1.376048
1.376048
1.151744
1.151744
1.338488
1.338488
1.294850
1.294850
1.390900
1.390900
1.257538
1.257538
1.375714
1.375714
1.386116
1.386116
1.086268
1.086268
1.378453
1.378453
1.301077
1.301077
1.300645
1.300645
1.366055
1.366055
1.384552
1.384552
1.310818
1.310818
1.251054
1.251054
1.360237
1.360237
1.313468
1.313468
1.231899
1.231899
1.317605
1.317605
1.375579
1.375579
1.148624
1.148624
1.307096
1.307096
1.366892
1.366892
1.279587
1.279587
1.387509
1.387509
1.282091
1.282091
1.258210
1.317585
1.258210
1.317585
1.245037
1.245037
1.387680
1.387680
1.362354
1.362354
1.213769
1.213769
1.102939
1.102939
1.234400
1.234400
1.372225
1.372225
1.346874
1.346874
1.214761
1.214761
1.282101
1.343731
1.343731
1.282101
1.285696
1.285696
1.246637
1.246637
1.274107
1.274107
1.267475
1.267475
1.356568
1.356568
1.310075
1.310075
1.395449
1.395449
1.308046
1.308046
1.265956
1.265956
1.328662
1.328662
1.398002
1.398002
1.321294
1.321294
1.283887
1.283887
1.365097
1.365097
1.367859
1.367859
1.393805
1.393805
1.300385
1.300385
1.223287
1.223287
1.228271
1.228271
1.168918
1.168918
1.317384
1.317384
1.360946
1.360946
1.329872
1.329872
1.379329
1.379329
1.246257
1.246257
1.383269
1.383269
1.286491
1.286491
1.380616
1.394334
1.257524
1.257524
1.394334
1.380616
1.097944
1.097944
1.357001
1.357001
1.278222
1.278222
1.344761
1.344761
1.329811
1.329811
1.384895
1.384895
1.192379
1.192379
1.373729
1.373729
1.323305
1.323305
1.124554
1.124554
1.031182
1.031182
1.172343
1.172343
1.250908
1.250908
1.174370
1.174370
1.279656
1.279656
1.399536
1.399536
1.388834
1.388834
1.169194
1.169194
1.322722
1.322722
1.318936
1.318936
1.373379
1.373379
1.174781
1.174781
1.377668
1.377668
1.348176
1.348176
1.265383
1.265383
1.380554
1.380554
1.251208
1.251208
1.387154
1.387154
1.319390
1.319390
1.047295
1.047295
1.366709
1.366709
1.326873
1.326873
1.394534
1.394534
1.382475
1.382475
1.284998
1.284998
1.208254
1.208254
1.254729
1.254729
1.095785
1.095785
1.325612
1.325612
1.298516
1.298516
1.355021
1.355021
1.332683
1.332683
1.028568
1.028568
1.361894
1.361894
1.364136
1.364136
1.395262
1.395262
1.330398
1.330398
1.234746
1.234746
1.286610
1.286610
1.279604
1.279604
1.207513
1.207513
1.279266
1.279266
1.167119
1.167119
1.287028
1.287028
1.290489
1.290489
1.360127
1.360127
1.361633
1.361633
1.153037
1.153037
1.079655
1.079655
1.317619
1.317619
1.396152
1.396152
1.382700
1.382700
1.183653
1.183653
1.067906
1.067906
1.249491
1.249491
1.394661
1.394661
1.235022
1.235022
1.376412
1.376412
1.057878
1.057878
1.281684
1.281684
1.241865
1.241865
1.312214
1.312214
1.370456
1.370456
1.392375
1.392375
1.240150
1.240150
1.309114
1.309114
1.136457
1.136457
1.370631
1.370631
1.342489
1.342489
1.218960
1.218960
1.390157
1.390157
1.253081
1.253081
1.173694
1.173694
1.360768
1.360768
1.382235
1.382235
1.097461
1.097461
1.329669
1.329669
1.247932
1.247932
1.357240
1.357240
1.305777
1.305777
1.327697
1.327697
1.336764
1.336764
1.131582
1.131582
1.326111
1.326111
1.018485
1.018485
1.275050
1.275050
1.259728
1.259728
1.260462
1.260462
1.188042
1.188042
1.197210
1.197210
1.189760
1.189760
1.317581
1.317581
1.067561
1.067561
1.354524
1.354524
1.286753
1.286753
1.306891
1.306891
1.393432
1.393432
1.234141
1.234141
1.313550
1.313550
1.356402
1.356402
1.324961
1.324961
1.254053
1.254053
1.224454
1.171037
1.171037
1.224454
1.312923
1.312923
1.211904
1.211904
1.112238
1.112238
1.197692
1.197692
1.293025
1.293025
1.396059
1.396059
1.298277
1.298277
1.240130
1.171081
1.171081
1.240130
1.346354
1.346354
1.174666
1.174666
1.356422
1.356422
1.290316
1.290316
1.326080
1.326080
1.334127
1.334127
1.200761
1.200761
1.166500
1.166500
1.317109
1.317109
1.359191
1.359191
1.381491
1.381491
1.305065
1.305065
1.354684
1.354684
1.298264
1.298264
1.364102
1.364102
1.103009
1.103009
1.306253
1.306253
1.392458
1.392458
1.369194
1.369194
1.343515
1.343515
1.336063
1.336063
1.244755
1.244755
1.177044
1.177044
1.375460
1.375460
1.317553
1.317553
1.170448
1.170448
1.355188
1.355188
1.131219
1.131219
1.257465
1.257465
1.285573
1.285573
1.285689
1.285689
1.352762
1.352762
1.062560
1.062560
1.272003
1.272003
1.357834
1.357834
1.364358
1.364358
1.309613
1.309613
1.308941
1.308941
1.257959
1.257959
1.341419
1.341419
1.249720
1.249720
1.267960
1.267960
1.179155
1.179155
1.357845
1.357845
1.301332
1.301332
1.241505
1.241505
1.131788
1.131788
1.365241
1.365241
1.216822
1.216822
1.322202
1.322202
1.392317
1.392317
1.264423
1.264423
1.249480
1.249480
1.302784
1.302784
1.214159
1.214159
1.133290
1.133290
1.320468
1.320468
1.287955
1.287955
1.330464
1.330464
1.338080
1.338080
1.357742
1.357742
1.375730
1.375730
1.387385
1.387385
1.139812
1.139812
1.358723
1.358723
1.275622
1.275622
1.378529
1.378529
1.315370
1.315370
1.324603
1.324603
1.174090
1.174090
1.182272
1.182272
1.337004
1.337004
1.344937
1.344937
1.375319
1.375319
1.363648
1.363648
1.217641
1.217641
1.389589
1.389589
1.344175
1.344175
1.373762
1.373762
1.271357
1.271357
1.216364
1.216364
1.144959
1.144959
1.362271
1.362271
1.337428
1.337428
1.285947
1.285947
1.265374
1.265374
1.347639
1.347639
1.281148
1.281148
1.387749
1.387749
1.268974
1.268974
1.343165
1.343165
1.294396
1.294396
1.349608
1.349608
1.379774
1.379774
1.383083
1.383083
1.235197
1.235197
1.321948
1.321948
1.392788
1.392788
1.390594
1.390594
1.366979
1.366979
1.319026
1.319026
1.333757
1.333757
1.340128
1.340128
1.231285
1.231285
1.340184
1.340184
1.178965
1.178965
1.267041
1.267041
1.055200
1.055200
1.301908
1.301908
1.365258
1.365258
1.226324
1.226324
1.147748
1.147748
1.343341
1.343341
1.165764
1.165764
1.217622
1.217622
1.241121
1.241121
1.255431
1.255431
1.321351
1.321351
1.379902
1.379902
1.083905
1.083905
1.218453
1.218453
1.242614
1.242614
1.383652
1.383652
1.290530
1.290530
1.107093
1.107093
1.165021
1.165021
1.235638
1.235638
1.290953
1.290953
1.021608
1.021608
1.337849
1.337849
1.134253
1.134253
1.199186
1.199186
1.115785
1.115785
1.275763
1.275763
1.392229
1.392229
1.306293
1.306293
1.147034
1.147034
1.085044
1.085044
1.298857
1.298857
1.353902
1.353902
1.240352
1.240352
1.350279
1.350279
1.376875
1.376875
1.187848
1.187848
1.338057
1.338057
1.387341
1.387341
1.307702
1.307702
1.186510
1.186510
1.079606
1.079606
1.350746
1.350746
1.222066
1.222066
1.175108
1.175108
1.338399
1.338399
1.368389
1.368389
1.239343
1.239343
1.235126
1.235126
1.389747
1.389747
1.362303
1.362303
1.283956
1.283956
1.398366
1.398366
1.191643
1.191643
1.371136
1.371136
1.170656
1.170656
1.247091
1.247091
1.350583
1.350583
1.187185
1.187185
1.124397
1.124397
1.293013
1.293013
1.108619
1.108619
1.182118
1.182118
1.247196
1.247196
1.364556
1.364556
1.112929
1.112929
1.286775
1.286775
1.399616
1.399616
1.354628
1.354628
1.271633
1.271633
1.372706
1.372706
1.388990
1.388990
1.156266
1.156266
1.396764
1.396764
1.207098
1.207098
1.372088
1.372088
1.177151
1.177151
1.195405
1.195405
1.360293
1.360293
1.295782
1.295782
1.200110
1.200110
