1.372870
1.372870
1.278204
1.278204
1.090746
1.090746
1.399889
1.399889
1.294817
1.379232
1.294817
1.379232
1.368964
1.368964
1.305655
1.365814
1.305655
1.365814
1.298523
1.298523
1.213825
1.264578
1.213825
1.264578
1.380390
1.380390
1.392374
1.392374
1.201823
1.201823
1.212367
1.212367
1.250813
1.250813
1.326592
1.326592
1.195076
1.195076
1.053020
1.053020
1.344825
1.344825
1.392571
1.392571
1.343526
1.343526
1.318959
1.318959
1.276966
1.276966
1.303310
1.303310
1.248477
1.248477
1.212221
1.212221
1.271962
1.271962
1.302072
1.302072
1.332180
1.332180
1.319026
1.319026
1.337988
1.337988
1.180295
1.223109
1.223109
1.180295
1.206479
1.206479
1.303172
1.303172
1.260074
1.314119
1.314119
1.260074
1.135240
1.135240
1.337462
1.337462
1.399748
1.399748
1.292755
1.292755
1.261218
1.261218
1.167334
1.167334
1.149696
1.149696
1.390646
1.390646
1.348817
1.348817
1.163214
1.163214
1.344428
1.344428
1.279461
1.279461
1.234086
1.234086
1.332381
1.332381
1.365178
1.365178
1.136817
1.136817
1.299809
1.299809
1.304276
1.304276
1.381417
1.363214
1.381417
1.363214
1.339511
1.339511
1.010940
1.010940
1.372113
1.372113
1.134573
1.134573
1.384624
1.384624
1.110411
1.110411
1.148997
1.148997
1.262041
1.262041
1.297079
1.297079
1.139332
1.139332
1.192671
1.192671
1.369077
1.369077
1.367245
1.367245
1.071189
1.071189
1.320135
1.320135
1.121519
1.121519
1.351519
1.351519
1.327457
1.327457
1.385931
1.385931
1.329326
1.329326
1.042802
1.095579
1.042802
1.095579
1.223178
1.223178
1.261418
1.261418
1.112266
1.112266
1.398946
1.398946
1.351828
1.351828
1.170664
1.170664
1.320339
1.320339
1.238913
1.238913
1.332504
1.332504
1.346336
1.346336
1.336454
1.336454
1.337724
1.337724
1.267280
1.267280
1.330742
1.330742
1.345588
1.345588
1.375392
1.375392
1.350683
1.350683
1.380649
1.380649
1.305704
1.305704
1.163341
1.163341
1.369103
1.369103
1.319263
1.319263
1.291843
1.291843
1.381564
1.381564
1.237340
1.237340
1.194683
1.194683
1.130726
1.130726
1.339273
1.339273
1.336225
1.336225
1.394213
1.394213
1.333720
1.333720
1.209560
1.209560
1.371649
1.371649
1.209428
1.209428
1.244710
1.244710
1.397914
1.397914
1.371235
1.353281
1.353281
1.371235
1.309739
1.309739
1.392767
1.392767
1.036050
1.036050
1.358832
1.358832
1.201659
1.201659
1.272117
1.272117
1.361453
1.361453
1.226928
1.226928
1.155775
1.155775
1.307166
1.307166
1.307763
1.307763
1.383030
1.383030
1.386731
1.386731
1.327508
1.327508
1.281635
1.281635
1.239482
1.239482
1.271811
1.271811
1.221654
1.221654
1.387544
1.387544
1.385833
1.385833
1.251338
1.251338
1.363534
1.363534
1.286400
1.286400
1.364956
1.364956
1.373887
1.373887
1.366220
1.366220
1.156895
1.156895
1.173265
1.173265
1.357285
1.357285
1.165293
1.165293
1.373899
1.373899
1.146233
1.146233
1.356754
1.356754
1.204969
1.204969
1.311091
1.311091
1.116013
1.116013
1.317795
1.183381
1.183381
1.317795
1.168866
1.168866
1.343354
1.343354
1.171931
1.171931
1.277615
1.277615
1.344199
1.344199
1.139356
1.139356
1.229695
1.229695
1.030757
1.030757
1.366501
1.366501
1.348832
1.348832
1.338046
1.338046
1.321060
1.321060
1.279727
1.279727
1.107508
1.107508
1.256076
1.256076
1.349163
1.349163
1.288156
1.288156
1.210160
1.210160
1.243946
1.243946
1.314671
1.314671
1.354034
1.354034
1.235557
1.235557
1.180621
1.180621
1.169235
1.169235
1.337285
1.337285
1.104993
1.104993
1.350656
1.350656
1.281620
1.281620
1.215126
1.215126
1.399699
1.399699
1.318259
1.318259
1.289806
1.289806
1.272994
1.272994
1.141942
1.141942
1.268643
1.268643
1.361205
1.361205
1.226174
1.226174
1.319459
1.319459
1.358904
1.358904
1.194928
1.194928
1.263673
1.263673
1.228894
1.228894
1.181520
1.181520
1.390091
1.390091
1.394049
1.394049
1.229929
1.229929
1.210841
1.210841
1.321407
1.321407
1.239971
1.239971
1.324191
1.324191
1.325827
1.325827
1.137618
1.137618
1.382479
1.382479
1.140244
1.140244
1.332109
1.332109
1.190499
1.190499
1.396980
1.396980
1.334871
1.334871
1.274538
1.274538
1.321939
1.321939
1.376230
1.376230
1.362014
1.362014
1.132552
1.132552
1.144155
1.144155
1.310670
1.310670
1.157005
1.157005
1.231250
1.231250
1.275551
1.275551
1.335517
1.335517
1.363678
1.363678
1.338685
1.338685
1.194569
1.194569
1.264385
1.264385
1.264287
1.264287
1.224123
1.224123
1.244590
1.244590
1.313442
1.313442
1.252719
1.252719
1.163580
1.163580
1.105945
1.105945
1.312212
1.312212
1.209316
1.209316
1.396297
1.396297
1.144626
1.144626
1.154124
1.154124
1.228525
1.228525
1.347421
1.347421
1.339230
1.339230
1.324268
1.324268
1.385231
1.385231
1.306425
1.306425
1.354760
1.354760
1.205324
1.205324
1.194133
1.194133
1.369850
1.369850
1.291844
1.291844
1.377465
1.377465
1.138425
1.138425
1.243873
1.243873
1.357072
1.357072
1.303029
1.303029
1.344518
1.344518
1.350514
1.350514
1.202952
1.202952
1.361165
1.361165
1.219541
1.219541
1.077780
1.077780
1.383327
1.383327
1.364924
1.364924
1.395957
1.395957
1.060547
1.060547
1.179571
1.179571
1.209972
1.209972
1.361029
1.361029
1.345047
1.345047
1.293567
1.399771
1.293567
1.399771
1.378279
1.378279
1.084484
1.084484
1.148421
1.148421
1.389078
1.389078
1.351897
1.351897
1.235893
1.235893
1.384835
1.384835
1.316897
1.316897
1.205865
1.205865
1.373078
1.373078
1.198976
1.198976
1.355874
1.355874
1.322590
1.322590
1.226605
1.226605
1.331429
1.331429
1.390709
1.390709
1.371125
1.371125
1.197088
1.197088
1.313202
1.313202
1.234087
1.234087
1.327176
1.327176
1.261214
1.261214
1.379992
1.379992
1.313551
1.313551
1.110506
1.110506
1.332705
1.332705
1.383575
1.383575
1.386697
1.386697
1.396920
1.396920
1.212857
1.212857
1.363272
1.363272
1.391957
1.391957
1.366969
1.366969
1.375541
1.375541
1.329790
1.329790
1.305900
1.305900
1.352225
1.352225
1.394723
1.394723
1.359346
1.359346
1.356500
1.356500
1.268196
1.268196
1.121163
1.121163
1.235598
1.235598
1.157299
1.157299
1.366644
1.366644
1.242769
1.242769
1.192019
1.192019
1.188697
1.188697
1.182268
1.182268
1.301737
1.301737
1.134728
1.134728
1.341710
1.341710
1.388804
1.388804
1.316780
1.316780
1.374118
1.374118
1.390058
1.390058
1.231393
1.231393
1.379742
1.379742
1.289639
1.289639
1.145226
1.145226
1.202894
1.202894
1.152889
1.152889
1.235003
1.235003
1.278928
1.278928
1.258662
1.258662
1.351895
1.351895
1.397923
1.397923
1.191693
1.191693
1.278363
1.278363
1.351152
1.351152
1.179513
1.179513
1.372001
1.372001
1.332314
1.332314
1.147785
1.147785
1.395776
1.395776
1.087203
1.087203
1.361531
1.361531
1.136551
1.136551
1.398381
1.398381
1.160284
1.160284
1.348932
1.348932
1.383365
1.383365
1.367833
1.367833
1.207185
1.207185
1.169073
1.169073
1.260809
1.260809
1.241273
1.241273
1.255751
1.255751
1.192467
1.192467
1.106637
1.106637
1.370586
1.370586
1.218600
1.218600
1.210258
1.210258
1.250832
1.250832
1.348190
1.348190
1.381591
1.381591
1.235655
1.235655
1.209687
1.209687
