1.378021
1.378021
1.380019
1.380019
1.339987
1.339987
1.350456
1.350456
1.377147
1.312356
1.312356
1.377147
1.396287
1.396287
1.341626
1.341626
1.358899
1.358899
1.261892
1.261892
1.386589
1.386589
1.211901
1.211901
1.319504
1.319504
1.390541
1.390541
1.240716
1.240716
1.190322
1.190322
1.347001
1.347001
1.372954
1.372954
1.177272
1.177272
1.294359
1.294359
1.235255
1.235255
1.163821
1.254550
1.163821
1.254550
1.387616
1.387616
1.322752
1.322752
1.279711
1.279711
1.192994
1.192994
1.395522
1.395522
1.311294
1.311294
1.260117
1.260117
1.287228
1.287228
1.163438
1.163438
1.222110
1.222110
1.313871
1.313871
1.315167
1.315167
1.133911
1.133911
1.356956
1.356956
1.288363
1.288363
1.120569
1.120569
1.392030
1.392030
1.394845
1.394845
1.330690
1.330690
1.272903
1.272903
1.163035
1.163035
1.158290
1.158290
1.268538
1.268538
1.359575
1.359575
1.344898
1.344898
1.287429
1.287429
1.395843
1.205186
1.395843
1.205186
1.266672
1.230457
1.266672
1.230457
1.384874
1.325338
1.325338
1.384874
1.347665
1.347665
1.260461
1.260461
1.312511
1.312511
1.302480
1.302480
1.345733
1.345733
1.372824
1.372824
1.284497
1.284497
1.287545
1.287545
1.253917
1.253917
1.260905
1.260905
1.238364
1.238364
1.329046
1.329046
1.391804
1.391804
1.381926
1.381926
1.209530
1.209530
1.265613
1.265613
1.378403
1.149355
1.149355
1.378403
1.191901
1.191901
1.338572
1.338572
1.338614
1.338614
1.180187
1.180187
1.282287
1.282287
1.299531
1.361437
1.299531
1.361437
1.304322
1.304322
1.356391
1.356391
1.374150
1.374150
1.095895
1.095895
1.276663
1.276663
1.182068
1.182068
1.284505
1.284505
1.383159
1.383159
1.381463
1.381463
1.153921
1.153921
1.339976
1.339976
1.196118
1.196118
1.389256
1.389256
1.301893
1.301893
1.359465
1.359465
1.158203
1.158203
1.355594
1.355594
1.290758
1.290758
1.390022
1.390022
1.387012
1.387012
1.272915
1.272915
1.254595
1.254595
1.380555
1.380555
1.313114
1.313114
1.331750
1.331750
1.397692
1.385303
1.385303
1.194456
1.194456
1.397692
1.334053
1.334053
1.302998
1.302998
1.261362
1.261362
1.291271
1.291271
1.359349
1.359349
1.381957
1.381957
1.301974
1.251021
1.251021
1.301974
1.331079
1.331079
1.381721
1.381721
1.154663
1.154663
1.106155
1.106155
1.103356
1.103356
1.284085
1.284085
1.348267
1.348267
1.334530
1.334530
1.281645
1.281645
1.353310
1.353310
1.338696
1.338696
1.146445
1.146445
1.240807
1.240807
1.329204
1.329204
1.262002
1.262002
1.286691
1.286691
1.142316
1.142316
1.204650
1.204650
1.285964
1.285964
1.323071
1.323071
1.341169
1.341169
1.303525
1.303525
1.313614
1.313614
1.312472
1.312472
1.290330
1.290330
1.269089
1.269089
1.335215
1.335215
1.112619
1.112619
1.069948
1.069948
1.185047
1.185047
1.169231
1.169231
1.369893
1.369893
1.302096
1.302096
1.259699
1.259699
1.288570
1.288570
1.231648
1.231648
1.352250
1.352250
1.139468
1.139468
1.165730
1.165730
1.094212
1.094212
1.322685
1.322685
1.125166
1.125166
1.396896
1.396896
1.327476
1.327476
1.397613
1.397613
1.379910
1.379910
1.398531
1.349599
1.398531
1.349599
1.101465
1.101465
1.379036
1.379036
1.235990
1.235990
1.238999
1.238999
1.349979
1.349979
1.283472
1.283472
1.238831
1.238831
1.182048
1.182048
1.219207
1.219207
1.098819
1.098819
1.174549
1.174549
1.167071
1.167071
1.322632
1.322632
1.385424
1.385424
1.114681
1.114681
1.127787
1.127787
1.291926
1.291926
1.383888
1.383888
1.377689
1.377689
1.277978
1.277978
1.399273
1.399273
1.260495
1.260495
1.182691
1.182691
1.335494
1.335494
1.295546
1.295546
1.092155
1.092155
1.299077
1.299077
1.358740
1.358740
1.108373
1.108373
1.310478
1.310478
1.397928
1.397928
1.095679
1.095679
1.184663
1.184663
1.321511
1.321511
1.240286
1.240286
1.204862
1.204862
1.348321
1.348321
1.118018
1.118018
1.334110
1.334110
1.328936
1.328936
1.381370
1.381370
1.307608
1.307608
1.399237
1.399237
1.288409
1.288409
1.113197
1.113197
1.209762
1.209762
1.223809
1.223809
1.352893
1.352893
1.253082
1.253082
1.252846
1.252846
1.107855
1.107855
1.244206
1.244206
1.363155
1.363155
1.387265
1.387265
1.249858
1.249858
1.255575
1.255575
1.239854
1.239854
1.345275
1.345275
1.292076
1.292076
1.204082
1.204082
1.327593
1.327593
1.154399
1.154399
1.133682
1.133682
1.239100
1.239100
1.357357
1.357357
1.367907
1.367907
1.168995
1.168995
1.232378
1.232378
1.336274
1.336274
1.202374
1.202374
1.215960
1.215960
1.344581
1.344581
1.292525
1.292525
1.342455
1.342455
1.063260
1.063260
1.214153
1.214153
1.242116
1.242116
1.319702
1.319702
1.320034
1.320034
1.293206
1.293206
1.038160
1.038160
1.082210
1.082210
1.338815
1.338815
1.275950
1.275950
1.157380
1.157380
1.261360
1.261360
1.295972
1.295972
1.304728
1.304728
1.208437
1.208437
1.319604
1.319604
1.358902
1.358902
1.263907
1.263907
1.341469
1.341469
1.366205
1.366205
1.161053
1.161053
1.267498
1.267498
1.328667
1.328667
1.341201
1.341201
1.377147
1.377147
1.362751
1.362751
1.298507
1.298507
1.143811
1.143811
1.157020
1.157020
1.329749
1.329749
1.362028
1.362028
1.235141
1.235141
1.338063
1.338063
1.198937
1.198937
1.384607
1.384607
1.350820
1.350820
1.394031
1.394031
1.301981
1.301981
1.358899
1.358899
1.325204
1.325204
1.175880
1.175880
1.321763
1.321763
1.161673
1.161673
1.360590
1.360590
1.280062
1.280062
1.257639
1.257639
1.393793
1.393793
1.287986
1.287986
1.346188
1.346188
1.335482
1.335482
1.305294
1.305294
1.393274
1.393274
1.346645
1.346645
1.263875
1.263875
1.391111
1.391111
1.298493
1.298493
1.124153
1.124153
1.370037
1.370037
1.360838
1.360838
1.350147
1.350147
1.278531
1.278531
1.112260
1.112260
1.020886
1.020886
1.385198
1.385198
1.387738
1.387738
1.180453
1.180453
1.362643
1.362643
1.328911
1.328911
1.333861
1.333861
1.286901
1.286901
1.296284
1.296284
1.236157
1.236157
1.281956
1.281956
1.245229
1.245229
1.173514
1.173514
1.398099
1.398099
1.341509
1.341509
1.098222
1.098222
1.227096
1.227096
1.277074
1.277074
1.161736
1.161736
1.130486
1.130486
1.313130
1.313130
1.247396
1.247396
1.301131
1.301131
1.184791
1.184791
1.338724
1.338724
1.338075
1.338075
1.371430
1.371430
1.356044
1.356044
1.230490
1.230490
1.394211
1.394211
1.286971
1.286971
