1.072676
1.072676
1.366749
1.366749
1.344746
1.344746
1.322150
1.322150
1.374960
1.374960
1.169248
1.169248
1.242916
1.242916
1.270898
1.270898
1.378499
1.378499
1.302332
1.302332
1.370328
1.347617
1.370328
1.347617
1.331987
1.331987
1.397284
1.397284
1.394321
1.394321
1.112697
1.112697
1.358033
1.358033
1.354645
1.354645
1.169669
1.169669
1.377329
1.377329
1.353413
1.353413
1.260513
1.260513
1.359232
1.359232
1.388939
1.248557
1.388939
1.248557
1.397119
1.397119
1.352178
1.352178
1.378374
1.378374
1.388252
1.388252
1.192353
1.192353
1.287305
1.287305
1.061145
1.061145
1.368865
1.368865
1.157518
1.157518
1.233602
1.233602
1.342762
1.342762
1.337057
1.337057
1.375414
1.375414
1.388200
1.388200
1.365106
1.365106
1.251127
1.251127
1.399579
1.399579
1.162188
1.162188
1.339133
1.339133
1.268318
1.268318
1.232961
1.232961
1.353834
1.353834
1.275552
1.275552
1.332980
1.332980
1.339740
1.339740
1.343536
1.343536
1.285605
1.285605
1.397288
1.397288
1.323579
1.323579
1.153874
1.153874
1.112990
1.112990
1.314933
1.265695
1.314933
1.265695
1.268984
1.268984
1.336726
1.336726
1.336839
1.336839
1.388983
1.388983
1.349399
1.349399
1.211107
1.211107
1.307430
1.307430
1.281018
1.281018
1.321375
1.321375
1.394273
1.394273
1.302453
1.302453
1.347526
1.347526
1.224400
1.224400
1.160834
1.160834
1.231790
1.231790
1.370067
1.370067
1.348931
1.348931
1.101528
1.101528
1.315839
1.315839
1.254910
1.254910
1.207797
1.207797
1.325717
1.325717
1.398452
1.398452
1.289776
1.289776
1.189070
1.189070
1.306424
1.306424
1.319347
1.319347
1.370374
1.370374
1.195100
1.195100
1.288372
1.288372
1.079029
1.079029
1.394067
1.394067
1.301068
1.301068
1.363977
1.363977
1.250341
1.250341
1.394020
1.306910
1.306910
1.394020
1.238606
1.238606
1.111442
1.111442
1.299803
1.299803
1.188755
1.188755
1.235184
1.235184
1.056837
1.056837
1.295328
1.295328
1.270632
1.270632
1.248247
1.248247
1.395411
1.395411
1.195099
1.195099
1.341830
1.341830
1.192692
1.192692
1.384902
1.384902
1.386368
1.386368
1.387791
1.387791
1.371334
1.375440
1.375440
1.371334
1.125845
1.125845
1.343106
1.343106
1.218049
1.218049
1.194322
1.194322
1.387131
1.387131
1.264681
1.264681
1.080552
1.080552
1.231712
1.231712
1.387690
1.387690
1.145275
1.145275
1.347151
1.347151
1.379721
1.379721
1.352074
1.352074
1.215993
1.215993
1.192431
1.192431
1.381356
1.381356
1.345082
1.345082
1.258458
1.258458
1.393868
1.393868
1.294129
1.294129
1.137543
1.137543
1.296649
1.296649
1.365803
1.365803
1.315034
1.315034
1.397714
1.397714
1.228320
1.228320
1.341588
1.341588
1.208010
1.208010
1.101201
1.101201
1.153298
1.153298
1.398970
1.398970
1.335911
1.335911
1.113235
1.113235
1.226249
1.226249
1.146943
1.146943
1.393429
1.393429
1.301065
1.301065
1.141806
1.141806
1.179062
1.337222
1.179062
1.337222
1.099816
1.099816
1.278411
1.278411
1.370289
1.370289
1.316645
1.316645
1.236498
1.236498
1.370733
1.370733
1.260161
1.260161
1.190088
1.190088
1.360318
1.360318
1.254295
1.254295
1.340482
1.340482
1.329347
1.329347
1.302058
1.302058
1.166927
1.166927
1.394173
1.394173
1.355125
1.355125
1.358436
1.358436
1.260574
1.260574
1.310668
1.310668
1.343793
1.343793
1.253193
1.253193
1.356418
1.356418
1.334755
1.334755
1.158990
1.158990
1.393802
1.393802
1.194741
1.194741
1.196633
1.196633
1.376216
1.376216
1.341863
1.341863
1.353365
1.353365
1.126048
1.126048
1.235725
1.235725
1.308353
1.308353
1.332614
1.332614
1.306487
1.306487
1.378697
1.378697
1.394542
1.394542
1.392471
1.392471
1.231157
1.231157
1.355943
1.355943
1.144791
1.144791
1.200992
1.200992
1.055254
1.055254
1.262810
1.262810
1.353112
1.224200
1.224200
1.353112
1.237025
1.237025
1.375914
1.375914
1.398007
1.270023
1.398007
1.270023
1.111403
1.111403
1.290776
1.290776
1.380478
1.380478
1.229409
1.229409
1.168114
1.168114
1.352214
1.352214
1.389155
1.389155
1.391295
1.391295
1.213105
1.213105
1.290055
1.290055
1.243625
1.243625
1.291862
1.291862
1.373332
1.373332
1.319489
1.319489
1.245717
1.245717
1.333451
1.333451
1.290325
1.290325
1.353237
1.353237
1.361269
1.361324
1.361269
1.361324
1.316561
1.316561
1.198901
1.198901
1.233509
1.233509
1.136945
1.136945
1.259528
1.259528
1.167450
1.167450
1.302814
1.302814
1.137786
1.137786
1.360803
1.360803
1.301162
1.301162
1.321536
1.321536
1.396848
1.396848
1.339267
1.339267
1.310205
1.310205
1.372131
1.372131
1.213530
1.213530
1.378353
1.378353
1.207133
1.207133
1.227424
1.227424
1.391723
1.391723
1.367618
1.367618
1.184549
1.184549
1.390065
1.390065
1.316561
1.316561
1.398372
1.398372
1.348611
1.348611
1.330175
1.330175
1.229099
1.229099
1.222244
1.222244
1.297799
1.297799
1.254153
1.254153
1.176036
1.176036
1.318074
1.318074
1.318628
1.318628
1.299994
1.299994
1.294448
1.294448
1.256333
1.256333
1.379595
1.379595
1.280398
1.280398
1.135532
1.135532
1.355342
1.355342
1.373303
1.357123
1.373303
1.357123
1.354580
1.354580
1.204211
1.204211
1.173095
1.173095
1.164537
1.164537
1.324988
1.324988
1.250627
1.250627
1.359270
1.359270
1.367703
1.367703
1.276824
1.276824
1.380683
1.380683
1.379921
1.379921
1.306867
1.306867
1.130276
1.130276
1.360124
1.360124
1.166587
1.166587
1.326066
1.326066
1.248324
1.248324
1.238210
1.238210
1.223073
1.223073
1.372276
1.372276
1.354378
1.354378
1.199737
1.199737
1.198969
1.198969
1.391032
1.391032
1.168486
1.168486
1.176908
1.176908
1.331970
1.331970
1.347260
1.347260
1.293794
1.293794
1.308145
1.308145
1.197559
1.197559
1.140161
1.140161
1.393769
1.393769
1.382125
1.382125
1.332842
1.332842
1.308792
1.308792
1.384356
1.384356
1.189783
1.189783
1.394681
1.394681
1.291583
1.291583
1.247182
1.247182
1.305854
1.305854
1.213514
1.314644
1.213514
1.314644
1.329598
1.329598
1.375081
1.375081
1.377706
1.377706
1.210283
1.210283
1.369196
1.369196
1.381078
1.381078
1.348317
1.348317
1.211731
1.211731
1.134471
1.134471
1.341084
1.341084
1.194830
1.194830
1.110624
1.110624
1.340969
1.340969
1.245505
1.245505
1.351671
1.351671
1.089937
1.089937
1.302892
1.302892
1.378252
1.378252
1.256995
1.256995
1.276156
1.276156
1.106605
1.106605
1.284277
1.284277
1.327303
1.327303
1.104987
1.104987
1.214368
1.214368
1.348045
1.348045
1.242877
1.242877
1.113337
1.113337
1.321433
1.321433
1.224415
1.224415
1.394390
1.394390
1.374982
1.374982
1.297203
1.297203
1.302162
1.302162
1.258844
1.258844
1.366587
1.366587
1.354272
1.354272
1.334906
1.334906
1.382859
1.382859
1.358841
1.358841
1.307156
1.307156
1.329345
1.329345
1.139350
1.139350
1.258542
1.258542
1.256267
1.256267
1.347150
1.347150
1.240453
1.240453
1.201053
1.201053
1.303818
1.303818
1.319397
1.319397
1.361856
1.361856
1.224542
1.224542
1.307541
1.307541
1.361515
1.361515
1.359145
1.359145
1.379422
1.379422
1.197071
1.197071
1.186650
1.186650
1.397848
1.397848
1.141839
1.141839
1.221939
1.221939
1.327902
1.327902
1.266045
1.266045
1.362965
1.362965
1.144514
1.144514
1.280232
1.280232
1.367597
1.367597
1.352477
1.352477
1.268805
1.268805
1.207669
1.207669
1.300695
1.300695
1.298133
1.298133
1.374774
1.374774
1.370962
1.370962
1.259707
1.259707
1.370551
1.370551
1.333001
1.333001
1.197657
1.197657
1.112769
1.112769
1.319283
1.319283
1.312496
1.312496
1.380376
1.380376
1.361832
1.361832
1.351492
1.351492
1.293402
1.293402
1.386627
1.386627
1.286146
1.286146
1.211448
1.211448
1.018073
1.018073
1.386944
1.386944
1.293596
1.293596
1.299833
1.299833
1.395368
1.395368
1.277425
1.277425
1.345119
1.345119
1.324563
1.324563
1.321661
1.321661
1.287670
1.287670
1.230393
1.230393
