1.225090
1.225090
1.326477
1.326477
1.217802
1.217802
1.319101
1.279043
1.279043
1.319101
1.098900
1.098900
1.262275
1.262275
1.396737
1.396737
1.317857
1.317857
1.326431
1.326431
1.366970
1.366970
1.239916
1.239916
1.255465
1.255465
1.360103
1.360103
1.282052
1.282052
1.071007
1.071007
1.201831
1.201831
1.364853
1.364853
1.348034
1.348034
1.251410
1.251410
1.150405
1.150405
1.371748
1.371748
1.229444
1.163008
1.229444
1.163008
1.396501
1.396501
1.160590
1.160590
1.331082
1.331082
1.381317
1.381317
1.374152
1.374152
1.382260
1.382260
1.370646
1.370646
1.340566
1.340566
1.323851
1.323851
1.368532
1.368532
1.397050
1.397050
1.387593
1.387593
1.203916
1.203916
1.105930
1.105930
1.250247
1.250247
1.192934
1.192934
1.316811
1.316811
1.371947
1.371947
1.128254
1.366249
1.128254
1.366249
1.382188
1.382188
1.303607
1.303607
1.338731
1.338731
1.327221
1.327221
1.246053
1.246053
1.356058
1.356058
1.382451
1.382451
1.382826
1.382826
1.179361
1.179361
1.293923
1.293923
1.195398
1.195398
1.332180
1.332180
1.369410
1.369410
1.216304
1.216304
1.067408
1.067408
1.296346
1.296346
1.239045
1.239045
1.331145
1.331145
1.356379
1.356379
1.290309
1.290309
1.385820
1.385820
1.351594
1.351594
1.177724
1.177724
1.199454
1.199454
1.378350
1.378350
1.346360
1.346360
1.246505
1.246505
1.157779
1.157779
1.323852
1.194494
1.194494
1.323852
1.367074
1.367074
1.187590
1.187590
1.394707
1.277290
1.277290
1.394707
1.115218
1.115218
1.395344
1.395344
1.163064
1.281304
1.163064
1.281304
1.312595
1.312595
1.393730
1.393730
1.274515
1.274515
1.250847
1.250847
1.307275
1.307275
1.320259
1.320259
1.332360
1.332360
1.392440
1.373956
1.392440
1.373956
1.389756
1.389756
1.278208
1.278208
1.398055
1.398055
1.230807
1.230807
1.389508
1.389508
1.212141
1.212141
1.362075
1.362075
1.139381
1.139381
1.325698
1.325698
1.314326
1.314326
1.254740
1.254740
1.314866
1.314866
1.213426
1.213426
1.378684
1.378684
1.352872
1.352872
1.085234
1.085234
1.342176
1.342176
1.375526
1.375526
1.331823
1.331823
1.252285
1.252285
1.219865
1.219865
1.271822
1.398238
1.398238
1.271822
1.221116
1.221116
1.386022
1.386022
1.351335
1.351335
1.271220
1.271220
1.321297
1.321297
1.299476
1.299476
1.219950
1.219950
1.384029
1.384029
1.349256
1.349256
1.368219
1.368219
1.107486
1.107486
1.268504
1.268504
1.336006
1.336006
1.163094
1.163094
1.304358
1.304358
1.386280
1.315932
1.386280
1.315932
1.303672
1.303672
1.350750
1.350750
1.391525
1.391525
1.296177
1.296177
1.186717
1.356929
1.186717
1.356929
1.235590
1.220396
1.235590
1.220396
1.370946
1.370946
1.399306
1.399306
1.350625
1.350625
1.346465
1.346465
1.181565
1.181565
1.163537
1.163537
1.305309
1.305309
1.074341
1.074341
1.307520
1.307520
1.358833
1.358833
1.240688
1.240688
1.144871
1.049758
1.144871
1.049758
1.271062
1.271062
1.218896
1.218896
1.308045
1.308045
1.370077
1.370077
1.288664
1.288664
1.266553
1.266553
1.346023
1.346023
1.339422
1.339422
1.198378
1.198378
1.360355
1.360355
1.380177
1.380177
1.238603
1.238603
1.374956
1.374956
1.379637
1.379637
1.288756
1.390555
1.288756
1.390555
1.377086
1.377086
1.233862
1.233862
1.372037
1.372037
1.135200
1.135200
1.384577
1.384577
1.267364
1.267364
1.290901
1.290901
1.299370
1.299370
1.356962
1.356962
1.258706
1.258706
1.232667
1.232667
1.238747
1.238747
1.259283
1.259283
1.383869
1.383869
1.179528
1.179528
1.264541
1.264541
1.321334
1.321334
1.047051
1.047051
1.197040
1.197040
1.200275
1.200275
1.382228
1.382228
1.351684
1.351684
1.391835
1.391835
1.332136
1.332136
1.247498
1.247498
1.384733
1.384733
1.266866
1.266866
1.141538
1.141538
1.225452
1.225452
1.370703
1.370703
1.195917
1.195917
1.349056
1.349056
1.357201
1.357201
1.301949
1.301949
1.249956
1.249956
1.225506
1.225506
1.362980
1.362980
1.324779
1.324779
1.399482
1.399482
1.224144
1.224144
1.271051
1.271051
1.195579
1.195579
1.302084
1.302084
1.370284
1.370284
1.171299
1.171299
1.318814
1.318814
1.338015
1.338015
1.176227
1.176227
1.219487
1.219487
1.225181
1.225181
1.129511
1.129511
1.295458
1.295458
1.374107
1.374107
1.397792
1.397792
1.345519
1.345519
1.315837
1.315837
1.204306
1.204306
1.249984
1.249984
1.399861
1.399861
1.092759
1.092759
1.305568
1.305568
1.022209
1.022209
1.399962
1.399962
1.077176
1.077176
1.204900
1.204900
1.351715
1.351715
1.223757
1.223757
1.126568
1.126568
1.256708
1.256708
1.139097
1.139097
1.321899
1.321899
1.383001
1.383001
1.378070
1.378070
1.238102
1.238102
1.292362
1.292362
1.220688
1.220688
1.219184
1.219184
1.309093
1.309093
1.153211
1.153211
1.378115
1.378115
1.301394
1.301394
1.397120
1.397120
1.358288
1.358288
1.338174
1.338174
1.166875
1.166875
1.391395
1.391395
1.064918
1.064918
1.325296
1.325296
1.363463
1.363463
1.383062
1.383062
1.282011
1.282011
1.078516
1.078516
1.167448
1.167448
1.209940
1.209940
1.364763
1.364763
1.382473
1.382473
1.169582
1.169582
1.276472
1.276472
1.218807
1.218807
1.365828
1.365828
1.344803
1.344803
1.310160
1.310160
1.193598
1.193598
1.254794
1.254794
1.162641
1.162641
1.339951
1.339951
1.200418
1.200418
1.354564
1.354564
1.244682
1.244682
1.222852
1.222852
1.292600
1.292600
1.277155
1.277155
1.052412
1.052412
1.248496
1.248496
1.323132
1.323132
1.284436
1.284436
