1.248898
1.248898
1.102476
1.102476
1.035391
1.035391
1.387953
1.387953
1.381644
1.381644
1.397025
1.397025
1.128894
1.128894
1.395457
1.395457
1.346115
1.346115
1.287882
1.287882
1.279482
1.279482
1.118121
1.118121
1.333379
1.333379
1.314048
1.314048
1.231954
1.231954
1.249928
1.249928
1.255048
1.255048
1.390415
1.390415
1.364206
1.364206
1.357507
1.357507
1.248088
1.248088
1.307070
1.307070
1.214098
1.214098
1.233294
1.233294
1.103092
1.103092
1.203173
1.203173
1.344448
1.344448
1.079029
1.079029
1.399823
1.399823
1.387531
1.387531
1.325605
1.325605
1.337661
1.337661
1.326245
1.326245
1.395625
1.395625
1.098869
1.098869
1.293558
1.293558
1.261317
1.261317
1.179281
1.179281
1.396625
1.396625
1.270647
1.270647
1.314914
1.314914
1.361884
1.361884
1.231677
1.231677
1.399708
1.399708
1.239740
1.239740
1.388426
1.388426
1.290103
1.290103
1.281517
1.281517
1.385662
1.385662
1.352646
1.352646
1.246284
1.246284
1.377204
1.377204
1.103470
1.103470
1.315409
1.315409
1.269787
1.269787
1.344265
1.344265
1.154503
1.154503
1.370107
1.370107
1.354845
1.354845
1.359653
1.359653
1.133469
1.133469
1.361789
1.361789
1.192751
1.192751
1.357146
1.357146
1.151497
1.151497
1.386884
1.386884
1.292491
1.292491
1.048490
1.048490
1.331830
1.331830
1.392974
1.392974
1.292491
1.292491
1.091161
1.091161
1.034475
1.104861
1.104861
1.034475
1.350574
1.350574
1.392974
1.392974
1.285375
1.285375
1.186145
1.186145
1.238606
1.238606
1.361235
1.361235
1.217191
1.217191
1.276651
1.276651
1.161371
1.161371
1.098157
1.098157
1.296826
1.296826
1.314968
1.314968
1.200138
1.200138
1.241882
1.241882
1.365605
1.365605
1.267076
1.267076
1.312311
1.312311
1.260912
1.260912
1.395828
1.395828
1.360184
1.360184
1.394421
1.394421
1.312353
1.312353
1.372249
1.372249
1.181383
1.181383
1.282186
1.282186
1.388688
1.388688
1.389886
1.389886
1.222206
1.222206
1.321532
1.321532
1.190512
1.190512
1.261644
1.261644
1.341840
1.341840
1.277221
1.277221
1.318790
1.318790
1.260343
1.260343
1.300897
1.300897
1.387808
1.387808
1.391680
1.391680
1.207030
1.207030
1.327511
1.327511
1.143887
1.143887
1.259349
1.259349
1.260359
1.260359
1.321626
1.321626
1.169378
1.217579
1.217579
1.169378
1.275520
1.275520
1.246913
1.246913
1.183426
1.183426
1.341986
1.341986
1.285095
1.285095
1.180247
1.180247
1.304182
1.304182
1.224443
1.224443
1.362694
1.362694
1.347859
1.347859
1.287269
1.287269
1.371474
1.371474
1.267165
1.267165
1.398669
1.398669
1.225005
1.225005
1.161285
1.343644
1.161285
1.343644
1.334413
1.334413
1.150759
1.150759
1.326969
1.326969
1.305733
1.305733
1.234188
1.234188
1.333945
1.333945
1.331539
1.331539
1.390425
1.390425
1.380679
1.380679
1.398193
1.398193
1.296220
1.296220
1.397999
1.397999
1.317991
1.317991
1.308870
1.308870
1.145692
1.145692
1.179166
1.179166
1.310406
1.310406
1.041698
1.041698
1.142449
1.142449
1.352969
1.352969
1.234576
1.234576
1.260837
1.260837
1.215250
1.215250
1.194731
1.194731
1.060333
1.060333
1.266451
1.266451
1.363740
1.363740
1.357450
1.357450
1.327675
1.327675
1.314277
1.314277
1.380482
1.380482
1.350699
1.350699
1.274029
1.274029
1.357085
1.357085
1.338819
1.338819
1.309204
1.309204
1.244894
1.244894
1.329952
1.329952
1.102250
1.102250
1.251745
1.251745
1.126945
1.126945
1.266690
1.266690
1.310790
1.310790
1.372728
1.372728
1.367189
1.367189
1.327370
1.327370
1.254443
1.254443
1.394524
1.394524
1.326037
1.326037
1.395207
1.395207
1.335097
1.335097
1.174090
1.174090
1.376587
1.376587
1.313986
1.313986
1.323925
1.323925
1.343416
1.343416
1.016225
1.016225
1.369306
1.369306
1.256536
1.256536
1.370366
1.370366
1.385541
1.385541
1.170446
1.170446
1.340054
1.340054
1.321719
1.321719
1.366282
1.366282
1.122920
1.122920
1.359311
1.359311
1.385366
1.385366
1.251283
1.251283
1.139594
1.139594
1.346173
1.346173
1.382933
1.382933
1.352172
1.352172
1.356187
1.356187
1.350635
1.350635
1.223769
1.223769
1.375106
1.375106
1.336213
1.336213
1.183633
1.183633
1.341093
1.341093
1.340974
1.340974
1.365740
1.365740
1.392821
1.392821
1.170626
1.170626
1.392141
1.392141
1.088559
1.088559
1.292729
1.292729
1.275117
1.275117
1.394565
1.394565
1.373565
1.373565
1.314250
1.314250
1.344871
1.344871
1.158795
1.158795
1.118582
1.118582
1.272481
1.272481
1.350147
1.350147
1.372985
1.372985
1.381699
1.381699
1.291820
1.291820
1.164394
1.164394
1.341157
1.341157
1.399527
1.399527
1.246143
1.246143
1.393412
1.393412
1.261518
1.261518
1.232766
1.232766
1.343568
1.343568
1.388321
1.388321
1.173887
1.173887
1.381176
1.381176
1.387848
1.387848
1.365806
1.365806
1.140962
1.140962
1.359201
1.359201
1.369559
1.369559
1.071858
1.071858
1.389773
1.389773
1.321998
1.321998
1.374451
1.374451
1.355476
1.355476
1.259959
1.259959
1.372471
1.372471
1.014333
1.014333
1.304657
1.304657
1.398051
1.398051
1.180686
1.180686
1.278771
1.278771
1.291611
1.291611
1.311954
1.311954
1.392842
1.392842
1.134819
1.134819
1.320275
1.320275
1.396958
1.396958
1.198203
1.198203
1.318233
1.318233
1.367767
1.367767
1.244328
1.244328
1.253349
1.253349
1.299310
1.299310
1.264479
1.264479
1.341586
1.341586
1.279086
1.279086
1.335388
1.335388
1.380446
1.380446
1.310319
1.310319
1.361145
1.361145
1.380753
1.380753
1.366956
1.366956
1.325139
1.325139
1.046725
1.046725
1.354566
1.354566
1.196824
1.196824
1.120014
1.120014
1.330809
1.330809
1.161495
1.161495
1.303613
1.303613
1.237731
1.237731
1.335435
1.335435
1.378441
1.378441
1.377788
1.377788
1.383236
1.383236
1.359818
1.359818
1.172868
1.172868
1.327235
1.327235
1.349529
1.349529
1.210817
1.210817
1.221983
1.221983
1.393371
1.393371
1.106499
1.106499
1.299767
1.299767
1.232692
1.232692
1.189808
1.189808
1.319486
1.319486
1.397021
1.397021
1.392456
1.392456
1.114608
1.114608
1.291960
1.291960
1.375703
1.375703
1.288766
1.288766
1.295789
1.295789
1.167109
1.167109
1.268305
1.268305
1.268650
1.268650
1.185224
1.185224
1.123532
1.123532
1.250589
1.250589
1.297778
1.297778
1.396930
1.396930
1.342789
1.342789
