1.306672
1.306672
1.386804
1.386804
1.286327
1.231907
1.231907
1.286327
1.395959
1.395959
1.229234
1.229234
1.371541
1.371541
1.283449
1.283449
1.326477
1.326477
1.359777
1.359777
1.368716
1.368716
1.397628
1.397628
1.280207
1.280207
1.399834
1.399834
1.309476
1.309476
1.279059
1.279059
1.396981
1.396981
1.194338
1.194338
1.373016
1.373016
1.226738
1.226738
1.380771
1.380771
1.369037
1.369037
1.391928
1.391928
1.281391
1.281391
1.341542
1.341542
1.171839
1.171839
1.161059
1.161059
1.203310
1.203310
1.163868
1.163868
1.361147
1.361147
1.161341
1.161341
1.263128
1.263128
1.105306
1.105306
1.123911
1.123911
1.284385
1.284385
1.389164
1.389164
1.298150
1.298150
1.195723
1.195723
1.218507
1.218507
1.215711
1.215711
1.195389
1.195389
1.322810
1.322810
1.355795
1.355795
1.124707
1.124707
1.311805
1.311805
1.251764
1.251764
1.111107
1.111107
1.168919
1.168919
1.336586
1.336586
1.317989
1.317989
1.358084
1.358084
1.340682
1.340682
1.335013
1.335013
1.082599
1.082599
1.214554
1.214554
1.281314
1.281314
1.045145
1.045145
1.293406
1.293406
1.353872
1.353872
1.162668
1.162668
1.054588
1.054588
1.280051
1.280051
1.396615
1.396615
1.356113
1.356113
1.228494
1.228494
1.379535
1.379535
1.255374
1.255374
1.352030
1.229060
1.229060
1.352030
1.117953
1.117953
1.328699
1.328699
1.385698
1.385698
1.268860
1.268860
1.051268
1.051268
1.368878
1.368878
1.349654
1.349654
1.341584
1.341584
1.146901
1.146901
1.121781
1.121781
1.054706
1.054706
1.321430
1.321430
1.320583
1.320583
1.337448
1.337448
1.307595
1.307595
1.330784
1.330784
1.367600
1.367600
1.259859
1.259859
1.397224
1.397224
1.327718
1.327718
1.240139
1.240139
1.055160
1.055160
1.317050
1.317050
1.206804
1.206804
1.348609
1.348609
1.382971
1.382971
1.356166
1.356166
1.398158
1.398158
1.288553
1.288553
1.379813
1.379813
1.201160
1.201160
1.394518
1.394518
1.102993
1.102993
1.233264
1.233264
1.041024
1.041024
1.166606
1.166606
1.396329
1.396329
1.340457
1.340457
1.336998
1.336998
1.223141
1.223141
1.327585
1.327585
1.394321
1.394321
1.261058
1.261058
1.109932
1.109932
1.390238
1.390238
1.349000
1.098495
1.098495
1.349000
1.380296
1.380296
1.385618
1.385618
1.392670
1.392670
1.245216
1.245216
1.352370
1.352370
1.336570
1.336570
1.373482
1.373482
1.338471
1.338471
1.330146
1.330146
1.372881
1.372881
1.390410
1.390410
1.397869
1.397869
1.322850
1.322850
1.346201
1.346201
1.385463
1.385463
1.272842
1.272842
1.200591
1.200591
1.379391
1.379391
1.208510
1.208510
1.382860
1.382860
1.375986
1.375986
1.331404
1.331404
1.145710
1.145710
1.385918
1.385918
1.390556
1.390556
1.303638
1.303638
1.273171
1.273171
1.388275
1.388275
1.191443
1.191443
1.028357
1.028357
1.063507
1.063507
1.353035
1.353035
1.322670
1.322670
1.334861
1.334861
1.286970
1.286970
1.363332
1.363332
1.306646
1.306646
1.340587
1.340587
1.159946
1.159946
1.262281
1.262281
1.391911
1.391911
1.338804
1.338804
1.295814
1.295814
1.225826
1.225826
1.258828
1.258828
1.305911
1.305911
1.386797
1.386797
1.322297
1.322297
1.168326
1.168326
1.141345
1.141345
1.294844
1.294844
1.274097
1.297788
1.297788
1.274097
1.285569
1.285569
1.322429
1.322429
1.384046
1.384046
1.396336
1.396336
1.199178
1.199178
1.362583
1.362583
1.271674
1.271674
1.274419
1.274419
1.263567
1.263567
1.352268
1.352268
1.216548
1.216548
1.194611
1.194611
1.192996
1.192996
1.360820
1.360820
1.329876
1.329876
1.174737
1.174737
1.299652
1.299652
1.233755
1.233755
1.253707
1.253707
1.171148
1.171148
1.378992
1.378992
1.127503
1.127503
1.355810
1.355810
1.255098
1.255098
1.341501
1.341501
1.134459
1.134459
1.235282
1.235282
1.387547
1.387547
1.255236
1.255236
1.072393
1.072393
1.213671
1.213671
1.391936
1.391936
1.398996
1.398996
1.249051
1.249051
1.333491
1.333491
1.394341
1.394341
1.348510
1.348510
1.333444
1.333444
1.323812
1.323812
1.260552
1.260552
1.328733
1.328733
1.097459
1.097459
1.011848
1.011848
1.278600
1.278600
1.154192
1.154192
1.246596
1.246596
1.213374
1.213374
1.171019
1.171019
1.220816
1.220816
1.346874
1.346874
1.136778
1.136778
1.108189
1.108189
1.355062
1.355062
1.398939
1.398939
1.366452
1.366452
1.293678
1.293678
1.224407
1.224407
1.061577
1.061577
1.394643
1.394643
1.228541
1.228541
1.257990
1.257990
1.394346
1.394346
1.387504
1.387504
1.360613
1.360613
1.360614
1.360614
1.154655
1.154655
1.357167
1.357167
1.271675
1.271675
1.315182
1.315182
1.162379
1.162379
1.397421
1.397421
1.291659
1.291659
1.283435
1.283435
1.350287
1.350287
1.200899
1.200899
1.370009
1.370009
1.305822
1.305822
1.389412
1.389412
1.244125
1.244125
1.391389
1.391389
1.363479
1.363479
1.350553
1.350553
1.224780
1.224780
1.359561
1.359561
1.345117
1.345117
1.395507
1.395507
1.314357
1.314357
1.297572
1.297572
1.197292
1.197292
1.226684
1.334499
1.226684
1.334499
1.385233
1.385233
1.320964
1.320964
1.167617
1.336603
1.336603
1.167617
1.380711
1.380711
1.346667
1.346667
1.265842
1.265842
1.124034
1.124034
1.342517
1.342517
1.399199
1.399199
1.244491
1.244491
1.194967
1.194967
1.377572
1.377572
1.317162
1.317162
1.350143
1.350143
1.064633
1.064633
1.239862
1.239862
1.366592
1.366592
1.349427
1.349427
1.154683
1.154683
1.355329
1.355329
1.323345
1.323345
1.350224
1.350224
1.352120
1.352120
1.357139
1.357139
1.127080
1.127080
1.373070
1.373070
1.372861
1.372861
1.281251
1.281251
1.312483
1.312483
1.242431
1.242431
1.335432
1.335432
1.238413
1.238413
1.363801
1.363801
1.141464
1.141464
1.383891
1.383891
1.385396
1.385396
1.270865
1.270865
1.300702
1.300702
1.174768
1.174768
1.296589
1.296589
1.398870
1.398870
1.224052
1.224052
1.364278
1.364278
1.127372
1.127372
1.351450
1.351450
1.365843
1.365843
1.316043
1.316043
1.376118
1.376118
1.220211
1.220211
1.277816
1.277816
1.057920
1.057920
1.288670
1.288670
1.347252
1.347252
1.384914
1.384914
1.260354
1.260354
1.397993
1.397993
1.316288
1.316288
1.350347
1.350347
1.367360
1.367360
1.369977
1.369977
1.231729
1.231729
1.249680
1.249680
1.259047
1.259047
1.299917
1.299917
1.360630
1.360630
1.196618
1.196618
1.115532
1.115532
1.131137
1.131137
1.307656
1.307656
1.149717
1.149717
1.345377
1.345377
1.375989
1.375989
1.131591
1.131591
1.292334
1.292334
