1.239669
1.239669
1.204391
1.204391
1.162291
1.162291
1.070995
1.070995
1.182039
1.182039
1.363135
1.363135
1.326437
1.326437
1.327370
1.327370
1.367950
1.367950
1.398866
1.398866
1.331274
1.331274
1.352010
1.352010
1.283179
1.283179
1.354240
1.354240
1.145843
1.145843
1.313675
1.313675
1.329489
1.231580
1.329489
1.231580
1.135140
1.135140
1.351472
1.351472
1.333589
1.333589
1.081346
1.081346
1.376472
1.376472
1.329850
1.329850
1.352503
1.352503
1.196662
1.196662
1.240341
1.240341
1.234237
1.234237
1.333357
1.333357
1.274239
1.274239
1.387479
1.387479
1.292461
1.292461
1.265301
1.265301
1.381215
1.381215
1.393441
1.393441
1.306940
1.306940
1.139771
1.139771
1.187747
1.187747
1.382650
1.382650
1.055875
1.055875
1.311068
1.311068
1.371211
1.371211
1.327042
1.327042
1.223088
1.223088
1.117774
1.117774
1.227493
1.227493
1.164389
1.164389
1.397145
1.397145
1.393020
1.393020
1.050566
1.050566
1.321327
1.321327
1.271751
1.271751
1.360987
1.360987
1.218132
1.218132
1.320922
1.320922
1.397168
1.397168
1.250698
1.250698
1.398028
1.398028
1.380241
1.380241
1.332743
1.332743
1.360631
1.360631
1.192577
1.192577
1.342056
1.342056
1.102458
1.102458
1.360777
1.360777
1.352570
1.352570
1.179997
1.179997
1.297919
1.297919
1.230090
1.230090
1.394781
1.394781
1.174286
1.174286
1.381771
1.381771
1.189403
1.189403
1.346326
1.346326
1.169458
1.169458
1.378974
1.378974
1.371826
1.371826
1.286302
1.286302
1.339806
1.339806
1.364111
1.364111
1.298287
1.298287
1.266301
1.266301
1.372041
1.372041
1.245827
1.245827
1.136542
1.136542
1.350197
1.350197
1.382910
1.382910
1.322858
1.322858
1.226540
1.226540
1.387601
1.387601
1.148194
1.148194
1.384950
1.384950
1.356862
1.356862
1.326158
1.326158
1.345418
1.345418
1.219969
1.219969
1.323540
1.323540
1.397026
1.397026
1.230157
1.230157
1.214188
1.214188
1.348970
1.348970
1.203323
1.203323
1.291539
1.291539
1.243048
1.243048
1.360370
1.360370
1.285985
1.285985
1.125074
1.125074
1.359553
1.359553
1.278731
1.278731
1.214422
1.214422
1.395881
1.395881
1.386894
1.386894
1.362010
1.362010
1.281509
1.281509
1.307955
1.307955
1.193992
1.193992
1.343625
1.343625
1.253339
1.253339
1.096464
1.096464
1.329181
1.329181
1.247410
1.247410
1.345854
1.345854
1.025181
1.025181
1.155507
1.155507
1.299043
1.299043
1.332886
1.332886
1.378245
1.378245
1.275428
1.275428
1.266584
1.266584
1.222246
1.222246
1.077407
1.077407
1.078660
1.078660
1.185939
1.185939
1.120569
1.120569
1.279152
1.279152
1.310299
1.310299
1.390084
1.390084
1.315429
1.315429
1.289373
1.289373
1.368178
1.368178
1.242951
1.242951
1.135621
1.135621
1.312185
1.353304
1.353304
1.312185
1.365729
1.365729
1.271255
1.271255
1.298181
1.298181
1.335483
1.335483
1.269607
1.269607
1.297835
1.297835
1.053586
1.053586
1.370696
1.370696
1.285003
1.285003
1.196355
1.196355
1.190565
1.190565
1.273492
1.273492
1.147794
1.147794
1.356938
1.356938
1.398036
1.398036
1.239726
1.239726
1.114504
1.077547
1.114504
1.077547
1.382122
1.382122
1.238269
1.238269
1.395625
1.395625
1.354865
1.354865
1.302454
1.302454
1.323403
1.323403
1.319215
1.319215
1.258075
1.258075
1.210115
1.210115
1.144532
1.144532
1.382661
1.382661
1.363183
1.363183
1.354664
1.354664
1.339111
1.339111
1.363708
1.363708
1.340684
1.340684
1.220726
1.220726
1.268666
1.268666
1.127111
1.127111
1.384106
1.384106
1.114153
1.114153
1.050990
1.050990
1.295806
1.295806
1.393392
1.393392
1.338049
1.338049
1.221434
1.221434
1.076348
1.076348
1.398548
1.398548
1.317445
1.317445
1.224468
1.224468
1.195687
1.195687
1.205508
1.205508
1.299060
1.299060
1.267808
1.267808
1.259061
1.259061
1.155383
1.155383
1.243169
1.243169
1.363559
1.363559
1.163075
1.163075
1.287924
1.287924
1.213579
1.213579
1.300264
1.300264
1.362017
1.362017
1.108400
1.108400
1.192162
1.192162
1.331498
1.331498
1.282558
1.282558
1.312628
1.312628
1.265352
1.265352
1.054510
1.054510
1.335259
1.335259
1.193748
1.193748
1.166630
1.166630
1.341877
1.341877
1.353771
1.353771
1.290260
1.290260
1.331711
1.331711
1.317929
1.317929
1.260313
1.260313
1.374493
1.374493
1.228030
1.228030
1.323823
1.323823
1.218274
1.218274
1.363223
1.363223
1.258382
1.258382
1.155284
1.155284
1.337248
1.337248
1.302160
1.302160
1.372934
1.372934
1.132556
1.132556
1.222901
1.222901
1.299957
1.299957
1.194636
1.194636
1.144274
1.144274
1.332279
1.332279
1.256915
1.256915
1.166388
1.166388
1.094671
1.094671
1.314497
1.314497
1.280157
1.280157
1.207300
1.207300
1.355380
1.355380
1.236094
1.236094
1.320381
1.320381
1.322258
1.322258
1.303705
1.303705
1.388178
1.388178
1.351857
1.351857
1.395182
1.395182
1.309549
1.309549
1.291279
1.291279
1.340348
1.340348
1.155849
1.155849
1.243592
1.243592
1.246954
1.246954
1.167393
1.167393
1.306050
1.306050
1.279045
1.279045
1.212304
1.212304
1.276495
1.276495
1.324313
1.324313
1.392336
1.392336
1.372449
1.372449
1.157599
1.157599
1.103566
1.103566
1.365664
1.365664
1.291800
1.291800
1.331938
1.331938
1.218729
1.218729
1.291346
1.291346
1.318078
1.318078
1.212305
1.212305
1.209894
1.209894
1.393632
1.393632
1.359506
1.359506
1.373649
1.373649
1.225490
1.225490
1.243008
1.243008
1.284171
1.284171
1.129332
1.129332
1.349431
1.349431
1.333777
1.333777
1.394257
1.394257
1.248101
1.248101
1.090198
1.090198
1.390411
1.390411
1.375440
1.375440
1.283610
1.283610
1.391142
1.391142
1.307028
1.307028
