1.386973
1.386973
1.356545
1.356545
1.378583
1.378583
1.374230
1.374230
1.152478
1.152478
1.335731
1.335731
1.390868
1.390868
1.369738
1.369738
1.303461
1.303461
1.389471
1.102648
1.389471
1.102648
1.280784
1.280784
1.341190
1.341190
1.194766
1.194766
1.211731
1.211731
1.240700
1.240700
1.356757
1.356757
1.145958
1.145958
1.350147
1.350147
1.255044
1.255044
1.392287
1.392287
1.054241
1.094398
1.054241
1.094398
1.334375
1.334375
1.358756
1.358756
1.350062
1.350062
1.365890
1.365890
1.311472
1.311472
1.216236
1.216236
1.290308
1.290308
1.368880
1.368880
1.343855
1.343855
1.255140
1.255140
1.211414
1.211414
1.256510
1.256510
1.161491
1.161491
1.314912
1.314912
1.070633
1.070633
1.287329
1.287329
1.260331
1.260331
1.339759
1.257770
1.339759
1.257770
1.315431
1.315431
1.340497
1.340497
1.321648
1.321648
1.385370
1.385370
1.297392
1.297392
1.397121
1.397121
1.104480
1.104480
1.362680
1.362680
1.188092
1.188092
1.368527
1.368527
1.236756
1.236756
1.375959
1.375959
1.262692
1.262692
1.285660
1.285660
1.347220
1.347220
1.379493
1.379493
1.375768
1.375768
1.395977
1.395977
1.210061
1.210061
1.283332
1.283332
1.313193
1.313193
1.397640
1.397640
1.188593
1.188593
1.215024
1.215024
1.268274
1.268274
1.111404
1.111404
1.028682
1.028682
1.346985
1.346985
1.209986
1.209986
1.277325
1.277325
1.396971
1.396971
1.271512
1.271512
1.021504
1.021504
1.391605
1.391605
1.251947
1.251947
1.240322
1.240322
1.044050
1.044050
1.061343
1.061343
1.309306
1.309306
1.301869
1.301869
1.298641
1.298641
1.351521
1.351521
1.166768
1.166768
1.320556
1.320556
1.264237
1.264237
1.268388
1.281296
1.281296
1.268388
1.208570
1.208570
1.200461
1.200461
1.184523
1.200354
1.184523
1.200354
1.252546
1.252546
1.345231
1.345231
1.366436
1.366436
1.037534
1.037534
1.334850
1.334850
1.363278
1.363278
1.355058
1.355058
1.351712
1.351712
1.257821
1.257821
1.347649
1.347649
1.201705
1.201705
1.233418
1.233418
1.283199
1.283199
1.253415
1.253415
1.243885
1.243885
1.332436
1.332436
1.360979
1.360979
1.333878
1.333878
1.200717
1.200717
1.346444
1.346444
1.295790
1.295790
1.206267
1.206267
1.369388
1.369388
1.223924
1.223924
1.302340
1.302340
1.343597
1.343597
1.170379
1.170379
1.365741
1.365741
1.399592
1.399592
1.369681
1.369681
1.059955
1.059955
1.210791
1.210791
1.310736
1.310736
1.339494
1.339494
1.166083
1.166083
1.396883
1.396883
1.396738
1.371508
1.371508
1.396738
1.024846
1.024846
1.203588
1.203588
1.270890
1.270890
1.291002
1.291002
1.254086
1.254086
1.120722
1.120722
1.373917
1.373917
1.360893
1.360893
1.262039
1.262039
1.293132
1.293132
1.317110
1.317110
1.394395
1.394395
1.331566
1.331566
1.209671
1.209671
1.374741
1.374741
1.277055
1.277055
1.366685
1.366685
1.009668
1.009668
1.370042
1.370042
1.188126
1.188126
1.348857
1.348857
1.341134
1.398985
1.341134
1.398985
1.260298
1.260298
1.349481
1.349481
1.269535
1.269535
1.298292
1.298292
1.385640
1.385640
1.364502
1.364502
1.278022
1.278022
1.333061
1.333061
1.343766
1.343766
1.378866
1.378866
1.188963
1.188963
1.305048
1.305048
1.277455
1.277455
1.162141
1.162141
1.297396
1.297396
1.356536
1.356536
1.319526
1.319526
1.366909
1.366909
1.356766
1.356766
1.337262
1.337262
1.053014
1.053014
1.198252
1.198252
1.253647
1.253647
1.373380
1.373380
1.123322
1.123322
1.212799
1.212799
1.231422
1.231422
1.384072
1.384072
1.268232
1.268232
1.317370
1.317370
1.338529
1.338529
1.390971
1.390971
1.362921
1.362921
1.310630
1.310630
1.081294
1.081294
1.355145
1.355145
1.356682
1.356682
1.156306
1.156306
1.115873
1.115873
1.120120
1.120120
1.269778
1.269778
1.310085
1.310085
1.231462
1.231462
1.319648
1.319648
1.289770
1.289770
1.203440
1.203440
1.369673
1.369673
1.347724
1.263228
1.347724
1.263228
1.390618
1.390618
1.288956
1.288956
1.349286
1.349286
1.074648
1.074648
1.277632
1.277632
1.344535
1.344535
1.307859
1.307859
1.369522
1.369522
1.358656
1.358656
1.353731
1.353731
1.373416
1.373416
1.339650
1.339650
1.303557
1.303557
1.398782
1.398782
1.355745
1.355745
1.355065
1.355065
1.350064
1.350064
1.284978
1.284978
1.391203
1.391203
1.299100
1.299100
1.355472
1.355472
1.205717
1.205717
1.384236
1.384236
1.196711
1.196711
1.310991
1.375135
1.375135
1.310991
1.392467
1.392467
1.395220
1.395220
1.351343
1.351343
1.342438
1.342438
1.089343
1.089343
1.382890
1.382890
1.146837
1.146837
1.370901
1.370901
1.154096
1.154096
1.133449
1.133449
1.244916
1.244916
1.317076
1.317076
1.311647
1.311647
1.268871
1.268871
1.257488
1.257488
1.399395
1.399395
1.239255
1.239255
1.232342
1.232342
1.325767
1.325767
1.080362
1.080362
1.296184
1.296184
1.373387
1.373387
1.194616
1.194616
1.280303
1.280303
1.373856
1.373856
1.144019
1.144019
1.375984
1.375984
1.339201
1.339201
1.393327
1.393327
1.367430
1.367430
1.284091
1.284091
1.249410
1.249410
1.354343
1.354343
1.135246
1.135246
1.174295
1.174295
1.350279
1.350279
1.358009
1.358009
1.248578
1.248578
1.211474
1.211474
1.331591
1.331591
1.256939
1.256939
1.235802
1.235802
1.260756
1.260756
1.209113
1.209113
1.341613
1.341613
1.125100
1.125100
1.101221
1.101221
1.257134
1.257134
1.286854
1.286854
1.238524
1.238524
1.371547
1.371547
1.369023
1.369023
1.132530
1.132530
1.282827
1.282827
1.335267
1.335267
1.316458
1.316458
1.326667
1.326667
1.192240
1.192240
1.172075
1.172075
1.397721
1.397721
1.385858
1.385858
1.250798
1.250798
1.398684
1.398684
1.392023
1.392023
1.371019
1.371019
1.282087
1.282087
1.291070
1.291070
1.344044
1.344044
1.255460
1.255460
1.394932
1.394932
1.382407
1.382407
1.281736
1.281736
1.306023
1.306023
1.323911
1.323911
1.253925
1.253925
1.394676
1.394676
1.205818
1.205818
1.275651
1.275651
1.325133
1.325133
1.144955
1.144955
1.331176
1.331176
