1.207637
1.207637
1.319110
1.319110
1.362948
1.172573
1.172573
1.362948
1.397420
1.397420
1.332782
1.243649
1.243649
1.332782
1.262941
1.262941
1.348470
1.348470
1.247454
1.247454
1.362516
1.362516
1.274447
1.274447
1.334465
1.334465
1.171157
1.171157
1.366833
1.366833
1.360157
1.360157
1.350896
1.350896
1.384996
1.384996
1.304301
1.304301
1.364578
1.364578
1.311106
1.311106
1.325174
1.325174
1.300611
1.300611
1.390381
1.390381
1.329633
1.329633
1.300988
1.300988
1.323014
1.323014
1.281785
1.281785
1.193753
1.193753
1.380770
1.380770
1.356258
1.356258
1.303329
1.303329
1.193849
1.193849
1.382612
1.382612
1.255299
1.255299
1.375995
1.375995
1.239349
1.239349
1.195722
1.195722
1.360334
1.360334
1.397259
1.397259
1.221192
1.221192
1.253634
1.253634
1.317647
1.317647
1.359304
1.359304
1.248507
1.248507
1.112670
1.112670
1.168034
1.168034
1.119516
1.119516
1.372274
1.372274
1.381524
1.381524
1.191848
1.191848
1.397314
1.397314
1.365541
1.365541
1.386949
1.386949
1.373284
1.373284
1.370849
1.370849
1.170365
1.170365
1.372544
1.372544
1.114906
1.114906
1.170349
1.170349
1.137843
1.137843
1.229517
1.206198
1.229517
1.206198
1.373102
1.373102
1.330245
1.330245
1.346261
1.346261
1.323544
1.323544
1.145532
1.145532
1.267104
1.267104
1.383815
1.383815
1.346404
1.137797
1.346404
1.137797
1.270291
1.270291
1.336166
1.336166
1.117565
1.117565
1.122080
1.122080
1.393213
1.393213
1.374577
1.374577
1.315121
1.315121
1.252381
1.252381
1.305907
1.305907
1.136962
1.136962
1.284400
1.284400
1.245459
1.245459
1.320517
1.320517
1.378974
1.378974
1.218081
1.218081
1.272590
1.272590
1.181171
1.108814
1.108814
1.181171
1.284863
1.284863
1.385073
1.385073
1.219367
1.219367
1.355446
1.355446
1.275808
1.275808
1.240793
1.240793
1.377494
1.377494
1.317707
1.317707
1.387347
1.387347
1.115173
1.115173
1.199293
1.199293
1.075547
1.075547
1.399520
1.399520
1.308272
1.308272
1.263714
1.263714
1.248917
1.248917
1.196688
1.196688
1.193594
1.193594
1.372090
1.372090
1.138248
1.138248
1.397782
1.397782
1.276266
1.276266
1.396040
1.396040
1.293022
1.293022
1.361858
1.361858
1.272923
1.321154
1.321154
1.272923
1.384227
1.384227
1.311738
1.311738
1.354485
1.354485
1.363876
1.363876
1.264706
1.264706
1.327743
1.327743
1.379832
1.379832
1.367810
1.367810
1.272802
1.272802
1.396381
1.396381
1.161904
1.161904
1.375280
1.375280
1.252995
1.252995
1.330724
1.330724
1.295032
1.295032
1.253108
1.253108
1.325797
1.325797
1.126146
1.126146
1.208561
1.208561
1.361433
1.361433
1.339885
1.339885
1.241973
1.241973
1.274090
1.274090
1.178927
1.178927
1.201293
1.201293
1.190375
1.190375
1.238576
1.238576
1.127048
1.127048
1.353257
1.353257
1.351530
1.351530
1.085743
1.085743
1.224892
1.224892
1.033151
1.033151
1.264914
1.264914
1.139115
1.139115
1.279661
1.279661
1.171197
1.171197
1.284830
1.284830
1.391629
1.391629
1.375773
1.375773
1.211830
1.211830
1.258594
1.258594
1.376392
1.376392
1.079748
1.079748
1.278420
1.278420
1.334385
1.334385
1.389764
1.389764
1.390194
1.390194
1.224480
1.224480
1.262556
1.262556
1.192290
1.192290
1.339055
1.339055
1.375038
1.375038
1.398692
1.398692
1.173049
1.173049
1.087760
1.087760
1.335970
1.335970
1.211056
1.211056
1.350408
1.350408
1.118062
1.118062
1.194454
1.194454
1.334410
1.334410
1.313515
1.313515
1.334001
1.334001
1.164172
1.164172
1.361817
1.361817
1.173386
1.173386
1.385467
1.385467
1.127329
1.127329
1.112673
1.112673
1.274412
1.274412
1.294727
1.294727
1.194558
1.194558
1.270110
1.270110
1.288226
1.288226
1.288335
1.288335
1.340836
1.340836
1.354299
1.354299
1.379278
1.379278
1.217341
1.217341
1.072021
1.072021
1.143059
1.143059
1.361588
1.361588
1.333482
1.333482
1.375897
1.375897
1.324322
1.324322
1.150728
1.150728
1.349936
1.349936
1.249740
1.249740
1.209061
1.209061
1.290251
1.290251
1.233991
1.233991
1.256543
1.256543
1.190912
1.190912
1.316819
1.316819
1.242622
1.242622
1.298007
1.298007
1.076088
1.076088
1.367745
1.367745
1.331877
1.331877
1.177253
1.177253
1.218731
1.218731
1.349799
1.349799
1.168041
1.168041
1.179582
1.179582
1.252742
1.252742
1.324648
1.324648
1.281121
1.281121
1.210850
1.210850
1.345593
1.345593
1.391150
1.391150
1.300813
1.300813
1.237152
1.237152
1.330754
1.330754
1.250059
1.250059
1.330292
1.330292
1.244562
1.244562
1.243505
1.243505
1.373597
1.373597
1.378211
1.378211
1.262336
1.262336
1.353641
1.353641
1.315326
1.315326
1.125138
1.125138
1.147153
1.147153
1.249685
1.249685
1.374871
1.374871
1.263379
1.263379
1.367024
1.367024
1.336005
1.336005
1.315662
1.315662
1.293472
1.293472
1.306137
1.306137
1.271918
1.271918
1.344516
1.344516
1.270619
1.270619
1.260453
1.260453
1.124683
1.124683
1.297988
1.297988
1.297974
1.297974
1.286335
1.286335
1.121946
1.121946
1.389613
1.389613
1.061843
1.061843
1.396562
1.396562
1.383664
1.383664
1.287539
1.287539
1.194725
1.194725
1.195570
1.195570
1.383854
1.383854
1.284907
1.284907
1.200594
1.200594
1.394255
1.394255
1.320114
1.320114
1.344754
1.344754
1.320616
1.320616
1.267935
1.267935
1.300907
1.300907
1.360016
1.360016
1.362664
1.362664
1.392928
1.392928
1.139291
1.139291
1.157381
1.157381
1.211320
1.211320
1.377463
1.377463
1.306912
1.306912
1.388912
1.388912
1.318348
1.318348
1.288176
1.288176
1.297033
1.297033
1.377699
1.377699
1.299926
1.299926
1.240589
1.240589
1.296557
1.296557
1.255971
1.255971
1.208757
1.208757
1.329973
1.329973
1.337461
1.337461
1.320480
1.320480
1.249033
1.249033
1.308130
1.308130
1.353239
1.353239
1.343825
1.343825
1.399692
1.399692
1.313598
1.313598
1.397839
1.397839
1.149110
1.149110
1.358083
1.358083
1.224758
1.224758
1.357032
1.357032
1.279112
1.279112
1.366743
1.366743
1.318624
1.318624
1.324375
1.324375
1.339530
1.339530
1.318356
1.318356
1.165246
1.165246
1.221684
1.221684
1.236288
1.236288
1.255774
1.255774
1.360577
1.360577
1.240143
1.240143
1.268641
1.268641
1.272691
1.272691
1.384960
1.384960
1.259866
1.259866
1.169681
1.169681
1.312055
1.312055
1.351533
1.351533
1.379392
1.379392
1.385900
1.385900
1.234823
1.234823
1.235229
1.235229
