1.382977
1.382977
1.363412
1.255754
1.255754
1.363412
1.305382
1.305382
1.393322
1.393322
1.367130
1.367130
1.368027
1.368027
1.368220
1.368220
1.110125
1.110125
1.275504
1.275504
1.344844
1.344844
1.333662
1.333662
1.354701
1.301110
1.301110
1.354701
1.337088
1.337088
1.184297
1.184297
1.336224
1.336224
1.372895
1.399955
1.372895
1.399955
1.274559
1.274559
1.264248
1.264248
1.368060
1.306062
1.368060
1.306062
1.371747
1.371747
1.312871
1.312871
1.399442
1.399442
1.368158
1.368158
1.299900
1.299900
1.295592
1.295592
1.294998
1.294998
1.312470
1.262765
1.312470
1.262765
1.090733
1.090733
1.391905
1.391905
1.295595
1.295595
1.326049
1.326049
1.309471
1.309471
1.316463
1.316463
1.387632
1.387632
1.346145
1.346145
1.170734
1.170734
1.153025
1.153025
1.377764
1.377764
1.312699
1.312699
1.377493
1.377493
1.371707
1.371707
1.382153
1.382153
1.201715
1.201715
1.336104
1.336104
1.393988
1.393988
1.277013
1.193486
1.193486
1.277013
1.159263
1.159263
1.245639
1.245639
1.372870
1.372870
1.395547
1.395547
1.312344
1.312344
1.356037
1.356037
1.392992
1.392992
1.148246
1.148246
1.258886
1.258886
1.379758
1.379758
1.353390
1.353390
1.318385
1.318385
1.333256
1.333256
1.303022
1.303022
1.278348
1.278348
1.390644
1.390644
1.390215
1.390215
1.230575
1.230575
1.393375
1.393375
1.209335
1.209335
1.257739
1.257739
1.057354
1.057354
1.286152
1.286152
1.175672
1.175672
1.372906
1.372906
1.227844
1.369047
1.227844
1.369047
1.353484
1.353484
1.344176
1.344176
1.383620
1.383620
1.178102
1.178102
1.387293
1.387293
1.274382
1.274382
1.158942
1.158942
1.161452
1.161452
1.177594
1.177594
1.318645
1.318645
1.360582
1.360582
1.323837
1.323837
1.042424
1.042424
1.335588
1.335588
1.194533
1.194533
1.278879
1.278879
1.249308
1.249308
1.381943
1.381943
1.316568
1.316568
1.264628
1.264628
1.308203
1.308203
1.397125
1.397125
1.247315
1.247315
1.388623
1.388623
1.357295
1.357295
1.334219
1.334219
1.303906
1.303906
1.298006
1.298006
1.226571
1.226571
1.315585
1.315585
1.239852
1.239852
1.128360
1.128360
1.154874
1.154874
1.378165
1.378165
1.356490
1.356490
1.162865
1.162865
1.112049
1.112049
1.289926
1.289926
1.385636
1.385636
1.312956
1.312956
1.365548
1.365548
1.337481
1.337481
1.143993
1.143993
1.349609
1.349609
1.238578
1.238578
1.349011
1.349011
1.209219
1.209219
1.294843
1.294843
1.354707
1.354707
1.348857
1.348857
1.175803
1.175803
1.198676
1.198676
1.170513
1.170513
1.299259
1.299259
1.398935
1.398935
1.387817
1.387817
1.263775
1.263775
1.356010
1.356010
1.380294
1.380294
1.385786
1.385786
1.214359
1.214359
1.379012
1.379012
1.328091
1.328091
1.378335
1.378335
1.364120
1.364120
1.261584
1.261584
1.323253
1.323253
1.142161
1.142161
1.077231
1.077231
1.299394
1.299394
1.190665
1.190665
1.176542
1.176542
1.322728
1.322728
1.101186
1.101186
1.377118
1.377118
1.376041
1.376041
1.189365
1.189365
1.238886
1.238886
1.362631
1.362631
1.378307
1.378307
1.388465
1.052502
1.388465
1.052502
1.363759
1.363759
1.304210
1.304210
1.193571
1.193571
1.241646
1.241646
1.211500
1.211500
1.350856
1.350856
1.329658
1.329658
1.261879
1.261879
1.321486
1.321486
1.313373
1.313373
1.280059
1.280059
1.240497
1.240497
1.354796
1.354796
1.351383
1.351383
1.279563
1.279563
1.351447
1.351447
1.295150
1.295150
1.134844
1.134844
1.060605
1.060605
1.361140
1.361140
1.281970
1.281970
1.206511
1.206511
1.296809
1.296809
1.245979
1.245979
1.210676
1.210676
1.366362
1.366362
1.322939
1.322939
1.012658
1.012658
1.367723
1.367723
1.281769
1.281769
1.188355
1.188355
1.252710
1.252710
1.160873
1.160873
1.331875
1.331875
1.362509
1.362509
1.292385
1.292385
1.329704
1.329704
1.079790
1.079790
1.366602
1.366602
1.332962
1.332962
1.206497
1.206497
1.306525
1.306525
1.356489
1.277612
1.356489
1.277612
1.286637
1.286637
1.074822
1.074822
1.300119
1.300119
1.366753
1.366753
1.267498
1.267498
1.134187
1.134187
1.236304
1.236304
1.304354
1.304354
1.381033
1.381033
1.387052
1.387052
1.191656
1.191656
1.116087
1.116087
1.217319
1.217319
1.328523
1.328523
1.363362
1.363362
1.180576
1.180576
1.355829
1.355829
1.111641
1.111641
1.274667
1.274667
1.253033
1.253033
1.334227
1.334227
1.392597
1.392597
1.377803
1.377803
1.312755
1.312755
1.227331
1.227331
1.216575
1.216575
1.338835
1.338835
1.398425
1.398425
1.212820
1.212820
1.375048
1.375048
1.143900
1.143900
1.301320
1.301320
1.328794
1.328794
1.387829
1.387829
1.360809
1.360809
1.199158
1.199158
1.140160
1.140160
1.220221
1.220221
1.300297
1.300297
1.307212
1.307212
1.278669
1.278669
1.379352
1.379352
1.304772
1.304772
1.244280
1.244280
1.337502
1.337502
1.252158
1.252158
1.365994
1.365994
1.272133
1.272133
1.368571
1.368571
1.256362
1.256362
1.328347
1.328347
1.360150
1.360150
1.316918
1.316918
1.257994
1.257994
1.283690
1.283690
1.338804
1.338804
1.316522
1.316522
1.166127
1.166127
1.248602
1.248602
1.297524
1.297524
1.390703
1.390703
1.355885
1.355885
1.362870
1.362870
1.375740
1.375740
1.202257
1.202257
1.343328
1.343328
1.343836
1.343836
1.384659
1.384659
1.341673
1.341673
1.236073
1.236073
1.396232
1.396232
1.372911
1.372911
1.313746
1.313746
1.250775
1.250775
1.276457
1.276457
1.378960
1.378960
1.213327
1.213327
1.292386
1.230199
1.292386
1.230199
1.182790
1.182790
1.353519
1.353519
1.330524
1.330524
1.171079
1.171079
1.272759
1.272759
1.188538
1.188538
1.316557
1.316557
1.172825
1.172825
1.222327
1.222327
1.292608
1.292608
1.147327
1.147327
1.204970
1.204970
1.270804
1.270804
1.357787
1.357787
1.355725
1.355725
1.350342
1.350342
1.334868
1.334868
1.315350
1.315350
1.018789
1.018789
1.387615
1.387615
1.315529
1.315529
1.384660
1.384660
1.201436
1.201436
1.399091
1.399091
1.146404
1.146404
1.277514
1.277514
1.382163
1.382163
1.386789
1.386789
1.297998
1.297998
1.184176
1.184176
