1.269159
1.269159
1.368444
1.368444
1.246677
1.375932
1.246677
1.375932
1.345368
1.345368
1.389740
1.389740
1.301496
1.301496
1.386869
1.386869
1.363595
1.159859
1.159859
1.363595
1.330781
1.330781
1.092023
1.092023
1.268137
1.268137
1.349199
1.349199
1.330612
1.330612
1.383065
1.383065
1.344910
1.342885
1.344910
1.342885
1.357618
1.357618
1.215972
1.215972
1.358940
1.358940
1.118985
1.118985
1.364161
1.364161
1.244944
1.244944
1.272523
1.272523
1.282747
1.282747
1.390576
1.358786
1.390576
1.358786
1.211114
1.211114
1.220872
1.220872
1.304386
1.304386
1.317050
1.317050
1.309622
1.309622
1.180497
1.180497
1.165691
1.165691
1.318553
1.318553
1.372726
1.372726
1.319052
1.319052
1.201989
1.201989
1.148969
1.148969
1.241583
1.241583
1.386039
1.213457
1.213457
1.386039
1.362341
1.362341
1.251876
1.251876
1.129237
1.129237
1.266016
1.266016
1.332850
1.277786
1.332850
1.277786
1.366426
1.366426
1.257129
1.257129
1.372955
1.372955
1.350262
1.310942
1.350262
1.310942
1.060930
1.060930
1.289522
1.289522
1.314127
1.314127
1.290694
1.290694
1.396539
1.396539
1.177677
1.177677
1.276719
1.276719
1.159538
1.159538
1.108688
1.108688
1.272767
1.272767
1.274408
1.328275
1.274408
1.328275
1.066936
1.239259
1.066936
1.239259
1.175816
1.175816
1.360177
1.360177
1.218565
1.218565
1.395382
1.395382
1.393822
1.393822
1.270519
1.270519
1.258653
1.258653
1.344122
1.344122
1.205436
1.205436
1.307119
1.307119
1.393626
1.393626
1.314423
1.314423
1.365732
1.365732
1.392569
1.392569
1.245029
1.245029
1.237173
1.367664
1.367664
1.237173
1.366408
1.366408
1.354793
1.354793
1.297938
1.297938
1.390403
1.390403
1.212270
1.214883
1.212270
1.214883
1.346400
1.346400
1.310749
1.310749
1.266019
1.266019
1.372478
1.372478
1.338004
1.338004
1.255210
1.255210
1.184041
1.184041
1.159239
1.159239
1.375208
1.375208
1.343883
1.343883
1.271527
1.271527
1.371549
1.371549
1.286315
1.286315
1.215842
1.215842
1.125752
1.125752
1.351771
1.351771
1.376133
1.376133
1.339834
1.339834
1.276204
1.276204
1.328777
1.328777
1.093515
1.093515
1.149950
1.149950
1.382471
1.382471
1.379761
1.379761
1.247836
1.247836
1.232784
1.232784
1.115944
1.115944
1.168182
1.168182
1.358894
1.358894
1.378586
1.378586
1.355088
1.355088
1.331282
1.331282
1.040419
1.040419
1.399752
1.399752
1.368684
1.368684
1.313236
1.313236
1.395212
1.395212
1.366938
1.366938
1.378140
1.378140
1.342571
1.342571
1.303916
1.303916
1.363852
1.363852
1.201324
1.201324
1.394400
1.394400
1.260606
1.260606
1.368732
1.368732
1.281588
1.281588
1.223002
1.223002
1.164261
1.164261
1.174703
1.174703
1.391631
1.391631
1.264687
1.264687
1.223452
1.223452
1.303931
1.303931
1.176463
1.176463
1.129623
1.129623
1.379599
1.379599
1.070758
1.070758
1.179158
1.179158
1.387235
1.387235
1.396702
1.396702
1.321366
1.321366
1.274056
1.274056
1.196143
1.196143
1.266239
1.266239
1.359192
1.359192
1.241704
1.241704
1.370016
1.370016
1.067958
1.067958
1.243874
1.243874
1.374900
1.374900
1.350822
1.350822
1.256359
1.256359
1.349480
1.349480
1.391151
1.391151
1.229715
1.229715
1.287524
1.287524
1.319070
1.319070
1.330117
1.330117
1.370258
1.370258
1.249978
1.249978
1.361841
1.361841
1.263426
1.375599
1.263426
1.375599
1.188256
1.188256
1.372697
1.372697
1.365034
1.365034
1.179655
1.179655
1.317408
1.317408
1.381796
1.381796
1.265711
1.265711
1.253526
1.253526
1.379122
1.379122
1.390962
1.390962
1.363011
1.363011
1.287375
1.287375
1.261211
1.261211
1.110145
1.110145
1.364139
1.364139
1.353088
1.353088
1.274716
1.274716
1.387001
1.387001
1.345554
1.345554
1.187347
1.187347
1.188101
1.188101
1.293527
1.293527
1.159781
1.159781
1.201522
1.201522
1.265737
1.265737
1.279748
1.279748
1.238100
1.238100
1.179780
1.179780
1.334227
1.334227
1.337530
1.337530
1.197012
1.197012
1.289197
1.289197
1.377392
1.377392
1.395847
1.395847
1.341455
1.341455
1.165209
1.165209
1.159438
1.159438
1.367868
1.367868
1.160210
1.160210
1.155892
1.155892
1.220853
1.220853
1.369604
1.369604
1.353983
1.353983
1.392919
1.392919
1.321502
1.321502
1.287150
1.287150
1.285340
1.285340
1.199817
1.199817
1.087675
1.087675
1.305327
1.305327
1.345337
1.345337
1.322958
1.322958
1.126503
1.126503
1.162262
1.162262
1.232110
1.232110
1.388221
1.388221
1.294217
1.294217
1.280497
1.280497
1.212771
1.212771
1.249242
1.249242
1.359194
1.359194
1.330701
1.330701
1.073099
1.120131
1.120131
1.073099
1.041316
1.041316
1.186570
1.186570
1.366052
1.366052
1.384269
1.384269
1.324984
1.324984
1.374563
1.374563
1.219318
1.219318
1.327308
1.327308
1.383973
1.383973
1.380133
1.380133
1.304057
1.304057
1.225852
1.225852
1.181759
1.181759
1.313900
1.313900
1.194151
1.194151
1.229869
1.229869
1.261308
1.261308
1.326079
1.326079
1.120247
1.120247
1.295217
1.295217
1.272019
1.272019
1.335213
1.335213
1.149998
1.149998
1.131598
1.131598
1.343688
1.343688
1.185781
1.185781
1.218193
1.218193
1.356132
1.356132
1.288600
1.288600
1.095566
1.095566
1.384452
1.384452
1.393951
1.393951
1.322071
1.322071
1.396112
1.396112
1.359536
1.359536
1.324782
1.324782
1.342979
1.342979
1.360987
1.360987
1.310887
1.310887
1.147366
1.147366
1.378428
1.378428
1.257875
1.257875
1.304511
1.304511
1.303441
1.303441
1.397221
1.397221
1.293589
1.293589
1.186899
1.186899
1.325913
1.325913
