1.173588
1.173588
1.365710
1.365710
1.073062
1.073062
1.389426
1.389426
1.158906
1.158906
1.230295
1.230295
1.388763
1.388763
1.313691
1.313691
1.177656
1.177656
1.146495
1.146495
1.276419
1.276419
1.398933
1.398933
1.257743
1.257743
1.388510
1.388510
1.334634
1.334634
1.344502
1.344502
1.190930
1.190930
1.317096
1.317096
1.278781
1.278781
1.322771
1.322771
1.310073
1.310073
1.078528
1.070111
1.078528
1.070111
1.232828
1.232828
1.273213
1.273213
1.195258
1.195258
1.276873
1.276873
1.374903
1.374903
1.254992
1.280588
1.254992
1.280588
1.163509
1.163509
1.395939
1.395939
1.385174
1.385174
1.225165
1.225165
1.246310
1.246310
1.250527
1.250527
1.205905
1.205905
1.235014
1.235014
1.296957
1.296957
1.348697
1.348697
1.370660
1.370660
1.296743
1.296743
1.218356
1.218356
1.319154
1.319154
1.316373
1.316373
1.262397
1.262397
1.391319
1.391319
1.103765
1.103765
1.270139
1.270139
1.169260
1.169260
1.328452
1.328452
1.266743
1.266743
1.393917
1.393917
1.231903
1.231903
1.273493
1.273493
1.309130
1.309130
1.287420
1.287420
1.184257
1.184257
1.340517
1.340517
1.306592
1.306592
1.310716
1.310716
1.191170
1.191170
1.332907
1.332907
1.097158
1.097158
1.331945
1.331945
1.081338
1.081338
1.369145
1.369145
1.352079
1.352079
1.340194
1.340194
1.308003
1.308003
1.344674
1.344674
1.349801
1.349801
1.222467
1.222467
1.372307
1.372307
1.366368
1.366368
1.058283
1.058283
1.391546
1.391546
1.216083
1.043829
1.216083
1.043829
1.199039
1.199039
1.354082
1.354082
1.161083
1.161083
1.281723
1.281723
1.152112
1.152112
1.157538
1.157538
1.357171
1.357171
1.182383
1.182383
1.373648
1.373648
1.153128
1.153128
1.235582
1.235582
1.331393
1.331393
1.202512
1.202512
1.396187
1.396187
1.268470
1.268470
1.281694
1.281694
1.393411
1.393411
1.391527
1.391527
1.289879
1.289879
1.351915
1.351915
1.308438
1.308438
1.293629
1.293629
1.396187
1.396187
1.200066
1.200066
1.286713
1.286713
1.393148
1.393148
1.358680
1.358680
1.269434
1.269434
1.398729
1.398729
1.375903
1.375903
1.395684
1.395684
1.337330
1.337330
1.337484
1.337484
1.382899
1.382899
1.134044
1.134044
1.301399
1.354145
1.354145
1.301399
1.371280
1.371280
1.327754
1.327754
1.052612
1.052612
1.371811
1.371811
1.289653
1.289653
1.107507
1.107507
1.210098
1.210098
1.299132
1.299132
1.275903
1.275903
1.341980
1.341980
1.314941
1.314941
1.231567
1.231567
1.237628
1.237628
1.305811
1.305811
1.338067
1.338067
1.393743
1.393743
1.368797
1.368797
1.301935
1.301935
1.334286
1.334286
1.058051
1.058051
1.323507
1.323507
1.235637
1.235637
1.175542
1.175542
1.278879
1.278879
1.398128
1.398128
1.102670
1.102670
1.351786
1.351786
1.179316
1.179316
1.342178
1.342178
1.133905
1.133905
1.340321
1.340321
1.148567
1.148567
1.252880
1.252880
1.320144
1.320144
1.298170
1.298170
1.227023
1.227023
1.160295
1.319395
1.319395
1.160295
1.345338
1.345338
1.361218
1.361218
1.203965
1.203965
1.109053
1.109053
1.372648
1.372648
1.329303
1.329303
1.138116
1.138116
1.398026
1.398026
1.383480
1.383480
1.339228
1.339228
1.229975
1.229975
1.387514
1.387514
1.286385
1.286385
1.385756
1.385756
1.396205
1.396205
1.195430
1.195430
1.367774
1.367774
1.190828
1.190828
1.383087
1.383087
1.349987
1.349987
1.176614
1.176614
1.376541
1.376541
1.281109
1.281109
1.291750
1.291750
1.323095
1.323095
1.348542
1.348542
1.382502
1.382502
1.374415
1.374415
1.378583
1.378583
1.355632
1.355632
1.264940
1.264940
1.314141
1.314141
1.317640
1.317640
1.152200
1.152200
1.374920
1.374920
1.394591
1.394591
1.107711
1.107711
1.343660
1.343660
1.185998
1.185998
1.385220
1.385220
1.113361
1.113361
1.208747
1.208747
1.112239
1.112239
1.370159
1.370159
1.177288
1.177288
1.078130
1.078130
1.130322
1.130322
1.050780
1.050780
1.213403
1.213403
1.242283
1.242283
1.191600
1.191600
1.389012
1.389012
1.219563
1.219563
1.303679
1.303679
1.247741
1.247741
1.369891
1.369891
1.390827
1.390827
1.373866
1.373866
1.250301
1.250301
1.272126
1.388034
1.272126
1.388034
1.068588
1.068588
1.209330
1.209330
1.164061
1.164061
1.384311
1.384311
1.389995
1.389995
1.358848
1.358848
1.099743
1.099743
1.337692
1.337692
1.255603
1.255603
1.379892
1.379892
1.361103
1.361103
1.340258
1.340258
1.377084
1.377084
1.288810
1.288810
1.241231
1.241231
1.328753
1.328753
1.225057
1.225057
1.337844
1.337844
1.275763
1.275763
1.333730
1.333730
1.133643
1.133643
1.170254
1.170254
1.099552
1.099552
1.379354
1.379354
1.179792
1.179792
1.386898
1.386898
1.155267
1.155267
1.366499
1.366499
1.362580
1.362580
1.377185
1.377185
1.397311
1.397311
1.357042
1.357042
1.158839
1.158839
1.316818
1.316818
1.317638
1.317638
1.303423
1.303423
1.379436
1.379436
1.369541
1.369541
1.363412
1.363412
1.322252
1.322252
1.396018
1.396018
1.281670
1.281670
1.232300
1.232300
1.396115
1.396115
1.394166
1.394166
1.374407
1.374407
1.150765
1.150765
1.136496
1.136496
1.379067
1.368606
1.368606
1.379067
1.160963
1.160963
1.312780
1.312780
1.312258
1.312258
1.344492
1.344492
1.375154
1.375154
1.375068
1.375068
1.372670
1.372670
1.398584
1.398584
1.350041
1.350041
1.386505
1.386505
1.317821
1.317821
1.299737
1.299737
1.102926
1.102926
1.180486
1.180486
1.361125
1.361125
1.398422
1.398422
1.205544
1.205544
1.246953
1.246953
1.353662
1.353662
1.396190
1.396190
1.259602
1.259602
1.322356
1.322356
1.320679
1.320679
1.266731
1.266731
1.286595
1.286595
1.200221
1.200221
1.332020
1.332020
1.276567
1.276567
1.154528
1.154528
1.378951
1.378951
1.262462
1.262462
1.281999
1.281999
1.345581
1.345581
1.189674
1.189674
1.382496
1.382496
1.397598
1.397598
1.339251
1.339251
1.392772
1.392772
1.387446
1.387446
1.148138
1.148138
1.383379
1.383379
1.334828
1.334828
1.369736
1.369736
1.328801
1.328801
1.362281
1.362281
1.214582
1.214582
1.307808
1.307808
1.264965
1.264965
1.288325
1.288325
1.356858
1.356858
1.363592
1.363592
1.328414
1.328414
1.251582
1.251582
1.257270
1.257270
1.317316
1.317316
1.200683
1.200683
1.153321
1.153321
1.125410
1.125410
1.392074
1.392074
1.385195
1.385195
1.325492
1.325492
1.247458
1.247458
1.335421
1.335421
1.382297
1.382297
1.344525
1.344525
1.095243
1.095243
1.133002
1.133002
1.062533
1.062533
1.334737
1.334737
1.149827
1.149827
1.328852
1.328852
1.087346
1.087346
1.335748
1.335748
1.132946
1.132946
1.337898
1.337898
1.264118
1.264118
1.319205
1.319205
1.294600
1.294600
1.152418
1.152418
1.152989
1.152989
1.347113
1.347113
1.355562
1.355562
1.328591
1.328591
1.275769
1.275769
1.216744
1.216744
1.156046
1.156046
1.312639
1.312639
