1.299402
1.299402
1.288287
1.288287
1.380536
1.380536
1.215074
1.215074
1.388760
1.388760
1.133165
1.133165
1.391325
1.391325
1.226619
1.226619
1.150877
1.150877
1.323376
1.323376
1.354169
1.354169
1.395178
1.395178
1.331935
1.331935
1.307408
1.307408
1.394414
1.394414
1.284381
1.284381
1.367972
1.367972
1.203955
1.203955
1.399798
1.399798
1.049778
1.049778
1.376252
1.376252
1.339922
1.339922
1.319300
1.319300
1.340300
1.340300
1.323395
1.323395
1.315808
1.315808
1.318675
1.318675
1.183728
1.183728
1.335307
1.335307
1.027507
1.027507
1.318090
1.318090
1.243397
1.243397
1.113494
1.113494
1.268973
1.268973
1.342068
1.342068
1.082900
1.082900
1.367204
1.367204
1.362341
1.389366
1.389366
1.362341
1.373833
1.373833
1.329162
1.329162
1.365719
1.365719
1.322462
1.322462
1.165547
1.165547
1.305747
1.305747
1.263226
1.263226
1.391784
1.391784
1.338098
1.338098
1.387645
1.387645
1.391185
1.391185
1.124932
1.186520
1.186520
1.124932
1.074801
1.074801
1.389598
1.389598
1.270337
1.270337
1.320274
1.320274
1.343987
1.343987
1.196141
1.196141
1.363827
1.363827
1.074322
1.074322
1.247882
1.247882
1.288396
1.288396
1.214713
1.214713
1.314286
1.314286
1.391910
1.391910
1.280469
1.280469
1.340080
1.340080
1.370984
1.370984
1.285702
1.285702
1.324181
1.324181
1.291904
1.291904
1.190477
1.190477
1.304744
1.304744
1.249362
1.249362
1.261161
1.261161
1.184380
1.184380
1.349740
1.349740
1.199052
1.199052
1.374220
1.374220
1.330931
1.387570
1.387570
1.330931
1.086597
1.086597
1.323070
1.323070
1.395880
1.395880
1.232045
1.232045
1.371471
1.371471
1.244791
1.244791
1.186282
1.391914
1.391914
1.186282
1.290593
1.290593
1.299710
1.299710
1.268104
1.268104
1.261243
1.261243
1.330882
1.330882
1.369304
1.369304
1.370467
1.370467
1.383824
1.383824
1.358000
1.358000
1.306914
1.306914
1.201482
1.201482
1.281400
1.281400
1.364272
1.364272
1.374379
1.374379
1.104189
1.119265
1.104189
1.119265
1.251175
1.251175
1.349538
1.349538
1.360932
1.360932
1.206227
1.206227
1.258478
1.258478
1.289186
1.289186
1.364808
1.364808
1.282332
1.282332
1.346528
1.346528
1.311855
1.311855
1.072309
1.190079
1.072309
1.190079
1.357763
1.357763
1.054729
1.054729
1.259818
1.259818
1.274632
1.274632
1.017776
1.017776
1.399857
1.399857
1.228323
1.228323
1.398025
1.398025
1.301659
1.301659
1.376112
1.376112
1.145316
1.145316
1.266340
1.266340
1.311137
1.311137
1.139982
1.139982
1.288156
1.288156
1.212240
1.212240
1.183149
1.183149
1.389679
1.389679
1.327038
1.327038
1.342904
1.342904
1.322713
1.322713
1.300376
1.300376
1.036130
1.036130
1.049885
1.049885
1.285513
1.285513
1.315932
1.315932
1.252346
1.252346
1.153166
1.153166
1.168410
1.168410
1.173847
1.173847
1.371903
1.371903
1.066887
1.066887
1.399698
1.399698
1.394347
1.394347
1.384110
1.384110
1.260223
1.260223
1.304081
1.304081
1.306586
1.306586
1.297074
1.297074
1.294002
1.294002
1.198377
1.198377
1.351595
1.351595
1.271057
1.271057
1.205957
1.205957
1.338617
1.338617
1.121814
1.121814
1.285223
1.285223
1.387959
1.387959
1.157049
1.157049
1.296722
1.296722
1.271439
1.271439
1.184021
1.184021
1.364051
1.364051
1.390819
1.390819
1.392486
1.392486
1.165638
1.165638
1.300383
1.300383
1.325554
1.325554
1.283055
1.283055
1.357847
1.357847
1.290353
1.290353
1.247413
1.247413
1.245239
1.245239
1.346229
1.346229
1.283248
1.283248
1.366203
1.366203
1.390263
1.390263
1.235486
1.235486
1.151861
1.151861
1.303694
1.303694
1.155242
1.155242
1.219381
1.219381
1.235498
1.235498
1.202961
1.202961
1.188464
1.188464
1.399902
1.399902
1.102454
1.102454
1.352932
1.352932
1.307271
1.307271
1.237489
1.237489
1.389293
1.389293
1.197821
1.197821
1.352562
1.352562
1.220609
1.220609
1.377271
1.377271
1.245018
1.245018
1.228488
1.228488
1.377855
1.377855
1.300800
1.300800
1.139874
1.139874
1.362167
1.362167
1.196778
1.196778
1.348600
1.348600
1.288988
1.288988
1.286556
1.286556
1.342150
1.342150
1.146676
1.146676
1.293715
1.293715
1.386179
1.386179
1.382040
1.382040
1.306042
1.306042
1.025372
1.025372
1.298400
1.392011
1.298400
1.392011
1.347803
1.347803
1.276179
1.276179
1.238648
1.238648
1.163611
1.163611
1.218023
1.218023
1.341663
1.341663
1.271042
1.271042
1.205002
1.205002
1.168532
1.168532
1.328507
1.328507
1.387454
1.387454
1.314225
1.314225
1.340894
1.340894
1.379858
1.379858
1.220957
1.220957
1.363944
1.363944
1.395605
1.395605
1.076373
1.076373
1.210281
1.210281
1.277434
1.277434
1.182426
1.182426
1.261789
1.261789
1.393220
1.393220
1.140783
1.140783
1.377999
1.377999
1.100318
1.100318
1.244651
1.244651
1.271333
1.271333
1.332623
1.332623
1.393944
1.393944
1.284301
1.284301
1.290705
1.290705
1.245703
1.245703
1.337885
1.337885
1.256512
1.256512
1.368924
1.368924
1.320734
1.320734
1.382135
1.382135
1.102897
1.102897
1.386616
1.386616
1.286591
1.286591
1.111859
1.111859
1.388794
1.388794
1.397737
1.397737
1.395153
1.395153
1.317527
1.317527
1.121574
1.121574
1.124721
1.124721
1.322613
1.322613
1.221414
1.221414
1.274024
1.274024
1.174856
1.174856
1.330952
1.330952
1.022709
1.022709
1.278587
1.278587
1.345915
1.345915
1.180590
1.180590
1.046625
1.046625
1.339937
1.339937
1.393646
1.393646
1.268340
1.268340
1.301663
1.301663
1.270006
1.270006
1.118578
1.118578
1.284631
1.284631
1.090513
1.090513
1.162204
1.162204
1.264569
1.264569
1.322773
1.322773
1.254505
1.254505
1.372547
1.372547
1.347254
1.347254
1.184698
1.184698
1.332306
1.332306
1.320791
1.320791
1.393661
1.393661
1.383478
1.383478
1.376117
1.376117
1.397183
1.397183
1.284170
1.284170
1.287442
1.287442
1.312626
1.312626
1.387217
1.387217
1.384109
1.384109
1.142249
1.142249
1.336474
1.336474
1.192986
1.192986
1.060475
1.060475
1.322127
1.322127
1.291185
1.291185
1.394167
1.394167
