1.270020
1.270020
1.387483
1.387483
1.226446
1.395280
1.226446
1.395280
1.394296
1.394296
1.267392
1.267392
1.318357
1.318357
1.342011
1.099764
1.342011
1.099764
1.279927
1.279927
1.269892
1.269892
1.316667
1.226705
1.316667
1.226705
1.228949
1.228949
1.373757
1.373757
1.221416
1.221416
1.354424
1.354424
1.309653
1.309653
1.156870
1.156870
1.396518
1.396518
1.154564
1.154564
1.327073
1.327073
1.257615
1.257615
1.363228
1.363228
1.394136
1.394136
1.368016
1.368016
1.307955
1.307955
1.350215
1.171933
1.350215
1.171933
1.307554
1.307554
1.348674
1.348674
1.216107
1.216107
1.284863
1.284863
1.157699
1.157699
1.207762
1.207762
1.332141
1.332141
1.152931
1.152931
1.389833
1.389833
1.339887
1.339887
1.239365
1.239365
1.374335
1.374335
1.273313
1.273313
1.397455
1.397455
1.355521
1.355521
1.260559
1.260559
1.242531
1.242531
1.283997
1.283997
1.050681
1.261170
1.261170
1.050681
1.282933
1.282933
1.326418
1.326418
1.202242
1.202242
1.327977
1.327977
1.282391
1.282391
1.201469
1.201469
1.381285
1.381285
1.376625
1.376625
1.394757
1.394757
1.327368
1.327368
1.319305
1.319305
1.270879
1.270879
1.267158
1.267158
1.168161
1.168161
1.393107
1.393107
1.351112
1.351112
1.340097
1.340097
1.046934
1.046934
1.377575
1.377575
1.314375
1.314375
1.241065
1.241065
1.351649
1.351649
1.290771
1.290771
1.396519
1.396519
1.364255
1.364255
1.353616
1.353616
1.046628
1.046628
1.336492
1.336492
1.301192
1.301192
1.107466
1.107466
1.387928
1.387928
1.292959
1.292959
1.173268
1.173268
1.244894
1.244894
1.147257
1.147257
1.267478
1.267478
1.298831
1.298831
1.304702
1.304702
1.158202
1.158202
1.256345
1.256345
1.118758
1.118758
1.326302
1.326302
1.254517
1.254517
1.119020
1.119020
1.365818
1.365818
1.274932
1.274932
1.302268
1.302268
1.123216
1.123216
1.222521
1.222521
1.132931
1.132931
1.339028
1.324101
1.324101
1.339028
1.276524
1.276524
1.342823
1.342823
1.215616
1.215616
1.330207
1.330207
1.100175
1.100175
1.185578
1.185578
1.368406
1.368406
1.119838
1.119838
1.237474
1.237474
1.266409
1.266409
1.330247
1.330247
1.394119
1.394119
1.263193
1.263193
1.304701
1.304701
1.329546
1.329546
1.378926
1.378926
1.340462
1.340462
1.170316
1.170316
1.348819
1.348819
1.305676
1.305676
1.242051
1.242051
1.191232
1.191232
1.281001
1.281001
1.395767
1.395767
1.320574
1.320574
1.381095
1.381095
1.393301
1.393301
1.310748
1.349855
1.310748
1.349855
1.309621
1.309621
1.072718
1.072718
1.069517
1.273599
1.273599
1.069517
1.388597
1.388597
1.370893
1.370893
1.261272
1.261272
1.324817
1.324817
1.291779
1.291779
1.232962
1.232962
1.399115
1.399115
1.330113
1.330113
1.386984
1.386984
1.347270
1.347270
1.314895
1.314895
1.358318
1.358318
1.388213
1.162084
1.162084
1.388213
1.281527
1.281527
1.394021
1.394021
1.202987
1.202987
1.192127
1.192127
1.290940
1.290940
1.377384
1.377384
1.267896
1.267896
1.124826
1.124826
1.335944
1.335944
1.372656
1.372656
1.332930
1.332930
1.320809
1.320809
1.266203
1.266203
1.280713
1.280713
1.318654
1.318654
1.238134
1.238134
1.153339
1.153339
1.355772
1.355772
1.099183
1.099183
1.374459
1.374459
1.129008
1.129008
1.303073
1.303073
1.270736
1.270736
1.173639
1.173639
1.150661
1.150661
1.297303
1.297303
1.155255
1.155255
1.390311
1.390311
1.165082
1.165082
1.252177
1.252177
1.160568
1.160568
1.317597
1.317597
1.263352
1.263352
1.396275
1.396275
1.370709
1.370709
1.384135
1.384135
1.354305
1.354305
1.346760
1.346760
1.281555
1.281555
1.191739
1.191739
1.206777
1.206777
1.363686
1.363686
1.151196
1.151196
1.351741
1.351741
1.144483
1.144483
1.380872
1.380872
1.154721
1.154721
1.315850
1.315850
1.336208
1.336208
1.314930
1.314930
1.120311
1.120311
1.395153
1.395153
1.173592
1.173592
1.357640
1.357640
1.296411
1.296411
1.298700
1.298700
1.295708
1.295708
1.361921
1.361921
1.214369
1.214369
1.189128
1.189128
1.266395
1.266395
1.267296
1.267296
1.381139
1.381139
1.144881
1.144881
1.381461
1.381461
1.363397
1.363397
1.286917
1.286917
1.377472
1.377472
1.394110
1.394110
1.036529
1.036529
1.297443
1.297443
1.044445
1.044445
1.203385
1.203385
1.178524
1.178524
1.323714
1.323714
1.357253
1.357253
1.325742
1.325742
1.249167
1.249167
1.385517
1.385517
1.277066
1.277066
1.151385
1.151385
1.362246
1.362246
1.355674
1.355674
1.338617
1.338617
1.041906
1.041906
1.332707
1.332707
1.249388
1.249388
1.279897
1.279897
1.393982
1.393982
1.367877
1.367877
1.201694
1.201694
1.264110
1.264110
1.339994
1.339994
1.133124
1.133124
1.236888
1.236888
1.378270
1.378270
1.387997
1.387997
1.360240
1.360240
1.393616
1.393616
1.377440
1.377440
1.327414
1.327414
1.162056
1.162056
1.374828
1.374828
1.178834
1.178834
1.323750
1.323750
1.317322
1.317322
1.290755
1.290755
1.281287
1.281287
1.359018
1.359018
1.168791
1.168791
1.390304
1.390304
1.101647
1.101647
1.319908
1.319908
1.394259
1.394259
1.206505
1.206505
1.098807
1.098807
1.355740
1.355740
1.336846
1.336846
1.393297
1.393297
1.275686
1.275686
1.126218
1.126218
1.211705
1.211705
1.389537
1.389537
1.313054
1.313054
1.160370
1.160370
1.382691
1.382691
1.056523
1.056523
1.363197
1.363197
1.209128
1.209128
1.211347
1.211347
1.397523
1.397523
1.398045
1.398045
1.162875
1.162875
1.295541
1.295541
1.166781
1.166781
1.298114
1.298114
1.257598
1.257598
1.344069
1.344069
1.322091
1.322091
1.386947
1.386947
1.252149
1.252149
1.335615
1.335615
1.360572
1.360572
1.301396
1.301396
1.190106
1.190106
1.302706
1.302706
1.327335
1.327335
1.349660
1.349660
1.226064
1.226064
1.190344
1.190344
1.388909
1.388909
1.278210
1.278210
1.280655
1.280655
1.105044
1.105044
1.283172
1.283172
1.376524
1.376524
1.192815
1.192815
1.265470
1.265470
1.396200
1.396200
1.249492
1.249492
1.323343
1.323343
1.391443
1.391443
1.257758
1.257758
1.235957
1.235957
1.269120
1.269120
1.368515
1.368515
1.368702
1.368702
1.339616
1.339616
1.296537
1.296537
1.372136
1.372136
1.301850
1.301850
1.263831
1.263831
1.397229
1.397229
1.360988
1.360988
1.376215
1.376215
1.292285
1.292285
1.184309
1.184309
1.384216
1.384216
1.266131
1.266131
1.297960
1.297960
1.032304
1.032304
1.290465
1.290465
1.112951
1.112951
1.293243
1.293243
1.163393
1.163393
1.268209
1.268209
1.390696
1.390696
1.391068
1.391068
1.224106
1.224106
