1.368773
1.273687
1.273687
1.368773
1.352329
1.352329
1.246276
1.246276
1.379625
1.379625
1.362683
1.362683
1.399477
1.321738
1.321738
1.399477
1.342235
1.342235
1.174400
1.174400
1.251919
1.251919
1.314067
1.314067
1.354960
1.354960
1.314510
1.314510
1.200947
1.200947
1.221886
1.221886
1.136248
1.136248
1.351193
1.351193
1.065054
1.390678
1.390678
1.065054
1.360541
1.360541
1.362144
1.362144
1.273605
1.273605
1.244679
1.274056
1.244679
1.274056
1.380373
1.380373
1.321798
1.321798
1.293895
1.293895
1.257588
1.257588
1.342168
1.342168
1.261155
1.261155
1.359237
1.359237
1.389389
1.389389
1.267518
1.267518
1.251283
1.327208
1.327208
1.251283
1.108415
1.108415
1.353322
1.353322
1.379878
1.379878
1.242668
1.242668
1.250688
1.250688
1.376159
1.376159
1.252297
1.252297
1.178595
1.178595
1.276195
1.276195
1.229034
1.229034
1.101910
1.101910
1.201623
1.201623
1.360374
1.360374
1.205577
1.205577
1.304282
1.304282
1.236803
1.236803
1.313647
1.313647
1.317492
1.317492
1.315961
1.388372
1.388372
1.315961
1.210552
1.210552
1.369269
1.369269
1.379694
1.379694
1.226138
1.226138
1.368912
1.368912
1.354483
1.354483
1.070905
1.070905
1.337616
1.337616
1.303227
1.303227
1.145633
1.145633
1.363783
1.363783
1.301240
1.301240
1.292488
1.292488
1.346637
1.346637
1.237339
1.237339
1.178068
1.178068
1.324008
1.324008
1.068531
1.068531
1.260254
1.260254
1.265628
1.265628
1.258226
1.258226
1.278639
1.278639
1.180651
1.180651
1.277442
1.277442
1.397376
1.397376
1.362725
1.362725
1.192974
1.192974
1.042946
1.042946
1.235173
1.235173
1.257855
1.257855
1.184934
1.184934
1.350540
1.350540
1.052633
1.052633
1.394680
1.394680
1.150163
1.150163
1.324991
1.324991
1.260900
1.260900
1.392204
1.392204
1.250095
1.250095
1.212154
1.212154
1.370880
1.370880
1.349193
1.349193
1.165583
1.165583
1.319716
1.319716
1.065175
1.065175
1.251985
1.251985
1.357514
1.357514
1.250156
1.250156
1.382855
1.382855
1.208803
1.208803
1.333783
1.333783
1.323629
1.323629
1.197832
1.197832
1.373301
1.373301
1.105297
1.105297
1.301114
1.301114
1.360599
1.360599
1.273746
1.273746
1.073572
1.073572
1.356686
1.356686
1.346131
1.346131
1.217776
1.217776
1.350249
1.350249
1.135224
1.135224
1.262606
1.262606
1.187450
1.187450
1.230653
1.230653
1.302589
1.302589
1.306450
1.306450
1.093911
1.093911
1.343031
1.343031
1.376584
1.376584
1.369389
1.369389
1.326021
1.326021
1.391645
1.391645
1.231620
1.231620
1.312575
1.312575
1.336775
1.336775
1.249221
1.249221
1.358019
1.358019
1.323160
1.323160
1.085436
1.085436
1.033796
1.033796
1.347246
1.347246
1.136926
1.136926
1.286243
1.286243
1.214106
1.214106
1.161978
1.161978
1.343381
1.343381
1.225112
1.225112
1.309126
1.309126
1.258979
1.258979
1.271656
1.271656
1.098261
1.098261
1.150705
1.150705
1.120501
1.120501
1.306725
1.306725
1.164902
1.164902
1.323433
1.323433
1.207734
1.207734
1.311727
1.311727
1.231447
1.231447
1.267632
1.267632
1.162009
1.162009
1.190409
1.190409
1.168200
1.168200
1.285880
1.285880
1.229726
1.229726
1.086591
1.086591
1.307146
1.307146
1.271567
1.271567
1.213482
1.213482
1.261617
1.261617
1.364450
1.364450
1.381195
1.381195
1.124391
1.124391
1.371673
1.371673
1.382851
1.382851
1.351371
1.351371
1.308287
1.308287
1.114316
1.114316
1.232040
1.232040
1.376672
1.376672
1.199201
1.199201
1.323543
1.323543
1.331919
1.331919
1.315710
1.315710
1.399045
1.399045
1.392767
1.392767
1.394300
1.394300
1.383274
1.383274
1.384064
1.384064
1.181930
1.181930
1.282894
1.282894
1.251455
1.251455
1.239209
1.239209
1.092148
1.092148
1.338114
1.338114
1.379389
1.379389
1.162177
1.162177
1.355165
1.355165
