1.325390
1.325390
1.350475
1.394444
1.350475
1.394444
1.150753
1.150753
1.389955
1.287833
1.287833
1.389955
1.350831
1.350831
1.117001
1.117001
1.342847
1.342847
1.387609
1.387609
1.227548
1.227548
1.142452
1.142452
1.295630
1.295630
1.298962
1.298962
1.223238
1.223238
1.315955
1.315955
1.267337
1.267337
1.376670
1.376670
1.336829
1.336829
1.389579
1.389579
1.268761
1.268761
1.311278
1.311278
1.220893
1.220893
1.344083
1.344083
1.337379
1.337379
1.262705
1.262705
1.194483
1.194483
1.381884
1.381884
1.338500
1.338500
1.366125
1.366125
1.351454
1.351454
1.081780
1.081780
1.352676
1.352676
1.246035
1.246035
1.137761
1.137761
1.377841
1.377841
1.349981
1.349981
1.375372
1.375372
1.362078
1.362078
1.370788
1.370788
1.287851
1.287851
1.280141
1.280141
1.399310
1.399310
1.389260
1.389260
1.306562
1.306562
1.174761
1.174761
1.377124
1.377124
1.366893
1.366893
1.230045
1.230045
1.290688
1.290688
1.105157
1.105157
1.185795
1.185795
1.376389
1.376389
1.224994
1.224994
1.301993
1.301993
1.151078
1.151078
1.117495
1.117495
1.396763
1.396763
1.318193
1.318193
1.386042
1.386042
1.312414
1.312414
1.089432
1.089432
1.185483
1.185483
1.395653
1.395653
1.252586
1.252586
1.330131
1.330131
1.395339
1.395339
1.346758
1.346758
1.256382
1.256382
1.286621
1.286621
1.303922
1.303922
1.129052
1.129052
1.370372
1.370372
1.282758
1.313767
1.282758
1.313767
1.259455
1.259455
1.286766
1.286766
1.339120
1.339120
1.327160
1.327160
1.396150
1.396150
1.320007
1.320007
1.322971
1.322971
1.331802
1.331802
1.294752
1.294752
1.234260
1.234260
1.381142
1.381142
1.249835
1.249835
1.194952
1.194952
1.057617
1.057617
1.256146
1.256146
1.336880
1.336880
1.129443
1.129443
1.242315
1.242315
1.287256
1.287256
1.321358
1.321358
1.375194
1.375194
1.250652
1.250652
1.382151
1.382151
1.283011
1.283011
1.311024
1.311024
1.190558
1.190558
1.297284
1.297284
1.272165
1.272165
1.198158
1.198158
1.387426
1.387426
1.382456
1.382456
1.208794
1.208794
1.368814
1.368814
1.153991
1.153991
1.392302
1.392302
1.216636
1.216636
1.353365
1.353365
1.302009
1.302009
1.280753
1.280753
1.337681
1.337681
1.360239
1.360239
1.279742
1.279742
1.322044
1.322044
1.161380
1.161380
1.326503
1.326503
1.156308
1.156308
1.302388
1.302388
1.198423
1.198423
1.319485
1.319485
1.182216
1.182216
1.174084
1.174084
1.256768
1.256768
1.233694
1.233694
1.063153
1.063153
1.352578
1.352578
1.350265
1.350265
1.365787
1.365787
1.304063
1.304063
1.319148
1.319148
1.275980
1.275980
1.215745
1.215745
1.257064
1.257064
1.328273
1.328273
1.358144
1.358144
1.398009
1.398009
1.359174
1.359174
1.369919
1.369919
1.336726
1.336726
1.057875
1.057875
1.145489
1.145489
1.024989
1.024989
1.386064
1.386064
1.135259
1.135259
1.306075
1.306075
1.267890
1.267890
1.321533
1.321533
1.346511
1.346511
1.332495
1.332495
1.341612
1.341612
1.338456
1.338456
1.303270
1.303270
1.224545
1.224545
1.301741
1.301741
1.327122
1.327122
1.201161
1.201161
1.295610
1.295610
1.263226
1.263226
1.201161
1.201161
1.327122
1.327122
1.009399
1.009399
1.389352
1.389352
1.343022
1.343022
1.185986
1.185986
1.224320
1.224320
1.395798
1.395798
1.212477
1.212477
1.322507
1.322507
1.339165
1.339165
1.345799
1.345799
1.221606
1.221606
1.339671
1.339671
1.396728
1.396728
1.355290
1.355290
1.232566
1.232566
1.345231
1.345231
1.243638
1.243638
1.166404
1.166404
1.342957
1.342957
1.340990
1.340990
1.381134
1.381134
1.399238
1.399238
1.026814
1.026814
1.369980
1.369980
1.320326
1.320326
1.183960
1.183960
1.379533
1.379533
1.368728
1.368728
1.238311
1.238311
1.117834
1.117834
1.337766
1.337766
1.300163
1.300163
1.077882
1.077882
1.061861
1.061861
1.385974
1.385974
1.241748
1.241748
1.240516
1.240516
1.297699
1.366724
1.297699
1.366724
1.344922
1.344922
1.178526
1.178526
1.207336
1.207336
1.171822
1.171822
1.115913
1.115913
1.363466
1.363466
1.217495
1.217495
1.376559
1.376559
1.239124
1.239124
1.386623
1.386623
1.312133
1.312133
1.283144
1.283144
1.253797
1.253797
1.071853
1.071853
1.392337
1.392337
1.320660
1.320660
1.243464
1.243464
1.090879
1.090879
1.382182
1.382182
1.172769
1.172769
1.379910
1.379910
1.155038
1.155038
1.107564
1.107564
1.228981
1.228981
1.361967
1.361967
1.343246
1.343246
1.197424
1.197424
1.209858
1.209858
1.391558
1.391558
1.399891
1.399891
1.355828
1.355828
1.302519
1.302519
1.294570
1.294570
1.350459
1.350459
1.227714
1.227714
1.295430
1.295430
1.388640
1.388640
1.115553
1.115553
1.226110
1.226110
1.327287
1.327287
1.327650
1.327650
1.324273
1.324273
1.318876
1.318876
1.387631
1.387631
1.192116
1.192116
1.393160
1.393160
1.357858
1.357858
1.398496
1.398496
1.327988
1.327988
1.306888
1.306888
1.238318
1.238318
1.258016
1.258016
1.370073
1.370073
1.268539
1.268539
1.112686
1.112686
1.330317
1.330317
1.301501
1.301501
1.246795
1.246795
1.355625
1.355625
1.197444
1.197444
1.393010
1.393010
1.125549
1.125549
1.333090
1.333090
1.254979
1.254979
1.368642
1.368642
1.232920
1.232920
1.381937
1.381937
1.362254
1.362254
1.343108
1.343108
1.057251
1.057251
1.263836
1.263836
1.352798
1.352798
1.395588
1.395588
1.284154
1.284154
1.253206
1.253206
1.397685
1.397685
1.356168
1.356168
1.348606
1.348606
1.344908
1.344908
1.271434
1.271434
1.225680
1.225680
1.131578
1.131578
1.251111
1.251111
1.246310
1.246310
1.324362
1.324362
1.347625
1.347625
1.144674
1.144674
1.275381
1.275381
1.353455
1.353455
1.286607
1.286607
1.130240
1.130240
1.144548
1.144548
1.058130
1.058130
1.147200
1.147200
1.173591
1.173591
1.283531
1.283531
1.256590
1.256590
1.332109
1.332109
1.343180
1.343180
1.186349
1.186349
1.169168
1.169168
1.148196
1.148196
1.313369
1.313369
1.088032
1.088032
1.090966
1.090966
1.398287
1.398287
1.192953
1.192953
1.108430
1.108430
1.335701
1.335701
1.249483
1.249483
1.269011
1.269011
1.179803
1.179803
1.390417
1.390417
1.365624
1.365624
1.335616
1.335616
1.182967
1.182967
1.181360
1.181360
1.381802
1.381802
1.229761
1.229761
1.328151
1.328151
1.371889
1.371889
1.399201
1.399201
1.246466
1.246466
1.378897
1.378897
