1.346613
1.347099
1.347099
1.346613
1.198149
1.198149
1.186357
1.186357
1.152562
1.152562
1.352202
1.352202
1.352062
1.352062
1.307895
1.307895
1.211147
1.211147
1.244544
1.244544
1.217705
1.217705
1.170372
1.170372
1.287948
1.287948
1.145990
1.145990
1.397536
1.397536
1.324513
1.324513
1.298881
1.298881
1.310603
1.310603
1.248667
1.248667
1.371164
1.371164
1.150358
1.150358
1.382742
1.382742
1.355164
1.355164
1.377749
1.354670
1.377749
1.354670
1.321719
1.321719
1.284350
1.284350
1.270128
1.265953
1.270128
1.265953
1.167215
1.167215
1.286598
1.286598
1.397965
1.397965
1.160306
1.160306
1.288811
1.288811
1.180127
1.180127
1.375850
1.375850
1.315018
1.315018
1.179648
1.179648
1.313216
1.313216
1.304461
1.304461
1.285639
1.285639
1.387449
1.387449
1.390493
1.390493
1.250892
1.250892
1.129813
1.129813
1.295450
1.295450
1.380307
1.380307
1.200232
1.200232
1.333045
1.333045
1.317650
1.317650
1.182843
1.182843
1.296507
1.296507
1.394718
1.394718
1.360995
1.360995
1.267396
1.267396
1.281783
1.281783
1.174106
1.174106
1.333829
1.333829
1.353628
1.353628
1.271246
1.271246
1.187909
1.187909
1.366352
1.366352
1.254616
1.254616
1.333829
1.333829
1.154440
1.154440
1.242482
1.242482
1.330407
1.330407
1.231664
1.231664
1.353938
1.353938
1.294127
1.294127
1.127859
1.127859
1.278608
1.278608
1.250937
1.250937
1.329662
1.329662
1.255501
1.255501
1.214944
1.214944
1.366305
1.366305
1.268814
1.268814
1.359146
1.359146
1.347922
1.347922
1.248174
1.248174
1.231496
1.231496
1.125087
1.125087
1.149781
1.149781
1.131623
1.131623
1.331145
1.331145
1.182007
1.182007
1.395522
1.395522
1.381305
1.381305
1.206691
1.206691
1.293059
1.293059
1.378505
1.378505
1.207541
1.207541
1.274081
1.274081
1.334332
1.334332
1.291112
1.291112
1.153536
1.153536
1.186856
1.186856
1.269653
1.269653
1.263113
1.263113
1.261621
1.261621
1.283036
1.283036
1.313882
1.313882
1.348100
1.348100
1.376518
1.376518
1.293190
1.293190
1.139386
1.139386
1.342624
1.342624
1.186619
1.186619
1.365500
1.365500
1.084831
1.084831
1.311061
1.311061
1.310387
1.310387
1.378551
1.378551
1.358615
1.358615
1.308868
1.308868
1.085924
1.085924
1.318586
1.318586
1.295945
1.295945
1.091738
1.091738
1.085764
1.085764
1.326333
1.326333
1.292999
1.292999
1.377328
1.377328
1.230967
1.230967
1.312531
1.312531
1.347937
1.347937
1.369289
1.369289
1.334777
1.334777
1.291625
1.291625
1.100438
1.100438
1.389750
1.389750
1.283116
1.283116
1.313915
1.313915
1.242987
1.242987
1.245733
1.245733
1.299569
1.299569
1.379590
1.379590
1.336567
1.336567
1.348383
1.348383
1.384036
1.384036
1.371157
1.371157
1.303041
1.303041
1.315692
1.315692
1.187618
1.187618
1.299782
1.299782
1.200857
1.200857
1.236808
1.236808
1.379308
1.379308
1.247307
1.247307
1.372145
1.372145
1.290956
1.290956
1.362105
1.362105
1.221750
1.221750
1.209390
1.209390
1.373772
1.373772
1.283022
1.283022
1.211806
1.211806
1.246158
1.246158
1.397120
1.397120
1.315803
1.315803
1.265253
1.265253
1.240716
1.240716
1.152393
1.152393
1.206731
1.206731
1.248118
1.248118
1.311938
1.311938
1.225932
1.225932
1.260365
1.260365
1.341947
1.341947
1.241210
1.241210
1.382506
1.382506
1.313227
1.313227
1.342189
1.342189
1.304358
1.304358
1.347772
1.347772
1.080669
1.080669
1.374728
1.374728
1.371379
1.371379
1.258259
1.258259
1.238985
1.238985
1.387696
1.387696
1.398748
1.398748
1.355146
1.355146
1.349242
1.349242
1.333021
1.333021
1.351253
1.351253
1.228162
1.228162
1.378511
1.378511
1.392343
1.392343
1.369739
1.369739
1.195219
1.195219
1.379955
1.379955
1.238533
1.238533
1.315589
1.315589
1.283460
1.283460
1.295793
1.295793
1.111400
1.111400
1.194685
1.194685
1.204920
1.204920
1.390772
1.390772
1.282075
1.282075
1.314659
1.349352
1.349352
1.314659
1.272839
1.272839
1.380927
1.380927
1.193034
1.193034
1.177343
1.177343
1.298463
1.298463
1.377741
1.377741
1.310796
1.310796
1.372009
1.372759
1.372009
1.372759
1.369377
1.369377
1.319332
1.319332
1.171583
1.171583
1.342141
1.342141
1.226724
1.226724
1.313882
1.313882
1.282736
1.282736
1.173169
1.173169
1.227996
1.227996
1.244536
1.244536
1.066333
1.066333
1.313873
1.313873
1.386679
1.386679
1.392086
1.392086
1.277769
1.277769
1.351015
1.351015
1.072963
1.072963
1.260776
1.260776
1.124111
1.124111
1.328513
1.328513
1.283527
1.283527
1.365423
1.365423
1.198923
1.198923
1.352235
1.352235
1.393858
1.393858
1.134116
1.134116
1.390052
1.390052
1.223310
1.223310
1.385888
1.385888
1.355969
1.355969
1.198938
1.198938
1.215283
1.215283
1.268889
1.268889
1.387859
1.387859
1.195491
1.195491
1.394050
1.394050
1.388482
1.388482
1.217527
1.217527
1.342943
1.342943
1.359690
1.359690
1.242720
1.242720
1.281287
1.281287
1.304730
1.304730
1.268495
1.268495
1.265244
1.265244
1.093059
1.093059
1.372400
1.372400
1.358336
1.358336
1.327296
1.327296
1.286615
1.286615
1.341678
1.341678
1.242341
1.242341
1.244222
1.244222
1.382472
1.382472
1.344937
1.344937
1.371485
1.371485
1.063095
1.063095
1.374221
1.374221
1.301634
1.301634
1.348608
1.348608
1.339436
1.339436
1.239046
1.239046
1.306931
1.306931
1.344626
1.344626
1.352124
1.352124
1.382472
1.382472
1.204271
1.204271
1.351310
1.351310
1.344039
1.344039
1.188373
1.188373
1.354469
1.354469
1.377014
1.377014
1.361384
1.361384
1.355304
1.355304
1.228211
1.228211
1.270641
1.270641
1.208588
1.208588
1.224141
1.224141
1.336800
1.336800
1.139971
1.139971
1.259630
1.259630
1.040057
1.040057
1.311068
1.311068
1.391003
1.391003
1.303086
1.303086
1.320139
1.320139
1.102112
1.102112
