1.298590
1.298590
1.330667
1.330667
1.121245
1.121245
1.247237
1.247237
1.214795
1.214795
1.136489
1.136489
1.359554
1.359554
1.209603
1.209603
1.286374
1.286374
1.348595
1.360065
1.360065
1.348595
1.324523
1.324523
1.287580
1.287580
1.247236
1.247236
1.376249
1.376249
1.364096
1.364096
1.125067
1.125067
1.186772
1.186772
1.335041
1.335041
1.265435
1.265435
1.261670
1.261670
1.371053
1.371053
1.281634
1.281634
1.394247
1.394247
1.332231
1.332231
1.397901
1.397901
1.317539
1.317539
1.222575
1.222575
1.350137
1.350137
1.352781
1.178170
1.178170
1.352781
1.278156
1.278156
1.045028
1.045028
1.228457
1.228457
1.297379
1.297379
1.044013
1.044013
1.137412
1.137412
1.388278
1.388278
1.188488
1.188488
1.396541
1.396541
1.276466
1.276466
1.291314
1.291314
1.135189
1.135189
1.301617
1.301617
1.144933
1.144933
1.318730
1.318730
1.101786
1.101786
1.167778
1.167778
1.330737
1.330737
1.232969
1.232969
1.294930
1.294930
1.252038
1.252038
1.303126
1.303126
1.102175
1.102175
1.029579
1.029579
1.380975
1.380975
1.192548
1.192548
1.289994
1.289994
1.396408
1.396408
1.139247
1.139247
1.136647
1.136647
1.240080
1.240080
1.334866
1.334866
1.198424
1.198424
1.262196
1.262196
1.391854
1.391854
1.392449
1.392449
1.277703
1.277703
1.273558
1.273558
1.384185
1.384185
1.382652
1.382652
1.117419
1.117419
1.370196
1.370196
1.106349
1.106349
1.338409
1.338409
1.377661
1.377661
1.367600
1.367600
1.320617
1.320617
1.398381
1.398381
1.344161
1.344161
1.352441
1.352441
1.112806
1.112806
1.374616
1.374616
1.388368
1.388368
1.303379
1.303379
1.251779
1.251779
1.190783
1.190783
1.395711
1.395711
1.322712
1.322712
1.194535
1.194535
1.321928
1.321928
1.305827
1.305827
1.245267
1.245267
1.298216
1.298216
1.062352
1.062352
1.348175
1.348175
1.273516
1.273516
1.328336
1.328336
1.308799
1.308799
1.342993
1.342993
1.195943
1.195943
1.161776
1.161776
1.341308
1.341308
1.128505
1.128505
1.336557
1.336557
1.318185
1.318185
1.189819
1.189819
1.397808
1.397808
1.377774
1.377774
1.183650
1.183650
1.392366
1.392366
1.325775
1.325775
1.297233
1.297233
1.220582
1.220582
1.367606
1.367606
1.331524
1.331524
1.314731
1.314731
1.360693
1.360693
1.217054
1.217054
1.330968
1.330968
1.238162
1.238162
1.228392
1.228392
1.376201
1.376201
1.207714
1.207714
1.147485
1.147485
1.332905
1.332905
1.392098
1.392098
1.373678
1.373678
1.391375
1.391375
1.267178
1.267178
1.284385
1.284385
1.396857
1.396857
1.377249
1.377249
1.255696
1.255696
1.180736
1.180736
1.282521
1.282521
1.237787
1.237787
1.124234
1.124234
1.297528
1.297528
1.324056
1.324056
1.244970
1.244970
1.396115
1.396115
1.288957
1.288957
1.358367
1.358367
1.159096
1.159096
1.373295
1.373295
1.385526
1.385526
1.090701
1.090701
1.258675
1.258675
1.276056
1.276056
1.123524
1.123524
1.316747
1.316747
1.046621
1.046621
1.323423
1.283938
1.323423
1.283938
1.287530
1.213752
1.287530
1.213752
1.175762
1.175762
1.350343
1.350343
1.304344
1.304344
1.362586
1.362586
1.306161
1.306161
1.323560
1.323560
1.243397
1.243397
1.345745
1.345745
1.371220
1.371220
1.330024
1.330024
1.397209
1.397209
1.242797
1.242797
1.212083
1.212083
1.385884
1.385884
1.301801
1.301801
1.353726
1.353726
1.373002
1.373002
1.221034
1.221034
1.127494
1.127494
1.304486
1.304486
1.348734
1.348734
1.399995
1.399995
1.354575
1.354575
1.347147
1.347147
1.374240
1.374240
1.184018
1.184018
1.365664
1.365664
1.242227
1.242227
1.271309
1.271309
1.345287
1.345287
1.354907
1.354907
1.373648
1.373648
1.103118
1.103118
1.244658
1.244658
1.273430
1.273430
1.388615
1.388615
1.238977
1.238977
1.308730
1.308730
1.398465
1.398465
1.367083
1.367083
1.297888
1.297888
1.253076
1.253076
1.119772
1.119772
1.358264
1.358264
1.395688
1.395688
1.273189
1.273189
1.362656
1.362656
1.086641
1.086641
1.117336
1.117336
1.361988
1.361988
1.338358
1.338358
1.208224
1.208224
1.231633
1.231633
1.315863
1.315863
1.173109
1.173109
1.115239
1.115239
1.261275
1.261275
1.226645
1.226645
1.286976
1.286976
1.137763
1.137763
1.207029
1.207029
1.362004
1.362004
1.359987
1.359987
1.367494
1.367494
1.332050
1.332050
1.294073
1.294073
1.188156
1.188156
1.177146
1.177146
1.291955
1.291955
1.079354
1.079354
1.312913
1.312913
1.100623
1.100623
1.303295
1.303295
1.388501
1.388501
1.348442
1.348442
1.365129
1.365129
1.212269
1.212269
1.057426
1.057426
1.395770
1.395770
1.289418
1.289418
1.365792
1.365792
1.262472
1.262472
1.367845
1.367845
1.133947
1.374736
1.133947
1.374736
1.301204
1.301204
1.349562
1.349562
1.320605
1.320605
1.367890
1.367890
1.302658
1.302658
1.331736
1.331736
1.357049
1.357049
1.392307
1.392307
1.305074
1.305074
1.396972
1.396972
1.371901
1.371901
1.237934
1.237934
1.388424
1.388424
1.208602
1.208602
1.250108
1.250108
1.137550
1.137550
1.375194
1.375194
1.375092
1.375092
1.377535
1.377535
1.310448
1.310448
1.269986
1.269986
1.324591
1.324591
1.340127
1.340127
1.326652
1.326652
1.344812
1.344812
1.371093
1.371093
1.252130
1.252130
1.316767
1.316767
1.325427
1.325427
1.321332
1.321332
1.372563
1.372563
1.330448
1.330448
1.381215
1.381215
1.311960
1.311960
1.393211
1.393211
1.235758
1.235758
1.330711
1.330711
1.070485
1.070485
1.399234
1.399234
1.352835
1.352835
1.226998
1.226998
1.340523
1.340523
1.357422
1.357422
1.313331
1.313331
1.207828
1.207828
1.272885
1.272885
1.385142
1.385142
1.357920
1.357920
