1.387437
1.320364
1.320364
1.387437
1.118560
1.118560
1.292090
1.292090
1.349690
1.349690
1.337518
1.337518
1.287083
1.287083
1.011449
1.011449
1.398519
1.398519
1.259562
1.259562
1.085978
1.085978
1.293471
1.293471
1.274975
1.274975
1.383868
1.383868
1.270015
1.270015
1.162167
1.162167
1.188003
1.188003
1.337166
1.337166
1.329381
1.329381
1.160521
1.160521
1.277210
1.277210
1.036305
1.036305
1.240136
1.240136
1.329705
1.329705
1.210550
1.210550
1.317712
1.317712
1.389492
1.389492
1.139273
1.139273
1.297481
1.297481
1.364206
1.364206
1.362244
1.362244
1.321108
1.321108
1.182473
1.182473
1.399919
1.399919
1.315771
1.315771
1.178928
1.178928
1.329729
1.329729
1.391006
1.304102
1.391006
1.304102
1.087062
1.087062
1.222130
1.222130
1.230373
1.230373
1.379406
1.379406
1.397188
1.397188
1.285408
1.285408
1.183436
1.183436
1.361908
1.361908
1.318732
1.318732
1.147534
1.147534
1.366487
1.366487
1.323188
1.323188
1.342567
1.342567
1.317266
1.317266
1.206089
1.206089
1.359651
1.359651
1.276107
1.206022
1.276107
1.206022
1.280608
1.280608
1.046063
1.046063
1.196410
1.196410
1.262557
1.262557
1.345761
1.345761
1.316863
1.316863
1.362774
1.362774
1.209650
1.209650
1.171120
1.171120
1.083234
1.083234
1.302812
1.302812
1.304033
1.304033
1.108746
1.108746
1.187807
1.187807
1.164051
1.164051
1.225586
1.225586
1.347730
1.347730
1.327011
1.327011
1.394252
1.394252
1.389713
1.389713
1.246438
1.246438
1.361922
1.361922
1.115441
1.115441
1.334988
1.334988
1.343873
1.343873
1.383475
1.383475
1.260552
1.260552
1.311924
1.311924
1.261797
1.261797
1.313805
1.313805
1.336086
1.336086
1.173509
1.372337
1.173509
1.372337
1.333738
1.333738
1.358494
1.358494
1.306527
1.122845
1.122845
1.306527
1.046579
1.046579
1.318386
1.318386
1.250878
1.250878
1.353975
1.353975
1.176465
1.176465
1.379988
1.379988
1.292322
1.292322
1.303504
1.303504
1.322211
1.322211
1.233833
1.233833
1.342722
1.342722
1.255244
1.255244
1.354529
1.354529
1.380564
1.380564
1.380323
1.380323
1.390711
1.390711
1.198961
1.198961
1.218007
1.218007
1.299856
1.299856
1.362691
1.362691
1.179154
1.179154
1.374836
1.374836
1.289030
1.289030
1.331757
1.331757
1.204894
1.204894
1.368366
1.368366
1.398257
1.398257
1.382529
1.382529
1.196213
1.196213
1.222473
1.222473
1.364579
1.364579
1.192527
1.192527
1.152180
1.152180
1.175790
1.175790
1.374397
1.374397
1.282993
1.282993
1.382745
1.382745
1.370725
1.370725
1.229402
1.229402
1.227829
1.227829
1.300216
1.300216
1.306319
1.306319
1.339589
1.339589
1.396635
1.396635
1.399574
1.399574
1.252032
1.252032
1.080331
1.080331
1.269137
1.269137
1.250349
1.250349
1.132694
1.132694
1.088916
1.386615
1.386615
1.088916
1.156609
1.156609
1.249246
1.249246
1.399425
1.399425
1.111293
1.111293
1.375302
1.375302
1.217922
1.217922
1.346872
1.346872
1.399956
1.399956
1.225838
1.225838
1.260090
1.260090
1.298142
1.298142
1.271351
1.271351
1.136728
1.136728
1.359001
1.359001
1.126995
1.126995
1.396384
1.396384
1.308994
1.308994
1.205726
1.205726
1.248355
1.248355
1.356380
1.356380
1.353362
1.335572
1.353362
1.335572
1.303107
1.303107
1.295302
1.192014
1.295302
1.192014
1.079061
1.079061
1.112674
1.112674
1.308686
1.308686
1.261660
1.261660
1.198852
1.198852
1.304284
1.304284
1.198229
1.198229
1.360861
1.360861
1.138260
1.138260
1.325786
1.325786
1.370514
1.370514
1.284509
1.284509
1.265120
1.265120
1.363807
1.363807
1.189973
1.189973
1.373529
1.373529
1.341030
1.341030
1.387533
1.387533
1.314736
1.314736
1.353827
1.353827
1.273726
1.273726
1.323726
1.323726
1.355162
1.355162
1.374314
1.374314
1.186629
1.186629
1.392400
1.392400
1.223853
1.223853
1.337444
1.337444
1.366352
1.366352
1.399652
1.399652
1.347876
1.347876
1.313278
1.313278
1.305441
1.305441
1.370377
1.370377
1.283714
1.283714
1.206935
1.206935
1.370714
1.370714
1.267895
1.267895
1.347755
1.347755
1.354380
1.354380
1.124631
1.124631
1.365989
1.365989
1.330344
1.330344
1.227554
1.227554
1.358843
1.358843
