1.305193
1.305193
1.351562
1.351562
1.154913
1.154913
1.381976
1.381976
1.142899
1.142899
1.344239
1.344239
1.056623
1.056623
1.329320
1.326148
1.326148
1.329320
1.274142
1.274142
1.364110
1.245553
1.364110
1.245553
1.289590
1.289590
1.320385
1.320385
1.165158
1.165158
1.177429
1.177429
1.196418
1.234746
1.234746
1.196418
1.377895
1.377895
1.397069
1.397069
1.192205
1.192205
1.348440
1.348440
1.303039
1.303039
1.393529
1.393529
1.282403
1.282403
1.288796
1.288796
1.388086
1.388086
1.323799
1.323799
1.304828
1.304828
1.397858
1.397858
1.383844
1.383844
1.255091
1.255091
1.385640
1.385640
1.349855
1.349855
1.331551
1.331551
1.331148
1.331148
1.327336
1.327336
1.170411
1.170411
1.332159
1.332159
1.367677
1.367677
1.388639
1.388639
1.111698
1.111698
1.241267
1.241267
1.342152
1.342152
1.106089
1.359779
1.359779
1.106089
1.104461
1.104461
1.368913
1.368913
1.336772
1.336772
1.309216
1.309216
1.288704
1.288704
1.208200
1.208200
1.310285
1.310285
1.250252
1.250252
1.238106
1.238106
1.311771
1.311771
1.363718
1.363718
1.376712
1.376712
1.391852
1.391852
1.346936
1.346936
1.395042
1.395042
1.151273
1.151273
1.370327
1.370327
1.312907
1.312907
1.377259
1.377259
1.372741
1.372741
1.211583
1.211583
1.297757
1.297757
1.295294
1.295294
1.296803
1.296803
1.203709
1.203709
1.279764
1.279764
1.385297
1.385297
1.399901
1.399901
1.398294
1.398294
1.391310
1.391310
1.301599
1.301599
1.345085
1.345085
1.367638
1.367638
1.316578
1.316578
1.088170
1.088170
1.398966
1.398966
1.266644
1.266644
1.246308
1.246308
1.327198
1.327198
1.214987
1.214987
1.293561
1.293561
1.387312
1.387312
1.369056
1.369056
1.263028
1.263028
1.380647
1.380647
1.358623
1.358623
1.359844
1.359844
1.302076
1.348559
1.302076
1.348559
1.138249
1.138249
1.305587
1.305587
1.373300
1.373300
1.321101
1.321101
1.272816
1.272816
1.210577
1.210577
1.304479
1.304479
1.215350
1.215350
1.256260
1.256260
1.355586
1.355586
1.325429
1.325429
1.108193
1.108193
1.231925
1.231925
1.324961
1.324961
1.313950
1.313950
1.257758
1.257758
1.326834
1.326834
1.289594
1.289594
1.396553
1.396553
1.293507
1.293507
1.172129
1.172129
1.168922
1.168922
1.366939
1.366939
1.314539
1.314539
1.337232
1.337232
1.358425
1.358425
1.342786
1.360985
1.342786
1.360985
1.258070
1.258070
1.235007
1.235007
1.046458
1.046458
1.356227
1.356227
1.342929
1.342929
1.333396
1.333396
1.290104
1.290104
1.326049
1.326049
1.107247
1.107247
1.145243
1.145243
1.323907
1.323907
1.155604
1.155604
1.397052
1.397052
1.352982
1.352982
1.244083
1.244083
1.291272
1.291272
1.311881
1.311881
1.393790
1.393790
1.268747
1.268747
1.353255
1.353255
1.328574
1.328574
1.334384
1.334384
1.322991
1.322991
1.190420
1.190420
1.349413
1.349413
1.294421
1.294421
1.232725
1.232725
1.269521
1.269521
1.345425
1.345425
1.314764
1.314764
1.181884
1.181884
1.212254
1.212254
1.281658
1.281658
1.303630
1.303630
1.184580
1.184580
1.319777
1.319777
1.152408
1.152408
1.226822
1.226822
1.385139
1.385139
1.136270
1.136270
1.348294
1.348294
1.211500
1.211500
1.364586
1.364586
1.379029
1.379029
1.386483
1.386483
1.288858
1.288858
1.337453
1.337453
1.361972
1.361972
1.290750
1.290750
1.269435
1.269435
1.248038
1.248038
1.364598
1.364598
1.292267
1.292267
1.179559
1.179559
1.359305
1.359305
1.369874
1.369874
1.362923
1.362923
1.360057
1.360057
1.120607
1.120607
1.368178
1.368178
1.248186
1.248186
1.247585
1.247585
1.194498
1.194498
1.206316
1.206316
1.360323
1.360323
1.260060
1.260060
1.369522
1.369522
1.261848
1.261848
1.314687
1.314687
1.094854
1.094854
1.384130
1.384130
1.263898
1.263898
1.399999
1.399999
1.129466
1.129466
1.382515
1.382515
1.266180
1.266180
1.120894
1.120894
1.292639
1.292639
1.309956
1.309956
1.195756
1.195756
1.189138
1.189138
1.378069
1.378069
1.149796
1.149796
1.275893
1.275893
1.356132
1.356132
1.162850
1.162850
1.337373
1.337373
1.327227
1.327227
1.093216
1.093216
1.215718
1.215718
1.183085
1.183085
1.289506
1.289506
1.128309
1.128309
1.240254
1.240254
1.294826
1.294826
1.384047
1.384047
1.283220
1.283220
1.323752
1.323752
1.232702
1.232702
1.316791
1.316791
1.280007
1.280007
1.240647
1.240647
1.335295
1.335295
1.144820
1.144820
1.280802
1.280802
1.209546
1.209546
1.378675
1.378675
1.349781
1.349781
1.120298
1.120298
1.356058
1.356058
1.341160
1.341160
1.213379
1.213379
1.396782
1.396782
1.382801
1.382801
