1.107396
1.107396
1.153474
1.153474
1.341092
1.341092
1.352033
1.352033
1.216548
1.216548
1.010681
1.010681
1.335407
1.335407
1.348424
1.348424
1.029860
1.029860
1.399206
1.399206
1.199059
1.199059
1.315476
1.315476
1.200255
1.200255
1.206825
1.206825
1.273815
1.273815
1.338698
1.338698
1.307277
1.307277
1.357732
1.357732
1.396257
1.396257
1.374761
1.374761
1.376743
1.376743
1.285935
1.285935
1.355867
1.355867
1.342097
1.342097
1.351556
1.351556
1.362966
1.362966
1.336943
1.336943
1.230913
1.230913
1.210235
1.210235
1.372911
1.372911
1.349324
1.349324
1.368564
1.368564
1.393974
1.393974
1.277524
1.277524
1.383655
1.383655
1.292343
1.292343
1.222772
1.222772
1.373541
1.373541
1.364503
1.364503
1.078373
1.078373
1.119412
1.119412
1.307458
1.307458
1.212083
1.212083
1.351029
1.351029
1.374950
1.374950
1.294155
1.294155
1.335881
1.335881
1.103371
1.103371
1.382900
1.382900
1.296632
1.296632
1.367326
1.367326
1.398786
1.398786
1.177759
1.177759
1.363769
1.363769
1.222247
1.222247
1.292954
1.292954
1.379206
1.379206
1.100048
1.100048
1.373787
1.373787
1.217801
1.217801
1.326526
1.326526
1.221896
1.221896
1.322464
1.322464
1.351164
1.351164
1.170596
1.170596
1.185129
1.185129
1.071311
1.071311
1.303004
1.303004
1.337651
1.337651
1.344117
1.344117
1.247375
1.247375
1.175485
1.175485
1.166040
1.166040
1.035732
1.035732
1.374221
1.374221
1.339051
1.339051
1.292762
1.292762
1.210251
1.210251
1.165502
1.165502
1.264166
1.264166
1.375754
1.375754
1.395519
1.395519
1.371314
1.371314
1.395264
1.395264
1.161651
1.161651
1.305322
1.305322
1.057291
1.057291
1.358235
1.358235
1.264269
1.264269
1.089707
1.089707
1.085009
1.085009
1.263232
1.263232
1.339979
1.339979
1.360744
1.360744
1.238075
1.238075
1.325900
1.325900
1.201980
1.201980
1.373924
1.373924
1.219398
1.219398
1.351843
1.351843
1.234681
1.232739
1.232739
1.234681
1.253885
1.253885
1.281822
1.281822
1.234447
1.234447
1.388119
1.388119
1.394568
1.394568
1.221005
1.221005
1.324600
1.324600
1.209154
1.209154
1.301869
1.301869
1.116714
1.116714
1.347203
1.347203
1.169261
1.169261
1.382232
1.382232
1.145851
1.145851
1.260557
1.260557
1.146866
1.146866
1.118783
1.118783
1.199405
1.199405
1.308948
1.308948
1.319120
1.319120
1.314261
1.314261
1.153847
1.153847
1.277558
1.277558
1.249660
1.249660
1.383721
1.383721
1.229453
1.229453
1.298504
1.298504
1.160181
1.160181
1.316488
1.316488
1.327198
1.327198
1.329315
1.329315
1.231794
1.231794
1.398224
1.398224
1.380348
1.380348
1.385781
1.385781
1.347058
1.347058
1.326819
1.326819
1.312937
1.312937
1.387792
1.387792
1.386617
1.386617
1.342816
1.342816
1.365108
1.365108
1.353545
1.353545
1.281535
1.281535
1.324580
1.324580
1.260749
1.260749
1.249545
1.249545
1.316226
1.316226
1.315428
1.315428
1.343311
1.343311
1.256800
1.256800
1.183888
1.183888
1.306531
1.306531
1.398160
1.398160
1.375654
1.375654
1.109185
1.109185
1.170383
1.170383
1.314243
1.314243
1.154452
1.154452
1.314698
1.314698
1.297136
1.297136
1.361869
1.361869
1.328533
1.328533
1.397432
1.397432
1.178677
1.178677
1.353194
1.353194
1.399521
1.399521
1.163260
1.163260
1.269304
1.269304
1.312319
1.312319
1.321381
1.321381
1.384386
1.384386
1.294166
1.294166
1.201372
1.201372
1.179519
1.179519
1.208213
1.208213
1.321779
1.321779
1.274231
1.274231
1.210816
1.210816
1.355503
1.355503
1.383471
1.383471
1.300642
1.300642
1.174050
1.174050
1.194919
1.194919
1.147727
1.147727
1.306905
1.306905
1.099411
1.099411
1.324509
1.324509
1.297770
1.297770
1.390512
1.390512
1.272834
1.272834
1.149780
1.149780
1.144639
1.144639
1.318283
1.318283
1.130927
1.130927
1.298340
1.298340
1.291229
1.291229
1.151778
1.151778
1.383958
1.383958
1.260365
1.260365
1.317479
1.317479
1.296598
1.296598
1.072637
1.072637
1.297302
1.297302
1.196678
1.196678
1.310341
1.310341
1.228864
1.228864
1.399648
1.399648
1.106712
1.106712
1.368296
1.368296
1.192847
1.192847
1.163376
1.163376
1.172260
1.172260
1.393015
1.393015
1.160663
1.160663
1.358337
1.358337
1.361191
1.361191
1.350462
1.350462
1.250666
1.250666
1.356066
1.356066
1.350577
1.350577
1.384639
1.384639
1.299929
1.299929
1.174158
1.174158
1.134764
1.134764
1.341088
1.341088
1.387051
1.387051
1.377867
1.377867
1.163107
1.163107
1.373977
1.373977
1.287729
1.287729
1.357991
1.357991
1.262431
1.262431
1.350384
1.350384
1.377872
1.377872
1.027291
1.027291
1.260453
1.260453
1.362612
1.362612
1.263921
1.263921
1.363773
1.363773
1.360999
1.360999
1.222626
1.222626
1.230736
1.230736
1.197157
1.197157
1.327886
1.327886
1.115792
1.115792
1.264750
1.264750
1.276328
1.276328
1.304106
1.304106
1.200413
1.200413
1.344758
1.344758
1.275209
1.275209
1.235526
1.235526
1.364307
1.364307
1.396173
1.396173
1.387511
1.387511
1.367757
1.367757
1.359291
1.359291
1.246765
1.246765
1.365760
1.365760
1.126209
1.126209
1.356289
1.356289
1.245363
1.245363
1.166111
1.166111
1.333692
1.333692
1.319370
1.319370
1.384720
1.384720
1.368932
1.368932
1.261148
1.261148
1.278799
1.278799
1.226920
1.226920
1.285797
1.285797
1.242037
1.242037
1.337560
1.337560
1.179802
1.179802
1.349561
1.349561
1.266377
1.266377
1.294193
1.294193
