1.335128
1.335128
1.359991
1.359991
1.177046
1.177046
1.274024
1.274024
1.347254
1.347254
1.333591
1.333591
1.341997
1.341997
1.355457
1.355457
1.182309
1.182309
1.210145
1.210145
1.152334
1.152334
1.346358
1.365928
1.346358
1.365928
1.049034
1.049034
1.142568
1.142568
1.328256
1.328256
1.226417
1.226417
1.109616
1.109616
1.343420
1.376656
1.376656
1.343420
1.209905
1.209905
1.381417
1.381417
1.357492
1.357492
1.166861
1.166861
1.005480
1.005480
1.087627
1.087627
1.244882
1.244882
1.391156
1.391156
1.206476
1.206476
1.302296
1.302296
1.254165
1.254165
1.244977
1.244977
1.272235
1.272235
1.278551
1.278551
1.282296
1.353756
1.353756
1.282296
1.380704
1.380704
1.251540
1.251540
1.129550
1.129550
1.389063
1.389063
1.392520
1.392520
1.274054
1.274054
1.177716
1.177716
1.261004
1.261004
1.272288
1.272288
1.370538
1.370538
1.265330
1.265330
1.381893
1.381893
1.364189
1.364189
1.370367
1.370367
1.111523
1.111523
1.215258
1.215258
1.241170
1.241170
1.263085
1.263085
1.228924
1.228924
1.152626
1.152626
1.161195
1.161195
1.304215
1.304215
1.388444
1.388444
1.371529
1.371529
1.295648
1.295648
1.360006
1.360006
1.225248
1.225248
1.269729
1.269729
1.336717
1.336717
1.348561
1.348561
1.360368
1.360368
1.158001
1.158001
1.387811
1.387811
1.146229
1.146229
1.376857
1.376857
1.131047
1.131047
1.347165
1.347165
1.322526
1.322526
1.339904
1.339904
1.351391
1.351391
1.375911
1.375911
1.302173
1.302173
1.163968
1.163968
1.155020
1.155020
1.334798
1.334798
1.301235
1.301235
1.390780
1.390780
1.291000
1.291000
1.398046
1.398046
1.107123
1.107123
1.206724
1.206724
1.307649
1.307649
1.174298
1.174298
1.242110
1.242110
1.141943
1.141943
1.108271
1.290616
1.290616
1.108271
1.214020
1.214020
1.227386
1.227386
1.325736
1.325736
1.262034
1.262034
1.267788
1.267788
1.326862
1.326862
1.334148
1.334148
1.213031
1.213031
1.101225
1.101225
1.286294
1.286294
1.344770
1.344770
1.330572
1.330572
1.358821
1.358821
1.391003
1.391003
1.077230
1.077230
1.118008
1.118008
1.372895
1.372895
1.248227
1.248227
1.399547
1.399547
1.345596
1.345596
1.399364
1.399364
1.266243
1.266243
1.363131
1.363131
1.394538
1.394538
1.301842
1.301842
1.235390
1.235390
1.356850
1.356850
1.389899
1.389899
1.353318
1.353318
1.387447
1.387447
1.056101
1.056101
1.243042
1.243042
1.265788
1.265788
1.329759
1.329759
1.388363
1.388363
1.260863
1.260863
1.152617
1.152617
1.377604
1.377604
1.395789
1.395789
1.227929
1.227929
1.276475
1.276475
1.343428
1.343428
1.386032
1.386032
1.189711
1.189711
1.299760
1.299760
1.173646
1.173646
1.322290
1.322290
1.081586
1.081586
1.251861
1.251861
1.275695
1.275695
1.256746
1.256746
1.203078
1.203078
1.265739
1.265739
1.351863
1.351863
1.100412
1.100412
1.322970
1.322970
1.397336
1.397336
1.367479
1.367479
1.270811
1.270811
1.301288
1.301288
1.373610
1.373610
1.343061
1.343061
1.351084
1.351084
1.388375
1.388375
1.398020
1.398020
1.069645
1.069645
1.184083
1.184083
1.333669
1.333669
1.284808
1.284808
1.208077
1.208077
1.086360
1.086360
1.378083
1.378083
1.273667
1.273667
1.377192
1.377192
1.317056
1.317056
1.281861
1.281861
1.320667
1.320667
1.378931
1.378931
1.376829
1.376829
1.273420
1.273420
1.352390
1.352390
1.225632
1.387094
1.225632
1.387094
1.187739
1.187739
1.261554
1.261554
1.303899
1.303899
1.315399
1.315399
1.274039
1.274039
1.355322
1.355322
1.339936
1.339936
1.310711
1.310711
1.281033
1.281033
1.378212
1.378212
1.283159
1.283159
1.377728
1.377728
1.063767
1.063767
1.350309
1.350309
1.138016
1.138016
1.231711
1.231711
1.369845
1.369845
1.272867
1.272867
1.313207
1.313207
1.275697
1.275697
1.261167
1.261167
1.369541
1.369541
1.193229
1.193229
1.100684
1.100684
1.391628
1.391628
1.326797
1.326797
1.157215
1.157215
1.208309
1.208309
1.317759
1.317759
1.389751
1.389751
1.320187
1.320187
1.108780
1.108780
1.148110
1.148110
1.256355
1.256355
1.238239
1.238239
1.068552
1.068552
1.118247
1.118247
1.301865
1.301865
1.290125
1.290125
1.257059
1.257059
1.189801
1.189801
1.392453
1.392453
1.346076
1.346076
1.281329
1.281329
1.174188
1.174188
1.304135
1.304135
1.186028
1.186028
1.397557
1.397557
1.370783
1.370783
1.090077
1.090077
1.357677
1.357677
1.193480
1.193480
1.398526
1.398526
1.336035
1.336035
1.368787
1.368787
1.368803
1.368803
1.266339
1.266339
1.302459
1.302459
1.388315
1.388315
1.366562
1.366562
1.295456
1.295456
1.157108
1.157108
1.276049
1.276049
1.363532
1.363532
1.183073
1.183073
1.218839
1.218839
1.316134
1.316134
1.213947
1.213947
1.395697
1.395697
1.391964
1.391964
1.069908
1.069908
1.300638
1.300638
1.091756
1.091756
1.349458
1.349458
1.329382
1.329382
1.284212
1.284212
1.284904
1.284904
1.350659
1.350659
1.373216
1.373216
1.357164
1.357164
1.030568
1.030568
1.275744
1.275744
1.360767
1.360767
1.333037
1.333037
1.180061
1.180061
1.365134
1.365134
1.272703
1.272703
1.392091
1.392091
1.296626
1.296626
1.351432
1.351432
1.338845
1.338845
1.342218
1.342218
1.316608
1.316608
1.115796
1.115796
1.076467
1.076467
1.288054
1.288054
1.128249
1.128249
1.398828
1.398828
1.038611
1.038611
1.397820
1.397820
1.242844
1.242844
1.370250
1.370250
1.370286
1.370286
1.344922
1.344922
1.141505
1.141505
1.262847
1.262847
1.248823
1.248823
1.391293
1.391293
1.296241
1.296241
1.367539
1.367539
1.215313
1.215313
1.388108
1.388108
1.258871
1.258871
1.167298
1.167298
1.329873
1.329873
1.320787
1.320787
1.200102
1.200102
1.290357
1.290357
1.145766
1.145766
