1.048216
1.048216
1.372741
1.372741
1.260740
1.260740
1.223706
1.223706
1.334009
1.334009
1.376661
1.376661
1.230991
1.230991
1.357582
1.357582
1.209128
1.220506
1.316927
1.209128
1.316927
1.220506
1.251296
1.251296
1.271348
1.271348
1.264270
1.264270
1.160734
1.160734
1.201042
1.201042
1.302885
1.302885
1.306752
1.306752
1.389223
1.389223
1.229854
1.229854
1.365801
1.365801
1.078694
1.078694
1.272541
1.272541
1.270062
1.270062
1.385004
1.385004
1.387012
1.387012
1.250787
1.250787
1.399148
1.399148
1.341596
1.341596
1.319418
1.319418
1.292689
1.292689
1.129331
1.129331
1.386879
1.386879
1.323793
1.323793
1.342442
1.342442
1.319368
1.319368
1.369974
1.369974
1.382176
1.382176
1.307937
1.307937
1.303651
1.303651
1.383963
1.383963
1.244866
1.244866
1.397358
1.397358
1.261357
1.261357
1.319909
1.319909
1.273121
1.273121
1.219143
1.219143
1.259425
1.259425
1.273590
1.273590
1.271903
1.271903
1.276488
1.276488
1.237020
1.237020
1.371837
1.371837
1.147356
1.147356
1.272107
1.272107
1.357966
1.357966
1.354468
1.354468
1.308255
1.308255
1.395740
1.395740
1.375859
1.375859
1.364696
1.364696
1.047420
1.087439
1.087439
1.047420
1.286657
1.286657
1.244621
1.244621
1.048442
1.048442
1.337119
1.337119
1.394214
1.394214
1.229190
1.229190
1.157077
1.157077
1.196828
1.196828
1.199550
1.199550
1.221491
1.221491
1.265383
1.265383
1.345202
1.345202
1.347366
1.347366
1.233946
1.233946
1.328064
1.328064
1.315069
1.315069
1.226928
1.226928
1.259361
1.259361
1.377507
1.377507
1.320965
1.320965
1.381498
1.381498
1.269542
1.269542
1.314972
1.314972
1.290274
1.290274
1.299654
1.299654
1.381680
1.381680
1.360547
1.360547
1.045964
1.045964
1.342453
1.342453
1.390797
1.390797
1.130928
1.130928
1.263358
1.263358
1.231511
1.231511
1.357710
1.357710
1.287660
1.287660
1.218705
1.218705
1.122740
1.122740
1.319536
1.319536
1.343967
1.343967
1.381300
1.381300
1.339259
1.339259
1.375415
1.375415
1.349698
1.349698
1.393328
1.393328
1.278739
1.278739
1.314236
1.314236
1.310432
1.310432
1.355603
1.355603
1.281618
1.281618
1.284911
1.284911
1.359491
1.359491
1.356102
1.356102
1.079696
1.079696
1.203725
1.203725
1.214784
1.214784
1.297885
1.297885
1.385224
1.385224
1.272649
1.272649
1.168530
1.168530
1.279402
1.279402
1.353306
1.353306
1.347239
1.347239
1.380964
1.380964
1.248641
1.248641
1.383806
1.383806
1.385192
1.385192
1.391243
1.391243
1.253727
1.253727
1.276261
1.276261
1.395542
1.395542
1.284711
1.284711
1.271418
1.271418
1.205978
1.205978
1.370355
1.370355
1.338493
1.338493
1.239260
1.239260
1.347138
1.347138
1.174967
1.174967
1.387088
1.387088
1.339949
1.280134
1.280134
1.339949
1.279381
1.279381
1.136759
1.136759
1.206978
1.206978
1.339554
1.339554
1.193458
1.193458
1.364609
1.364609
1.326459
1.326459
1.382800
1.382800
1.386685
1.386685
1.263675
1.263675
1.396213
1.396213
1.238946
1.238946
1.348020
1.348020
1.390690
1.390690
1.354377
1.354377
1.116705
1.116705
1.383339
1.383339
1.237324
1.237324
1.273222
1.273222
1.308241
1.308241
1.122127
1.122127
1.381894
1.381894
1.368698
1.368698
1.356787
1.356787
1.318987
1.318987
1.306518
1.306518
1.372810
1.372810
1.106246
1.106246
1.393668
1.393668
1.202601
1.202601
1.218792
1.218792
1.264562
1.264562
1.160031
1.335252
1.335252
1.160031
1.239465
1.239465
1.343123
1.343123
1.159090
1.159090
1.356235
1.356235
1.360724
1.360724
1.302872
1.302872
1.162421
1.162421
1.104452
1.104452
1.091155
1.091155
1.218968
1.218968
1.119069
1.119069
1.319879
1.319879
1.244136
1.244136
1.361721
1.361721
1.337202
1.337202
1.376060
1.376060
1.237689
1.237689
1.207704
1.207704
1.198113
1.198113
1.348156
1.348156
1.324270
1.324270
1.244489
1.244489
1.388307
1.388307
1.373954
1.373954
1.383519
1.383519
1.353675
1.353675
1.282268
1.282268
1.318666
1.318666
1.279874
1.279874
1.342365
1.342365
1.372780
1.372780
1.208970
1.208970
1.395232
1.395232
1.226570
1.226570
1.382279
1.382279
1.344202
1.344202
1.235525
1.235525
1.332918
1.332918
1.240008
1.240008
1.323602
1.323602
1.320282
1.320282
1.327246
1.327246
1.152420
1.152420
