1.168969
1.168969
1.208295
1.208295
1.243475
1.243475
1.310500
1.310500
1.286914
1.286914
1.285397
1.285397
1.343119
1.343119
1.379943
1.379943
1.369489
1.369489
1.348505
1.348505
1.289738
1.289738
1.173459
1.173459
1.319871
1.319871
1.061683
1.061683
1.104974
1.104974
1.371227
1.371227
1.237513
1.237513
1.367390
1.367390
1.358873
1.358873
1.331316
1.331316
1.101084
1.101084
1.315135
1.315135
1.246476
1.246476
1.274358
1.274358
1.395677
1.395677
1.293033
1.293033
1.200055
1.200055
1.346252
1.346252
1.290397
1.290397
1.135154
1.135154
1.347037
1.347037
1.319739
1.319739
1.286685
1.286685
1.383820
1.383820
1.295189
1.295189
1.320062
1.183032
1.183032
1.320062
1.233385
1.233385
1.329503
1.329503
1.324138
1.324138
1.360143
1.360143
1.344885
1.344885
1.302140
1.302140
1.366289
1.366289
1.201937
1.201937
1.367177
1.367177
1.285559
1.285559
1.313541
1.313541
1.276749
1.276749
1.310998
1.310998
1.114678
1.172009
1.172009
1.337341
1.114678
1.337341
1.150099
1.150099
1.358760
1.358760
1.317825
1.317825
1.313573
1.313573
1.356885
1.356885
1.246029
1.246029
1.398522
1.398522
1.328275
1.328275
1.297552
1.297552
1.299666
1.272992
1.272992
1.299666
1.352726
1.060994
1.060994
1.352726
1.279233
1.279233
1.264311
1.264311
1.327550
1.327550
1.337895
1.337895
1.084570
1.084570
1.356601
1.356601
1.332388
1.332388
1.399604
1.399604
1.392436
1.392436
1.196942
1.196942
1.333805
1.333805
1.292728
1.292728
1.377872
1.377872
1.398517
1.398517
1.274829
1.274829
1.305982
1.305982
1.379817
1.379817
1.308291
1.308291
1.237742
1.237742
1.227348
1.227348
1.195736
1.195736
1.326001
1.326001
1.186479
1.186479
1.289938
1.108940
1.108940
1.289938
1.353421
1.353421
1.325843
1.325843
1.327437
1.327437
1.347938
1.347938
1.282141
1.282141
1.303018
1.303018
1.387435
1.387435
1.143982
1.143982
1.210154
1.210154
1.267179
1.267179
1.329698
1.329698
1.353900
1.353900
1.225122
1.225122
1.281137
1.281137
1.331318
1.331318
1.320589
1.320589
1.237381
1.237381
1.357547
1.357547
1.068303
1.068303
1.174011
1.174011
1.381042
1.381042
1.128058
1.128058
1.285370
1.285370
1.339192
1.339192
1.077137
1.077137
1.095112
1.095112
1.083102
1.083102
1.301884
1.301884
1.270790
1.270790
1.224112
1.224112
1.384189
1.384189
1.242948
1.242948
1.189457
1.189457
1.191088
1.191088
1.350602
1.350602
1.377592
1.377592
1.304359
1.304359
1.130135
1.130135
1.330476
1.330476
1.386048
1.386048
1.377638
1.377638
1.212100
1.212100
1.140235
1.140235
1.239119
1.239119
1.218092
1.218092
1.181845
1.181845
1.302970
1.302970
1.202738
1.202738
1.286069
1.112556
1.286069
1.112556
1.103431
1.103431
1.158113
1.158113
1.299236
1.266020
1.299236
1.266020
1.390727
1.390727
1.362710
1.362710
1.290378
1.290378
1.120923
1.120923
1.184911
1.184911
1.334227
1.334227
1.371040
1.371040
1.385540
1.385540
1.040407
1.040407
1.232130
1.232130
1.242248
1.242248
1.199782
1.199782
1.301050
1.301050
1.223603
1.223603
1.392164
1.392164
1.297706
1.297706
1.300429
1.300429
1.266258
1.266258
1.334474
1.334474
1.144939
1.144939
1.216706
1.216706
1.195056
1.195056
1.281670
1.281670
1.341978
1.341978
1.389149
1.389149
1.343239
1.343239
1.353819
1.353819
1.379348
1.379348
1.354989
1.354989
1.334159
1.334159
1.159660
1.159660
1.174275
1.174275
1.323234
1.323234
1.353576
1.353576
1.208575
1.208575
1.073705
1.073705
1.329088
1.329088
1.315546
1.315546
1.279911
1.279911
1.342135
1.342135
1.360106
1.360106
1.331133
1.331133
1.280810
1.280810
1.338661
1.338661
1.338588
1.338588
1.349669
1.349669
1.316192
1.316192
1.285871
1.285871
1.375791
1.375791
1.396542
1.396542
1.391716
1.391716
1.116766
1.116766
1.292044
1.292044
